content,rating,type,status,sequence_num,tokenization,publishedDate,origin,label
這個露營地的下方營位地勢不平且有碎石草地，搭帳可能不太方便；附近的大鐵皮雨棚則給人廢棄的感覺。如果選擇這個露營地，建議選擇上方的營位，環境較為整潔舒適。,3,1,0,58,,2023/05/06,0,中立
這裡的收訊除了台灣大哥大以外都還不錯。,3,1,0,72,,2023/05/06,0,中立
覺得規劃不佳，容易斷電，衛浴清潔程度有待提升，不過空間很寬敞。,3,1,0,117,,2022/05/06,0,中立
這家老闆待人很友善，體貼周到，且交通方便，距離市區很近。如果是要家庭聚會露營的話，這裡非常適合，我會推薦這個地方。但在假日，人潮會非常多，可能會有廁所不夠用的問題。若是想要欣賞美景的話，這裡可能不會符合你的需求，而且因為海拔較低，所以天氣會比較炎熱。,3,1,0,134,,2022/05/06,0,中立
在這種情況下，現在的夏天也難以忍受熱水忽冷忽熱，冬天要是遇到這種狀況，就讓人冷到發抖了吧！建議老闆應該妥善處理這個問題，同時需要有人固定清潔和收拾廁所垃圾，因為尿騷味太重了！另外，跳電的情況也很嚴重，老闆應該解決這三個問題。花了這麼多錢卻得到這種感受，也是令人沮喪的。,3,1,0,138,,2022/05/06,0,中立
營位很宽敞，但衛浴廁所太少了，洗澡水時而大時而小，也時冷時熱！,3,1,0,146,,2021/05/06,0,中立
這個地方的地方還不錯，就是缺乏飲水機能夠提供給大家使用。,3,1,0,150,,2021/05/06,0,中立
路況順暢，衛生環境還有進步的空間。廁所很少清潔，垃圾桶滿了沒有清除。,3,1,0,169,,2021/05/06,0,中立
四個月前，朋友們安排了一個露營活動。昨天早上，十九個家庭各自出發，北區的來自基隆，南區的來自台南。大約11:30，所有朋友聚在一起，總共有93位親友包括小孩在內。從午餐開始，大家開始暢談、暢食、暢飲、暢笑，一直到目前為止！在這個中秋連假中，根據目前的情況，接下來的兩天肯定會更加瘋狂歡樂！我期待著！,3,1,0,175,,2021/05/06,0,中立
浴室廁所有點遠，沒有飲水機，但環境還算不錯。,3,1,0,201,,2020/05/06,0,中立
這個地方空間很大，草地和樹木整理得很好，前往營區的道路很適合開車。,3,1,0,218,,2019/05/06,0,中立
寧靜區的一些地方有很多落葉，而且下雨後變得潮濕，洗澡時水壓也不穩定。,3,1,0,243,,2022/03/01,0,中立
營地主人很友善，但管理上似乎有些問題。傍晚七點多還不到八點，鄰居抱怨我太吵，後來主人來提醒我保持安靜，當時還沒到晚上十點，結果我感到氣憤，決定離開了。,3,1,0,303,,2023/05/06,0,中立
露營地的地方整潔，沒有太多的燈光，而且很寧靜，在昆蟲和動物的叫聲之外，是個很適合露營的地方。,3,1,0,335,,2023/05/06,0,中立
建議選擇靠近釣魚池的營位，可以遠離馬路車聲。如果在他人家門口睡覺感到不舒服的話，則不要選擇雨棚區。在雨棚區露營時，晚上可能會聽到冰箱運轉的聲音。營區路況良好，可使用導航設備到達。五星級衛浴設施很寬敞，一家四口一起洗澡也不會擁擠，提供洗髮精和沐浴乳。釣魚池的開放時間請詢問老闆，不一定隨時都能釣魚。,3,1,0,378,,2020/05/06,0,中立
"優點：露營場地寬敞，營位大小適中，管理單位用心維護，提供豐富親子設施，風景優美。
缺點：野貓數量眾多，第一天星期五晚上的牛肉被貓咬走，第二天星期六的整隻雞也被偷吃，造成食物安全問題。另外，早上約7:00會有猴群出現在帳篷附近尋找食物，需注意儲存食材。",3,1,0,470,,2024/01/06,0,中立
優點：該園區維持得很乾淨，園主非常認真在管理。缺點：地面很硬，難以釘營釘。每個營位都有不同程度的樹木砍伐情況，高低不平且存在不足三十公分高的樹幹，缺乏警示燈，晚間需要格外小心以免碰撞。此外還有蜜蜂和虎頭蜂在附近，安全注意事項務必要重視。,3,1,0,473,,2023/11/06,0,中立
這個營地整理得非常周到，設備完善，也有很多堅固的石地。還有許多大帳篷搭建得很成群，是一個相當熱鬧的地方。,3,1,0,497,,2023/05/06,0,中立
營區非常大，約有120個營帳，走到盡頭約300公尺。路況評價是4.5顆星。在最後一段上山路比較狹窄，要小心開車。Google導航會建議提前左轉，但營區主人有立牌告訴你要再開150公尺才能左轉進入正確的上山道路。水電冰箱評價為4顆星，兩個營帳共用一個洗碗台。晚上洗澡時，可能會遇到電壓不穩的情況。4到5區共用一個商用冰箱和一個冷凍櫃，所以先到先贏。垃圾桶評價只有1顆星，回收、廚餘和一般垃圾桶都只在廁所外，不方便。浴廁評價是3.5顆星，4到5區共用4到5間廁所和浴室，在尖峰時段可能需要排隊。綜合評價為4顆星的營地。營區比較難下釘，容易歪掉，要小心。總體來說，營地大又容易停車，在群山環繞下是一個不錯的選擇。活動區設施比較基本，人多時可能要排隊，建議自備一些遊戲器材給小朋友娛樂。,3,1,0,510,,2023/05/06,0,中立
"1. 洗澡時要小心水溫，要麼太冷太熱。露友們要特別注意水溫。
2. 細石區的石子很銳利，摔倒容易造成多處擦傷。釘營時需要特別小心，地面硬也不好釘。
3. 廁所整潔是一大優勢。",3,1,0,522,,2022/05/06,0,中立
這個營區地方很寬敞，風景也不錯，而且有提供冰箱。但因為地面鋪滿許多石頭，很難釘營釘又容易鬆脫，需要使用30公分以上比較粗的營釘才夠牢固。而且晚上常常會遇到強風，導致很多帳篷在半夜被吹倒，引發一陣驚呼聲。建議選擇好天氣來這個營區，且不太適合新手露營者，供您參考。也有人選擇在車上過夜。,3,1,0,526,,2022/05/06,0,中立
營區的環境不錯，雖然沒有特別壯觀的景色，但整體整理得還算不錯。唯一比較讓人困擾的是洗澡時水溫時高時低，讓人無法好好洗澡。不過除此之外，其他表現還算可以。,3,1,0,527,,2022/05/06,0,中立
營地的風很強，地上的碎石和草皮不容易釘營！廁所的數量有點不足，如果能建立分區衛浴會更好。不過，小孩們在遊戲設施還是玩得很開心！,3,1,0,545,,2022/05/06,0,中立
營區環境清幽，但缺點是露營客人和小孩很多，有點吵。他們好像沒有注意到晚上11點多了，還在大聲喧嘩，營地管理者好像也沒在管理。,3,1,0,547,,2022/05/06,0,中立
這個地方環境算是不錯，只是碎石比草地多一些。走起來像是健行步道，廁所設施雖然很多，但有點遠。不過每小時都有人來清潔垃圾和整理廁所，環境算是維持得相當乾淨。,3,1,0,550,,2022/05/06,0,中立
前往的路幾乎都是兩車道並可遇到對向車輛，交通流暢。營地地面覆蓋著許多尖銳的碎石，建議攜帶不銹鋼營釘或額外的釘子。周圍風景優美，讓人心曠神怡！遊戲區位於下方，需步行一段下坡路，整晚露營期間至少跳電五次以上。建議攜帶非插電照明用品，以應對斷電情況。廁所熱水不穩定，可能會出現忽冷忽熱的情況。營地內沒有飲水機，記得攜帶足夠的飲水。,3,1,0,560,,2021/05/06,0,中立
營區的空間很大，非常適合讓小孩發洩的好地方。營區的主人非常貼心，戲水區也有遮陽傘，可以讓家長在旁陪著小孩，不至於曬傷。不過，還有一些地方需要改進才能讓營區更舒適！1. 垃圾桶離得有點遠。2. 廁所裡外的照明不足，晚上很危險。3. 熱水器有時冷有時熱。4. 營區的營釘不好打，而且地面有太多碎石，很容易踩到石頭。,3,1,0,573,,2021/05/06,0,中立
非常危險，地面很硬，而且還有積水。,3,1,0,575,,2021/05/06,0,中立
"1. 石頭地雖然不適合紮釘，但也沒有泥泞的問題。
2. 在租借帳篷時沒有得到幫助或教學，幸好有朋友一起研究。
3. 沒有碰到營主，也無法得知其下落，缺乏其他營地的熱情款待。
4. 需要自己處理帳務，價格卻比外租還要貴。
5. 充氣墊無法充電，幸好有朋友幫忙，否則不知何時才能充好。
6. 洗澡水溫度難以接受，既燙又冷，後來決定不洗或調整到過熱。
7. 小孩娛樂設施稀少且遙遠，無法在附近看到他們的蹤影。環境寧靜，離老街較近，希望能改善這些問題，否則可能只會光顧一次。",3,1,0,583,,2020/05/06,0,中立
路況很糟糕，導航會經過充滿石頭的內灣老街，假日時常塞車。營地地面堅硬，石頭稀少。普通營釘難以插入地面。衛浴設備還算可以。,3,1,0,592,,2020/05/06,0,中立
這塊碎石地真的非常困難釘營，再加上強勁的東北季風，直接導致帳篷被吹斷，使得露營活動變得相當困難。這真是一次令人難忘的痛苦經歷。,3,1,0,613,,2019/05/06,0,中立
這個地方環境十分幽靜，但仍需要更多的宣傳和投資。,3,1,0,625,,2019/05/06,0,中立
露營地的設施很棒，但碎石地不易釘營釘。,3,1,0,634,,2019/05/06,0,中立
希望獨立的廁所能夠增加一些。,3,1,0,636,,2019/05/06,0,中立
周邊都是果園卻沒有遊樂設施。,3,1,0,638,,2019/05/06,0,中立
因為土壤中有太多泥土和石頭，所以難以將營釘打入。,3,1,0,658,,2018/05/06,0,中立
碎石地太硬，營釘打不進去。廁所太少了，垃圾桶也太少了。,3,1,0,687,,2020/11/28,0,中立
這個營區排水情況非常糟糕。雖然非常適合小孩露營，但一下子下起雨來就形成積水，甚至比打在地上的營釘還要高。當站在這樣的情況下，看著大雨慢慢淋透營地，營主關心也不夠周到，讓人感到沮喪。過去三年裡，我們經歷了許多強烈暴風雨的露營，但從未遇到過像這樣極度排水不良的水淹營地。地面是碎石鋒利，草坪不平，高低起伏明顯，再加上排水條件不佳。雖然有蚊蟲、蒼蠅、蟑螂和螞蟻來作伴，顯示大自然的存在，我覺得這個營區在100%好天氣下還是一個非常適合兒童玩樂的樂園。,3,1,0,700,,2020/05/18,0,中立
整體來說感覺還可以。帳篷很大，5*8尺寸的搭建空間很寬裕，但是打釘確實有一些困難，當風很大時可能會有釘子被拔起的危險。,3,1,0,722,,2019/03/14,0,中立
浴室晚上用會很冷，風很大。,3,1,0,820,,2017/05/02,0,中立
整體來說環境不錯，視野很開闊，附近有便利店（全聯）很方便，但山路較為陡峭需小心駕駛，也有一些老闆信譽不佳的問題，使整體感受稍微打了折扣。,3,1,0,859,,2023/05/07,0,中立
D區的女生廁所只有一間蹲式廁所和一間淋浴間，覺得不夠用，媽媽們帶小孩洗澡就必須等很長時間，我覺得應該設計一個座式廁所或者裝設安全扶手，這樣對於老年人或者不習慣蹲廁的人會更方便。D區共用一個冷凍庫，希望也能設置冷藏區。另外希望能有一個大雨棚，方便大家遮風避雨。,3,1,0,925,,2019/05/07,0,中立
這個地方環境清幽，衛生環境優良，視野開闊，空氣清新。,3,1,0,926,,2019/05/07,0,中立
最近的地點是味珍香和全家便利商店，開車大約需要10-15分鐘來到三星鄉。附近也有不少景點，例如松蘿和九寮溪步道。不過秋冬季節容易刮大風，可能會讓夜晚睡覺時感到有些不穩定。,3,1,0,940,,2018/05/07,0,中立
天氣稍微涼爽一點的時候，露營應該是個不錯的選擇。這個地方離市區近，夜景也很漂亮。,3,1,0,944,,2018/05/07,0,中立
在營地上釘帳篷時要小心，因為碎石地比較硬。,3,1,0,982,,2021/12/14,0,中立
在C區，草地上之間擺滿了護草墊，導致小朋友們無法盡情奔跑，不止一次地絆倒並擦傷皮膚。他們能玩耍的空間只剩下靠近沙坑的一小片區域。值得一提的是，C區配備了熱水水槽和獨立的衛浴區，雖然衛浴間的清潔狀況一般般。,3,1,0,1042,,2024/02/07,0,中立
記得要從內灣那邊上去，雖然車子有點多，但是路程比較短。,3,1,0,1062,,2023/05/07,0,中立
這句話的意思是指做事情的態度踏實可靠，但仍有一些小地方需要改進，可以給予3.5顆星的評分。,3,1,0,1080,,2023/05/07,0,中立
看了大家的評價後很期待前往，也跟老闆確認了飄飄河是否都有開放，但結果發現只有A區有飄飄河，其他區根本沒有開放，讓我感到相當失望。不過水廁有防蟲紗網這點倒是蠻貼心的。,3,1,0,1273,,2023/10/07,0,中立
下午下了一場大雨，場地變得泥濘，明顯感覺砂石鋪得不夠，其他區域鋪了更多石頭，就沒有那麼潮濕，其他設施還可以，有小朋友的話可以在水裡玩耍放電，感覺水是直接從山上流出來的，這個季節水管裡會有蝌蚪爬出來，晚上很多昆蟲和各種不同的蛾類。,3,1,0,1287,,2023/06/07,0,中立
新營主非常熱情地經營，並提供乾淨衛浴及廁所，積極消毒。每一區均有獨立衛浴，也提供沐浴及洗髮乳。然而，只有A區提供冰箱、飲水機及脫水機，若全區共A到F區，一台冰箱實在太少了，建議增加設施。營區有許多流浪動物，需要注意食物收納以免貓貓受困。晚間遇到熱水壺沒電，幸好有人提供幫助，但水壓穩定問題需改善。露營樂訂C區有4個營位，空間較為擁擠，建議提供更多活動空間。一連三天大雨使得C區積水嚴重，營主已答應改善該狀況。,3,1,0,1347,,2023/05/07,0,中立
營主人很友善，但營位區劃分不夠完善，先到先得。,3,1,0,1377,,2022/05/07,0,中立
總體來說還好，可能營區口碑不太好，沒有滿足，我們兩人在C區，如果有四人可能會有點擁擠。冬天去的話沒有蚊蟲，只看到一隻小蟑螂，衛浴設備還不錯，但需要自己保持清潔，否則可能看不到營地主人打掃，旁邊就是大馬路，偶爾會有重型機車隊經過很吵。或許也因為馬路旁有一隻大野狗闖入我的帳篷。,3,1,0,1382,,2022/05/07,0,中立
這個營地似乎曾經被用心經營，但現在已經荒廢。也許因為大家都在忙於補班補課，所以我們包下了整個營區。營區沒有大門，感覺相當沒有安全保障，常常會有陌生人直接駕車進來參觀或使用廁所。營地主人似乎只在收費時出現，浴室的水溫也有些間歇性的忽冷忽熱。,3,1,0,1388,,2021/05/07,0,中立
洗澡時瓦斯不足，所以晚上洗澡很冷，但草莓價格很便宜。,3,1,0,1389,,2021/05/07,0,中立
A區旁邊有小溪，營位旁有滿是蝌蚪青苔水草的生態池，戲水的水道水不甚乾淨，滑滑的，小孩玩水要注意。缺點是廁所很髒，每天只固定打掃一次，需露客要求/提醒才會打掃。另外，營區排水慢，沒有提供護草墊，但可提供帆布。此外，營位不大，帳帳相連。水槽旁沒有垃圾桶，垃圾桶也沒有加蓋，半夜可能有流浪狗來翻垃圾。優點包括浴室水量大且溫度穩定，有提供洗髮乳、沐浴乳。此外，提供冰箱、飲水機、脫水機，湯唯泡湯有優惠。,3,1,0,1401,,2020/05/07,0,中立
建議事先詢問一下漂漂河 top 區是否開放，因為那裡整潔度不夠，也沒有人在維護。門票 1000 元有點貴，而且下雨時排水不良。還需要向隔壁借護草墊。,3,1,0,1410,,2020/05/07,0,中立
腹地非常狹小，帳篷搭好後幾乎沒有活動空間，但環境整潔度還不錯。,3,1,0,1412,,2020/05/07,0,中立
希望營地的坐廁能保持乾淨，一打開門就看到一些不太美觀的殘留物。,3,1,0,1413,,2020/05/07,0,中立
D區的停車位很狹窄，我們四個營位的人勉強將車子停進去，否則就得將車停在路邊。由於營區靠近路旁，必須特別留意小朋友是否會跑到馬路上。若要來的話，包區會是比較適合的選擇。,3,1,0,1453,,2022/10/12,0,中立
C區的排水系統和水壓有些問題。新營主很熱心，衛浴和廁所保持乾淨並協助消毒。睡前請確保食物放好，貓咪可能會跳上桌子尋找食物。建議營主改善C區的排水系統和衛浴水壓。,3,1,0,1457,,2022/06/27,0,中立
跟期待相比稍微有些落差。,3,1,0,1472,,2021/03/03,0,中立
C區浴室和廁所很骯髒，並有許多蟑螂。因營地業主未住在現場，這次造成我被隔壁區的吵到無法入眠！一群年輕人在晚間10點開始唱卡拉OK，一直唱到半夜12點！第二天向營地業主抱怨，但業主無法解決問題，之後無法再去該營地⋯⋯,3,1,0,1475,,2020/08/21,0,中立
總的來說還是可以考慮推薦。即使在路邊，整體上還算不算太吵。,3,1,0,1478,,2020/03/04,0,中立
營區座落於山谷中，夏天有些悶熱，廁所衛生狀況較差且缺乏清潔，讓人不太想再第二次造訪。,3,1,0,1479,,2019/12/23,0,中立
B區露營地晚上的優點在於環境乾淨，靠近北埔市區便利，並提供方便的補給，適合不想自己煮飯並想輕裝露營的人。但有幾點需要注意：1. 營區照片未更新，原來的鞦韆、水池和沙坑已經消失，應該攜帶自己的遊具；2. 洗澡時沒有熱水（大約在晚上8點至10點），且洗髮精的按壓設備故障；3. 雖然營區規定晚上10點後要保持安靜，但第一晚隔壁區的人喝酒喧鬧到深夜，第二晚有小孩比賽奔跑喧嘩一直到晚上11點半，營區管理人員似乎沒有出來勸導。,3,1,0,1524,,2023/12/07,0,中立
雨天時不建議前來，碎石區容易變成泥濘地，整個地方都濕漉漉的；浴室雖然沒有乾濕分離，但仍希望至少能加裝垃圾桶以減少氣味和保持美觀，從浴室到營地的排水系統都需要加強。在碎石區的陡坡下雨天容易滑倒，請務必注意安全。,3,1,0,1526,,2023/11/07,0,中立
營地老闆非常友善，只是沒有提供親子浴室。,3,1,0,1574,,2020/05/07,0,中立
這個營區空間狹窄，停車不太方便。儘管有很多有趣的遊戲區，讓小朋友玩得不願離開，但可惜蚊子實在太多了，全家都被叮得很慘烈，每個人至少被咬了200次，最後只好匆忙帶小孩離開。總的來說，這營區還有改善的空間，值得一遊。,3,1,0,1578,,2020/05/07,0,中立
北埔市集附近的營區很小巧，且附近道路狀況良好，但要注意小黑蚊的出沒。,3,1,0,1581,,2019/05/07,0,中立
車道和場地的安排還算可以，適合中小型團體來使用。設備方面也算維持得不錯的清潔程度。,3,1,0,1592,,2019/05/07,0,中立
在交叉路口的地方，如果路標設置明確一點會更方便。,3,1,0,1711,,2018/03/20,0,中立
營區太擠擁，隔壁的區域太吵，營區內的道路也太窄，結果我的車底刮傷了。,3,1,0,1753,,2023/11/07,0,中立
規劃過於繁複了，有些像隔間出租套房，如果所有帳擺滿了，就沒有活動空間了。浴廁還算是很乾淨，但數量比例上可能稍微不足。,3,1,0,1767,,2023/05/07,0,中立
營地環境還可以，但共用了兩處電箱和洗菜枱的五個帳篷，不夠用。另外，廁所和浴室還可以，但屋頂是透光的罩子，夏天裡面很像烤箱一樣太熱了。廁所前只有一個小洗手枱，不夠方便也不夠用。,3,1,0,1780,,2023/05/07,0,中立
營地的各區腹地都不大，所以平常日只有一輛車不會感到擁擠。不過，唯一可以看到夕陽風景的方向多半會被樹木擋住。最上層的營位就在馬路旁邊，可能會有點吵。整體環境整理還算是蠻乾淨的！比較讓人不滿的是，入住時雖然講好車泊無折扣，最後還是依原價收費。但第二天拔營前突然告知露營車不能使用電力，要另外加價才能插電！？！？同樣收費，為什麼露營可以用電，車泊就不行呢？？？看來營地主對於車泊較不友善。如果是喜歡車泊車宿的同好，若需要在這裡入住，可能要三思了……,3,1,0,1787,,2022/05/07,0,中立
我找朋友載我去露營地和家人露營，雖然朋友是訪客，但不到一小時，一人還是要收100元，我沒有被收100，因為我是和家人一起露營的，如果是一起露營的人就不用錢嗎？如果早知道只要一起露營就不用錢，就好了。不是說不能收，但是一百元有點貴了，建議可以按照時間收費，入場一小時內免費，入場一到兩小時收50元，超過兩小時收100元，但限制一人只收100元。不應該司機載我們進去只喝杯茶卻也要收100元。,3,1,0,1796,,2022/05/07,0,中立
這個地方的環境算是相當不錯，登上遼望台後大約30分鐘的路程，可以享受360°的美景。遊客可以參觀營地，每人100元。注意：位於最上面靠路邊的營地地面是磚地，不太適合釘營釘哦。,3,1,0,1800,,2022/05/07,0,中立
風景很美，但浴室的熱水時冷時熱。,3,1,0,1830,,2020/05/07,0,中立
因為濃霧和濕氣很重，所以視野受到很大的影響，設置帳篷可能要花費更多時間。,3,1,0,1831,,2020/05/07,0,中立
夜晚前往露營地遇到濃霧，頭燈照射到物體上就像水滴一般，還有一些小黑蚊。露營地很寬廣，地形多是斜坡，冰箱位置遠且較大。營地主人會用貨車載著露營者到周邊地區參觀，但這樣載著露營者坐在車斗裡有些不安全。建議提供地圖，讓露營者自行開車前往目的地。,3,1,0,1834,,2020/05/07,0,中立
這個草地挺不錯的，營地主人也很友善。但晚上蟲蟲的數量真的讓人害怕，衛浴設施也有點不夠用。,3,1,0,1858,,2019/05/07,0,中立
老闆很關心夏日消暑茶品，並且很用心種植樹木和經營露營區。,3,1,0,1859,,2019/05/07,0,中立
風景很美，但遺憾的是沒有提供沐浴用品和吹風機，會稍微不方便。,3,1,0,1861,,2019/05/07,0,中立
五月天的白天過後很熱，但晚上卻涼爽，露水相對較重，草木茂盛，景色宜人。不過蒼蠅和蚊子比較多，衛浴間較不足，洗澡時常需排隊。建議在中午之前扎營，第二天較不會感到炎熱。,3,1,0,1864,,2019/05/07,0,中立
露營場主沒有處理露營者的問題，半夜仍有人在打麻將，大聲聊天鬧事，洗澡時也沒熱水。孩子洗澡時也沒熱水，只好咬牙忍受，之後趕緊向營主反映，營主換過瓦斯後還是沒有熱水供應，對此營主沒有表達任何關心之意，甚至當孩子洗冷水澡的事情無動於衷。在另一間半洗澡時也沒熱水，等了十幾分鐘換過瓦斯，最終孩子星期日晚上發燒。請問營主是否應當巡視並確認有瓦斯供應？晚上溫度低時，應當立即通知露營者而不是等到洗完冷水再處理，這樣的行為是否適當？除此之外，露營場主似乎對露營者行為漠不關心，半夜2點有人打麻將、大聲聊天，這種情況真的令人感覺很差！,3,1,0,1879,,2024/04/23,0,中立
住在G區，水槽是兩個帳篷共用一組，旁邊沒有搭帳篷，否則會是三個帳篷共用。只有一間廁所和一間淋浴間，不太方便，但還算乾淨。插座太遠，需要使用兩條延長線（10米和15米）。空間有點狹窄，冰箱只有在營地本部有。,3,1,0,1907,,2022/04/13,0,中立
營區有些擁擠，總會有狗狗來嚇到鞋子.....,3,1,0,1942,,2020/08/12,0,中立
這次預定的是位於區七草地，場地為狹長型，非常狹小，根本無法放下七個帳篷。向營地負責人反映後，得到的回應也是不能接受。,3,1,0,1956,,2019/08/03,0,中立
這裡的蟲蟲真的太多了！7號區的場地很小，太擁擠了，小孩沒有地方可以奔跑，不建議露營！,3,1,0,2024,,2018/06/20,0,中立
營位有點擠，洗手台不夠方便。廁所明顯不足，其他都還可以，營主很友善。,3,1,0,2035,,2018/05/01,0,中立
營主沒有遵守原本的預訂情況，導致我們十個營位中被多加三個營位，而且營主卻不想確認對方的訂位系統是否有誤，反而希望我們接受這種違反原則的情況。這樣的行為讓人感到很不滿，雖然我們在那裡玩得開心，但希望下次營主能有主見，堅決解決問題，而不是再把責任推給他人。,3,1,0,2060,,2018/01/08,0,中立
營位大小與網站資訊不符。我們進去後並未見到營位，卻被要求支付尾款...整個體驗感覺很糟糕。當我們準備搭建方形帳篷時，發現地點實在太小無法搭建。（我們在草地區，單人帳篷那邊）方形帳篷尺寸為440*550，而營區網站上標示的營位尺寸是5*5......供大家參考，無其他意思。,3,1,0,2116,,2017/07/14,0,中立
有很多蟲蟲，浴室裡有很多蟲蟲。很容易身上會出現 Dior 的標誌。這裡沒有水，也不提供飲用水。上山的路不好開，轉進去還要二十五分鐘。在 G 區裡只有 g1 有景，但是夜景不是宜蘭市的夜景。看起來我可能不會再去造訪了。有很多地方可以花一千塊去。,3,1,0,2175,,2023/05/07,0,中立
這次在宜蘭的露營經驗並不愉快，因為整個周末都下雨，導致G區很昏暗，而且營地的排水不良，到處都是水坑，搭建帳篷變得相當困難。加上起霧的天氣，連風景也看不清楚。總結來說，這次的露營讓我決定以後不再來宜蘭了。,3,1,0,2176,,2023/05/07,0,中立
營地釘釘裝不牢，造成很生氣；山路尚未整修，車輛難以通行。,3,1,0,2187,,2022/05/07,0,中立
廁所的數量太少，導致需要排隊，讓人覺得不方便。,3,1,0,2222,,2020/05/07,0,中立
景色很美，可以從未開放的G區眺望到龜山島和蘭陽平原夜景。晚上關燈後，滿天星空，有機會看到銀河。滑草區讓小孩超開心，草皮中間很適合玩遊戲。玩沙有遮陽，旁邊也可以玩水，但是要注意水池邊緣比較高沒有可以上下的地方。需要留意涼爽的天氣。管理員很友善熱心，廁所衛浴打掃得很乾淨。AB區離浴廁較遠，若營位數量多的話衛浴可能會不夠用。冷熱水的控制不太好，有提供水桶。雖然沒有小黑蚊，這次確實碰到很多蒼蠅。,3,1,0,2225,,2020/05/07,0,中立
剛好碰上營區宿客素質不佳，學生開趴到半夜，老人清晨五點就開始聊天和上廁所，而且浴廁清潔狀況也很糟糕，還有熱水供應不穩定。來這個營區可能要看運氣了。,3,1,0,2229,,2020/05/07,0,中立
營地不算大，但海拔相當高，夜晚天氣好的時候可以遠眺星空。炎熱的天氣中午時分不適合上山露營，因為沒有遮蔽物來擋陽光。不過有供應水電。,3,1,0,2236,,2019/05/07,0,中立
G區夜景相當美麗，但浴室設施有改善的空間，環境衛生方面需要更多注意！,3,1,0,2244,,2019/05/07,0,中立
這真的很不方便。去那個地方慶祝生日，從台七甲上去後要轉段路完全沒有路燈，至少還要開20分鐘。夜間前往的人必須要小心。營區的蟲真的超級多，而且沒有飲水機。有計畫入住的朋友請留心。另外，露營樂網站上的照片應該是很多年前的了。一張帳篷要1000元，還有更多更好的選擇。,3,1,0,2278,,2022/12/08,0,中立
G區白天和晚上的景色有不同的感受！草地的營位長得很高，看起來好像很久沒有修剪過了。有時候會有虎頭蜂飛來飛去。營位附近有衛浴設備，也有冰箱和冷凍櫃，很方便。洗澡間和廁所是分開的，但衛浴的清潔狀況可能不太好。總的來說，G區的風景是這個營地最吸引人的地方，尤其是夜景和可以看到龜山島的景觀！,3,1,0,2281,,2022/08/01,0,中立
雖然是下雨天，但地面並不泥濘，孩子們仍然玩得非常開心。,3,1,0,2285,,2022/04/08,0,中立
環境很一般，整潔還需要改善，設備也須提升。,3,1,0,2288,,2021/11/22,0,中立
第二次來到G區營地，發現帳位很狹小，營地規劃不佳。G區停車亂停，公共空間被限制，有人將車停在別人帳蓬前。營地收取18帳，但只有2間衛浴和4間廁所，沐浴時水溫忽冷忽熱。提供兩台冰箱但卻不夠冷，導致食材變質，洗菜洗食材非常不方便，因為洗手台都在廁所區。整晚頻繁停電5、6次，甚至清晨5:30也跳電！夏天無電風扇可用，只能忍著熱直接起床。唯一優點是景色真的不錯，睡覺時很涼爽！建議大家千萬不要選擇G區營地！,3,1,0,2303,,2020/06/29,0,中立
草地保護墊需要補充、營區內的樓梯需要維修、衛浴空間裡的蚊蟲需要清理。,3,1,0,2311,,2020/02/22,0,中立
連假期間雖然一直下雨，但營地依然擠滿了人潮，在設備上似乎不足以應付如此多的人潮。此外，原本的冰箱看起來有些髒，希望能夠升級為冷藏及凍藏分離式冰箱。,3,1,0,2315,,2019/07/17,0,中立
"1. D和F區的營位距離車道太近，對小孩來說有安全隱患。
2. 浴室的熱水時常忽冷忽熱。
3. 不清楚是放在冷藏區還是冷凍庫？溫度不夠低。
4. 露營時遇到有喝醉的夫妻激烈爭吵，半夜拉長時間的嘈雜聲音吵醒了不少露營者，希望在營區夜間能有管理員或營主在場，以便即時處理任何突發狀況。",3,1,0,2368,,2018/04/09,0,中立
元旦那天下雨很令人不舒服。上層區域的規劃並不太完善，浴廁設備也比較普通，和去年來的感受有很大的差異。,3,1,0,2377,,2018/02/12,0,中立
天氣不佳，無法享受美景，期待下次再來! 沙坑區的遮雨棚已破損，使小孩無法遊玩，建議儘速修復。營區的洗手檯沒有清潔乾淨，上面有許多污垢，看起來有點噁心。,3,1,0,2379,,2018/01/05,0,中立
營主很友善。這個營地不錯，營主很親切。,3,1,0,2452,,2016/12/30,0,中立
周遭環境整潔，草地維持得很好,3,1,0,2528,,2021/05/07,0,中立
我不建議去參加週五的露營夜遊活動，因為營地的主人很晚才會到家，而且冰箱裡的食物要等主人回來才能冷藏，很不幸的是，第二天我們的主食雞肉就爛掉了。但值得一提的是，衛浴設備很乾淨，而且營地主人也很勤於維護每個區域的公共清潔。,3,1,0,2542,,2021/05/07,0,中立
營地整潔，衛浴設施乾淨，周圍風景還不錯。離瀑布很近，大概需要40分鐘的路程。,3,1,0,2549,,2020/05/07,0,中立
這個地方環境優美，螞蟻較多以外，整體營區非常棒。它沒有設施，但讓人更貼近大自然，同時靠近一座美麗的瀑布和清涼的溪水，還有一個適合小孩放心玩水的小池塘。,3,1,0,2550,,2020/05/07,0,中立
這個地方充滿自然風情。在這裡，你會看到許多毛蟲，夜晚也可能會有各種昆蟲出現，對於怕昆蟲的人要三思而行。雖然空氣清新，但這裡缺少景色。營地的管理者非常辛勤地清理垃圾和保持衛生。,3,1,0,2582,,2022/12/08,0,中立
在C區選擇露營時需要考慮其他露友是否具有公德心。入住當天晚上十點半，有人在大聲聊天，還有人在彈吉他；C區浴室裡晚上十一點還有人一邊用吹風機一邊聊天，聊天聲音比吹風機還要大聲。詢問老闆後得知晚上十點後原則上禁止大聲喧嘩，但實際狀況卻如此。老闆並未出來管理露營地，也沒有宣導露友應如何應對這樣的情況。露友們只能碰運氣了。,3,1,0,2622,,2019/08/20,0,中立
環境不錯，營主很用心維護品質。唯一可惜的是出入口道路狀況不佳，導致底盤被刮了好幾條；另外泳池磁磚也需要改善，有小朋友被割傷。好在營主提供了保險，算是負責任。,3,1,0,2746,,2023/05/07,0,中立
沒有提供飲水機和沐浴用品，需要自行準備。周圍景色平淡，靠近農地，蒼蠅數量較多。上山的道路狹窄且不平整，低底盤車輛請勿前往，且交通狀況較為困難。整體而言，個人不建議造訪此地。,3,1,0,2787,,2021/05/07,0,中立
請大家留意營區早上10點才開放入內，不必太早到，以免打擾營地負責人，挺不好意思的。,3,1,0,2793,,2021/05/07,0,中立
草地區到洗澡堂有一點距離呢！,3,1,0,2797,,2021/05/07,0,中立
還蠻新的場所，感興趣可以去走走，空氣很清新。,3,1,0,2801,,2021/05/07,0,中立
基本設施不錯，但從傍晚到隔天一直有一股雞糞肥的異味散發。此外，這異味會一直纏繞在你身邊，讓人感到不舒服。雖然曾經遇過各種蟲很多的營地，但還沒遇過蜜蜂這麼不斷地纏著你，讓人相當困擾。,3,1,0,2812,,2020/05/07,0,中立
營地的規定明確寫著不允許卡拉OK，但是現在卻有兩組卡拉OK同時在營地中嘹亮的唱著。我原以為來到山上露營可以享受藍天白雲、清新的空氣，卻沒想到會被嘈雜的噪音打擾。因此扣一顆星。不過除此之外，廁所衛生整潔，營地環境也很乾淨，是個不錯的地方！,3,1,0,2834,,2019/05/07,0,中立
周邊環境都很發展，視野還算開闊！,3,1,0,2842,,2018/05/07,0,中立
營主很熱心，提供了地下噴水池，孩子們非常開心。,3,1,0,2855,,2023/02/16,0,中立
路況：在白蘭部落，道路比較好開，但進入營區內時要特別注意陡峭的路段。冰箱：僅有冷藏區，沒有冷凍區，冰箱僅位於營區中心，取東西需走一段距離。浴廁區：四區和六區的浴室與廁所合併，沒有乾濕分離，地板因潮濕長時間有些許青苔。有這麼多區域分配，如果大家在同一時段使用，廁所與浴室可能不足。使用瓦斯加熱的浴室，同行友人冲到一半就沒熱水了，需要換另一間使用，幸好隔壁間沒在使用中。熱水管控問題嚴重，易著涼，且浴室沒有蚊網，內部有時會有蟲。最後，唯一的小便斗有漏水問題，使用體驗不佳。營位：營位相當寬敞，使用空間充足，土質便於釘樁。不過部分區域地勢較傾斜，桌子或床位使用可能受影響。供電：晚上突然停電，其他區域也無電，營主維修後才恢復供電，我們影響不大，但其他區使用者情況未知。,3,1,0,2964,,2024/01/07,0,中立
營區8號包區，有7個帳篷和2個天幕的空間，地點很大，目前還有空間剩下可以容納約兩個帳篷。但是營區看起來草地沒有很好的維護，有些地方出現坑洞，尤其是下雨後泥濘情況嚴重。營區提供垃圾桶和回收桶，有足夠的電源插座，洗碗台也很乾淨寬敞。至於開車進入8號包區時需要留意地勢，右轉時要特別小心兩個大坑洞和石頭，需保持左側貼近，以免底盤受損。草地上也有一些坑洞，積水問題嚴重，並且營區沒有提供護草墊。對於廁所，與7號包區共用，整體維護乾淨，有定期清運垃圾，熱水供應充足，唯獨第二天使用同一間時發現熱水沒有了。風景包括雲海和螢火蟲。至於冰箱，位在營區入口處，對於8號包區的露營者有點遠，需要開車下山拿食材。建議在兩個包區之間增加冰箱。晚上準備夜衝的露營者需要注意中途道路上的大坑洞和水溝，而且可能會有較大的霧氣。,3,1,0,2986,,2022/05/07,0,中立
第一區營地風景很美，但是兩隻雞輪流叫整整24小時，真的太吵了。更糟糕的是，10月份二露六區的雞不見了，竟然變成了貓。更讓人在意的是，浴室熱水器出了異常，洗澡時竟然會聞到瓦斯味，洗了一半時冷水直流。還好是三星的。,3,1,0,3000,,2022/05/07,0,中立
個人較難接受廁所和浴室合併在一起，尤其是設施比較陳舊、蟲蠻多、有異味的情況。但除了這點之外，風景和草地都相當漂亮。,3,1,0,3008,,2021/05/07,0,中立
在露營時碰到吵鬧的人可能是運氣不佳，不過營區的管理者應該要及時介入制止。有些人在半夜兩點還吵鬧，儘管營區管理者很熱心友善，整體露營體驗仍較不理想。至於廁所和浴室方面，算是可用。,3,1,0,3011,,2021/05/07,0,中立
櫻花在風中舞動時很美，但廁所不夠、洗澡時水溫不穩、電壓不足容易跳電。,3,1,0,3014,,2021/05/07,0,中立
這個地方空間較狹小，我建議您考慮天湖露營區。,3,1,0,3018,,2021/05/07,0,中立
營位安排不算太嚴格，但廁所沒有屋頂，晚上會有很多昆蟲在裡面飛來飛去，這讓小孩洗澡或上廁所時會感到害怕。此外，冰箱放在營地的主要建築物內，如果營地主人不在或休息時，冰箱就會被鎖起來，這讓帶食材的露營者有些不方便。,3,1,0,3036,,2021/05/07,0,中立
這個時候的四區樹陰不足，太陽照得很熱；山景還可以，但設施稍嫌不足（不是花季的話有些單調），必須繳費後才能見到營地管理員。,3,1,0,3052,,2020/05/07,0,中立
2區範圍停電 總電流為30安培 超過8次斷電，感覺狀況不佳 廁所衛生需改善,3,1,0,3064,,2019/05/07,0,中立
景色很美，只是設備有點陳舊。,3,1,0,3072,,2019/05/07,0,中立
2015年的時候，我和一群朋友去露營，我們選擇了一個靠近大自然的營區。那時浴室裡只有共用的熱水器，所以水溫取決於隔壁是否有其他人在使用。當時晚上我們還一起做了麻糬，現在回想起來覺得非常好吃。,3,1,0,3077,,2019/05/07,0,中立
夜景很美，但浴室設施有點簡陋。,3,1,0,3096,,2018/05/07,0,中立
櫻花盛開的時候，營區應該非常美麗。帳篷被樹木擋住，看不到直接的山景，有點可惜。廁所還算可以，但熱水不太穩定。幸運的是，這次遇到了很好的露營夥伴，我和兒子都很開心，希望沒有給他們帶來任何困擾。,3,1,0,3111,,2022/01/23,0,中立
第8區的地點距離營本部非常遙遠，到浴廁需要下一條稍傾斜的樓梯，有些不太方便。此外，廁所沒有天花板，所以有很多蚊蟲。,3,1,0,3125,,2020/12/14,0,中立
這個營地並不是很理想，廁所的數量有限且設施比較簡陋。,3,1,0,3141,,2019/09/20,0,中立
廁所沒有衛生紙的確有點不方便，建議補充衛生紙；草地上有乾掉的狗大便，十分不衛生；垃圾桶沒有裝垃圾袋，也很不妥。垃圾桶若沒有壓磚塊，可能會招來野狗野貓翻垃圾，需要改善。,3,1,0,3156,,2018/11/26,0,中立
如果營區裡沒有像喪屍一樣的蒼蠅，那就是100分的營區了～,3,1,0,3184,,2023/05/07,0,中立
這個營區雖然很乾淨，但漲價的幅度也太誇張了，可能不會再去了。,3,1,0,3189,,2022/05/07,0,中立
共用大草地，廁所設施漂亮，營區內也有販賣冷飲的店。,3,1,0,3217,,2021/05/07,0,中立
草地柔軟舒適，營位就在兩棵落羽松樹之間，帳篷搭在那變色的落羽松下感覺特別好，車子和帳篷分開，即使營區滿了也不會感到擁擠。乾濕分離的衛浴很舒服，路況算是頗好，進入營區的小農路比較狹窄，周圍是果園和農田。上午時有些許蒼蠅，下午看到農民戴口罩在噴灑霧狀液體，希望不是農藥！,3,1,0,3237,,2020/05/07,0,中立
水龍頭流出的水溫度適合冬天露營，十分貼心。然而，包營位的管理人員未提供完整草地，因為他們需要中央通道方便高爾夫球車通行，推廣產品。這也算是一種特別的商業策略。,3,1,0,3238,,2020/05/07,0,中立
環境整體還可以，但不足的地方是四周都是果園，所以有很多蒼蠅。,3,1,0,3243,,2020/05/07,0,中立
我覺得很好，適合遠離城市的喧囂，來此一遊可以選擇住宿或露營。,3,1,0,3258,,2019/05/07,0,中立
草地很舒適，廁所保持乾淨並定期清潔，甚至有乾溼分離的浴室設施。不過人潮稍嫌擁擠。,3,1,0,3263,,2019/05/07,0,中立
你說的是這個場所很注重環境清潔，但兒童活動空間稍嫌不足吧。,3,1,0,3279,,2018/05/07,0,中立
可以在包棟民宿外面的營地增加電源。,3,1,0,3282,,2018/05/07,0,中立
優點是有一大片草地，但缺點是帳篷擠得太多，孩子們沒有空間玩樂。,3,1,0,3289,,2018/05/07,0,中立
這個地方的優點有衛浴設施很好，草地景觀美麗，設施更新。然而缺點是蒼蠅很多，營地規劃過於擁擠，小孩玩耍的空間較少。,3,1,0,3301,,2018/05/07,0,中立
這次活動確實是無論風雨，營主的用心經營讓我們感到了，還能免費摘草莓，但只能隨天候而用餐，這真的是一段難忘的回憶，在車上入眠。,3,1,0,3305,,2017/05/07,0,中立
這個地方有很多區域，A區下行李後車子要停在停車場，這裡有民宿，裝潢有設計感但不確定舒適度如何，營地相當寬廣，小朋友有足夠的空間奔跑，主要是平地沒有危險性，不過缺乏美景，旁邊只有果園，這點有些可惜。,3,1,0,3315,,2017/05/07,0,中立
除了草地很好之外，其他的優點真的很難想到！,3,1,0,3323,,2017/05/07,0,中立
雖然環境看起來很整潔漂亮，但竟然出現跳蚤，被咬得很慘，收到帳單後開始發癢，真是難受啊～,3,1,0,3327,,2022-04-28T17:04:37+08:00,0,中立
各區的空間都有點狹窄，滿車都有些擁擠，最後十幾分鐘的路程有好幾處超陡的上坡彎道，很考驗車輛引擎、輪胎表現和駕駛技術，建議不要在晚上開車前往。,3,1,0,3396,,2022/05/07,0,中立
路顛波時，路的坡度很陡，不好開。,3,1,0,3471,,2023/10/23,0,中立
營區附近的路段非常危險，開車前往可能需要花費約5分鐘的時間，那條路真的很難開。,3,1,0,3472,,2023/10/23,0,中立
營地周遭的噪音很多，包括鄰居的狗吠聲、羊叫聲，以及凌晨4點公雞的啼叫聲。,3,1,0,3568,,2023/12/07,0,中立
這個地方有一些問題，例如有小黑蚊和蒼蠅，還有貓狗翻垃圾桶。孩子被跳蚤叮咬，還有很多野狗晚上和清晨亂吠。隔壁鄰居的鵝叫聲也很大！營區沒有飲水機，地面雖然是草地卻有許多碎石。不過衛生間很乾淨，營區主人很友善，只是有些不太方便。,3,1,0,3592,,2022/05/07,0,中立
每個帳篷的位置都相對安靜，挺不錯的。雖然射箭區有點小，但還是很有趣，可能是因為沒人和我們搶場地，不需要排隊（那天滿滿的）。營區裡還有沙坑和水池可以玩。當天還有製作麻糬的活動，營地主辦方會一一通知體驗的時間。,3,1,0,3609,,2021/05/07,0,中立
"1. 浴室很乾淨，有浴缸和水瓢，但建議自備吊掛環，方便掛東西。
2. 提供WiFi、草地墊、吹風機、脫水機、冷凍與冷藏冰箱、衛生紙。
3. 雨天時上層營區排水良好。
4. 蚊蟲比較多，尤其是小黑蚊，同行的親友和小朋友被叮咬得不少。
5. 營區有許多小貓在遊蕩。
6. 營位上的洗手台有遮陽傘，但只有暗淡的太陽燈，照明不夠。",3,1,0,3610,,2021/05/07,0,中立
離入口近的營地風景很漂亮，底部的景色也很壯觀，可以乘涼。地方很通風並有樹蔭，主辦的搗麻糬和其他活動很受小孩歡迎。不過冰箱很小，坡道很陡，端午節時小黑蚊叮得小腿都蓋滿紅豆冰，還有營地飼養的雞半夜兩~三點就開始啼叫直到天亮。不過有水池可以讓小孩玩水。,3,1,0,3617,,2020/05/07,0,中立
進入營區的入口比較狹窄，駕駛時要小心，不要完全依賴導航系統。黃昏時的景色相當優美，可以參加各項活動，不過到了晚上可能會稍微潮濕，早上陽光出來時可能需要尋找遮蔭處。雖然離公路稍有一段距離，但由於位於山區，總是能聽到汽車的聲音，尤其是跑車的引擎聲。綜合來說，這個營區是值得一試的地方。,3,1,0,3620,,2020/05/07,0,中立
可以欣賞到石門水庫湖面景色，微風吹過很舒適呢，喜歡露營的朋友可以來體驗看看，不過需要注意，那裡蚊子比較多，要做好防蚊措施喔。,3,1,0,3627,,2020/05/07,0,中立
這個地方風景真的很美！不過搓麻糬和竹筒飯的DIY活動稍嫌粗糙，射箭區看起來有點荒廢。淋浴間只有三間，但水量充足，熱水也很足夠。,3,1,0,3630,,2020/05/07,0,中立
廁所雖然乾淨，但間數太少了！其他的都很普通。,3,1,0,3634,,2019/05/07,0,中立
營區位於河流旁，空氣質量很好。,3,1,0,3635,,2019/05/07,0,中立
這個地方環境舒適，停車位充足，衛浴和廁所乾淨整潔。夏天可能稍熱曬，營區稍微擁擠但舒適。停車方式或許會影響到小朋友們玩球飛盤的空間。建議小朋友爸媽陪同在水池部分，但水池淺無危險性。總的來說，主人態度親切健談，唯一缺點可能是路不好找。,3,1,0,3651,,2019/05/07,0,中立
營區對於居住在台北市區的我們來說，其實是有點遙遠的！這個營區相對比較新，空間不算很大，被設計成了「階梯式」，總共有四層。這次我們使用的是最底層（鄰近衛浴區），原本預計可以容納八個帳篷，但因為大家帶來的都是大型或是巨型的帳篷，再加上客廳帳篷，所以最後只設立了六個帳篷。此外，營區裡還有一個「營棧」，可以購買飲料。還有瞭望台、兒童戲水池、射箭區等設施，對於小朋友來說是一個很適合消磨時間的營區喔！,3,1,0,3653,,2019/05/07,0,中立
這個露營區鄰近石門水庫，位於羅馬公路旁。交通便利，但山路較曲折可能造成暈車。停車位較小，晚到可能不太方便。營區提供推車。空間屬梯田式，小孩活動範圍有限，有小水池和小沙坑。帳篷間距較近。風景優美，可欣賞石門水庫、新溪口吊橋和角板山形象商圈。衛浴設施有四間浴室、四間廁所和兩座小便斗。整體清潔良好，但沒有提供衛生紙。老闆和員工親切，是值得再去的露營區。,3,1,0,3656,,2018/05/07,0,中立
設施年久失修，看起來沒有在維護了，像是戲水池、沙坑和射箭區域都顯得荒廢。路況很糟，開起來相當不方便。關於負責人，目前不確定是誰。,3,1,0,3668,,2023/05/14,0,中立
衛生設施需要改善。如果對環境要求不高的話，這裡還算可以，但傍晚會有些小黑蚊。,3,1,0,3670,,2023/04/05,0,中立
我不知不觉地来到了第二次的营地。,3,1,0,3687,,2021/03/20,0,中立
手機訊號只有一格，不穩定，所以在營區有WIFI。不過洗澡時熱水突然沒了，需要等30分鐘才會有熱水。,3,1,0,3769,,2024/04/07,0,中立
雨棚區1300的情況是沒有景觀，衛浴設施較為老舊，而且還有一隻兇狠的黑螞蟻會咬人，整體來說房間的性價比不是很高。,3,1,0,3798,,2023/05/07,0,中立
開車時遇到極上與極下的情況，意外困難。前方的A區草地短且乾淨，吸引小朋友來玩。廁所衛生乾淨，洗手台的溫水很舒適，特別適合冬天。位置在山谷中，夜晚冷但不刮風。有一條小溪，不過要走一段距離到達A區。向營主請求幫助，關心隔壁鄰居晚間聊天到三點，讓我難以入眠。,3,1,0,3807,,2023/05/07,0,中立
這位退休老闆用心經營，設備逐步完善，每個平台活動空間都很大。建議在設有廁所的平台增加帳篷以方便，廁所旁還有熱水洗手台，特別適合冬天使用。營地位於山谷中，相對涼爽，早晨陽光照射較晚，可以睡個懶覺。請注意防蚊！此外，要小心使用谷歌導航，可能會帶偏路線，請留意營地主人提供的正確指引資訊。,3,1,0,3875,,2020/05/07,0,中立
營區內活動空間有限，入內道路狹窄。沿著道路朝前走，會看到靠著溪邊的景觀，晚上聽得到溪水聲音，但不建議在溪邊搭帳篷。各區的洗手台位置設計令人感到不便利。廁所和淋浴間的空間相對寬敞，但電熱水供應可能不夠。,3,1,0,3876,,2020/05/07,0,中立
洗澡時常常遇到熱水問題，每次只能等30分鐘才有熱水，有點不太方便。可以考慮增加熱水供應或改善設施。,3,1,0,3905,,2022/09/19,0,中立
洗手間和浴室的數量太少了。C、D、E共用的浴室實在太少了，而且即使將熱水調到最高，也只有溫水，缺水不是我們露營者的錯，把浴室鎖起來就不太合理了，而且營區跳電可能是因為電力申請不夠大，只要有人開啟暖氣之類的設備就會造成跳電。我們是否可以在公約中約定不要使用高耗電設備呢？此外，D區應該設置三個水龍頭，其中兩個在後面，一個在廁所前面，我們現在要用搶的方式才能使用，因為廁所前的洗手台有熱水，所以其他區的人都會用，這造成我們的不便，當我們需要使用時，其他區的人也會使用，真的很不方便，上完廁所想要洗個手都需要拿出自己帶來的飲用水來清洗。,3,1,0,3922,,2022/01/03,0,中立
和露友打招呼感覺很好。,3,1,0,3940,,2021/03/20,0,中立
這地方下雨的話，排水很不好，不建議在雨天去。第一次去時，草地景色很美麗；但第二次去時，草地已經不見了，再加上下雨，整個地方都變成爛泥，真是糟糕的經歷。,3,1,0,3952,,2020/10/13,0,中立
"1. 特1區的房間很整潔，但客廳在一樓，且允許客人穿越到二樓，這點有點奇怪。
2. 特1區的廚房位於廁所旁邊，有時會有尿味。
3. 整體還算可以。",3,1,0,3989,,2023/05/08,0,中立
這個營區總體來說算是小而美，有許多五葉松可以遮蔭，營位不算大。夏天造訪的時候可能會有小黑蚊。但這個營區需要改善的地方是在管理方面，尤其是晚上11點之後還有人進場，12點還有露友在露營區發出聲響。這種行為嚴重影響其他露友的休息品質，營區管理上應該更加嚴格才行。,3,1,0,3997,,2023/05/08,0,中立
這個營區的地方相當寬廣，旁邊還有湖可以觀賞。盥洗浴室不受限制，露營模式有很多選擇，包括雨棚區、松樹下、以及竹林碎石區。然而，缺點是盥洗浴室和冰箱的數量都有點少。,3,1,0,4019,,2022/05/08,0,中立
老闆客氣，但實在有太多蚊子了，回來後癢了好幾天。,3,1,0,4026,,2022/05/08,0,中立
在I區空地，因為寒流來臨，帳篷擠滿了，沒有人帶家用電暖器整晚跳電數次。營地主人處理得很快，但半夜跳電時要等到天亮才恢復電力。浴室共有兩間，男女各一間，另外還有男女各一間蹲式廁所。吹風機只能在女生廁所使用。冰箱只有在浴室旁邊。另外，還有一條步道可以從浴室旁邊走到石秀灣。,3,1,0,4027,,2021/05/08,0,中立
B區不太推薦，因為浴廁太少，而且容易受到干擾。每個區域都應該再增加一個浴廁，因為這樣會更好。另外，B區有些小蚊子，也常有跳電的問題。但是五葉松林非常美麗。,3,1,0,4037,,2021/05/08,0,中立
現在八月份，小黑蚊很活躍，咬人不客氣，每個人都被叮超過20包，建議大家隨身攜帶強效防蚊液，否則就像我們一樣，蚊子就是不怕怕。,3,1,0,4043,,2021/05/08,0,中立
希望雨棚區的位置能再大一點會更好！,3,1,0,4071,,2019/05/08,0,中立
蚊子很多，另外營地剛好在維修水管，但沒有處理好水管膠的排水問題。洗澡時突然聞到水管膠的惡臭，我帶著兩歲的小孩，很擔心他誤喝到有水管膠的水。向營地反映後，他們只說抱歉，殊不知這可能導致某人誤食毒物而出現問題。台灣人的環境教育仍有很大的進步空間。在國外這樣的情況一定會引起法律訴訟。,3,1,0,4081,,2019/05/08,0,中立
這裡風景很美，老闆很好，只是有點小黑蚊。,3,1,0,4086,,2019/05/08,0,中立
廁所是活動式廁所，裡面有很多蚊子。,3,1,0,4099,,2018/05/08,0,中立
營地的設施很完善，有免費提供地面防水隔板，水槽的水量充足，使用電力也很方便，廁所和浴室都很乾淨，草地也很寬廣。唯一的問題是鄰近的竹林有較多的小黑蚊，它們咬人的力道相當強烈。,3,1,0,4100,,2018/05/08,0,中立
蚊子真的很多，夏天去的話要多加小心避免叮咬。,3,1,0,4178,,2024/03/07,0,中立
在露營地遇到了店家，她的態度非常友好。因為我們星期天才到，店家讓我們自由挑選營位，所以我們多給了一顆星。可惜的是：1. 蒼蠅非常多，不小心就會飛進帳篷，外面也滿是蒼蠅。2. 螞蟻非常多，感覺它們像要搬進帳篷裡一樣，帳篷內到處都是螞蟻。3. 還有會飛的蟑螂，和其他各種蟲子在帳篷外面飄來飄去。4. 營區的設備可能缺乏照顧，有些地方發霉生鏽，真的很可惜。5. 營區的燈光很少，夜晚有些昏暗。優點是，營區其實算美的（不考慮發霉的部分），附近有湖邊和小溪，晚上可以聽著流水聲入睡，心情相當愉悅。,3,1,0,4199,,2023/05/07,0,中立
原本以為離台北很近，看照片看起來不錯又有雨棚，應該會很舒適放鬆。但剛好遇到下雨天，雨棚內積水，而且從帳篷走到廁所處處都是水坑跟泥巴，腳永遠都是髒的，是露營過最痛苦的一次！再來就是蚊蟲很多，不過在戶外難免。建議設施要整修一下，排水也要改善。如果改善得更好，我相信這會是一個非常棒的營地！,3,1,0,4217,,2021/05/07,0,中立
小黑蚊真的很多，洗澡時熱水時常又冷又熱，女廁馬桶總是容易水溢出。,3,1,0,4228,,2021/05/07,0,中立
這個地方本來是個魚池，現在改造成了婚攝場地。,3,1,0,4234,,2021/05/07,0,中立
優點是熱水穩定、廁所乾淨，但缺點是營主缺乏人情味，不巡視營區，對訪客有額外費用要求，夜間幾乎沒有路燈，部分地方坑洞危險。,3,1,0,4238,,2020/05/07,0,中立
這個地方適合各個年齡層去遊玩，但交通不太方便。,3,1,0,4266,,2019/05/07,0,中立
這個地方離市區很近，其他方面還可以。,3,1,0,4268,,2019/05/07,0,中立
這次是因為想露營而來到這個營區，因為在網路上看到很漂亮的照片所以特地前來，但現場卻讓人感到非常失望，許多景點看起來已經過了年久失修的感覺，都顯得破舊不堪，不知道是怎麼回事？！建議營區官方可以更新一下網站的相片。,3,1,0,4269,,2019/05/07,0,中立
出去露營，最重要的是什麼呢？心情是很重要的。夥伴在場景很好，老板很熱情地帶路，晚上有蟲鳴鳥叫，偶爾也會看到螢火蟲在飛舞，靜謐清幽的短途露營區真的很值得一去。即使網路上說裡面的景點可能已經顯得有些老舊(不過可以彈鋼琴在湖上喔)。,3,1,0,4271,,2019/05/07,0,中立
露營地的營位地面鋪設碎石，河岸雨棚區能抵擋雨水，水槽分配合理，兩個帳篷共用一組設施，附近有小溪可遊玩水，但需注意污水集中處理後再排放到小溪中。,3,1,0,4277,,2018/05/07,0,中立
這裡環境算不錯，浴室廁所也很乾淨，只是因為沒有路燈有些昏暗，而且住的地方距離營區本部有些遠，也沒有提供飲水機，需要走到營區本部取水，相當不方便。,3,1,0,4282,,2018/05/07,0,中立
場地規劃沒問題，只是沒有特別的風景。,3,1,0,4283,,2018/05/07,0,中立
這個露營地很適合全家大小喔，有山有水，適合大家一起互動，可以烤肉、戲水、爬山，各種活動都可以享受呢！,3,1,0,4285,,2018/05/07,0,中立
環境還不錯，衛浴設備應有盡有，只是平地露營有點炎熱...,3,1,0,4290,,2018/05/07,0,中立
營地設施相當簡陋，周圍的配置都沒有得到維護和更新。,3,1,0,4302,,2017/05/07,0,中立
這個美的太貴了，1000有點太貴了～,3,1,0,4304,,2017/05/07,0,中立
這個營地雖然很棒，但似乎有點過於商業化了！,3,1,0,4305,,2017/05/07,0,中立
風景很美，只是門票貴了一點有點可惜！,3,1,0,4308,,2015/05/07,0,中立
環境設施有點老舊，略顯可惜。湖邊景觀可再加強，讓環境更加完美。或許因為靠近果園，可能會有些小黑蚊出現。,3,1,0,4502,,2017/12/03,0,中立
很遺憾... 沒辦法露營。27號中午前就下起了大雨，打電話詢問後得知無法延期或退費，原本期待下午雨會停，不料雨越下越大，到了露營地等了一陣子，最終決定取消露營，不想讓自己處於尷尬狀態，也擔心小朋友淋濕感冒或損壞行李，雖然花了1000元，但當作上了一堂課吧，未來若天氣不穩定還是要預訂帳篷區比較安全...,3,1,0,4561,,2017/05/29,0,中立
也許是因為下雨的關係，景觀沒有如預期般美麗，但最重要的是回到家後享受到了紅豆冰...><,3,1,0,4562,,2017/05/28,0,中立
浴廁條件不錯，但還有改進的空間。,3,1,0,4569,,2017/05/14,0,中立
台北地區的交通非常方便。,3,1,0,4611,,2017/02/28,0,中立
帳帳相連很不舒服，浴室的數量太少。,3,1,0,4642,,2016/12/03,0,中立
這個營地的設施和環境還不錯，淋浴間分乾濕區很方便，整個營區都有雨棚，但週邊景點比較少。可能因為在山谷中，風向不穩定，讓人感覺有點不舒服。另外，營區周邊有點凌亂，但庫志溪可以釣魚捉蝦。,3,1,0,4708,,2021/05/07,0,中立
營地長與夫人相處融洽，氣氛非常和諧!,3,1,0,4715,,2021/05/07,0,中立
臨溪邊，有山嵐的地方，是個很適合露營的好地點！,3,1,0,4741,,2019/05/07,0,中立
搭起雨棚，營地地面鋪著水泥，地上有四個金屬插孔。附近有小溪，可以在水裡玩。營地空間不大，並沒有特別規劃客廳或帳篷的空間。,3,1,0,4754,,2019/05/07,0,中立
環境整潔，只是營位有點小，水龍頭位置影響到別人走動。,3,1,0,4846,,2018/09/25,0,中立
11/18在竹雞區的這個地方，綜合評價先扣除了兩顆星，剩下的三顆星則是給了還算不錯的草坪和方便釘營帳的環境。1. 靠近斜坡的排水管斷裂且沒有得到修理，造成上層洗手台的水直接流向草地上，導致帳篷後方長期積水。2. 九帳共用兩間浴室，雖然浴室相對算乾淨，但其中一間熱水器在週六傍晚就壞了，但沒有人前來維修或設置通知，在寒冷的天氣中洗冷水澡給人很糟糕的感受。3. 廚餘桶的擺放方式不盡理想，沒有考慮到營地內可能有貓狗出沒，果真深夜廚餘桶被貓撥翻。4. 營位寬度為五米，大型帳篷需謹慎進入，視野只能看到老鷹區略微的景色，其他區域都有些許遮擋，竹雞區更是看不到景致，整體而言視野不如鄰近的烏嘎彥獨立區或C區。,3,1,0,4868,,2023/12/08,0,中立
這個地方雖然環境很好，但浴室的數量明顯不夠，而且開車的山路狹小又陡峭，低底盤的車輛要特別小心駕駛。,3,1,0,4929,,2020/05/08,0,中立
路小有幾段路會遇到車輛問題，但風景很美。,3,1,0,4930,,2020/05/08,0,中立
營地主人的服務很好。廁所浴室雖然乾淨但數量較少，需要排隊等候。建議增加更多場所，不要超過承載量，並將進入的小路擴寬，以改善夜間的交通。,3,1,0,5152,,2017/10/23,0,中立
營地的交通方便且提供了親子設施，設備也很完善，整體環境舒適。但洗澡有時間限制，白天無熱水；裝備需要在狹窄的柏油路下放置，可能擋到其他車輛；適合騎腳踏車的空間有限。撤營時間嚴格，希望可以有彈性。在海拔較低的地方有星空，但照明燈光害稍高。距離放置護草墊處稍遠。希望營主能改善裝備放置的問題。整體而言，是一個值得推薦的營地，但裝備放置位置的問題需要改進。,3,1,0,5231,,2023/12/08,0,中立
總結：這個營地的優點包括設備完善，提供足夠的冰箱和冷凍設備，還有草坪空間供孩子打棒球，籃球場供運動，並提供腳踏車、玩沙區、戲水區和飲水機等設施。營主一家勤勞清潔，處理垃圾和環境分類，並注意孩子的安全。然而，硬體設施仍有待改善，如女廁的冷水流太小，水溫不穩，且淋浴間不足。建議提升水壓馬達以解決問題。最後，建議根據不同季節來訪，特別留意風大時可能會有小黑蚊出現。,3,1,0,5253,,2023/05/08,0,中立
優點：這個營區海拔不高，開車方便抵達，兒童設施非常豐富，而且草地很適合小孩子玩樂。缺點：有非常多的小黑蚊，即使噴了防蚊液還是被叮滿腳，從中午到傍晚都有，傍晚還會出現超大隻的斑蚊，被叮到會痛，非常可怕。下次可能在冬天前來比較適合。,3,1,0,5259,,2022/05/08,0,中立
這個營地可能更適合注重維持秩序和安靜環境的人，若喜歡大熱鬧的活動，可能不太適應這裡。帳篷需擺放在特定方向，且營區要求晚上10點無聲，設施使用上可能會稍有不便，夜間入營時需留意門鎖時間。整體營區乾淨整潔，但使用的人數多寡會影響到電源穩定性。去之前最好詳閱營地規定，以免不小心觸犯規則而被批評。,3,1,0,5283,,2021/05/08,0,中立
冬天時使用電源較不穩定，需改進以提供更友善的露營環境品質。,3,1,0,5284,,2021/05/08,0,中立
A區和CD區在不同的位置，A區停車位在停車場，CD區在帳篷的前面，雖然共用浴室和廁所。如果帳篷滿了，洗澡可能要排隊很久，而且在洗澡時頭部會感到有點冷。廁所很整潔，有拉門和衛生紙。選擇CD區靠近末端的位置時要注意，除了距離廁所需要走一段路之外，12月時可能會有一些蒼蠅和難以避免的螞蟻問題，甚至可能會侵入帳篷和車內。建議選擇較前方的營位，但營位分配通常不會有帳篷相連到天邊的問題。這個地方對於小孩來說很適合，有沙坑、籃球場、自行車和溜滑梯，適合放生小孩玩樂。此外，還提供冰箱和飲水機。建議準備好食物和飲料再前往，因為下山開車需要10至20分鐘才會有便利商店711。,3,1,0,5288,,2021/05/08,0,中立
孩子們玩水後無法方便地洗澡，因為沒有24小時熱水。,3,1,0,5331,,2023/12/28,0,中立
老闆可以不要時時盯著我嗎？這感覺真的讓人很不舒服。,3,1,0,5341,,2022/05/16,0,中立
鄰居早上六點割草的噪音真的有點讓人困擾，是否可以跟鄰居溝通一下，看看能否改在其他時間割草呢？如果無法控制的話，或許可以試著提前了解一下鄰居的作業時間，這樣露營的朋友們可以預先知道何時會有噪音，做好心理準備。至於向老闆反映這個問題，可能需要更多的耐心和溝通才能解決。,3,1,0,5353,,2020/11/30,0,中立
主動與營主聯繫有點困難。因為連日的大雨，出發當天一早就主動聯絡營主，希望能勸退露營的參加者。然而直到晚上七點半才回覆，表示無需前往，但此時大家早已出發... 在露營地上滿是小黑蚊，讓我對人生感到懷疑。草地積水相當嚴重，雖然有提供草坪保護墊卻仍然泥泞不堪！整體設施中，只有浴室算是相對不錯，若再改善排水速度將會更好！,3,1,0,5376,,2019/06/10,0,中立
草很長，但應該修剪一下比較好。如果A區的三層帳篷同時到達，結帳會變成災難，因為營位空間狹小，幾乎沒有活動空間。由於車輛無法靠近營位，即使結帳完也離不開，停車位距離營位較遠，也沒有推車可用，只能靠人力搬運，這很容易造成家庭糾紛。在春夏季節，加上附近有果園，蚊蟲非常多。浴室和廁所算是乾淨整潔。垃圾桶僅在入口處設置（這還好），但如果帳篷多的話就容易滿溢。下大雨時，草坪的排水有問題，會積水。,3,1,0,5426,,2024/05/05,0,中立
11月18日到19日我去露營，地點環境很好，但早上洗澡時洗到一半，水突然變冷了，差點感冒。我打了三、四次電話都沒人接。,3,1,0,5434,,2023/12/08,0,中立
整體來說都不錯，唯一的問題就是棧板。,3,1,0,5435,,2023/11/08,0,中立
廁所設計得不錯，但只有營區A裡有冰箱，這讓在C區的我們走得有些遠，不太方便。另外，B區的大草皮適合孩子玩水，附近也有衛浴設備；不過缺少冰箱實在不便利。A區的營位比較狹長，使用大型帳篷可能會有點擁擠，而且草地不夠平坦，有些地方還有窪坑，搭帳篷時要特別注意位置。營位的洗手台也不夠，網站上寫著3個帳篷可以共用3個洗手台，所以會比較擁擠。營地的管理者幫我們把四個帳篷都排在同一區。這個季節附近有很多螢火蟲，但也有不少小黑蚊、螞蟻和蜘蛛（個頭都不小）。白天會出現一些蒼蠅，更嚇人的是還有大蟑螂。總的來說，這裡的生態非常豐富。,3,1,0,5440,,2023/05/08,0,中立
"來自香港的朋友很友善和熱情，但每個鄰居的房間距離很近。晚上過了十點後，其他鄰居很吵，不管怎麼勸告都沒用，業者也沒有有效的指導。有人在玩桌遊時大聲喧囂，喝酒的團體播放音樂和大聲談笑。
直到快要十二點時才漸漸安靜下來，我才能入睡。",3,1,0,5450,,2023/05/08,0,中立
這次我們一群大人小孩大約有20位，經由網路找到這個地方，整體來說感覺還不錯，環境優美，廁所也蠻乾淨，設備也很完備方便使用，營地主人也很熱情。但是讓我們感到困擾的是，有幾位營地主人的朋友過來打招呼，一開始覺得很友善稍微聊一下還可以，但不知何故越來越過分，一直來我們的營位，不斷邀請我們喝酒聊天，甚至還一直找其中一位妹妹，我們委婉拒絕了他們，但他們仍死纏不放。當我們再次拒絕後不久，他們又回來了，最後甚至直接站在我們營位不走。當時時間已晚且有小朋友正在睡覺，這嚴重侵犯了我們的私人空間。我們來這裡是為了放鬆享受，為何要花錢來和營地主人的朋友應酬？！他們的職業背景和過去經歷對我們來說真的毫無興趣，更不用說還得花時間精力應付。這是第一次遇到這樣的狀況，雖然地方不錯，但這次經驗讓我們對於再次造訪有所猶豫。,3,1,0,5468,,2022/05/08,0,中立
抵達時已經兩點左右，營地主人才開始準備搭租借的帳篷，直到傍晚才完成搭建。最糟糕的是半夜睡覺時氣墊床開始漏氣，造成困擾。第一天使用廁所時味道相當惡劣，小孩一直抱怨臭味。隔天清潔後好了很多。建議在廁所外放置洗手台提供洗手乳，尤其是在疫情期間，這非常重要！,3,1,0,5477,,2022/05/08,0,中立
在多帳時會變得擁擠，我建議您前往其他地區。雖然廁所外觀不錯，但是清潔工作仍有待改進。您可以考慮到附近的長興國小去玩，那裡環境不錯。,3,1,0,5500,,2021/05/08,0,中立
廁所雖然有些小黑蚊，但整體環境還算乾淨。,3,1,0,5519,,2020/05/08,0,中立
一些營位地地面不平，各帳篷之間的距離過小，需要考慮一下，與照片中不太相同。,3,1,0,5524,,2019/05/08,0,中立
環境雖然不錯，但帳篷數量太多，有點擁擠，廁所設施較少，D區旁的廢水排放散發著不好的氣味。早上有隻狗在帳篷邊鬧事，起床後發現帳篷附近有狗留下的糞便，讓心情大受影響。,3,1,0,5527,,2019/05/08,0,中立
有小沙坑和小水池，這地方挺好玩的。,3,1,0,5540,,2018/05/08,0,中立
營地草皮打理得很好，但是營地主人收費有點過高，顧客有點擁擠。,3,1,0,5541,,2018/05/08,0,中立
浴廁整潔，但現場要求支付額外搭帳費用讓人感到不滿。優點：浴廁整潔，服務人員態度友善。缺點：帳篷間距較近，地面不平整，租帳要再支付300元搭帳費，而且不能自行選擇，詢問為何事先未告知時，獲得的回覆是網站無法修改，給人不良印象。,3,1,0,5562,,2023/02/13,0,中立
人多的情況下應該加強垃圾處理。,3,1,0,5610,,2019/03/02,0,中立
營地狀況不佳，帳篷過多導致嘈雜不安寧，無論是白天還是夜晚都被狗吠聲打擾，難以分辨是營地的狗還是鄰近住戶的狗在吠。晚間超過十點仍有露營者大聲交談，小孩尖叫，營地管理者未出面管理，各種吵雜聲音、蚊蟲亦多得令人困擾。,3,1,0,5663,,2018/04/06,0,中立
老闆很熱心，但不太擅長聊天，也沒有特別的喜好除了兔子。他不會主動回訪。,3,1,0,5719,,2024/04/08,0,中立
湖畔區的風景真美，感覺很舒適。而且大樹前的這兩個位置更棒呢。,3,1,0,5786,,2019/05/08,0,中立
景色不錯，但露營地有點擁擠，收費也太貴了…露營一晚要價1500元。,3,1,0,5791,,2019/05/08,0,中立
這個地方的環境還可以，它的地形分為三層，最上層只有一間衛浴，略顯不足，二樓雖小但有四間衛浴，與三樓共用，如果人多時，廁所的垃圾希望能更頻繁地清理會更好。,3,1,0,5793,,2019/05/08,0,中立
每個房間都準備了棧板，所以睡起來很舒適！一早醒來就可以欣賞美麗的風景！只可惜營區比較小…但有販賣部可以購買飲料或日常用品！,3,1,0,5844,,2018/05/08,0,中立
設備不用擔心，景色還不錯，只是收費稍微高一些。,3,1,0,5845,,2017/05/08,0,中立
空氣清新，地方簡單。,3,1,0,5955,,2021/05/08,0,中立
在離開城市到山上欣賞風景時，可以暫時摒棄世俗瑣事，讓自己放鬆一下，為了再次出發做好準備！,3,1,0,5968,,2020/05/08,0,中立
前往營地的山路不太好走，駕駛時要小心。營地的風景相當美麗，讓人感到興奮。,3,1,0,6031,,2021/04/26,0,中立
這個地方很舒適，雨棚設置得很好。前面有一個不小的空地，營地的狗狗和貓咪都很友善，超級可愛。但是小黑蚊實在太多了，幾乎每個人都被叮到了。也許在天涼一點的時候來會比較適合，這樣可能就不會被叮得那麼嚴重。,3,1,0,6072,,2023/08/08,0,中立
七月時我租了五個帳篷的櫻花區，但只有一個廁所和兩個洗手台（其中一個已經有點老舊且使用不太方便）。對於五個帳篷的使用來說有點不夠，而且小黑蚊很多。營主會提供大隻的蚊香，但櫻花區的冰箱需要跟對面營區的冰箱共用，但對面營區的冰箱其實是營主私人使用的冰箱，裡面擺滿了很多醬菜罐等物品，讓人有種阿嬤家冰箱的味道。建議有冰箱需求的人最好使用自己的冰箱。碰巧碰到營主的朋友上山喝酒，冰箱除了被兩箱啤酒塞爆外，還有整天唱歌直到晚上十點，非常熱鬧。營區裡還有親人的貓咪和狗狗，牠們性格穩定且不怕小孩，另外走路約四分鐘就可抵達一處冰涼的溪流供大家玩樂，營主太太也很貼心地提醒大家可以把蚊香帶到溪邊。總結來說，這個營區的場地有點小，設備方面也許還有加強的空間，不過自然環境還不錯。,3,1,0,6092,,2023/05/08,0,中立
營地內有許多小黑蚊和蒼蠅，再加上大雨，整個營區都被淹在水裡，或許是因為碎石頭鋪設得不夠好造成的。整個地面變成爛泥巴，非常不舒服。洗澡和上廁所的空間也不足，只有一間位置可以使用，導致五個營位共用。電源供應過長也相當危險。,3,1,0,6093,,2023/05/08,0,中立
營區的主人非常親切，對任何需求都會立即協助，這一點確實很不錯。此外，營區距離老街不遠，露營完後可以去老街逛逛尋找美食，感覺輕鬆舒適。不過營區有一些問題：首先，浴廁是共用的，需要排隊；其次，營區飼養了貓咪，牠們會跑到露營區，上桌子、咬破帳篷，且不怕人；再者，半夜沒有路燈控制，造成很多露友在深夜走動和聊天，建議增加一些路燈控制；最後，水槽也不夠用，和浴廁一樣需要排隊，尤其在煮食時間更容易擠塞。,3,1,0,6105,,2022/05/08,0,中立
這個雨棚區的場地小，沒有燈光，而且洗澡水壓不穩，可能會把衣服弄濕。浴廁都是用鐵皮搭建的，洗澡的同時還要忍受隔壁傳來的大便味，真的很令人反感。此外，5帳共用2個洗手台，而且要價$1200，覺得太貴了。比起同價位的其他營區，這裡的景色和設施難免遜色一些。,3,1,0,6114,,2021/05/08,0,中立
營地太小，感覺有點擁擠，需要重新安排空間。,3,1,0,6133,,2019/05/08,0,中立
進入營區時發現陡峭的坡道，讓我對我家的小黑感到有些擔心，但老闆娘非常親切地介紹，並告訴我晚上會有螢火蟲。等到晚上關燈後真的看到很多螢火蟲，可惜沒有拍照。營區採用梯田式的設計，每個區域都不大，廁所和浴室各一間，插座也不多。不過我比較不滿意的是蒼蠅比較多，風景還可以，唯一值得一提的是營區下方有溪流可以讓小孩玩水，水質很清澈，大人照料下蠻安全的，可以讓小孩在那裡玩上半天。總的來說，我沒有很推薦這個營區。,3,1,0,6143,,2018/05/08,0,中立
廁所和浴室是共用的，所以在洗澡時間時需要排隊等候使用。,3,1,0,6146,,2018/05/08,0,中立
各區分佈均勻，出租帳篷沒有提供鋁箔墊。,3,1,0,6148,,2018/05/08,0,中立
雅房並不適合一家想要輕鬆露營的人，稍微讓人感到失望。,3,1,0,6214,,2019/10/21,0,中立
場地還可以，有狗很喜歡追人。草地保持得不錯，路程順暢，但是營區管理人員缺乏互動，要注意狗會追人哦！,3,1,0,6217,,2019/09/17,0,中立
廁所的設備需要改善！1.最好將廁所和淋浴間分開，否則會感到很髒！2.在網路上看到的廁所配置圖與實際情況有所出入，實際的廁所數量較少，等於10到11個帳篷共用兩間浴廁。這讓人快要抓狂！3.營區的規劃還需要改進，因為每次要到營地辦公室取東西，幾乎都要經過其他營地（我訂了五葉松區）。如果不經過其他營地的話，坡度太陡，而且階梯修建得不夠好，小孩們總是在那裡跌倒受傷。4.遇到沒有素質的露營者，連續兩天都在唱卡拉OK！5.營區位置還算不錯，離附近景點都很近。,3,1,0,6230,,2019/01/07,0,中立
老闆很貼心，場地維持得很好，草皮也很漂亮。他會主動提供蚊香，關心露營的人。這裡主要以小包區為主，景色不太多。衛浴設備也很普通。半夜會有狗來翻垃圾，整晚狗叫聲不停。,3,1,0,6245,,2018/11/26,0,中立
小區獨有的特色是一個能夠讓人放鬆的好地方。,3,1,0,6266,,2017/08/21,0,中立
我們這區的柚子包含浴室的水壓時大時小，水溫也不太穩定，希望可以改善。,3,1,0,6267,,2017/07/23,0,中立
服務非常貼心且親切。老闆娘們都十分親切，服務很出色。,3,1,0,6284,,2017/03/12,0,中立
在沿路上的制高點可以看到雲霧繚繞，但可惜森林區地勢平坦，帳篷只能橫著搭，無法直接欣賞風景，只能看到其他帳篷，而且營地地面有點傾斜。夜景區風景很美，但營區過於擁擠，帳篷只能橫著設置，與隔壁密不可分，無法直接從帳篷內享受風景。浴室燈光昏暗且較少，熱水供應充足但水壓較不穩定。如果不受擁擠影響，夜景區值得考慮，但如果再遇到超收情況，可能不會再次光顧。不過老闆娘的服務態度很好，這是一大優點。,3,1,0,6335,,2022/05/09,0,中立
森林地區風景宜人，遠觀關西夜景相當迷人。不過當時恰逢東北季風強化，使得風勢較大。在森林地區住宿的話需走一段路才能到浴室，建議可以使用便攜式浴室。,3,1,0,6340,,2022/05/09,0,中立
Google 地圖上顯示可以通往竹62，但可能因為大門封鎖所以無法通行，也不確定是否通過。,3,1,0,6354,,2021/05/09,0,中立
高地盤的道路並不適合行駛，但車輛適應能力較高。儘管如此，這裡的風景和夜景都非常美麗。,3,1,0,6373,,2020/05/09,0,中立
這條路走不通，無法到達竹62。,3,1,0,6633,,2021/05/09,0,中立
這個場地不太美觀，地面是石子鋪就的，也沒有提供草地保護墊。老板的態度很親切，但我覺得員工有點唠叨。,3,1,0,6634,,2021/05/09,0,中立
營區最大優勢就只有靠近溪流和幽靜！每個區域都有超多人！營位相對較小，帳篷貼得太近了！讓人感到擁擠不舒服！建議每個區域再少增加一個帳篷才適中…,3,1,0,6665,,2020/05/09,0,中立
老闆很熱情、浴室很乾淨、空間不大,3,1,0,6667,,2020/05/09,0,中立
四月後是個很好的時機，可以邀請朋友家人一起來欣賞螢火蟲並露營。,3,1,0,6678,,2019/05/09,0,中立
這句話的意思是：使用電暖爐會導致跳電，即使使用低功率也無法解決霸王級的寒流。在B1區只有一個插座，在同時開啟兩台380瓦的電器就會跳閘。老板建議使用煤油暖爐，因此如果沒有煤油暖爐的話，不建議在冬天來這裡。,3,1,0,6696,,2022/12/22,0,中立
A2區的景觀空間有限，浴廁較小而無法容納碟型天幕。早上醒來時，發現一隻狗在我們帳篷前面拉屎，差點遇到困擾^_^,3,1,0,6702,,2022/09/12,0,中立
晚上狗叫得很吵，可以請您控制一下嗎？,3,1,0,6715,,2021/10/17,0,中立
邱先生和邱太太都很親切。,3,1,0,6744,,2019/03/05,0,中立
這次我們的營位位於A2區，帳篷之間空間極其擁擠，沒有任何空間感。雖然知道營地主人增加了營位位置，但沒想到會變得這麼擁擠。每個帳位大約只有5*8天幕大小（不建議攜帶這麼大的天幕），一旦人多起來，廁所就變得又髒又臭，營地主也沒有勤於清潔和收拾垃圾。除了景觀還可以之外，其他方面讓人相當失望。,3,1,0,6754,,2024/04/09,0,中立
這次露營經驗真的讓人感到美好，我們選了五帳包區。不過最後一天在收帳的時候遇到了一些不愉快的事情：洗澡沒熱水，很冷讓人想發火；穿好衣服出來等其他區有熱水，卻在預定收帳時間之前就讓其他客人進來，還放任他們遊走觀看，讓人感到困惑；營主和服務人員都在出入口，卻沒有在管制進出。這雖然是我第二次來騰雲露營，但跟第一次相比，這次的感覺真的不太好，希望未來能夠改善這些問題，以免發生不必要的衝突。,3,1,0,6767,,2024/03/09,0,中立
這個露營地有美麗的風景和完善的設施，感覺管理得很用心！我們預訂了平日三天兩夜。第一晚遇到的露友素質很高，讓我們睡得很好！但第二天營主告訴我們，晚上有三組人在凌晨一點設搭帳！令人吃驚！凌晨一點！！請問營主，半夜搭帳和敲打營釘，你不擔心會打擾到其他露營者嗎？當天我們選擇提前收拾離開，不介意半夜有其他露營者來訪。這裡或許就是一個碰碰運氣的好地方！,3,1,0,6772,,2024/01/09,0,中立
第一次來到這個營地，雖然路標指示還算清楚，但營地的浴室設備有點不盡人意。只有衣物掛架，卻沒有沐浴乳的架子，洗澡的時候很不方便！另外，電壓也不穩定，昨晚竟然跳電兩次，真的很討厭！,3,1,0,6778,,2023/12/09,0,中立
這個營區的風景很美，但管理不夠嚴格，晚上十點多才有露營客到達，半夜一點還有人大聲在打釘，有點像夜市的熱鬧。需要更好的管理才能提供更好的露營體驗。,3,1,0,6784,,2023/11/09,0,中立
昨晚臨時訂的露營區，我們因為晚到，所以被分配到沒有很好視野的位置。營區依照不同的地形，營地上有一個相當大且有頂蓋的活動區。整體而言，落雨松區的樹木長得不夠茂盛，浴廁雖然分區但數量和空間都有待改善。感覺營區正在擴張中，許多區域看起來像是正在整修的工地。最高點的視野很棒，但其他區域普普。有點擠迫的感覺，甚至有點過度擁擠的感覺。來的路上經過了九份二山紀念園區，反而是個不錯的休憩點。這個營地勉強可以當作過夜地使用。總的來說，還有很多地方可以改進。,3,1,0,6788,,2023/10/09,0,中立
"優點：
1. 營區的道路都是柏油，很好行駛。
2. 特區視野很棒，尤其是某些位置能看到美麗的景色。
3. 天氣晴朗時能看到滿天星星。

缺點：
1. 營位太小，只有少數一些位置比較寬敞，其他都很擁擠。
2. 廁所和浴室設施不足，男女共用，尖峰時刻需要排隊，而且清潔不夠及時。
3. 飲水機和冰箱管理不佳。
4. 晚上沒有管理休息時間，有些露營者有可能聊天到深夜。
5. 容易受到二手菸影響。

總體上營區主人可能是不錯的，不過管理不守規矩的露營者似乎無計可施。",3,1,0,6795,,2023/09/09,0,中立
這個地方有很多優點：1. 夏天來了，風景優美溫度宜人，只要避開中午太陽直射的時段，找個通風的地方就很舒服。2. 如果浴室沒熱水，反應後馬上就處理，很棒。3. 草坪維護得很好，排水良好，也容易釘營。但也有一些不足之處：1. 飲水機和馬桶水箱的蓋子等地方，明顯缺乏定期清潔。2. 露營區有很多大螞蟻，特別是停在樹附近的車輛要小心，不久就會被爬滿螞蟻。3. 和其他露營區一樣，對於露營區內吸菸或夜間喧鬧的人，沒有提出警告或規定，重視露營品質的人請多加留意。,3,1,0,6796,,2023/09/09,0,中立
整體環境還算不錯，不過晚上缺乏管理，10點後在KTV唱歌、播放音樂聲音過大，講話聲音大小也不適中，客人間相互尊重的情況並不常見。雖然客人的行為是個人的責任，但如果沒有好的管理措施，的確會給人不太好的感受。,3,1,0,6810,,2023/05/09,0,中立
這個地方的冰箱靠得太近，看起來比較凌亂且有異味。D區3帳包的浴廁也有異味，空間比較狹小且沒有分開。需要加強清潔度。營主人很親切，提供幫助。往上走可以找到觀景平台，風景很美。,3,1,0,6811,,2023/05/09,0,中立
"優點：1. 夜景優美 2. 山景和夜晚星空不錯看 3. 衛浴熱水穩定，清潔度可接受 4. 如果人數不滿，可跟營區主人商量營位5. 草地還算不錯

缺點：1. 最後一段到營區的路較小，不易開車 2. 假日營區冰箱常常擠滿，建議自行攜帶冰箱 3. 晚上10點後無管理，直到半夜2點才相對安靜 4. 半夜會有野狗翻垃圾桶，早上會見到地上一堆垃圾 5. 營位與營位之間距離過近，不適合設置大型帳篷。",3,1,0,6841,,2023/05/09,0,中立
第一次露營的感受就像在市集一樣，帳篷之間幾乎貼在一起，而且車輛也擠擠挨挨。我認為營地主人應該只開放目前營位的60到70％，這樣才能確保品質。,3,1,0,6851,,2023/05/09,0,中立
這段話可以換句話說：我們很推薦這個露營區，但最近在7/3~7/5紮營時遇到了一些困擾。由於某些露友在深夜聲音過大，我們希望營區能設立宵禁，讓大家能夠安靜地休息。露營是為了享受大自然，希望所有人都能互相尊重，為了營地的環境著想。希望營長可以關注這個問題，謝謝您。,3,1,0,6852,,2023/05/09,0,中立
這句話可以改為：視野很好，供水充足，浴廁間也不錯，但是清潔方面有些疏忽。,3,1,0,6871,,2022/05/09,0,中立
營區相當寬敞，專人管理整理，空氣清新，風景十分秀麗，雖然道路稍嫌狹窄，開車時需注意安全，特別是在山上行駛時，請放慢速度。,3,1,0,6899,,2022/05/09,0,中立
這個地方景色優美，只是上山的路太窄，開車很困難。,3,1,0,6921,,2021/05/09,0,中立
這個地方的風景很美，草地也很漂亮，但帳篷連在一起，感覺有點擁擠。另外，可惜的是衛浴設施較少，需要排隊等待的時間比較久。,3,1,0,6955,,2021/05/09,0,中立
熱水器2-3台壞了，我營位裡的2間熱水器只剩下一個能用，後來換到其他浴室洗澡，但熱水溫度無法控制，突然變得100度，讓我燙到兩次。好在我只用手碰到水，換到第三間才終於解決了洗澡的問題。另外，有人帶狗去營區露營，假日時帳篷區太擠了，小朋友活動空間變少了。風景很美，有壯觀的夜景，生態豐富，螢火蟲很多，草皮保持得很好，營區規劃也很完善。建議營主多花點心思在衛浴設施和活動空間上。,3,1,0,6965,,2020/05/09,0,中立
這個地方景色優美，夜景更是繁星點點。可惜的是，衛浴設施較為不足，當旅館客滿時等候時間較長。另外，熱水溫度變化不穩定，可能觸及到我先生的手。希望旅館管理者能夠注意到這個問題。,3,1,0,6967,,2020/05/09,0,中立
洗澡時，熱水冷熱不穩定，因為只有一台熱水器，但水壓可能需要改善以確保熱水穩定供應。,3,1,0,6974,,2020/05/09,0,中立
設施較少，只有兩間浴室和廁所，如果想要使用，最好提早抵達，否則要等很久。,3,1,0,6980,,2020/05/09,0,中立
這個地方的景色很美，但空氣污染很嚴重。露營地提供了寬敞的空間並保留了公共區域。孩子們玩得很開心。浴室的數量確實有點少，幸好沒有小黑蚊，但傍晚會有一些大蚊子。,3,1,0,6989,,2020/05/09,0,中立
衛浴設備不夠完善，每個衞浴區只有一台吹風機，營位則由營地管理者安排，當天有濃霧，未能欣賞美景，但有提供飲水機。,3,1,0,6990,,2020/05/09,0,中立
營區的道路普通，但風景很美！價格稍微有點高了！,3,1,0,7011,,2019/05/09,0,中立
風景很美，空氣清新，唯一不足之處就是廁所太少了。,3,1,0,7013,,2019/05/09,0,中立
景觀在台中的埔里、草屯和彰化地區很美，但缺少遊戲場。,3,1,0,7026,,2019/05/09,0,中立
在這個露營地，下方的露營位子地不平且有水溝蓋凹洞，搭帳會比較困難。旁邊的大鐵皮雨棚看起來有點荒廢。如果要選擇這個露營地，建議選擇上方的營位，比較整潔舒適。,3,1,0,58,,2023/05/06,0,中立
覺得規劃有點不妥，會容易跳電，衛浴清潔程度不盡如人意，但空間很寬敞。,3,1,0,117,,2022/05/06,0,中立
這位老闆待人親切且體貼，地點交通便利且鄰近市區。對於家庭聚會露營而言，這裡非常適合，我會推薦這個地方。不過，在假日的時候人潮眾多，可能會有廁所不足的問題。若是欣賞風景，這裡可能不會符合您的需求，因為海拔較低，氣溫也會較炎熱。,3,1,0,134,,2022/05/06,0,中立
建議老闆應該好好處理這些問題，例如熱水忽冷忽熱的情況在夏天還能承受，但冬天的話可能會讓大家冷到發抖。另外，建議老闆注意定期派人清潔並處理廁所的垃圾，以避免尿騷味。跳電的情況也是很嚴重的問題，應盡快改善以提升整體工作環境舒適度。希望老闆能夠重視這三個問題，以提升員工的工作品質和生活品質。,3,1,0,138,,2022/05/06,0,中立
營位雖然很寬敞，但衛浴間太少，而且洗澡時水量時大時小，溫度也忽冷忽熱！,3,1,0,146,,2021/05/06,0,中立
場地還算可以，但沒有提供飲水設施。,3,1,0,150,,2021/05/06,0,中立
路況良好，但衛生環境可以再改善。廁所很少清潔，垃圾桶滿了沒有清理。,3,1,0,169,,2021/05/06,0,中立
四個月前，朋友們安排了一個露營計劃。昨天早上，十九個家庭各自從北區基隆和南區台南出發，約莫11:30時友人們全部聚集在一起，總共有93人（包含小孩）。從午餐開始，我們開始暢談、享受美食、暢飲、歡笑，一直持續到現在。根據現場情況，接下來的兩天中秋連假一定會非常愉快！,3,1,0,175,,2021/05/06,0,中立
浴室廁所有點遠，並沒有飲水機，但環境還算可以。,3,1,0,201,,2020/05/06,0,中立
這個地方空間很大，草地和樹木都被整理得很好，開車去營區的路徑也很順暢。,3,1,0,218,,2019/05/06,0,中立
寧靜區的地方有很多落葉，雨後容易潮濕，洗澡時水壓不穩定。,3,1,0,243,,2022/03/01,0,中立
營地老闆很友善，但管理上可能有些不盡如人意，七點多時有人嫌我吵，營主提醒我要較安靜。還未到晚上十點就氣死了，我決定離開了。,3,1,0,303,,2023/05/06,0,中立
營區的環境整潔，沒有過多的光源，而且時分很安靜，除了昆蟲和動物的叫聲外，這裡是露營的好地方。,3,1,0,335,,2023/05/06,0,中立
建議您在預訂營位時，選擇靠近釣魚池的地方，這樣就會比較遠離馬路的車聲。如果您不想在別人家門口睡覺，則不建議選擇雨棚區。雨棚區有兩台冰箱，露營時會夜裡聽到冰箱運轉的聲音，相當吵鬧。營區路況良好，可以使用導航設備順利抵達。衛浴設備十分寬敞，一家四口一起洗澡也不擁擠，且提供洗髮精和沐浴乳。至於釣魚池的開放時間則需看老闆的安排，不能隨時都可以釣魚。,3,1,0,378,,2020/05/06,0,中立
優點是露營場地很寬敞，營位也很大，營地主人也非常用心維護，且提供許多親子設施，風景也令人賞心悅目。缺點是野貓數量非常龐大，例如第一天星期五晚上把放在水冰塊裡的牛肉給野貓偷走了，第二天星期六將整隻雞放在鍋子裡冰鎮，並加蓋子蓋住，但仍然被三隻野貓打開蓋子偷吃了，造成雞肉嚴重咬損，最後無法食用只好丟進垃圾桶處理。另外，早上7點左右會有猴群在帳篷附近覓食，食材需注意防範。,3,1,0,470,,2024/01/06,0,中立
優點：園區保持得很乾淨，園主非常努力在維護。缺點：地面很硬，難以插營釘。每個帳篷區域都有一些被砍伐的樹木，高低不一，有些不到三十公分高，並且缺乏警示燈，夜晚活動需特別注意以免碰撞。此外，園區有蜜蜂和虎頭蜂，務必注意安全。,3,1,0,473,,2023/11/06,0,中立
這個營地整理得很好，設備齊全，石頭地很硬。有很多大帳篷，是個熱鬧的地方。,3,1,0,497,,2023/05/06,0,中立
這個營區非常大，大約有120個帳篷。從入口走到底約300公尺。路況整體是4.5顆星。值得留意的是，最後上山的路段比較難開，Google導航可能會建議你提前左轉，但營地主人有立牌指示要再開150公尺才左轉，這才是正確的上山道路。關於水電和冰箱，我們給予4顆星評價。兩個帳篷共用一個洗碗台，晚上洗澡時，可能會有電壓不穩的情況。4到5區共用一個營業用冰箱和一個冷凍櫃，所以先到先得。至於垃圾桶，只有在廁所外才有回收、廚餘和一般垃圾桶，如果帳篷不在廁所旁邊，就得走遠些才能丟垃圾，相當不便利。浴廁方面，我們給予3.5顆星。4到5區共用4到5間廁所和浴室，尖峰時段可能需要排隊，而排水系統有時會溢出。水壓穩定，24小時供應熱水。至於營地，我們給予4顆星。不過要特別注意，不易釘釘子，若釘子不夠粗，可能容易歪掉或者釘到水泥地下。優點是營地寬敞且停車方便。整體而言，營區環境優美，位處群山環繞，風景宜人。然而，晚上洗澡時常有尿騷味，不過此情況隨著時間而改善。活動區的設施基本上要排隊，因為是大型營區，不過營地足夠寬敞，建議自備一些玩具給小朋友玩樂。,3,1,0,510,,2023/05/06,0,中立
"1. 洗澡的時候要注意水溫，不要太冷或太熱，要多確認一下。  
2. 碎石區的石子很銳利，一不小心就會有多處擦傷，釘帽要小心踩到，因為地面很硬不好敲。  
3. 廁所清潔是一個特別重要的優點。",3,1,0,522,,2022/05/06,0,中立
這個營區空間寬敞，環境還不錯，設備也包含冰箱。不過地面上有很多石子，打釘很困難且容易鬆脫，需要使用至少30公分以上比較粗的營釘才能勉強牢固。尤其晚上容易遇到強風，很多人的帳篷在半夜被吹倒，驚呼聲此起彼落。這個營區需要選擇天氣好的時候前往，並且不適合新手露營者，供您參考。此外，也有看見有車宿在此地。,3,1,0,526,,2022/05/06,0,中立
營區的環境還不錯，雖然沒有什麼特別出色的風景，但整體整理的還算不錯。唯一比較令人不太滿意的是洗澡時水溫忽高忽低，讓人無法好好沖洗。總的來說，其他方面表現算是可以接受的。,3,1,0,527,,2022/05/06,0,中立
營地的風很強，地面有碎石和草皮，不太容易釘營。廁所比較少～如果可以分區設置衛浴設施會更好～不過小朋友很喜歡遊戲設施，玩得很開心！,3,1,0,545,,2022/05/06,0,中立
營區環境優美，但缺點是有很多露營客和小孩，所以有些吵。他們似乎缺乏時間觀念，即使已經過了晚上11點，依然不斷發出聲音，管理員也沒有在加以管束。,3,1,0,547,,2022/05/06,0,中立
這個地方的環境算不錯，只是碎石比草皮多，行走起來像健康步道。衛浴廁所的數量很多，但有點遠。不過每小時都有人來清潔垃圾並整理廁所環境，打掃算是很乾淨的。,3,1,0,550,,2022/05/06,0,中立
這個地方的路都是兩線道，需要注意對向來車。營地地面散佈著很多尖銳的碎石，建議攜帶不鏽鋼營釘。風景很美，遊戲區在最下面那一區，需要走一小段下坡路。露營的時候有過至少五次以上的跳電情況，建議攜帶非插電燈。廁所的熱水不太穩定，記得攜帶足夠的飲水，因為沒有飲水機。,3,1,0,560,,2021/05/06,0,中立
營區很寬敞，適合孩子盡情玩耍，營地主人很體貼，在戲水區也提供遮陽傘，讓家長陪同小孩時不會曬傷，但還有幾個地方需要改善！1. 垃圾桶的位置有點遠。2. 廁所的照明設施不夠，在晚上有點危險。3. 熱水器時冷時熱。4. 營區的營釘很難釘，地面上有太多碎石，很容易弄傷腳。,3,1,0,573,,2021/05/06,0,中立
這個地方非常不安全，很容易被咬，地面很硬，而且容易淹水。,3,1,0,575,,2021/05/06,0,中立
"1. 縱然地面是石頭，雖然不能輕易釘入釘子，但也避免了泥濘的困擾。
2. 備用的帳篷雖然沒有簡易搭建教學，感謝有友人共同討論解決。
3. 到場後未見營地負責人，對其下落一無所知，缺乏其他營地熱情待客之感。
4. 需自行結算費用（自助方式處理，但價格昂貴於外領租賃）。
5. 充氣墊無法充電，幸好得友相助，否則不知何時充飽。
6. 洗澡水溫忽冷忽熱，無法洗浴，無奈只能放棄清洗，微調隨即過熱到無法忍受。
7. 兒童娛樂設施稀少且偏遠，無法近距離目睹孩童盡情嬉戲！可能其他營地狀況相若，但友人常露營，對此感到難以置信。
環境寧靜，鄰近老街方便，但期望能夠改善以上種種，否則徒增造訪一次之遺憾。",3,1,0,583,,2020/05/06,0,中立
路況很糟。使用導航經過內灣老街時，假日塞車嚴重。營地地面相當堅硬，佈滿許多石頭，使得一般營釘難以固定。但衛浴設施還算令人滿意。,3,1,0,592,,2020/05/06,0,中立
這片碎石地很硬，釘子很難打入，還有強烈的東北季風吹斷了帳篷，搞得大家連夜撤營撤帳，真是個慘痛的經驗。,3,1,0,613,,2019/05/06,0,中立
場地安靜，需要更多宣傳和投資。,3,1,0,625,,2019/05/06,0,中立
露營地的設施非常棒，但是碎石地難以釘營釘。,3,1,0,634,,2019/05/06,0,中立
希望有更多獨立的廁所。,3,1,0,636,,2019/05/06,0,中立
周邊沒有游樂設施，只有果園。,3,1,0,638,,2019/05/06,0,中立
土壤裡有太多石頭和泥土，所以很難把營釘打進去。,3,1,0,658,,2018/05/06,0,中立
碎石地太硬，營釘很難打下去。廁所太少了，垃圾桶也太少了。,3,1,0,687,,2020/11/28,0,中立
這個營區的排水系統非常糟糕。雖然非常適合小孩露營，但如果下雨的話，積水的情況很快就會發生，甚至達到比釘子還高的程度。當下雨超過5分鐘後，就會有積水，讓人開始擔心。營主似乎只在大雨下了一段時間後才來關心，卻沒有解決問題就離開了。雖然我們在過去3年裡經歷了許多暴風雨，但從未遇到過像這樣排水極差的水淹營區。地面上有碎石、草坪不平整，高低起伏明顯，再加上排水條件不佳。蚊蟲、蒼蠅、蟑螂、螞蟻等都很多，雖然大自然如此，但這個營區應該在好天氣下是個非常適合兒童樂園的地方。,3,1,0,700,,2020/05/18,0,中立
整體滿意。營地寬敞，能夠容納5*8的帳篷，但打釘有點困難，當風大時可能會有拔釘的風險。,3,1,0,722,,2019/03/14,0,中立
晚上使用浴室的時候風會透進來，感覺有點冷。,3,1,0,820,,2017/05/02,0,中立
整體環境還可以，視野相當不錯，而且附近就有全聯可以方便購物。唯一要注意的是山路較陡，駕駛時要小心。另外，我對老闆的誠信感到有所疑慮，讓我的整體感受打了折扣。,3,1,0,859,,2023/05/07,0,中立
D區的女生廁所和淋浴間設施有限，尤其對帶小孩洗澡的媽媽來說，需要等待的時間很長。我認為應該考慮增加一些坐式廁所或者安裝安全扶手，這樣老年人或者不習慣蹲廁的人會更方便。另外，DE區共用一個冷凍庫，希望也能增加冷藏的功能。另外，建議設置雨棚，方便大家遮風避雨。,3,1,0,925,,2019/05/07,0,中立
這裡環境和衛生條件都很好，視野開闊，空氣清新。,3,1,0,926,,2019/05/07,0,中立
離三星鄉的味珍香和全家都很方便，開車大約需要10-15分鐘。附近也有許多景點，像是松蘿和九寮溪步道。不過在秋冬季節容易刮大風，有時半夜睡覺可能會感到有些不穩定。,3,1,0,940,,2018/05/07,0,中立
天氣稍微降溫時，露營應該是個不錯的選擇，因為這個地方靠近市區，夜景也很美。,3,1,0,944,,2018/05/07,0,中立
營地的地面石子碎碎的，釘植要小心一點。,3,1,0,982,,2021/12/14,0,中立
在C區的草地上有很多護草墊，小朋友們因此跑步困難且容易絆倒，已經多次摔倒受傷了。他們只能用沙坑旁邊一小塊空間來玩耍。優點是C區有熱水水槽以及獨立的衛浴空間，但衛浴清潔狀況一般。,3,1,0,1042,,2024/02/07,0,中立
記得要從內灣那邊上去，車子有點多，不過路程比較短。,3,1,0,1062,,2023/05/07,0,中立
這句話的意思是「這條小路的樹枝和雜草要修剪一下，給3.5顆星評分」。,3,1,0,1080,,2023/05/07,0,中立
看了大家的評價後很期待前往，我也向老闆確認了飄飄河是否開放。結果只有A區開放了飄飄河，其他區根本沒有開放，令人很失望。除此之外，並沒有什麼特別的，不過廁所裡設有防蟲紗網這一點倒是蠻貼心的。,3,1,0,1273,,2023/10/07,0,中立
下午暴雨過後，場地變得泥濘，顯然缺乏足夠鋪設的砂石，其他區域的石頭鋪得比較多就沒太大問題，相對地乾爽很多。其他設施表現良好，有小孩的話可以在水中嬉戲，水源似乎是從山上直接流出。在這個季節，水管裡會有蝌蚪跑出來，晚上則有許多昆蟲和各種蛾類出沒。,3,1,0,1287,,2023/06/07,0,中立
營主很友善，但營位區劃不夠完善，先到先佔。,3,1,0,1377,,2022/05/07,0,中立
總的來說還好，但營區風評不高，沒有提供滿帳，我們的包C區有點擁擠。冬天去沒有蚊蟲，只見到一隻小蟑螂，衛浴設備不錯，但需要自己保持清潔，否則看不到營區主人打掃。旁邊就是馬路，有時會有重型摩托車隊經過發出很大聲音。可能因為馬路旁有一隻大野狗進入我的帳篷。,3,1,0,1382,,2022/05/07,0,中立
這個營地似乎曾經用心經營，但目前卻顯得荒廢了。可能是因為大家都在補班補課，所以我們上山時發現營區沒有設置大門，讓人感到缺乏安全感。過路客甚至可以直接把車開進來觀賞風景或使用廁所，而營地主人只有在收錢時露面。此外，浴室的熱水設備可能存在問題，有幾間浴室的水溫時冷時熱。,3,1,0,1388,,2021/05/07,0,中立
洗澡時瓦斯不足，晚上洗澡感到相當冷，好消息是草莓很便宜。,3,1,0,1389,,2021/05/07,0,中立
A區旁邊有一條小溪，營位旁邊有一個充滿蝌蚪、青苔和水草的生態池，裡面的水有點滑而且不太乾淨，小朋友在玩水時需要注意。這裡有幾個缺點：1. 廁所很髒，每天只會定時清潔一次，必須提醒工作人員才會清潔。2. 營區的排水很慢，沒有提供草皮墊，但可以提供防水布。3. 營位比較狹小，帳篷需貼近放置。4. 水槽旁邊沒有垃圾桶，垃圾桶也沒有蓋子，半夜可能會有流浪狗來翻垃圾。優點方面：1. 浴室水流大且溫度穩定，提供洗髮和沐浴用品。2. 有冰箱、飲水機和脫水機，泡湯有特別優惠。,3,1,0,1401,,2020/05/07,0,中立
建議事先詢問漂漂河頂端區域是否開放，這樣比較不會浪費錢，因為排水不良，下雨時會不方便，而且需要借用隔壁的護草墊。,3,1,0,1410,,2020/05/07,0,中立
空間有限，建完帳篷後幾乎沒有活動空間，但環境整潔程度還可以。,3,1,0,1412,,2020/05/07,0,中立
希望營地裡的坐式廁所能保持乾淨，一打開門就看到一些蹤跡讓人感到不雅。,3,1,0,1413,,2020/05/07,0,中立
D區的位置很狹小，我們四個營位的人勉強將車子停進營區，否則就得停在路邊。營區就在路旁，需要特別留意小朋友是否會跑出去馬路。若要前來的話，包區可能會更加合適。,3,1,0,1453,,2022/10/12,0,中立
C區的排水系統和水壓有些問題。新的營主非常熱情，衛浴和廁所保持乾淨並且有做消毒。晚上睡覺時食物最好收好，因為貓貓可能會跳上桌子找食物。建議營主改善C區的排水系統和衛浴水壓。,3,1,0,1457,,2022/06/27,0,中立
跟預期略有出入。,3,1,0,1472,,2021/03/03,0,中立
C區的浴室和廁所很骯髒，有很多蟑螂。或許是因為營地的管理人員沒有在現場，這次去的經驗被隔壁區的吵到無法入眠！一群年輕人從晚上10點開始唱卡拉OK，一直唱到半夜12點！第二天向營地負責人抱怨，但營主也無法解決問題，讓人不想再去那個營地了…,3,1,0,1475,,2020/08/21,0,中立
整體來說還是可以推薦。儘管在路邊可能會有些吵。,3,1,0,1478,,2020/03/04,0,中立
營區在山谷中夏天有點悶熱，廁所很骯髒沒有什麼打掃，不會再去第二次...,3,1,0,1479,,2019/12/23,0,中立
B區營位的優勢在於環境乾淨，距離北埔市區近，非常方便補給，適合輕裝露營偷閒的活動。但需要注意的是，營區照片沒有更新，原本的設施可能已經消失，需要自行攜帶遊具。另外，洗澡時可能會沒熱水，且洗浴用品按壓有故障。雖然營區規定晚上十點後要保持安靜，但第一晚有鄰近區域一直喧鬧到深夜，第二晚則有小孩比賽一直到晚上十一點半。營主似乎未出來規勸。,3,1,0,1524,,2023/12/07,0,中立
下雨天不建議前來，碎石區很容易變成泥濘之地；浴室雖然沒有乾濕分離，但希望至少能加裝垃圾桶，以減少氣味與美觀的影響。從浴室到營地的排水系統都需要加強。碎石區的斜坡在雨天很危險，已經有人摔倒多次，請務必加以處理。,3,1,0,1526,,2023/11/07,0,中立
營地主人親切有禮，只是缺少親子浴室。,3,1,0,1574,,2020/05/07,0,中立
這個營區空間有限，停車稍嫌不便。遊戲區設施豐富，孩子玩得興高采烈，但十分可惜的是蚊蟲多到令人驚懼，全家無一倖免，每人至少被叮了200次，最後只好硬拉孩子回家，不然這個營區本來是個不錯的地方。,3,1,0,1578,,2020/05/07,0,中立
在北埔市集附近，營區很小巧，靠近營區的道路很好走也很清晰，唯一要注意的是有很多小黑蚊。,3,1,0,1581,,2019/05/07,0,中立
車道和場地的安排還可以，比較適合中小型團體。設備的清潔程度也還可以。,3,1,0,1592,,2019/05/07,0,中立
在交叉路口的地方標示清楚路標會更有助於指引方向。,3,1,0,1711,,2018/03/20,0,中立
營區人潮眾多，隔壁區很吵；營區內的道路很窄，所以車輛的底盤被刮傷了。,3,1,0,1753,,2023/11/07,0,中立
聽起來你規劃的帳篷太多了，像是分租套房般隔間，如果所有的帳都搭好，就沒有活動空間了。浴廁看起來還挺乾淨的，但數量上相對比例來說有點少。,3,1,0,1767,,2023/05/07,0,中立
營地的條件還可以，但共用的兩個電箱和洗菜枱位置不夠。另外，廁所和浴室還算不錯，但屋頂是透光的罩子，夏天在裡面就像在烤箱一樣太熱了。而且廁所前的洗手枱只有一個小小的，不太好用而且不夠。,3,1,0,1780,,2023/05/07,0,中立
這個營地的各區空間不大，平常日只有一輛車，不會感到擁擠，但夕陽的景點常被樹木擋到。最上層的露營位靠近馬路，可能有點吵，環境整理還算乾淨。不太好的地方是，入住時先同意不打折收費，但第二天離開前卻被告知不能使用電力，需要額外付費！為什麼付了相同的費用，露營可以用電，車泊就不行？看來營地對車宿車泊不太友善。如果喜歡車宿露營的朋友們有需要入住此營地，請三思而行。,3,1,0,1787,,2022/05/07,0,中立
嗯，你的意思是，你請朋友載你去露營，朋友是訪客，但不到一小時就要收費，而你因為是跟家人一起露營的，所以沒有被收費。你建議可以考慮用時間來收費，例如入場一小時內免費，超過一小時收50元，超過兩小時以上收100元，以每人100元為上限。另外，你也提到不希望司機載你們去露營後，就算只是進去喝杯茶也要收費。,3,1,0,1796,,2022/05/07,0,中立
這個地方的環境很好，從遼望台上可以看到360°的風景，步行大約30分鐘就能到達。參觀營地的費用為每人100元，而上面靠路邊的營地是鋪著磚的，不太容易釘植物。,3,1,0,1800,,2022/05/07,0,中立
這裡的風景真美，只是浴室的熱水會有點不穩定。,3,1,0,1830,,2020/05/07,0,中立
因為霧氣和濕氣太重，所以視野受到很大影響，曬帳篷需要花很多時間。,3,1,0,1831,,2020/05/07,0,中立
第一次夜晚前往露營時，遇到了非常濃密的霧，頭燈照射出去的光線都像水滴一樣，還有一些小黑蚊。露營地很大，有很多斜坡，冰箱雖然很大但很遠。露營地的主人會親自帶著露營者逛逛附近，但是卻要坐在貨車車斗上，有些不太安全。建議提供地圖，讓露營者自行開車前往。,3,1,0,1834,,2020/05/07,0,中立
草地環境很好，營區管理人員也很友善。但晚上蟲蟲很多，令人有些害怕。衛浴設施也稍嫌不足。,3,1,0,1858,,2019/05/07,0,中立
老闆很樂意供應消暑茶品，並且很用心栽種樹木和經營露營區。,3,1,0,1859,,2019/05/07,0,中立
景色很美，但遺憾的是沒有提供沐浴用品和吹風機，方便性方面欠佳。,3,1,0,1861,,2019/05/07,0,中立
五月天的白天午後很炎熱，但晚上涼爽，露水多一些，植物長得茂盛。然而，蒼蠅和蚊子有點多，洗澡間有點不夠用，洗澡時總是要排隊。建議在中午前搭營，第二天早點收營，以免受到高溫影響。,3,1,0,1864,,2019/05/07,0,中立
露天旅館的管理者似乎沒有注意到客人的需求。不僅半夜有人在打麻將，大聲聊天喧鬧不休，而且洗澡時竟然沒有熱水。孩子們不得已忍受冷水沖澡，向管理者反映後換了瓦斯，但依然沒有熱水。管理者對此漠不關心，甚至當客人提到孩子沖冷水澡時也視而不見。另一間也遇到了沒熱水的情況，等了十幾分鐘才換上瓦斯，結果孩子星期日晚上發燒了！請問管理者為何不巡查瓦斯供應情況？晚上溫度低，等人洗完冷水才通知換瓦斯的做法並不妥當。另外，在半夜2點還有人在打麻將、大聲聊天，這樣的情況令人感到相當不滿。,3,1,0,1879,,2024/04/23,0,中立
很擁擠。在G區，水槽被兩個帳篷共用一組（旁邊沒有裝帳篷的話則是三個帳篷共用）。只有一間廁所和一間淋浴間，有點不方便，但還算乾淨。插座位置很遠，我接了兩條延長線（10米＋15米）。活動空間不夠大，冰箱只有營區的公共設施才有。,3,1,0,1907,,2022/04/13,0,中立
營區有點擁擠，狗狗常來咬鞋子......,3,1,0,1942,,2020/08/12,0,中立
這次預訂的草地區是第七區，但該場地型狹長，非常小，無法容納七個帳篷。我和營地負責人反映後，也得到無法接受的答覆。,3,1,0,1956,,2019/08/03,0,中立
家裡有太多蟲了，而且7號區的場地太小、太擁擠，不建議露營！,3,1,0,2024,,2018/06/20,0,中立
營區空間有點狹窄，洗手臺位置不方便。廁所的數量明顯不足，其他方面都還算可以，營主人很友善。,3,1,0,2035,,2018/05/01,0,中立
因於2017年12月30日至31日、2018年1月1日預定的包裹A區10帳位，卻因不明原因被多擠進三帳位。營地主人表示是因為訂位系統出錯，卻又不願確認對方的訂位資訊。雖然營地主人愛好和平，不想得罪人，但卻讓我們蒙受損失。雖然只有一晚，但我們提前五個月預訂的行程又算什麼？事實上，我們雖然勉強自娛三天，但心裡仍難受。希望下次營地主人能有魄力，不要再把問題推給別人，該解決問題就要堅決解決。,3,1,0,2060,,2018/01/08,0,中立
營位的實際大小與網站上的描述不符。當我們要搭建方形的天幕時才發現，營位太小無法安裝。我們身處在草皮區域，靠近單人帳篷區域。方形天幕的大小是440*550，而營位在網站上標示的是5*5。這裡只是提供大家參考，沒有其他意思。,3,1,0,2116,,2017/07/14,0,中立
這裡有很多蟲蟲，浴室裡也有很多蟲蟲，很容易讓身上出現 Dior 標誌。沒有提供飲用水，上山路也不好開，又難看到指示牌，要轉進來還需要二十五分鐘。G 區只有 g1 有風景，但夜景卻不是宜蘭市的夜景。應該不會再來這裡了。一千塊可以去很多其他地方。,3,1,0,2175,,2023/05/07,0,中立
這次去宜蘭露營，我住在草地第G區，整個週末都在下雨。抵達時因為雨霧籠罩，整個G區的廁所和浴室前只有一盞小燈，非常黑暗。另外，營地的排水不佳，到處都是水坑，搭帳帳篷的困難度大幅提升。因為天氣惡劣，看不到任何風景，所以我決定以後不再去宜蘭露營了。,3,1,0,2176,,2023/05/07,0,中立
營釘釘無法固定很讓人擔憂，上山的道路未經整修路面崎嶇難行。,3,1,0,2187,,2022/05/07,0,中立
廁所太少間了，所以要排隊很不方便。,3,1,0,2222,,2020/05/07,0,中立
G區景色很棒，可以看到龜山島和蘭陽平原的夜景；晚上關燈後，星空非常美麗，甚至有機會看到銀河。滑草區讓小朋友非常開心，草皮中間很適合玩遊戲，沙池提供遮陽且旁邊有玩水的地方。然而，水池邊緣有點高，上下有點困難，需注意涼爽的天氣。管理員很友善且熱心，廁所和衛浴設施都打掃得很乾淨。AB區距離浴廁有點遠，如果營區人數較多，衛浴設施可能會不夠，且冷熱水控制有點困難。雖然提供水桶，但確實遇到許多蒼蠅。,3,1,0,2225,,2020/05/07,0,中立
碰巧碰到營區的住客素質有些差，學生一直開趴到半夜，老人又五點就起來聊天去廁所，衛生環境也維持得不太好... 熱水也時不時失去穩定。或許在這個營區就要看看運氣了。,3,1,0,2229,,2020/05/07,0,中立
"營地不算大, 但海拔高, 晚上氣候好的時候可以看到星星; 天氣炎熱時不建議在中午時分上山露營, 因為沒有遮蔽物擋陽光; 有提供飲用水和電力。",3,1,0,2236,,2019/05/07,0,中立
G區夜景相當美麗，不過衛浴設施還有改善的空間，環境衛生要多加注意！,3,1,0,2244,,2019/05/07,0,中立
這個地方真的不太方便。生日那天特地去了一趟，從台七甲上去後要轉段路，路上完全沒有路燈，至少還得再開20分鐘。如果晚上要趕去的話要小心，營區裡的蟲超級多，而且連飲水機都沒有。入住的朋友要特別留意這些。露營樂網站上的照片應該是很多年前的，而且一帳篷要1000元，其實有很多更好的選擇。,3,1,0,2278,,2022/12/08,0,中立
G區的營位白天和晚上的景色真的很迷人，給人不同的感受！草皮已經長得很高了，環境看起來好像很久沒有整理！不時會看到虎頭蜂在四處飛舞！營位裡頭有衛浴設備，還有冰箱和冷凍櫃，非常方便。洗澡間和廁所是分開的，但衛浴清潔程度稍欠佳。這裡的風景是營地最吸引人的地方，特別是選擇Ｇ區可以看到夜景和龜山島！,3,1,0,2281,,2022/08/01,0,中立
雖然下雨了，但地面並不泥濘。孩子們依然玩得非常開心。,3,1,0,2285,,2022/04/08,0,中立
這裡一般般。環境有點零亂，設備也不太好。,3,1,0,2288,,2021/11/22,0,中立
第二次去了G區露營地，帳篷位置很擁擠，營地空間規劃不佳。G區車輛停放亂七八糟，公共區域有限，甚至有人把車停在別人帳篷前面。收費18帳只有2間浴室、4間廁所，洗澡水時冷時熱。雖然提供了兩台冰箱，卻冷不涼，食材都爛掉了。洗菜洗手台都在廁所區，非常不方便。晚上整晚不斷斷電5、6次，甚至清晨5:30也斷電！夏天沒電風扇可以用，只好早早起床結賬。不過，優點是這裡的風景真的很美，晚上睡覺很涼爽！總之，千萬別選擇G區露營！,3,1,0,2303,,2020/06/29,0,中立
需要補充草皮保護墊、修復營區內的階梯、處理衛浴空間的蚊蟲问题。,3,1,0,2311,,2020/02/22,0,中立
連假期間即使一直下雨，營地仍然爆滿，設備似乎不足以應付所有人的需求。另外，發現原本的冰箱有點髒，希望能增加冰的冷藏功能。,3,1,0,2315,,2019/07/17,0,中立
"1. D和F區的營位距離車道太近，對小孩來說有危險。
2. 浴室熱水時冷時熱。
3. 不確定是冷藏還是冷凍庫？溫度不夠低。
4. 在此次露營中不巧遇到一對夫妻（喝醉）在吵架，半夜大聲爭吵吵醒了許多露營的夥伴，希望營區夜間能有管理員或營主在場，以便及時處理任何問題。",3,1,0,2368,,2018/04/09,0,中立
元旦下雨真的很讓人感到不舒服，上層區域的規劃不太完善，浴廁條件一般，和去年的體驗相比有很大的落差。,3,1,0,2377,,2018/02/12,0,中立
天氣不太好，無法享受美景，希望下次再來!沙坑區的遮雨棚有破洞，影響小孩的遊玩，建議儘快修復。營位的洗手檯沒有清潔，上面有很多污垢，有點令人作嘔。,3,1,0,2379,,2018/01/05,0,中立
營地的主人很友善，營地的服務很周到。,3,1,0,2452,,2016/12/30,0,中立
這裡的環境整潔，草坪保養得很好。,3,1,0,2528,,2021/05/07,0,中立
週五的露營活動不太建議，因為營主會很晚才到家，冰箱藏食物還要等他回來。很不幸的是，第二天我們的雞肉都爛了。但值得一提的是，廁所設備很乾淨，營主也經常清潔公共區域。,3,1,0,2542,,2021/05/07,0,中立
營地整潔，衛浴設施乾淨，風景還不錯。距離瀑布很近，大約需40分鐘路程。,3,1,0,2549,,2020/05/07,0,中立
這個地方蟲鳴鳥叫聲非常美好，雖然沒有特別的設施，但讓人更能親近大自然。瀑布就在附近，溪水清澈涼爽，還有一個平坦的小池讓小朋友安心戲水。整個營區都很棒，只是螞蟻比較多一些。,3,1,0,2550,,2020/05/07,0,中立
這個地方的自然環境非常豐富。在那裡有許多毛蟲，晚上可能會有各種昆蟲出現，如果怕昆蟲的話需要考慮清楚。雖然空氣很清新，但景色一般。營地管理人員很辛勤地收集垃圾和清潔廁所。,3,1,0,2582,,2022/12/08,0,中立
在C區選擇要看看露營友是否有公德心。當晚十點半入住時，有人在大聲聊天，還有人在彈吉他。在C區的浴室，晚上十一點仍然有人在使用吹風機時邊聊天，聲音比吹風機還要大。詢問老闆後得知晚上十點後原則上禁止大聲喧嘩，但以上情況仍然存在，老闆也沒有出來管理露營地。當露營時沒有向露友宣導需要的運氣......,3,1,0,2622,,2019/08/20,0,中立
環境好，營地主人很注重品質，可惜出入口的道路狀況不太好，底盤被刮了好幾條，游泳池的磁磚也需要改進，有小朋友被磁磚划傷，幸好營地主人提供了保險，算是盡了責。,3,1,0,2746,,2023/05/07,0,中立
這個地方缺乏便利設施，必須自備飲用水和沐浴用品。周圍景色普通，附近有農地，所以蒼蠅比較多。對上山的小路路況不佳，底盤較低的車輛不建議前往，並且會遇到交通不便。總括而言，個人並不推薦前往這個地方。,3,1,0,2787,,2021/05/07,0,中立
大家請注意，營區上午十點開門，不需要太早到，以免打擾到主辦單位，謝謝。,3,1,0,2793,,2021/05/07,0,中立
草地區和洗澡堂之間有點距離真的有點遠！,3,1,0,2797,,2021/05/07,0,中立
這個地方很新，你可以來這裡玩，空氣很清新。,3,1,0,2801,,2021/05/07,0,中立
基本設施還不錯，但從傍晚到隔天總是散發著雞屎肥的異味，並且一直很難消散，這點有點讓人困擾。另外，這裡的蜜蜂特別多，不斷地飛到你身邊，讓人感到很不舒服。這是我們在各種營地中從未遇到過的情況，讓人感到相當困擾。,3,1,0,2812,,2020/05/07,0,中立
營地的規定明確寫著禁止卡拉OK，然而，現在卻同時有兩組卡拉OK在營地裡放聲歌唱。我原本以為來到山上露營可以享受清新的空氣和美麗的自然景色，但卻不希望遇到吵雜的噪音。因此給予一顆星的評價。不過，其他部分如廁所整潔、營地乾淨等，真是一個好地方！,3,1,0,2834,,2019/05/07,0,中立
這個地方的發展相當不錯，只是周圍都變得開發了！景色還是挺開闊的！,3,1,0,2842,,2018/05/07,0,中立
營主非常熱情，他們提供了地下噴水池，小朋友們非常開心。,3,1,0,2855,,2023/02/16,0,中立
路況：白蘭部落的路比較好開，但進入營區內的路較陡，要小心注意。冰箱：只有冷藏區，沒有冷凍區，而且冰箱只在營本部，需要走一段蠻長的路才能取東西。浴廁區：四區、六區的浴室和廁所沒有乾濕分離，水泥地板因潮濕長時間有些微青苔。考慮到分區和人數，若同時使用可能會不夠。瓦斯熱水管控問題大，有時容易沒熱水，需換間使用。浴室隔間沒有紗網，容易有蟲。小便斗漏水，不太好用。營位：營位相當大，使用空間充足，土質適合釘樁。但地勢有點歪斜，影響桌子和床位的使用。供電：晚上突然跳電，其他區域也停電，營主後來修復才恢復供電。我们用電較少，不太受影響，其他區不清楚。,3,1,0,2964,,2024/01/07,0,中立
8區的營地有7個帳篷和2個天幕，空間很大並且還有空間可供使用，但是草地維護不夠理想，有些坑洞很明顯，受到雨水侵襲，導致泥濘嚴重。營地提供垃圾桶、回收設施，有充足的電源插座，洗碗台也很乾淨寬敞。至於進入8區的道路，要注意低底盤和轎車，轉彎時要小心大坑洞和石頭，角度要貼近左邊，否則有可能擦到底盤，希望可以改善這個問題。由於草地上有坑洞積水的情況較嚴重，營地缺乏護草墊，下雨天會帶來困擾。廁所則是與第7區共用，樓梯下去，看起來還算清潔，定期清理垃圾，熱水供應充足，但第二天可能會遇到無熱水的情況。風景包括雲海和螢火蟲。至於冰箱，位在入口處，對住在第8區上層的露友來說有些遙遠，建議在多個區域增設冷藏和冷凍設備。對於晚上出行的露友，道路相對寬敞，但中間有一些大坑洞和水溝要小心，而且容易受到濃霧影響。,3,1,0,2986,,2022/05/07,0,中立
第一區營地風景相當美麗，但兩隻雞輪流啼叫整整24小時，實在太吵了。更讓人意外的是，10月份時二露六區的雞竟然消失了，變成了貓。接著，浴室的熱水器出現異常，洗澡時竟然會聞到瓦斯味，洗到一半水居然變冷。最後，提到產品牌牌三星。,3,1,0,3000,,2022/05/07,0,中立
個人可能會感到不太舒適，如果廁所跟浴室合在一起的情況。尤其是如果空間較為老舊、有許多昆蟲、且有異味。但除了這個問題之外，周圍環境的景色和草地都很美好。,3,1,0,3008,,2021/05/07,0,中立
露營時碰到吵鬧的人可能是運氣不好，但營地管理者也應該及時制止。有一群人在半夜兩點吵鬧不止，雖然營地管理者非常友善熱心，但整體露營體驗可能會受到影響。至於廁所浴室方面，還算可以接受。,3,1,0,3011,,2021/05/07,0,中立
櫻花盛開時美不勝收，但風一吹，景色更添魅力。不過，公共設施稍嫌不足，洗澡時可能會遇到溫度波動，且總電壓稍嫌不穩，兩台吹風機同時使用就容易跳電。,3,1,0,3014,,2021/05/07,0,中立
這個地方的空間較為狹小，我建議可以考慮天湖露營區。,3,1,0,3018,,2021/05/07,0,中立
營區的安排比較彈性，但廁所沒有天花板，晚上會有許多昆蟲飛來飛去，讓小朋友洗澡或上廁所有些許困擾。此外，冰箱在營地辦公室內，如果營主不在或是休息時間，冰箱就會被鎖起來，這對帶著食材來露營的朋友來說有些不方便。,3,1,0,3036,,2021/05/07,0,中立
這個時候在4區樹陰下很熱，山景還不錯，只是設施有點少（不是花季有點無聊），進去之後才碰到負責人收費。,3,1,0,3052,,2020/05/07,0,中立
2區的電力供應是全區30安培，但最近跳電了超過8次，讓人感到不太舒適，同時也提到廁所衛生需要加強。,3,1,0,3064,,2019/05/07,0,中立
這個地方的景色很美，只是設施有點陳舊。,3,1,0,3072,,2019/05/07,0,中立
2015年的時候和一群朋友去露營，選擇了一個靠近大自然的營區。當時浴室是共用熱水器，所以水溫取決於隔壁有沒有人在使用。當時晚上還一起包搗麻糬，現在回想起來覺得非常美好。,3,1,0,3077,,2019/05/07,0,中立
如果櫻花滿開的話，營區應該很美。帳前被樹遮擋，無法直接看到山景，有點可惜。廁所用起來還行，水溫稍微不太穩定。幸運的是這次遇到了好的露營夥伴，跟我的兒子一起玩得很開心，希望沒有給他們添麻煩。,3,1,0,3111,,2022/01/23,0,中立
第8區的帳篷位置離營區中心有點遠，到浴廁之間有一段稍為陡的樓梯要走，較不方便。浴廁沒有天花板，容易有很多蚊蟲進入。,3,1,0,3125,,2020/12/14,0,中立
這個營地設施設備有限，尤其是廁所的數量不夠，條件相對簡陋。,3,1,0,3141,,2019/09/20,0,中立
廁所沒有補充衛生紙蠻不方便的，建議要記得補充；草地上發現了乾掉的狗大便，這樣很不衛生；另外垃圾桶也沒有換上垃圾袋。垃圾桶上也沒有壓磚塊，這樣會吸引野狗和野貓來翻垃圾，整體狀況還需要改善。,3,1,0,3156,,2018/11/26,0,中立
如果没有像喪屍一樣的蒼蠅的話，營區就會得到滿分了～,3,1,0,3184,,2023/05/07,0,中立
這個營區雖然很乾淨，但是價格漲得太誇張了，我覺得應該不會再去了。,3,1,0,3189,,2022/05/07,0,中立
大家分享同一片草地，廁所設施漂亮，營地本部有提供冷飲販售。,3,1,0,3217,,2021/05/07,0,中立
這個露營區的草地非常舒適，營位就在兩棵美麗的雨松樹中間，帳篷搭在變色中的雨松下感覺格外特別。車與帳篷被分開設計，但若遇到滿營區的情況可能依然會感到有些擁擠。衛浴設備乾濕分離，淋浴非常舒適。路況比較順暢，進入營區的田間小路較為狹窄，周邊環境是果園和農場，上午時候偶爾會看到一些蒼蠅，下午則有農民戴口罩在噴灑霧狀液體，希望那不是農藥！,3,1,0,3237,,2020/05/07,0,中立
水龍頭的水是溫的，非常貼心，非常適合冬天露營。然而，包場的露營區營主並未提供完整的草地供使用，原因是中央的走道要用來讓營主開著高爾夫球車通過，以行銷產品。這也算是一種特殊的商業手法。,3,1,0,3238,,2020/05/07,0,中立
整體環境算是很好，但周圍都是果園，所以會有很多蒼蠅。,3,1,0,3243,,2020/05/07,0,中立
我認為這個地方很適合遠離城市的喧囂，可以在這裡住宿或露營。,3,1,0,3258,,2019/05/07,0,中立
草地很舒適，廁所保持乾淨並定期清潔，還有乾濕分離的浴室設施。但人數較多時可能稍微擁擠。,3,1,0,3263,,2019/05/07,0,中立
可以從環境維護的用心看出來，浴廁保持得很乾淨，但小朋友的活動空間稍嫌不足。,3,1,0,3279,,2018/05/07,0,中立
包棟民宿外面的露營區提供額外的電源插座。,3,1,0,3282,,2018/05/07,0,中立
優點是有寬廣的草地，缺點則是帳篷收納太多，讓小朋友沒有足夠的空間玩樂。,3,1,0,3289,,2018/05/07,0,中立
優點：衛浴設施一流，草地景觀宜人，設施更新缺點：有很多蒼蠅，營區規劃過於擁擠，小孩遊樂區域不夠大！,3,1,0,3301,,2018/05/07,0,中立
這次參加活動真是不計任何困難，主辦方的用心經營讓我們感受到了。還有免費的草莓可以採摘，雖然天公不作美，但這真的是一個難忘的回憶，在車上睡覺。,3,1,0,3305,,2017/05/07,0,中立
這個地方的空間很寬敞，分成許多區域，區域A是用來停放車輛後，需要集中在停車場停好。這裡有民宿，房間設計感較強，不過舒適度尚待考量。營地十分寬敞，小朋友可以盡情奔跑，主要是平地，沒有危險性，但缺少景觀，周邊只有果園，這點有些可惜。,3,1,0,3315,,2017/05/07,0,中立
草地確實不錯，但我想不出其他優點了！,3,1,0,3323,,2017/05/07,0,中立
環境看起來很幹凈漂亮，但竟然有跳蚤，我被咬得很慘，結帳時開始癢起來，真是苦不堪言～,3,1,0,3327,,2022-04-28T17:04:37+08:00,0,中立
各區的地形都稍嫌狹窄，各個帳篷都有些擁擠，最後十多分鐘的路程有許多陡坡和髮夾彎，考驗車輛引擎、輪胎性能和駕駛技術，強烈建議不要在夜間前進。,3,1,0,3396,,2022/05/07,0,中立
路波顛。快到時，這條路很崎嶇不好開。,3,1,0,3471,,2023/10/23,0,中立
那段路真的很難開，尤其是快到營區大概5分鐘左右的時候。,3,1,0,3472,,2023/10/23,0,中立
營地很吵，鄰居的狗叫、羊叫，還有凌晨4點的公雞叫聲。,3,1,0,3568,,2023/12/07,0,中立
營區裡飽含各種生物，小黑蚊和蒼蠅成群結隊；貓狗經常闖入翻找垃圾，使孩子們被跳蚤叮咬；周圍野狗晚上和清晨吵吵鬧鬧，還有隔壁鄰居的鵝叫聲很大！雖然營區沒有飲水機，但草地上碎石很多，不過衛浴設施卻很乾淨；雖然營主人待客親切，但行動起來稍嫌不便。,3,1,0,3592,,2022/05/07,0,中立
這個營地的設施很貼心，可以避免干擾。射箭區雖然小，但玩起來很有趣，因為不用擔心排隊。營區裡還有沙坑和戲水池。當天還有搗麻糬的活動，營地工作人員會依照各個帳篷的時間來提醒體驗。,3,1,0,3609,,2021/05/07,0,中立
"1. 浴廁很乾淨，裡面有浴缸和水瓢，但建議自備一個掛勾環，方便掛東西。
2. 提供了Wifi、草皮墊、吹風機、脫水機、冷凍與冷藏冰箱和廁紙。
3. 在上層營區下大雨時仍能正常排水。
4. 蚊蟲較多，特別是小黑蚊，同行的親友和小朋友被叮咬不少。
5. 營區常有小貓出沒。
6. 營位上的洗手台有遮陽傘，但只有不太明亮的太陽燈，照明效果不足。",3,1,0,3610,,2021/05/07,0,中立
越靠近入口的營地景色越美麗，最下方在寮望台上的風景也很迷人，是一個適合休憩的地方，有涼風和樹蔭。主辦方有串場搗麻糬和其他活動，小朋友們都很喜歡。雖然冰箱比較小，坡道有點陡，端午節時小黑蚊很多，結果小腿都被叮紅了。營地裡飼養的雞半夜兩三點就開始啼叫，直到天亮...還有水池可以讓小朋友玩水。,3,1,0,3617,,2020/05/07,0,中立
進入營區的道路比較狹窄，開車時要小心，不要完全依賴導航。傍晚的景色很美，也能參加活動，但夜晚有點潮濕，早上陽光強烈時要找遮蔭處。儘管離公路稍遠，但因位於山區，總能聽到車輛的聲音，尤其是跑車。總體而言，這個營區值得一試。,3,1,0,3620,,2020/05/07,0,中立
石門水庫湖面風景宜人，微風吹過感覺很舒適，喜歡露營的朋友可以來體驗看看，提醒大家，那裡蚊蟲比較多，記得做好防蚊措施。,3,1,0,3627,,2020/05/07,0,中立
這個地方的風景真的很漂亮！不過搗麻糬跟竹筒飯的DIY活動做得有點粗糙，射箭區也沒有整理好，感覺有點荒廢。另外，淋浴間只有三間，但水量很充足，熱水也足夠。,3,1,0,3630,,2020/05/07,0,中立
廁所雖然乾淨，但數量太少了！其他的則很普通。,3,1,0,3634,,2019/05/07,0,中立
環境清新，營區位置靠近河流。,3,1,0,3635,,2019/05/07,0,中立
浴室設備完善且有充足的插座，停車位也很方便！夏天的話，山上可能會有點熱，稍微曬一下。整個營區有點擁擠，但還蠻舒適的。停車方式很重要，可能會讓小朋友玩球或飛盤的地方變小一點點(但還是有空間)。整體環境很乾淨，浴室和廁所都很不錯。對於水池，建議家長陪同小朋友(水池很淺，沒有危險，需要小心不要滑倒)。營區主人很親切、健談。要說缺點的話，可能是路有點難找。,3,1,0,3651,,2019/05/07,0,中立
對於我們居住在台北市區的人來說，這個營區其實有點遙遠！營區是相當新的，地盤不算太大，分為四層「階梯式」設計。我們這次使用的是最底層（靠近衛浴區）的帳篷，原本可以搭建八個帳篷，但因為大家帶了大型甚至巨型帳篷，再加上客廳帳篷的關係，最後只搭了六個帳篷。此外，營區還有一個提供飲品的「營棧」。另外，這裡還有瞭望台、兒童戲水池和射箭區，對小朋友來說是個非常適合度過時間的營區喔！,3,1,0,3653,,2019/05/07,0,中立
這個露營區位於石門水庫附近，交通很方便，靠近羅馬公路，路況平順，但山路可能會讓暈車的人感到不適。停車位較小，夜間到達可能不太方便裝備，但營區提供推車。營區屬於梯田式佈局，小孩活動空間有限，有小水池和沙坑。帳篷之間距離較近，可欣賞美麗的石門水庫風景，附近有新溪口吊橋和角板山商圈。盥洗設施包含四間浴室、四間廁所和兩座小便斗，清潔狀況良好，但沒有提供衛生紙。老闆和員工都很友善，是一個值得再次造訪的露營區！,3,1,0,3656,,2018/05/07,0,中立
這個地方看起來很久沒有人照顧了，設施都已經年久失修。開車的路狀況也不太好。營地的所有者也不確定是誰。,3,1,0,3668,,2023/05/14,0,中立
這裡的衛生設備需要改善。如果對環境要求不高的話，這裡還可以吧，但傍晚會有一些小黑蚊。,3,1,0,3670,,2023/04/05,0,中立
去了營區，竟然不知不覺地已經是第二次了。,3,1,0,3687,,2021/03/20,0,中立
手機訊號只有一格(中華電信)有點不穩定，但在營區有WIFI可以使用。只是洗澡時熱水中途停了，需要等30分鐘才能再繼續。,3,1,0,3769,,2024/04/07,0,中立
沒有美景，衞浴設施有點陳舊。此外，有一隻兇狠的黑螞蟻在咬人，雨棚區1300感覺性價比不太高。,3,1,0,3798,,2023/05/07,0,中立
開車的過程中遇到了非常困難的環境，需要往上山然後直接掉頭下來，非常具有挑戰性。A區前的草地雖然不大，但是非常整潔，孩子們在這裡玩得很盡興。廁所很乾淨，洗手台的暖水讓人感到很舒適，特別是在冬天時。因為地理位置在山谷中，風很小，晚上有點冷但不會感到刺骨。有一條小溪流，不過在A區要走一段路才能到，但釣魚的感覺非常愉快。需要找營地管理員幫忙的是，當我準備在11點睡覺時，隔壁鄰居竟然到三點還在大聲喧嘩，讓我難以入睡。,3,1,0,3807,,2023/05/07,0,中立
退休老闆很用心經營，設備一步一步到位，每個露營平台都很寬敞。建議在有廁所的平台裝設帳篷更方便，廁所旁還有熱水洗手台，很貼心，特別適合冬天。營地位於山谷中，涼爽宜人，早晨日照較晚，可稍微睡個懶覺。記得防蚊叮咬！另外，使用谷歌導航可能會帶錯路，要留意營地主人的指引訊息！,3,1,0,3875,,2020/05/07,0,中立
營區活動範圍有限，進出道路狹窄。溪邊地帶緊鄰道路盡頭，晚上溪水聲音較大，建議不要將帳篷設在溪邊。每個區域的洗手台位置設計不夠理想。廁所和淋浴間空間足夠寬敞，但熱水供應可能不足。,3,1,0,3876,,2020/05/07,0,中立
洗澡的時候熱水不夠持久，每30分鐘才可再次使用熱水，這對我來說不太方便。,3,1,0,3905,,2022/09/19,0,中立
洗手間以及浴室的設施太少。C、D、E區共用的浴室實在太少了，而且即使將淋浴水調至最熱，也只是溫水而已。缺水不是我們露營者的問題，但卻常常遇到浴室被鎖的情況，這並不太合理。另外，營區跳電可能是因為申請的電力不夠大，只要有人開啟暖氣等高耗電設備，整個營區就跳電了。我們是否可以在公約中約定不要使用高耗電設備呢？此外，在D區應該增設三個水龍頭，其中兩個應該放在後方，另一個放在廁所前方。因為現在大家都擠著使用前方的洗手台，導致常常要等候，甚至要去其他區域使用。整個情況真的很不方便，連上完廁所只是想洗個手都需要使用自己攜帶的水瓶來洗。,3,1,0,3922,,2022/01/03,0,中立
覺得和露友們打招呼的感覺很好。,3,1,0,3940,,2021/03/20,0,中立
這個地方在下雨天會變得很糟糕，建議不要去。第一次去的時候草地很漂亮，但第二次去時草地已經消失了，再加上下雨，整個地方都變成爛泥，真的是不太好的經驗。,3,1,0,3952,,2020/10/13,0,中立
"1. 特1區的房間狀況良好，但客廳有些奇怪，2樓的房客可以通過客廳前往其他區域。
2. 特1區的廚房位置緊鄰洗手間，偶爾會有尿味。
3. 其他方面還算可以。",3,1,0,3989,,2023/05/08,0,中立
這個營區的老闆很健談、熱情，整體來說營區不算大，大多的營位都有五葉松可以遮蔭，算是一個小而美的營區。夏天造訪時會有小黑蚊，稍微扣分的部分包括戲水池清潔度有待加強，而主要問題在於管理方面，未能嚴格遵守夜間入營的規定。晚上11點還有人進場，12點還有露友在敲營釘充床墊，這讓兩晚上都遇到了行為不當、沒有素質的露友。雖然這不是營主的錯，但營區管理責任已造成不良觀感。,3,1,0,3997,,2023/05/08,0,中立
營區非常寬敞，旁邊還有湖可以欣賞。盥洗浴室不限時使用，營區內有多種露營模式可供選擇，例如有雨棚區、松樹下與竹林碎石區。不足之處是盥洗浴室較少，冰箱也較不夠用。,3,1,0,4019,,2022/05/08,0,中立
老闆客氣，但蚊子實在太多了，回來後都被叮咬，癢了好幾天。,3,1,0,4026,,2022/05/08,0,中立
在I區空地上有很多帳篷擠在一起，我認為可能有過度擁擠的情況。大家沒有帶家用電暖器，整晚跳電好幾次，營區管理員雖然快速處理，但半夜跳電時就要等到天亮。浴室有男女分開的兩間，還有男女各一間有坐式馬桶的廁所。吹風機只能在女生廁所使用，冰箱只有在浴室旁邊。此外，有一條河口步道可以通往石秀灣。,3,1,0,4027,,2021/05/08,0,中立
不建議選擇B區，因為可能會受到干擾，且浴廁的數量太少。每個區域都應該再減少一帳篷，也有些地方有小蚊子和跳電的問題，但五葉松林非常美麗。,3,1,0,4037,,2021/05/08,0,中立
現在是八月份，小黑蚊從早叮到晚，真的很煩人。每個人平均有20個以上的蚊蟲叮包，建議大家要隨身攜帶高效的防蚊液，不然就會像我們一樣，無論怎麼防備都擋不住這些蚊子。,3,1,0,4043,,2021/05/08,0,中立
希望能將雨棚區的位置擴大一些更好！,3,1,0,4071,,2019/05/08,0,中立
蚊子特別多，而且營地剛好在維修水管，卻沒注意到水管膠的排水問題。在洗澡時，突然聞到水管膠的惡臭，尤其帶著兩歲小孩更讓人擔心會不小心喝到含有水管膠的水。反映給營地主人後，只得到一句抱歉，卻未能認識到可能對他人造成危害。台灣在環境教育方面還有很大的進步空間，這種情況在國外肯定會被追究責任吧。,3,1,0,4081,,2019/05/08,0,中立
這裡風景和老闆都很好，只是有些小黑蚊。,3,1,0,4086,,2019/05/08,0,中立
廁所是移動式廁所，而且裡面有很多蚊子。,3,1,0,4099,,2018/05/08,0,中立
營地的設施非常齊全，提供免費的地面防水隔板，水槽水量充足，用電也很方便，廁所和浴室保持乾淨。草地寬廣，唯一缺點是附近有許多小黑蚊，叮咬相當痛苦。,3,1,0,4100,,2018/05/08,0,中立
蚊子實在太多了，夏天去的話要小心被叮咬，最好穿長褲。,3,1,0,4178,,2024/03/07,0,中立
這次露營經驗遇到了老闆娘，她態度很好。因為我們是在禮拜日才去，老闆娘讓我們可以自由選擇營位，所以我們給了多一顆星。遺憾的是：1. 蒼蠅超級多，不小心就會從帳篷縫隙飛進來，一出去整個都是蒼蠅；2. 螞蟻也超級多，感覺它們要把整個蟻巢搬進帳篷裡；整個帳篷裡面都是螞蟻；3. 還有飛的蟑螂和一堆其他的昆蟲在帳篷外邊晃蕩；4. 營區的設備可能缺乏照顧，有發霉和生鏽的地方，真的很可惜了；5. 營區的燈很少，夜間有點昏暗。但優點是，營區算是不錯的（如果不看發霉的部分），有湖岸和溪流，晚上可以聽著河水聲入睡，心情還算愉快。,3,1,0,4199,,2023/05/07,0,中立
原本認為離台北很近，看照片覺得不錯又有雨棚應該會很放鬆。剛好碰到下雨天，雨棚內積水，再者從帳篷走到廁所，到處都是水坑和泥巴，腳永遠是骯髒的，是露營過最痛苦的一次！另外，蚊蟲很多，但戶外就很難要求！建議設施要翻新一下，排水要做好一點。若改善一下，我認為這將會是個很棒的營地！,3,1,0,4217,,2021/05/07,0,中立
小黑蚊很多，洗澡時熱水溫度不穩，女廁的馬桶常常漏水。,3,1,0,4228,,2021/05/07,0,中立
最初是一個魚池，後來被改建為婚攝場地。,3,1,0,4234,,2021/05/07,0,中立
"優點：熱水穩定、廁所乾淨。
缺點：營地管理缺乏人情味，需要額外收費，晚上路燈不足，部分區域有危險坑洞。",3,1,0,4238,,2020/05/07,0,中立
這地方適合不同年齡層的人半日遊，但是交通不太方便。,3,1,0,4266,,2019/05/07,0,中立
只有距離市區近，其他方面還算可以。,3,1,0,4268,,2019/05/07,0,中立
這次來露營是因為看到網路上的照片很漂亮，所以特地來拜訪，但到了現場感到有些失望，許多景點看起來年久失修、狀況不佳，可能與照片年代有關。我建議該營區更新一下網站的照片，讓遊客能夠更真實地了解設施和環境。,3,1,0,4269,,2019/05/07,0,中立
出去露營最重要的是什麼？心情。夥伴、現場空間、老闆熱情的帶路，晚上蟲鳴鳥叫，偶爾見到螢火蟲點綴，靜謐清幽的近城露營區體驗就足夠了。即使網路上流傳的景點可能顯示了一點時間的痕跡，仍有許多值得探索的地方。例如，湖上還有一架鋼琴可以彈奏喔！,3,1,0,4271,,2019/05/07,0,中立
台北近郊的露營地提供碎石地的營位，河岸雨棚區下雨時無需擔心。水槽能平均分配，兩個帳篷共用一組。靠近小溪邊可以玩水，但應注意將水槽的汙水處理後才排放到溪流中。,3,1,0,4277,,2018/05/07,0,中立
總結來看，這個地方的環境不錯，浴廁乾淨，但是缺少路燈，照明有點不足。此外，住的地點離主要建築有一定距離，也沒有飲水機，需要走到主要建築取水，比較不方便。,3,1,0,4282,,2018/05/07,0,中立
場地的規劃很好，只是沒有特別的景色。,3,1,0,4283,,2018/05/07,0,中立
這個露營地很適合全家大小一起來玩，因為這裡有山有水，適合大家互動。在這裡可以一起烤肉、玩水、爬山。,3,1,0,4285,,2018/05/07,0,中立
環境還算可以，衛浴設備應有盡有，只是在平地露營有點熱…,3,1,0,4290,,2018/05/07,0,中立
營地周邊的裝飾都沒有被照顧和更新。,3,1,0,4302,,2017/05/07,0,中立
美的太不自然，1000元有點貴啊～,3,1,0,4304,,2017/05/07,0,中立
營地設施很完善，但有點失去原始的感覺。,3,1,0,4305,,2017/05/07,0,中立
風景很漂亮，但是不能抵消費的門票有點不值得！,3,1,0,4308,,2015/05/07,0,中立
環境設備稍微老舊，有點可惜。希望湖周邊的景觀能再加強，這樣就更完美了。可能因為臨近果園，所以有一點小黑蚊的問題。,3,1,0,4502,,2017/12/03,0,中立
很遺憾... 沒有露天活動的機會。在27號中午之前就開始下起大雨了，打電話詢問後得知活動沒有延期或退費的規定。原本以為下午雨會停，但事實是雨勢愈來愈大。在等了一段時間後，最終決定不參加露天活動，不想讓自己看起來很尷尬，也擔心小朋友被淋濕感冒或弄髒衣服。雖然花了1000塊，這次的經驗就當作是上了一堂課。未來若天氣不穩定的話，可能還是要考慮訂雨棚區以確保更安全。,3,1,0,4561,,2017/05/29,0,中立
可能是因為下雨天的緣故，這次的風景沒有如期所想，但回家後多了一點紅豆冰也算是意外驚喜啦！><,3,1,0,4562,,2017/05/28,0,中立
浴廁的條件不錯，但還有改進的空間。,3,1,0,4569,,2017/05/14,0,中立
帳帳連在一起讓人感到不舒服，浴室的數量太少。,3,1,0,4642,,2016/12/03,0,中立
這個營區的廁所和淋浴間設備很高級，淋浴間還採用了乾濕分離的設計，非常不錯！整個營區都建有雨棚，但附近景點較少。可能座落在山谷中，風勢向來自四面八方，讓人感到不太舒適！附近環境稍微凌亂，但有庫志溪可供垂釣。,3,1,0,4708,,2021/05/07,0,中立
營地長和他的夫人相處非常融洽！,3,1,0,4715,,2021/05/07,0,中立
臨溪的山嵐確實是個很棒的露營地點！,3,1,0,4741,,2019/05/07,0,中立
搭起了雨棚帳篷，在水泥地上，地面上有四個金屬插孔。溪水就在附近，可以玩水。營地空間不大，並沒有規劃客廳帳篷空間。,3,1,0,4754,,2019/05/07,0,中立
這個位置的水龍頭有些過於靠近別人的活動範圍，需要略作調整以確保通行順暢。,3,1,0,4846,,2018/09/25,0,中立
11/18號在竹雞區，總結一下就是這樣：草坪還可以，釘子釘得不錯。但是排水管壞了，洗手台的水直接流到草地上，沒處理。浴室算乾淨，但一個熱水器壞了沒修，洗冷水澡太難受了。廚餘桶擺錯地方，貓狗翻倒了。營位寬度五米，視野不好看，比起其他區來說差很多。簡單來說，竹雞區沒什麼好看的。,3,1,0,4868,,2023/12/08,0,中立
這個地方環境很美，但浴室的數量顯然不夠，另外山路又狹窄又陡峭，所以低底盤的車輛要特別小心駕駛。,3,1,0,4929,,2020/05/08,0,中立
有些路段可能有車輛故障，但風景很美。,3,1,0,4930,,2020/05/08,0,中立
營地的服務很好。廁所和浴室雖然乾淨，但數量有點少，集中在一起需要排隊等候。建議增加更多廁所和浴室，以免超出容量造成不便，另外，進入營地的道路太小很難通行，必須設法改善。,3,1,0,5152,,2017/10/23,0,中立
這個營地交通方便，提供很多親子設施和活動空間，整體感覺舒適，營主也很友善。但是洗澡時間有限，且白天無熱水。下裝備只能在狹窄的柏油路旁放置，可能會造成交通阻塞。腳踏車騎行空間有限，且撤營時間較為嚴格。海拔低，可看星星，但有光害，希望可以控制路燈。A區3帳到草墊區距離短，但有些辛苦。總體而言，這個營地還算不錯，但裝備放置仍有改進空間，期待營主做出改善。,3,1,0,5231,,2023/12/08,0,中立
這個地方的設施很完善，冰箱和冷凍庫都很足夠，還有足夠的空間讓孩子打棒球，籃球場也很適合運動。此外還有腳踏車、玩沙區、戲水區和飲水機。營地主人家非常勤勞，不僅打掃整潔，還會處理垃圾分類，定期巡視清潔環境，並指導駕駛以確保孩子的安全。廁所和浴室數量雖然少，但處理得相當周到，並設置有櫃子，展現了用心經營的態度。需要改善的硬體設施是女廁浴室的冷水流量太小，需要放水桶很長時間才夠用，且水溫不穩且易燙傷。另外，僅有5間淋浴間，面對來訪人數多時可能會有不便。總結來說，季節的選擇也很重要，風大的時候可能會遇到小黑蚊的問題，因為牠們容易被風吹走。,3,1,0,5253,,2023/05/08,0,中立
優點：這個地方海拔不高，開車很方便，而且兒童設施豐富，小朋友可以在草皮上盡情遊玩。缺點：有很多小黑蚊，即使已經噴防蚊液仍然被叮滿腳，從中午到傍晚都有，傍晚還會出現大隻的斑蚊，如果被叮到會很痛，讓人感到害怕。也許下次可以考慮在冬天來，可能會比較適合。,3,1,0,5259,,2022/05/08,0,中立
我覺得這個地方適合喜歡環境喧囂、大家一起聚在一起分享食物的人。營區很緊湊，鄰近的帳篷很靠近，晚上10點後要保持安靜。帳篷設置要按照指示，地面區塊沒有明確標示，插上營釘後可能需要調整位置。浴室和廁所無法應付週末許多人排隊的情況，熱水只提供晚上6點到半夜12點，需等候較久。插座電壓不穩定，夏天時可能會有跳電問題。夜間抵達建議10點前到達，因為門會在晚上10點後鎖閉。營區保持得很乾淨，看起來我和朋友可能不太適應這裡。來之前最好看清楚營地規定，以免不小心違規被責罵。,3,1,0,5283,,2021/05/08,0,中立
冬天的電力供應不穩定，需要改進以提供更好的露營體驗。,3,1,0,5284,,2021/05/08,0,中立
A區和CD區是不同的地方，A區的停車場在另一邊，CD區的車子可以停在帳篷前面，這樣比較容易看得到。不過兩個區域都共用廁所和浴室。如果帳篷住滿了，洗澡可能要等很久，而且洗澡時會感覺頭頂涼涼的。廁所很乾淨，有拉門，也會準備衛生紙。如果選擇CD區靠近後面的位置，要注意離廁所還有一段路要走。十二月去的話可能會有一點蒼蠅和螞蟻，尤其是螞蟻可能會侵襲到帳篷和車子。建議選擇靠前一點的位置避開這些問題。不過通常營區分配的位置不太會有帳篷挨著的情況。對小孩來說是個不錯的地方，有沙坑、籃球場、腳踏車和溜滑梯，適合放養小孩。營區還提供冰箱和飲水機。建議食物和飲品最好準備好再開車前往，因為下山十幾分鐘到二十分鐘才有711。,3,1,0,5288,,2021/05/08,0,中立
孩子們在玩水後無法方便地洗澡，因為沒有24小時熱水供應。,3,1,0,5331,,2023/12/28,0,中立
老闆可以不要那麼逼人嗎？這種感覺很令人不自在。,3,1,0,5341,,2022/05/16,0,中立
鄰居清晨六點割草的噪音無法被控制，可以和老闆溝通請求改善鄰里關係，問鄰居是否可以避免清晨使用機器割草，避免造成早上六點被吵醒。即使無法完全預防噪音，至少應該事先了解鄰居的農務工作時間，提前告知露營者何時會有割草，讓他們可以考慮是否要忍受早晨的噪音。反映給老闆後，老闆未能給予有效建議。,3,1,0,5353,,2020/11/30,0,中立
因為連續下雨的天氣，當天出發時我已經預先聯繫了露營地的主人，可能勸阻露營。但直到晚上七點半才回覆說不用前往，而我們已經出發了。那裡的小黑蚊非常多，讓我對人生產生了疑惑。草地上的積水非常嚴重，雖然有提供護草墊，但還是泥濘不堪！整體設施中，只有浴室算是相對不錯，如果排水速度能再改善一些，將更為理想！,3,1,0,5376,,2019/06/10,0,中立
草叢需要修剪一下才比較好。在A區分的三層朋友如果同時到達，搭帳收帳會變成災難，因為營位狹小，客廳帳搭好後幾乎沒有活動空間。由於車子無法進出，即使事先整理好也無法離開，停車位離營位有一段距離，沒有推車可以使用，完全得依賴人力接駁，這容易造成家庭間的爭執。在春夏季節，加上旁邊有果園，蚊蟲非常多。浴室和廁所還算是乾淨整潔。只有垃圾桶的入口處有設置（但還好），當帳篷數量增加時容易爆滿。下大雨時，草地排水有問題，會積水。,3,1,0,5426,,2024/05/05,0,中立
11月18日到19日，露營地點環境不錯，但早上洗澡時突然變成冷水，讓我差點感冒。我打了三、四通電話，卻都無人接聽。,3,1,0,5434,,2023/12/08,0,中立
整體來說還不錯，但問題在於棧板。,3,1,0,5435,,2023/11/08,0,中立
廁所設計還不錯，但只有營本部有冰箱，對於C區的我們來說不是很便利。B區的草皮很適合孩子們玩水，而且還有衛浴設施，但可惜沒有冰箱。A區的營位形狀比較長而窄，如果使用大型帳篷可能會有點擁擠，且草地不太平整，有些地方甚至有坑洞，所以在設立帳篷時需格外注意選擇地點。營位的洗手台數量有點不足，根據預訂網站顯示每3個帳篷共用一個洗手台。營區的管理人員安排我們四個帳篷在同一區，這個季節附近有很多螢火蟲，但也有不少小黑蚊、螞蟻和蜘蛛（體型都相當大），白天可能還會有一些蒼蠅，最讓人害怕的是還有很大的蟑螂，生態環境十分豐富。,3,1,0,5440,,2023/05/08,0,中立
從香港回來的那位年輕先生非常友善和熱情，但是每個房間之間的隔音效果很差。晚上過了十點後，其他房間的房客會變得很吵，雖然被勸導多次仍不安靜，業者也沒有有效的處理方式。有些人在玩桌遊時大聲喧嘩，喝酒的人也放著音樂、大聲談話。直到快要十二點時，才慢慢安靜下來，讓我才得以入睡。,3,1,0,5450,,2023/05/08,0,中立
這個地方整體來說還不錯，環境優美、廁所乾淨、設備齊全方便使用，營主也很熱情。但遇到了一些麻煩，營主的朋友過於熱情，一直打擾我們，要我們喝酒聊天，甚至還要找我們其中一位妹妹。我們委婉拒絕但對方死纏爛打，之後還直接杵在我們的營位不走。事後回想覺得這已經侵犯到我們的私人空間，我們來這裡是放鬆的，不想花時間應付這些突然冒出來的應酬。雖然地方不錯，但這次經驗讓我們對於再次造訪有所疑慮。,3,1,0,5468,,2022/05/08,0,中立
抵達時已經兩點左右，營地管理員才開始為我們搭建租借的帳篷，直到傍晚才完成。最糟糕的是到了半夜，氣墊床漸漸漏氣了，不只一個人遇到這個問題。第一天廁所的氣味相當刺鼻，小朋友一直抱怨很臭，但隔天清潔過後狀況就好了很多。建議在廁所外面裝設洗手台和洗手乳，尤其是在疫情期間，這真的很重要！,3,1,0,5477,,2022/05/08,0,中立
人多的時候會很擁擠，建議分區排隊；廁所外觀不賴，但清潔有待提升；附近的長興國小是個不錯的遊玩地點。,3,1,0,5500,,2021/05/08,0,中立
廁所很乾淨，只是小黑蚊有點多。,3,1,0,5519,,2020/05/08,0,中立
一些營位地不夠平坦，各帳篷之間的距離也太接近，需要慎重考慮，和照片上看到的不太一樣。,3,1,0,5524,,2019/05/08,0,中立
這個地方環境雖然不錯，但帳篷數量太多，有些擁擠，廁所設施少了一點，而且D區附近有廢水散發惡臭。早上被狗叫醒，起床後發現帳篷旁有狗的排泄物，心情都變差了。,3,1,0,5527,,2019/05/08,0,中立
有小沙坑和小水池，挺好玩的。,3,1,0,5540,,2018/05/08,0,中立
營地的草皮保持得很好，但營地主人收取的費用有些過高，所以人比較擁擠。,3,1,0,5541,,2018/05/08,0,中立
廁所很乾淨，但現場才告知需支付額外搭帳費讓人感到不悅。其中的優點是廁所乾淨，服務態度良好；缺點是帳篷間距過近，地面不平整。最糟糕的是，在現場租用帳篷時才被告知需額外支付300元搭帳費，且無法自行選擇帳篷。當問及為何沒事先告知時，回覆是網站上無此資訊，造成極差的印象。,3,1,0,5562,,2023/02/13,0,中立
在營區人多的時候，應該加強垃圾處理。,3,1,0,5610,,2019/03/02,0,中立
營地很小，帳收太多導致噪音過多，晚上和白天都有犬吠聲，難以區分是營地的狗還是附近居民的狗在吠。晚上超過10點還有露營朋友大聲聊天、小孩尖叫的情況，營地負責人並未出面管理，吵雜聲音不斷，蚊蟲也特別多⋯⋯,3,1,0,5663,,2018/04/06,0,中立
除了兔子以外沒有特別的，老闆的熱心有目共睹，但是不太擅長閒聊，也沒有回訪的習慣。,3,1,0,5719,,2024/04/08,0,中立
在湖畔區的景色很美，感覺很舒適。坐在大樹前的這兩個位子更棒呢。,3,1,0,5786,,2019/05/08,0,中立
露營地的景觀很美，但營位空間有點狹窄，而且收費也較為昂貴，一晚要價1500元。,3,1,0,5791,,2019/05/08,0,中立
這個地方環境還算可以，共有三層樓，頂層只有一間衛浴，稍嫌不足；中層較小但有4間衛浴，需與頂層共用；如果人多時，希望廁所能夠經常清潔，會更好。,3,1,0,5793,,2019/05/08,0,中立
每個房間都配有床板，非常平坦舒適！早晨醒來就能欣賞美麗的風景！可惜營區有點小...不過這裡有商店可以買到飲料和生活用品！,3,1,0,5844,,2018/05/08,0,中立
設備無虞，風景不錯，只是收費稍微高一些。,3,1,0,5845,,2017/05/08,0,中立
乾淨的空氣，樸素的環境。,3,1,0,5955,,2021/05/08,0,中立
離開城市，到山上欣賞美景，暫時遠離世俗，放鬆心情再度出發！,3,1,0,5968,,2020/05/08,0,中立
要小心開車，因為前往營地的山路並不好走。不過營地風景很棒，有種坡度感。,3,1,0,6031,,2021/04/26,0,中立
這個地方的環境很舒適，雨棚設施也很完善。前面的空地相當寬敞，營地的寵物非常友善又可愛，但小黑蚊實在是太多了，近20名成人和小孩都無法倖免。或許要考慮在涼爽的天氣時來，這樣可能比較適合。,3,1,0,6072,,2023/08/08,0,中立
七月時租了五帳的櫻花區，只有一間廁所、兩個洗手台（其中一個洗手台有點老舊，使用起來不太方便），對於五帳的人來說有點不夠。小黑蚊很多，但營主會提供大隻的蚊香。櫻花區的冰箱需要跑到對面營本部使用，但那是營主私人的冰箱，裡面擺滿了各種食物罐頭等，有一股阿嬤家冰箱的味道。建議有需要的人還是使用自己的冷藏設備。碰巧碰到營主的朋友上山喝酒，除了冰箱擺滿兩箱啤酒外，還整天唱歌直到晚上十點，相當熱鬧。營區有親人的貓咪跟狗狗，牠們都很溫馴不怕小孩。步行四分鐘就可以享受到冰涼的溪水，營主太太也提醒可以把蚊香帶到溪邊。總結來說，這個營區有點小，設施建議可以再加強，但周遭的自然環境相當不錯。,3,1,0,6092,,2023/05/08,0,中立
小黑蚊加上無數的蒼蠅，再加上大雨讓整個營地淹水了，應該是因為碎石頭鋪設不足的關係，整個地面都變成爛泥巴，相當不舒適。洗澡和上廁所的空間也太小了，五個營位只有一間可以洗澡上廁所，而且電源供應一直拉得這麼長，相當危險。,3,1,0,6093,,2023/05/08,0,中立
營區的夫婦非常親切，對任何需求都能立即協助，這一點真的很好。而且離老街也很近，露營完還可以去老街逛逛尋找美食，蠻輕鬆舒適的。不過營區確實存在幾個問題：1. 浴廁是同一個空間，多個區域共用浴廁，所以上廁所需要等待。2. 營區有飼養貓咪，貓咪會不斷跑到營位上，甚至跳到餐桌上，還會去咬營帳，因為貓咪不怕人，所以難以趕走！甚至聽說深夜有人尖叫說貓咪在咬篷拉鍊。3. 半夜沒有路燈，所以到了凌晨兩三點時，仍有許多露友不斷活動、探險、聊天！建議一些路燈可以開啟，有些簡單的管制會更好。4. 洗手槽不足，跟浴廁問題相同，所以洗碗洗菜需要排隊，烹飪時間可能會受阻。,3,1,0,6105,,2022/05/08,0,中立
在雨棚區，場地較小且缺乏照明，淋浴水壓不穩，容易弄濕衣物。浴廁採用鐵皮搭建，洗澡時需忍受隔壁大便味道，相當令人作嘔。此處共有5個帳篷，卻只有2個洗手枱，且收費高達$1200元，非常昂貴。同樣價格的營區中，有許多景觀更美、設施更完善。,3,1,0,6114,,2021/05/08,0,中立
營地有點偏大、空間太分散了。,3,1,0,6133,,2019/05/08,0,中立
進到營區時，坡度相當陡峭，讓我對我家的小黑感到有些擔心。但隨後老闆娘非常親切地介紹環境，還告訴我晚上會有螢火蟲。果然到了晚上關燈後，眼前出現許多螢火蟲，可惜沒有拍照紀錄。營區採用梯田式布局，每區不算很大，設有獨立的廁所和浴室。然而，插座的數量並不多，我比較不滿意的是蒼蠅較多，風景一般般。唯一讓人滿意的是營區下方有一條清澈的小溪，讓小孩子可以在水裡玩耍，很安全。總的來說，並不是非常推薦這個營區！,3,1,0,6143,,2018/05/08,0,中立
廁所和浴室是同一間，所以...到了晚上洗澡時間，需要上廁所的人得等一下。,3,1,0,6146,,2018/05/08,0,中立
各區位置方便，帳篷租借時沒有附送鋁箔墊。,3,1,0,6148,,2018/05/08,0,中立
雅房可能不太適合計劃來露營的家庭，感覺有點失望。,3,1,0,6214,,2019/10/21,0,中立
這個地方環境還可以，有些狗會跟著人跑。草坪狀況還不錯，路程順暢，但主辦單位缺乏互動，重點就是有些狗會追人喔！,3,1,0,6217,,2019/09/17,0,中立
廁所需要改善！1.最好將廁所和浴室分開，否則會感覺很骯髒！2.在網路上看到的浴廁分配圖與實際情況有所出入，實際上廁所間的數量較少，10至11個帳篷共用兩間浴廁。真的快讓人發瘋了！3.營區的規劃有待加強，因為每次要到營地管理處拿東西幾乎都要穿過其他人家的營地（我訂的是五葉松區）。如果不經過其他營地從五葉松走，坡度太陡而且階梯設計不太好，小孩都在那裡跌倒受傷。4.碰到一些沒禮貌的露友，連續兩天都在唱卡拉OK！5.營區位置還不錯，離附近的景點都很近。,3,1,0,6230,,2019/01/07,0,中立
老闆很貼心，場地的維護很不錯，草坪也很美麗。老闆會主動提供蚊香並關心客人們，區域主要以小包廂為主，所以沒有太多風景。衛浴設施很普通，晚上會有狗來翻垃圾，整晚都有狗叫聲不斷。,3,1,0,6245,,2018/11/26,0,中立
小區環境清幽，是個放鬆的好地方。,3,1,0,6266,,2017/08/21,0,中立
我們這次使用的浴室有水壓問題，有時候水量會變化，水溫也不穩定，希望能夠改善。,3,1,0,6267,,2017/07/23,0,中立
這裡的服務非常親切，而且老闆娘們也都很友善。服務品質很優秀。,3,1,0,6284,,2017/03/12,0,中立
在制高點的路上看到雲霧飄移，可惜森林地區平坦，帳篷只能橫著架，沒有直接面對風景的機會，需要看著別人的帳篷。地面有些斜坡。夜景區風景很美，但是很擁擠，帳篷也只能橫著架，與鄰居帳篷相距很近，無法直接看到外面的景色。浴室燈光昏暗，熱水供應穩定。如果沒有擁擠的問題，可以考慮選擇夜景區；否則下次可能不會再來。老闆娘態度很好，這是一大加分。,3,1,0,6335,,2022/05/09,0,中立
這裡處於不錯地理位置，可以遠眺關西夜景。不過須留意東北季風的增強，所以風勢相對較大。此地沒有浴室，建議可以自備。,3,1,0,6340,,2022/05/09,0,中立
Google 地圖顯示可以通過竹62號道路，但是擋住了大門，而且也不確定是否通行。,3,1,0,6354,,2021/05/09,0,中立
高地盤的路雖然不好走，但適合開高底盤車，而且風景和夜景非常美麗。,3,1,0,6373,,2020/05/09,0,中立
這條路被封閉了，無法抵達竹62。,3,1,0,6633,,2021/05/09,0,中立
石子地的景觀不夠吸引人，場地也沒有提供草皮。老闆態度很親切，不過員工可能有點愛抱怨。,3,1,0,6634,,2021/05/09,0,中立
營區最大優點就是靠近溪流，環境清幽！每區都有豐富的娛樂設施！不過營位稍嫌狹小，帳篷擠在一起，讓人感到擁擠不舒適！建議每區減少一些帳篷才會更舒適。,3,1,0,6665,,2020/05/09,0,中立
老板很熱心，浴室很乾淨，空間很小。,3,1,0,6667,,2020/05/09,0,中立
四月以後是個很適合的時候，可以邀請朋友家人一起來欣賞螢火蟲，還可以露營。,3,1,0,6678,,2019/05/09,0,中立
普通。冬天使用電暖爐容易跳電，即使功率較低也會導致供電不足。在B1區只有一個插座，如果同時接2台380瓦的電器就會跳電。因此老闆建議使用煤油暖爐，若沒有的話在冬天來可能會不方便。,3,1,0,6696,,2022/12/22,0,中立
A2區的景觀空間不大，浴廁近乎無法容納碟型的天幕。早上醒來時，我們帳前竟然發現了其他狗的大便，真是驚險呢^_^,3,1,0,6702,,2022/09/12,0,中立
半夜狗狗叫聲真的有點吵，可以請你控制一下嗎？,3,1,0,6715,,2021/10/17,0,中立
邱先生和邱太太都很友善喔。,3,1,0,6744,,2019/03/05,0,中立
這次我們營位位在A2區的景觀，帳與帳之間的空間非常擁擠，完全沒有空間感...雖然事先知道營主有增加營位位置（與以往不同），但沒想到會變得這麼擁擠...一個帳位大約只有5*8天幕大小（不建議帶5*8天幕），人多時廁所變得又髒又臭，營主也沒有勤於打掃和清理垃圾...除了景色還算不錯之外，其他真的讓人相當失望。,3,1,0,6754,,2024/04/09,0,中立
這個地方景色真美，值得給予五顆星評價。這次在這裡過年的露營體驗還算不錯，我們選擇了五帳包區。但在最後一天收帳時遇到了一些問題，讓人感到不悅。首先是洗澡時沒有熱水，讓我冷得要罵人。穿好衣服出來等別的帳篷有熱水。其次，撤營時間明明是在中午12點之前，下一組入營時間是下午1點，可是在早上11點多時就讓其他客人進來在我們附近遊走觀看，毫無管理。營地主人和服務人員當時就站在出入口，根本沒在管控。這種隨意的管理讓人感到困惑。還有，其他露友們也沒有遵守露營規則！有一天可能會發生衝突，這是迟早的事情。中午12點離開時，下山的路上一直在塞車。營地主人沒有好好規劃和管理（入營時間的排定）。這已經是我第二次來騰雲了，但感覺不如第一次好。雖然第一次帳篷之間有點擁擠，不過這次選擇了包區，但碰到了其他令人不愉快的因素。,3,1,0,6767,,2024/03/09,0,中立
在那個露營地，風景很美，設施也很完善！看得出他們很用心在維護環境！我們預定了平日的三天兩夜行程！第一晚和我們同營位的露友都很彬彬有禮，讓我們一夜好眠！可是第二天營地主人告訴我們，晚上會有三組露友在凌晨一點到達露營地！凌晨一點啊！我詢問營地主人，你們不擔心這樣的夜衝活動會影響其他露營客嗎？當天我們決定不留下來，直接在下午結帳離開！我們對半夜有人搭帳、敲打營釘的情況不感到困擾！這裡算是個尋求驚喜的好地方！,3,1,0,6772,,2024/01/09,0,中立
第一次到這個營地，我發現路標指示還蠻清楚的，但是營地浴室的設備稍嫌不足，只有衣物掛架，卻沒有沐浴乳的放置架，洗澡時很不方便！而且，電壓也不穩定，昨晚跳電了兩次，真的很煩人！,3,1,0,6778,,2023/12/09,0,中立
營區的景色很美，但管理露營者沒有太好，深夜十點多才到，半夜一點還在大聲打釘，像夜市一樣吵。希望管理單位可以改進。,3,1,0,6784,,2023/11/09,0,中立
前一晚臨時訂的露營區，因為抵達晚，被安排的位置視野較差。營區分布在不同台地，主要設於有頂蓋的活動平台。整體而言，營區的松樹長得不夠茂盛，浴廁雖有分區，但數量和空間有待改善。感覺營地仍在擴建，某些區域看起來像在整地的工地。觀景點的視野優美，其他地區則一般般。營位密度有點過高，甚至有點擁擠的感覺。前往的路線經過九份二山紀念園區，反而是一個不錯的遊憩點。總的來說，這個營地可以勉強當作過夜地，但仍有很多地方需要改進。,3,1,0,6788,,2023/10/09,0,中立
"優點：1. 營區的道路很順暢，全都是柏油路。2. 特區的視野很棒，尤其特2面對著大景。3. 天氣好的時候，可以看到滿天星星。

缺點：1. 營位太小，只有落羽松區位置較大，其他則是相連的帳篷。2. 廁所和浴室太少且男女共用，在尖峰時刻需要排隊，而且廁所沒有定時清潔。3. 飲水機和冰箱也沒有整理。4. 晚上沒有管制的休息時間，有些露友在深夜2-3點還在聊天。5. 隨時可能吸到二手菸。總體來說，營區的管理者表現不錯，但可能對於不守規矩的露友無能為力。",3,1,0,6795,,2023/09/09,0,中立
"這個地方的優點是：1. 夏天來到時，風景優美，溫度宜人，只要避開中午直射太陽，找個通風的地方就挺舒適的。2. 浴室沒熱水時，回應快速處理及時，很讚。3. 草地管理得很好，排水良好且釘子容易插進土壤。

缺點則是：1. 飲水機、馬桶水箱等多處平臺明顯未經定期清潔。2. 露營區有大量的蟻蟻，尤其是停在樹附近的車子要注意，不久就會被滿佈蟻蟻。3. 與多數露營區一樣，對於露營區內抽菸或在深夜清晨吵雜的人們，沒有提出規範或禁止，請關注露營品質的人多加留意。",3,1,0,6796,,2023/09/09,0,中立
整體環境看起來還可以，但晚上的情況就比較糟了，過了晚上10點還在唱KTV、放大聲音，並大聲交談，大家都沒有互相尊重，儘管這些行為是個人行為，但缺乏管理真的讓人感到不舒服。,3,1,0,6810,,2023/05/09,0,中立
帳帳的距離太近冰箱整理不佳，並有異味。D區3帳包區的浴廁也有異味，空間較小且廁所與浴室未分開。清潔度有待加強。營主很親切且樂於協助。往上走有觀景平台，風景很美。,3,1,0,6811,,2023/05/09,0,中立
"優點：1. 夜景漂亮 2. 山景和夜晚星空優秀 3. 衛浴熱水穩定，清潔程度不錯 4. 如未滿訂房，可與營地負責人協商營位 5. 草地整潔程度還可以。

缺點：1. 最後一段路通往營區比較狹窄，不易通過車輛 2. 假日時營區冰箱可能擠滿，建議自備冰箱 3. 晚上10點後沒管理，直到凌晨2點才相對安靜 4. 凌晨有野狗會翻倒垃圾桶，早上地上散落垃圾 5. 營位跟營位之間距離較近，不適合搭設大型天幕或帳篷。",3,1,0,6841,,2023/05/09,0,中立
第一次露營時感覺就像在市集一樣，帳篷之間幾乎貼在一起，加上很擁擠。我認為營地應該只接待目前位置的60至70%，這樣才能保持品質。,3,1,0,6851,,2023/05/09,0,中立
我想說的是：這個營區雖然很推薦，但在7月3日到7月5日我們去露營時遇到了一些問題。因為C區需要整理，我們只能轉到特區，但是在那幾天的體驗真的很糟糕。希望營區能設定宵禁，避免太晚仍有露友在聊天喝酒唱歌，擾亂其他露客的睡眠。我們來露營是為了享受大自然的美好，但這些干擾影響了我們的休息品質。請尊重其他露客，營長希望能留意這個問題。感謝！,3,1,0,6852,,2023/05/09,0,中立
這句話可以換句話說就是：視野很好，水電供應充足，但卻比較鬆懈於清潔。,3,1,0,6871,,2022/05/09,0,中立
營區很寬廣，有專人負責清潔，空氣清新，風景優美。不過路較窄，開車時要注意安全，上山時駕駛要放慢腳步。,3,1,0,6899,,2022/05/09,0,中立
這個地方的景色很美，只是上山的路太窄，開車困難。,3,1,0,6921,,2021/05/09,0,中立
風景很漂亮，草地也很棒，只是帳篷都太靠近了，感覺有點擁擠。另外，衛浴設施也太少了，導致等待的時間比較久。,3,1,0,6955,,2021/05/09,0,中立
在露營區洗澡時，因為熱水器壞了，所以在營位只剩下一個可以用的熱水器，但控制不了溫度，曾經燙到我兩次。後來在第三間才解決了這個問題。另外，有人帶狗去露營，但帳篷區太擁擠，讓小朋友少了活動空間。不過風景很美，夜景更是令人讚嘆，生態豐富，螢火蟲更是很多。希望營主可以多加注意衛浴設施和活動空間的規劃。,3,1,0,6965,,2020/05/09,0,中立
這個地方的夜景真的很美，只可惜衛浴設施較少，當滿房時等候的時間會比較久，而且熱水溫度也不穩定，時冷時熱，甚至燙到了我老公的手。希望負責人可以重視這個問題。,3,1,0,6967,,2020/05/09,0,中立
洗澡時熱水供應有點難調，每間浴室都有專屬熱水器應該夠用，但水壓可能需要改善以確保熱水器運作穩定。,3,1,0,6974,,2020/05/09,0,中立
這個地方的設施很簡單，只有兩間浴室和兩間廁所。如果想要洗澡的話最好提早去，否則可能要等很久。,3,1,0,6980,,2020/05/09,0,中立
這個地方的風景不錯，但空氣污染很嚴重。露營區提供了很大的空間，也有保留一些公共空間。小朋友在那裡玩得很開心，但衛浴設備真的太少了。不過好在沒有小黑蚊，但傍晚時卻出現了一些大蚊子。,3,1,0,6989,,2020/05/09,0,中立
衛浴設施有限，每個浴室只有一台吹風機，營位分配由營地主辦，當天有濃霧看不到美景，但有提供飲水機。,3,1,0,6990,,2020/05/09,0,中立
營區的路線普通了些，但風景真的很美！只是營區的價格稍微有點高。,3,1,0,7011,,2019/05/09,0,中立
這個地方的風景宜人，空氣清新，唯一不足的地方就是廁所太少了。,3,1,0,7013,,2019/05/09,0,中立
景觀在台中的埔里、草屯和彰化地區都很優美，但遺憾的是這些地方缺少適合的遊戲場設施。,3,1,0,7026,,2019/05/09,0,中立
這個露營地的下方營位地勢不平且設施較不完善，不太適合搭帳露營。建議選擇位於上方的類似森林環境的營位，比較整潔舒適。,3,1,0,58,,2023/05/06,0,中立
這裡除了台灣大哥大收訊不好以外，其他方面還算不錯。,3,1,0,72,,2023/05/06,0,中立
覺得規劃不佳，容易斷電，衛浴清潔程度不夠，但空間很寬敞。,3,1,0,117,,2022/05/06,0,中立
這家老闆人很好，非常細心，位置交通便利，離市區也近。如果是要舉辦家庭聚會露營的話，這裡很適合，強烈推薦。但假日時人潮真的非常多，可能會有廁所供不應求的情況。如果是想要享受美景，這裡可能不完全符合期待，因為海拔較低，氣溫也會比較高。,3,1,0,134,,2022/05/06,0,中立
建議老闆應該儘快處理以下問題：熱水溫度不穩定，廁所清潔問題和跳電情況。這些問題若不解決，不僅夏天會讓人難受，冬天更會讓人手腳冰冷。希望老闆能優先處理這些重要的環境問題，確保員工和顧客能有舒適的環境。,3,1,0,138,,2022/05/06,0,中立
營位很寬敞，但衛浴廁所太少，洗澡時水量不穩定，溫度忽冷忽熱！,3,1,0,146,,2021/05/06,0,中立
場地還可以，只是沒有飲水機。,3,1,0,150,,2021/05/06,0,中立
路況良好，但衛生環境還有待改善。廁所很少有人打掃，並且垃圾回收桶滿了沒有清理。,3,1,0,169,,2021/05/06,0,中立
四個月前，朋友們安排好了露營計畫。昨天早上，十九個家庭分別從北區的基隆和南區的台南出發。約莫11:30，所有朋友都聚集在一起，總共有93人，包括小孩。午餐後，我們開始暢談、暢食、暢飲、暢歡、暢喊，一直持續到現在。根據目前的情況，這個中秋連假的後兩天，肯定會非常開心！我的心中充滿著期待！,3,1,0,175,,2021/05/06,0,中立
浴室廁所有點遠，但沒有飲水機，整體環境還算可以。,3,1,0,201,,2020/05/06,0,中立
這個地方很大，草地和樹木都維護得很好，而且前往營區的路徑很容易開車。,3,1,0,218,,2019/05/06,0,中立
簡單來說，營區有很多落葉，洗澡水壓不穩定。另外，寧靜區也有很多落葉，下雨後很潮濕，而且洗澡的水壓也不穩定。,3,1,0,243,,2022/03/01,0,中立
營主的待人很友善，但管理上似乎有些問題。晚上七點多不到八點，被要求保持安靜，感覺不太友善。果然，在晚上十點之前就提前離開，感到有些氣憤。,3,1,0,303,,2023/05/06,0,中立
露營地點環境整潔，光源不過多，且十分安靜，只有偶爾可以聽到昆蟲和動物的聲音，是個理想的露營地。,3,1,0,335,,2023/05/06,0,中立
若想避開車聲的干擾，建議在預訂時選擇靠近釣魚池的地方，這樣離馬路會比較遠。營區內的營本部與雨棚區相連，如果不希望睡在別人家門口，就避免訂購在雨棚區。營本部裡有兩台冰箱，在雨棚區露營時，夜間會聽到冰箱壓縮機運轉的聲音，非常吵。營區的路況良好，導航設備可順利帶領您到達目的地。五星級的衛浴設施非常寬敞，家庭四口一起洗澡也不會擁擠，並提供洗髮精和沐浴乳。釣魚池的開放時間需視老闆安排，並非隨時都可釣魚。,3,1,0,378,,2020/05/06,0,中立
"優點：露營地點寬敞，管理者用心維護，提供多樣親子設施，風景迷人。
缺點：野貓數量眾多，星期五晚上放在水糟退冰的牛肉被野貓全包咬走；星期六把全雞放在鍋子退冰再蓋上鍋蓋也無效，被三隻野貓弄開鍋蓋偷吃，導致雞受損無法食用而需丟棄。另外，早上7:00左右將有猴群在帳篷附近覓食，需注意食材防範。",3,1,0,470,,2024/01/06,0,中立
優點：該園區維持得很乾淨，園主對此非常認真。缺點：地面硬度高，難以固定營釘。各帳篷區域都有被砍伐的樹幹，高低不一，有些甚至不到三十公分高，沒有警示燈，夜間行走務必小心，隨時可能碰撞。此外，樹木周遭可能有蜜蜂和虎頭蜂，安全需格外留意。,3,1,0,473,,2023/11/06,0,中立
這個營地整理得相當完善，配備齊全，石地面特別堅固。設有許多遮陽大帳篷，是一個相當熱鬧的地方。,3,1,0,497,,2023/05/06,0,中立
這個營區非常大，有大約120個帳篷，步行到最底部大約是300公尺。總的感想是，路況大致來說是4.5顆星。最後一段上山的路不太好開，尤其要注意的是，Google導航會讓你提前左轉，但營地主有設立立牌指示還要再開150公尺再左轉，才是正確的上山道路。水電和冰箱設施的評價是4顆星，兩個帳篷共用一個洗碗台，晚上洗澡時容易遇到電壓不穩的問題，大概在洗澡高峰時段。4到5區共用一個營業用冰箱和一個冷凍櫃，需要自己先放置垃圾的話則只有1顆星，回收、廚餘和垃圾桶都只有在廁所外，需要走一段路才能丟，非常不方便。浴廁設施的評價是3.5顆星，4到5區共用4到5間廁所和浴室，高峰時段需排隊，地板排水會溢出來，但水壓穩定，24小時有熱水供應。營地整體評價是4顆星，停車方便，但下釘不太好，而且在群山環繞下，晚上洗澡時會有一陣一陣尿騷味，建議自備一些玩具以應對活動區排隊的情況。,3,1,0,510,,2023/05/06,0,中立
"1. 洗澡時記得調節好水溫，小心燙傷或受凍。
2. 碎石區的石子很銳利，小心跌倒造成多處傷口。在釘下營釘時也要小心地面硬且難敲。
3. 乾淨的廁所是一個很重要的特點。",3,1,0,522,,2022/05/06,0,中立
這個營區地方很寬敞，風景還不錯，而且還提供冰箱。但是地面有很多石子，很難釘營釘又容易鬆脫，需要使用30公分以上比較粗的營釘才能固定。晚上經常有強風，許多人的帳篷在半夜被吹倒，非常驚慌。這個營區得趁好天氣才行，而且不太適合新手，供你參考。都有看到在車上過夜的。,3,1,0,526,,2022/05/06,0,中立
營區的環境不賴，雖然沒有什麼特別厲害的風景，不過整體還算整潔不錯。唯一比較不太好的是洗澡時水溫時高時低，有點洗不舒服，其他方面表現還可以。,3,1,0,527,,2022/05/06,0,中立
營地風很強，碎石和草皮不易釘下帳篷！廁所不夠用，如果能設立分區衛浴就更好了。不過小孩們很開心地玩著遊戲設施！,3,1,0,545,,2022/05/06,0,中立
營區的環境很幽靜，但缺點是有很多露營的遊客和孩子，所以有點吵。他們似乎沒有意識到時間，晚上11點還在大聲喧嘩，營區管理者也沒有在管制。,3,1,0,547,,2022/05/06,0,中立
這裡的環境看起來還可以，只是碎石比草皮多，走起路來像在健康步道上。衛浴廁所的數量很多，但有點遠。不過每小時都有人來清潔垃圾和整理廁所環境，打掃得算是乾淨的。,3,1,0,550,,2022/05/06,0,中立
這個營地的路幾乎都是兩線道可以讓車通過，所以行車很順暢。營地地面有很多尖銳的碎石，建議攜帶不銹鋼釘子或多帶一些釘子。這裡的風景非常優美，是個讓心情放鬆的好地方！遊戲區位於最底部，需要走一小段下坡路。當天露營時至少有5次以上的跳電情況，原因不明，建議攜帶一些非電力的照明用品。廁所的熱水不太穩定，有時會冷有時會熱。營地沒有提供飲水機，記得攜帶足夠的水。,3,1,0,560,,2021/05/06,0,中立
營區空間寬敞，非常適合讓小孩盡情玩耍，營地主人也很細心，提供戲水區和遮陽傘讓家長可以避免曬傷，但還有一些地方需要改進！例如：1. 垃圾桶位置設置需更靠近。2. 廁所內外的照明要加強，以免夜間造成危險。3. 熱水器時冷時熱不穩定。4. 營區的營釘不好下，地面有太多碎石容易踩到。,3,1,0,573,,2021/05/06,0,中立
這裡好多蚊子，地面很堅硬，還有積水。,3,1,0,575,,2021/05/06,0,中立
"1. 石頭地雖然不易鑽孔，不適合釘釘子  
2. 帳篷租借沒有提供搭建服務或教學，幸好有朋友協助  
3. 抵達後沒看到營地負責人，不確定其去向，缺乏熱情服務  
4. 需自行處理帳務，費用卻較外面租借還貴  
5. 充氣墊未提供充電設備，須靠朋友協助踩氣，易造成困擾  
6. 沐浴熱水溫度難以調節，有如熱到煮熟人般危險，使人退卻不敢淋浴  
7. 兒童娛樂設施稀少且位置遙遠，無法輕易找到風趣的活動，有別於預期環境  
總體而言，營地環境安靜且鄰近老街，但希望能改善提供之服務，否則可能只前往一次。",3,1,0,583,,2020/05/06,0,中立
路上堵車了。導航路經內灣老街，週末時很塞車。營地地面很硬，有許多石頭，普通的營釘難以釘入。衛浴條件還可以。,3,1,0,592,,2020/05/06,0,中立
這塊碎石地真的很硬，釘子插得很難，再加上強烈的東北季風，把帳篷吹壞了，所以有一半的露營朋友在深夜撤營。經歷真是太辛苦了。,3,1,0,613,,2019/05/06,0,中立
這個地方很寧靜，只需要多一點宣傳和投資。,3,1,0,625,,2019/05/06,0,中立
露營地的環境非常好；但是碎石地不容易釘營釘。,3,1,0,634,,2019/05/06,0,中立
希望廁所的設備可以更加完善。,3,1,0,636,,2019/05/06,0,中立
周邊地區並無遊樂設施，都是果園。,3,1,0,638,,2019/05/06,0,中立
就是因為泥土和石頭太多，所以營釘不容易打入。,3,1,0,658,,2018/05/06,0,中立
碎石地太硬了，釘子打不太進去。廁所太少了，垃圾桶也太不夠。,3,1,0,687,,2020/11/28,0,中立
這個營區排水非常糟糕。雖然非常適合小孩子露營；下雨時積水不到5分鐘就淹到比營釘還要高。心中浮現的情節是下了半小時的大雨後，營主終於來“關心”了，但只是匆匆就離開了。在過去三年裡，我們雖然只露營了30次，遇到過許多豪雨風暴，但從未遇到過這麼糟糕排水的淹水營地。地面鋪滿碎石，草地又不平又起伏，再加上排水慢。雖然有許多蚊蟲和螞蟻，但沒有關係，這是大自然的一部分嘛。我認為在100%好天氣下這個營區可以是個充滿歡樂的兒童樂園。,3,1,0,700,,2020/05/18,0,中立
整體來說感覺還可以。營位很寬敞，5*8天幕搭設的空間還算充裕，但是打釘實在有點困難，風大的時候可能會有拔釘的風險。,3,1,0,722,,2019/03/14,0,中立
在晚上使用浴室會感覺通風，溫度太低。,3,1,0,820,,2017/05/02,0,中立
整體環境還不錯，視野很開闊，而且附近有全聯超市，算蠻方便的。唯獨山路較陡需小心開車，另外老闆的誠信問題讓整體感受打了點折扣。,3,1,0,859,,2023/05/07,0,中立
D區的女生宿舍只有一間蹲厠和一間淋浴間，有些覺得不夠用。當媽媽們要幫小朋友洗澡時，就要等很長時間。他們覺得最好可以再增加一間坐式廁所，或者裝設安全扶手，這樣年長者或不習慣蹲廁的人就會比較方便。而D區只有一個共用冷凍庫，希望也能增加一個冷藏庫，同時希望能有一個大雨棚，方便大家遮風避雨。,3,1,0,925,,2019/05/07,0,中立
環境衛生良好，地點視野開闊，空氣清新。,3,1,0,926,,2019/05/07,0,中立
味珍香離三星鄉大約開車需要10-15分鐘，附近還有一些景點，如松蘿和九寮溪步道。但在秋冬時節容易刮大風，可能會影響半夜睡眠的安寧感。,3,1,0,940,,2018/05/07,0,中立
天氣稍微涼爽一點時，露營應該是個不錯的選擇，這個營地距離市區近，夜景也很漂亮。,3,1,0,944,,2018/05/07,0,中立
在營地的碎石地面上釘營要小心一點。,3,1,0,982,,2021/12/14,0,中立
這次在C區，草地排水問題很嚴重，中央擺放了許多護草墊，導致小朋友們根本無法盡情奔跑，多次因此絆倒並受傷。而實際可以遊戲的空間只剩下靠近沙坑的一小塊。優點是有熱水水槽和獨立區域可供使用，但衛浴清潔狀況一般，待改進。,3,1,0,1042,,2024/02/07,0,中立
請記得從內灣那邊開上去...雖然車輛較多，但路程比較短。,3,1,0,1062,,2023/05/07,0,中立
這段句子的意思是做事比較保守，上坡小路上有雜草和樹枝需要修剪，總體給予3.5顆星的評價。,3,1,0,1080,,2023/05/07,0,中立
經過查詢，我很期待參觀，特地詢問老闆確認了飄飄河是否開放。結果發現只有A區開放飄飄河，其他區都還未開放，讓人感到失望。另外，水廁設有防蟲紗網，這點還算貼心。,3,1,0,1273,,2023/10/07,0,中立
下午突降大雨，場地變得泥濘，明顯地砂石鋪設不足，其他區域鋪滿石頭的地方則較無礙，相對地乾爽一些。其他設施還算不錯，有小孩的話可以在水池玩水嬉戲，水源似乎是從山上直接流出的。這季節水溝會有蝌蚪跑出來，晚上則有許多昆蟲和各種蛾類。,3,1,0,1287,,2023/06/07,0,中立
新營主經營熱情，衛浴和廁所保持乾淨並設有消毒措施，每區都有專屬的衛浴空間，並提供沐浴乳和洗髮露。但僅 A 區提供冰箱、飲水機和脫水機，全區共有 A 到 F 區，一台冰箱可能不夠，建議增加設備。在區內有許多 浪貓 浪狗，睡前需將食物收好，以免被貓貓偷吃。有一次晚上 11 點熱水器沒電，幸好店家值班提供電池更換，但熱水器水壓不穩，請改善。一次露營這麼糟糕經歷，C 區積水未退，糟翻了，營主承諾會改善狀況。,3,1,0,1347,,2023/05/07,0,中立
營主非常友善，只是營位區劃分不夠完善，先到先住。,3,1,0,1377,,2022/05/07,0,中立
整體來說還可以，營區評價可能不太高，我們訂的是C區，如果是4人的話可能會略擠。冬天去不會有蚊蟲，只看到一隻小蟑螂，衛浴設備不錯，但要自己維持乾淨，否則看不到營區清潔人員，旁邊就是大馬路，有時會有重機車隊經過很吵。可能也因為馬路旁有一隻大野狗闖入了我們的帳篷。,3,1,0,1382,,2022/05/07,0,中立
這個營地以前很用心經營，但現在已經荒廢了。也許因為大家都在補班補課，所以我們包下整座山。這個營區沒有大門，感覺有點沒安全感，有時會有過路客直接開車進來參觀或使用廁所。營地主人似乎只在收費時出現。浴室的水有幾間會忽冷忽熱。,3,1,0,1388,,2021/05/07,0,中立
洗澡時瓦斯不足，晚上冷冷的洗澡，但草莓很便宜。,3,1,0,1389,,2021/05/07,0,中立
A區旁邊有一條小溪，而營位旁有一個生態池，裡面長滿了蝌蚪、青苔和水草。戲水的水池水質不夠乾淨，很滑，小孩子們玩水需要注意。優點是浴室水量充足且溫度穩定，提供洗髮和沐浴用品，並有冰箱、飲水機和脫水機，可享受泡湯優惠。然而，缺點是廁所很髒，每天只固定打掃一次，需要遊客要求或提醒才會清潔；營區排水慢且未提供護草墊，但可提供帆布；營位空間不大，相鄰帳篷連接；水槽旁沒有垃圾桶，而且垃圾桶沒有蓋子，半夜可能會有流浪狗來翻垃圾。,3,1,0,1401,,2020/05/07,0,中立
建議前往漂漂河的時候，先確認是否有開放，而且注意整潔情況以及是否有工作人員進行維護。此外，1000元的收费有點貴，如果下雨的話排水狀況也不佳，還需要向隔壁借護草墊。,3,1,0,1410,,2020/05/07,0,中立
空間非常狹小，搭完帳幾乎沒有任何活動空間，但環境整潔度還不錯。,3,1,0,1412,,2020/05/07,0,中立
希望營地的蹲式廁所能更加清潔，當打開時看到一些不太雅觀的痕跡。,3,1,0,1413,,2020/05/07,0,中立
D區的面積很有限，我們四個營位的人勉強將車子停在營區內，否則就得將車停在路邊。營區位於路旁，因此需要特別留意小朋友是否在馬路上跑來跑去。如果要來的話，包區會比較適合。,3,1,0,1453,,2022/10/12,0,中立
C區的排水系統和水壓需要改進。新營主態度熱情，並且保持衛浴和廁所乾淨並消毒。在睡覺時要注意收好食物，以免貓貓跳上桌子找食物。建議營主改善C區的排水系統和衛浴水壓。,3,1,0,1457,,2022/06/27,0,中立
期待和實際情況有些差距。,3,1,0,1472,,2021/03/03,0,中立
C區的浴室和廁所很髒，有很多蟑螂。可能是因為營地的負責人沒在現場，這次去時被隔壁區的人吵得無法入睡！一群年輕人從晚上10點開始唱卡拉OK，一直唱到午夜12點！第二天向營地負責人投訴，但負責人似乎無法解決這個問題，讓人對這個營地的品質有所懷疑⋯⋯,3,1,0,1475,,2020/08/21,0,中立
整體而言，仍值得一試。即使在路邊，一般來說也不太吵。,3,1,0,1478,,2020/03/04,0,中立
營區在山谷中夏天有些悶熱，廁所很骯髒沒有什麼清潔，我不會再去第二次...,3,1,0,1479,,2019/12/23,0,中立
B區的露營地好處在於環境乾淨，且距離北埔市區很近，方便補給。即使不想自己做飯也沒問題，適合簡單的露營活動。不過有幾點需要注意，一是營區的照片可能沒有更新，原本A區旁的設施有些消失了，要自己帶遊具。二是有時候洗澡可能沒有熱水，特別是在晚上7至8點左右比較容易發生，且洗髮精等用品可能會有一些故障。最後，雖然標示要求晚上十點後要安靜，但第一晚隔壁區的人喝酒喧鬧到深夜，第二晚則有小孩比賽引起喧囂直到晚上11點半，營主似乎沒有出來勸阻。,3,1,0,1524,,2023/12/07,0,中立
建議不要在雨天前往，碎石地區變得泥濘，像是水鄉一樣；衛浴區沒有乾濕分離，但至少希望能有蓋起來的垃圾桶，以減少氣味及美觀影響，從衛浴到營地的排水也應該加強。在碎石區的陡坡上，不論大人還是小孩在雨天都摔了幾次，相當危險，請務必加以處理。,3,1,0,1526,,2023/11/07,0,中立
營地老闆非常友善，唯一缺少的是親子浴室。,3,1,0,1574,,2020/05/07,0,中立
這個營區雖然小巧，但停車空間有些不夠。有許多有趣的遊戲區讓小孩玩得不想離開，不過可惜蚊子太多了，每個人都被叮得很嚴重。最後只好提早離開，否則這個營區是個很方便的選擇。,3,1,0,1578,,2020/05/07,0,中立
在北埔市集附近，營區很小巧，而且靠近營區的道路條件良好，容易找到，不過要注意有很多小黑蚊。,3,1,0,1581,,2019/05/07,0,中立
車道和場地的安排還可以，適合中小型團體使用。設備也算是比較乾淨的。,3,1,0,1592,,2019/05/07,0,中立
在交叉路口處應該將路標設置得更清楚一些會更有益。,3,1,0,1711,,2018/03/20,0,中立
營區人潮眾多，隔壁區嘈雜不安，營區內路寬狹，車子底盤不慎受損。,3,1,0,1753,,2023/11/07,0,中立
規劃得太密集了，像是分租套房一般。如果帳擺得太滿，就沒有空間進行活動。浴廁的清潔狀況不錯，但數量相對來說有點不足。,3,1,0,1767,,2023/05/07,0,中立
營地還算可以，但是五帳篷需要共用兩處電箱和洗菜臺，不太夠用。另外，廁所和浴室還好，但屋頂是透光罩，夏天裡面很像烤箱一樣太熱了。廁所前只有一個小洗手臺，不太好用也不太夠。,3,1,0,1780,,2023/05/07,0,中立
這個營地各區的空間都不大，平常日只有一輛車時感覺不會太擁擠，唯一觀賞夕陽風景的方向常常被樹木擋住。最高層的營位靠近馬路，有點吵，但整體環境相當乾淨。唯一比較不滿意的是入住時雖然說好了露營車不打折，但隔天拔營前才告訴不能使用電力，需要另外付費！付了一樣的價錢，為什麼可以給露營用電，車泊就不行？看起來營地對車泊不太友善。如果喜歡車泊露營的朋友們需要入園住宿的話，可能要再三斟酌了。,3,1,0,1787,,2022/05/07,0,中立
我讓朋友載我來和家人去露營，雖然朋友是訪客，但不到一小時，一人還是要收100元。我沒有被收100元，因為我是一起露營的人。如果是一起露營的話，就不用收費了嗎？如果早知道的話，就直接說要一起露營就好了。不是說不能收費，只是覺得100元有點偏高。建議可以考慮按照時間收費，入場一小時內免費，超過一小時收50元，超過兩小時以上再收100元，每人最高收費限制在100元。而不是像司機載我們進去喝一杯茶也要收100元。,3,1,0,1796,,2022/05/07,0,中立
這個地方的環境相當好，如果步行上去到遼望台，大約30分鐘的路程就可以看到360°的風景。參觀營地需要支付每人100元的門票，而在最頂端靠路邊的營地地面是磚砌的，不太適合釘營釘。,3,1,0,1800,,2022/05/07,0,中立
浴室的熱水有時候會不太穩定，可能會感覺忽冷忽熱。,3,1,0,1830,,2020/05/07,0,中立
今天濃霧、濕氣很重，視野受影響，曬衣需花比較多時間。,3,1,0,1831,,2020/05/07,0,中立
第一次夜間露營時遇到了非常濃密的霧，頭燈照射出來的景物都看起來像水滴一樣，還有一些小黑蚊飛來飛去。營區很大，有很多斜坡，雖然有一台很大的冰箱，但卻放得很遠。營地主人會帶著露營者逛附近，但是卻要坐在貨車的車斗裡有點不太安全。建議提供地圖，讓露營者可以自行開車前往。,3,1,0,1834,,2020/05/07,0,中立
草地環境不錯，營地主人態度也很友善，但晚上蟲蟲太多讓人有點膽戰心驚，另外衛浴設備有些不足。,3,1,0,1858,,2019/05/07,0,中立
老闆很樂意提供清涼的夏日茶飲，也很認真地種植樹木並經營露營區。,3,1,0,1859,,2019/05/07,0,中立
雖然風景很美，但是可惜沒有提供沐浴用品和吹風機，便利性有所打折。,3,1,0,1861,,2019/05/07,0,中立
五月天的白天中午後很炎熱，晚上則涼爽宜人。濕氣增加導致草木長得茂盛。不過，昆蟲愈來愈多，浴室設施稍微不足，洗澡時需要排隊。建議在中午之前搭帳篷，第二天早點收營，避免炎熱。,3,1,0,1864,,2019/05/07,0,中立
露營場的管理人員似乎沒有處理露營者的需求。半夜仍有人在打麻將，大聲嬉鬧，甚至沒有熱水。孩子洗澡時也是冷水淋浴，即使反應給管理人員換瓦斯，仍無法解決問題。管理人員聽到有關孩子冷水淋浴的情況後也沒有做出反應。另外一間半途淋浴也沒熱水，等了十幾分鐘換瓦斯，造成孩子星期日晚上發燒。是否管理人員應該巡視瓦斯供應狀況並更即時通知露營者有瓦斯供應問題呢？露營者需要等到使用冷水後才通知情況，這看似並不合適。而且管理人員對於深夜打麻將和大聲喧嘩的情況也置之不理，感覺讓人很不滿。,3,1,0,1879,,2024/04/23,0,中立
這個地方很擁擠。G區的住所有兩個房間共用一個洗手台，旁邊的房間則沒有洗手台，所以總共是三個房間共用。這裡有一間廁所和一間浴室，雖然不太方便但還算乾淨。插座的位置太遠，我只好用了兩條延長線（10米＋15米）。空間有點狹窄，只有營區裡的辦公室才有冰箱。,3,1,0,1907,,2022/04/13,0,中立
營區有點擁擠，有些狗狗會來啃鞋子.....,3,1,0,1942,,2020/08/12,0,中立
這次預訂的是位於七號草地區的場地，該地形狹長且非常狹小，根本無法容納七個帳篷。我向營地負責人反映後，得到的回覆也是無法接受的。,3,1,0,1956,,2019/08/03,0,中立
有太多的蟲了，而且7號區的場地太小，很擁擠，小孩沒地方可以跑，不建議露天活動！,3,1,0,2024,,2018/06/20,0,中立
營地有點擁擠，洗手盆不夠，不太方便。廁所明顯不夠，其他方面都還可以，營地主人很友善。,3,1,0,2035,,2018/05/01,0,中立
營主在2017年12月30日至31日和2018年1月1日之間的包A區原先給了我們10個帳篷，但卻因不明原因多擠了三個帳篷。營主聲稱是因為他們的app訂位系統出了問題，但又不願確認對方app訂位的訊息。雖然營主很友善，不想得罪人，卻要我們自己承受損失。雖然只有一晚，但我們提前五個月預訂的行為算什麼？其實我們對此非常不滿，雖然最後我們也自娛自樂了三天（否則我們怎麼面對）。希望下次營主能夠有主見，不要再推說是誰的問題，應該果斷解決問題。,3,1,0,2060,,2018/01/08,0,中立
營位的實際大小和網站上描述的不同，進到營區後才發現營位實際空間很小，無法搭建方形天幕。營位大小應為440*550，但在網站上標示為5*5。純粹提供大家參考，無其他意涵。,3,1,0,2116,,2017/07/14,0,中立
浴室裡有很多蟲蟲，洗澡時很容易看到Dior標誌在身上。在這裡沒有水可以飲用，而且上山的路很難開，要花二十五分鐘才能到達 G1 區可以欣賞景色，但是夜景並不是宜蘭市的夜景。可能不會再來這裡了。一千塊可以去很多別的地方。,3,1,0,2175,,2023/05/07,0,中立
這次在宜蘭露營的經歷並不如預期，因為整個G區下了整個周末的雨，導致起霧，能見度降低。露營地的照明設施不足，整個G區變得非常昏暗。再加上排水問題造成水坑遍佈，搭帳篷變得特別困難。由於天氣不佳，也無法欣賞到美景。總結來說，看來我們不會再選擇宜蘭作為露營的目的地了。,3,1,0,2176,,2023/05/07,0,中立
營釘打不進去很煩惱，上山的小路沒有整修，開車很困難。,3,1,0,2187,,2022/05/07,0,中立
廁所的數量不足，排隊的情況造成不方便。,3,1,0,2222,,2020/05/07,0,中立
這個地方的風景很美，在尚未開放的G區可以看到龜山島和蘭陽平原的夜景。晚上關燈後，滿天星空，有機會看到銀河。滑草區讓小孩非常開心，中間的草皮很適合玩遊戲。玩沙有遮陽處，旁邊也可以玩水，但是水池邊緣相對較高，沒有提供方便的上下處，需要注意涼爽的天氣。管理員都非常友善和熱心，廁所衛浴打掃得很乾淨。AB區離浴廁比較遠，如果營區的帳篷數量過多，衛浴設施可能會不夠用，而且冷熱水難以控制。雖然提供了水桶，但這次遇到了很多蒼蠅，倒是沒有小黑蚊。,3,1,0,2225,,2020/05/07,0,中立
剛好碰上營區的住客素質不佳，學生趴到半夜還在開趴，老人又在五點起床聊天上廁所，衛生間的清潔也維護得不好….. 熱水也不太穩定…. 來這個營區可能要看運氣了。,3,1,0,2229,,2020/05/07,0,中立
營地空間較小，但海拔高，夜晚天氣清朗時能欣賞星空。炎熱時不建議中午上山露營，缺乏遮蔽物防曬。水電供應良好。,3,1,0,2236,,2019/05/07,0,中立
G區夜景很棒，但衛浴設備需要改善，環境衛生方面需要更加注意！,3,1,0,2244,,2019/05/07,0,中立
聽起來很不方便啊。在生日的時候去那裡過，從台七甲上去再轉段路完全沒有路燈，至少還要開20分鐘。晚上要去的人要特別注意，因為營區裡的蟲真的是非常多，而且還沒有飲水機。入住的朋友請多加留意。根據以上提到的情況，露營樂上的照片可能已經是幾年前的了。儘管每帳要價1000元，但還有許多更好的選擇。,3,1,0,2278,,2022/12/08,0,中立
Ｇ區的營位風景白天和晚上都很美，感受截然不同！草皮長到膝蓋，環境看起來很荒廢久沒整理！時不時有虎頭蜂在周圍飛來飛去！營位裡設有衛浴設施、冰箱和冷凍櫃，很方便，但洗澡間和廁所是分開的，衛浴清潔度較差！營地的風景是最值得一去的地方，選擇Ｇ區可以欣賞到夜景和龜山島！,3,1,0,2281,,2022/08/01,0,中立
雖然下雨了，但地面並不泥濘。孩子們仍然玩得非常開心。,3,1,0,2285,,2022/04/08,0,中立
一般般。環境亂亂的，設備也不太好。,3,1,0,2288,,2021/11/22,0,中立
第二次參觀了G區營地，發現帳位非常狹小，營地規劃混亂。G區的停車混亂，公共空間受限，甚至有車停在別人的帳蓬前。營地收了18個帳位卻只有2間衛浴和4間廁所，而且洗澡水時冷時熱。雖然提供了兩台冰箱，但卻不冷，導致食材變質，洗手台只能在廁所區，洗食材很不方便。晚上更是跳電5、6次，早上5:30還跳電！夏天沒有電風扇可以使用，所以只好起床離開。不過，唯一的優點是風景真的很好，晚上睡覺也很涼爽！總結來說，千萬不要訂G區的營位！,3,1,0,2303,,2020/06/29,0,中立
護草墊需要補充、營區內的階梯需要整頓、衛浴空間的蚊蟲需要清理。,3,1,0,2311,,2020/02/22,0,中立
連假期間即使下雨，也吸引了很多人前來露營，營地設備似乎無法應付大量入住的情況。另外，原本的冰箱看起來有點髒，希望能夠增加更多冷藏（冷凍）式分離冰箱。,3,1,0,2315,,2019/07/17,0,中立
"1. D和F區的營位離車道太近，對小孩來說有危險。
2. 浴室的熱水溫度會忽冷忽熱。
3. 冰箱溫度不夠低，不知道是冷藏還是冷凍設定？
4. 這次露營不巧遇到一對喝醉的夫妻在吵架，半夜的大聲爭吵吵醒了許多露友。希望營區夜間能有管理員或是營主在場，以便及時處理任何問題。",3,1,0,2368,,2018/04/09,0,中立
元旦那天下雨真的很讓人覺得不舒服。上層的規劃並不是很理想，浴廁的設備也很普通，和去年有很大的不同。,3,1,0,2377,,2018/02/12,0,中立
天氣不那麼好，無法享受美妙景致，期待下次再來!。高爾夫球場的遮雨棚已有破損，讓小朋友無法玩耍，建議盡快修復，營區的洗手檯沒有進行清潔，留下許多污垢，有些令人作嘔。,3,1,0,2379,,2018/01/05,0,中立
營地主人熱情有禮，這個營地相當不錯。,3,1,0,2452,,2016/12/30,0,中立
環境整潔，草地保持得很好,3,1,0,2528,,2021/05/07,0,中立
不推薦週五去露營，因為營主半夜才回家，讓我們無法使用冰箱保存食物，導致隔天的雞肉壞掉。然而值得稱讚的是，衛浴設備很乾淨，營主也很勤於維護公共區域的清潔。,3,1,0,2542,,2021/05/07,0,中立
營地整潔、衛浴乾淨，周圍風景還可以。離瀑布相當近，大約需40分鐘的路程。,3,1,0,2549,,2020/05/07,0,中立
這個地方的自然環境十分美麗，可以聽到蟲鳴和鳥叫，離瀑布很近，溪水也很清涼。營區整體環境很好，提供平坦小池供小孩玩水。唯一的缺點是螞蟻比較多。,3,1,0,2550,,2020/05/07,0,中立
這個地方的環境非常原始。毛蟲很多，夜晚可能會有各種昆蟲出現，如果怕昆蟲的話需要多考慮。空氣很新鮮，但景色不多。營地主人很辛苦地負責垃圾處理和浴廁清潔。,3,1,0,2582,,2022/12/08,0,中立
在C區，必須查看露營區其他人是否有公德心。當晚入住後，有人在晚上十點半大聲聊天，還有人在彈吉他；晚上11點C區浴室依然有人在使用吹風機並大聲交談，聲音比吹風機還要大聲。詢問老闆後，得知晚上十點後原則上應禁止大聲喧囂，但是在這種情況下老闆沒有出來管理露營區的這些人，也沒有向入住者宣導。只能碰運氣看是否能夠解決這些問題。,3,1,0,2622,,2019/08/20,0,中立
環境不錯，營地主人很用心維護品質，但可惜出入口的道路情況不是很理想，底盤被刮了好幾條，泳池的磁磚也需要改進，以免小朋友受傷，雖然營地主人提供了保險，算是盡了責。,3,1,0,2746,,2023/05/07,0,中立
這個地方沒有提供飲水機和沐浴用品，需要自行準備。周圍景色普通，附近有農地容易有許多蒼蠅。上山的路很狹窄且路況不良，底盤低的車輛不建議前往。另外，交通情況也相當困難。總括而言個人不推薦前往。,3,1,0,2787,,2021/05/07,0,中立
營區的開放時間是早上10點，請不要提早到，以免打擾到營主，造成不便，實在抱歉。,3,1,0,2793,,2021/05/07,0,中立
草地區到洗澡堂有點遠。,3,1,0,2797,,2021/05/07,0,中立
這個地方很新，你可以來玩，空氣品質很好。,3,1,0,2801,,2021/05/07,0,中立
基本設施沒問題，但從傍晚到隔天都會有一股雞屎肥的臭味，相當討厭而且總是環繞身邊無法散去。在其他帳篷營地遇到很多不同的昆蟲，但從沒有像這樣的蜜蜂總是緊緊跟蹤著你，令人感到相當困擾。,3,1,0,2812,,2020/05/07,0,中立
營區明確寫著[禁止唱卡拉OK]，但現在卻有兩組人同時在那唱卡拉OK，讓整個營區都是回音。我原本以為來到山上露營會享受藍天白雲、美麗的山景和新鮮空氣，卻沒想到會被吵雜的噪音打擾。減一星。其他方面，廁所維持得很乾淨，整個營區也非常整潔，真是個不錯的地方！,3,1,0,2834,,2019/05/07,0,中立
周邊開發了起來，視野還蠻廣的！,3,1,0,2842,,2018/05/07,0,中立
營主非常熱情，他們有地下噴水池，讓孩子們玩得很開心。,3,1,0,2855,,2023/02/16,0,中立
路線：白蘭部落的道路比較好行駛，但在營區內的路較陡峭，需特別小心。冰箱：只有冷藏區，沒有冷凍區，而且冰箱僅位於營地中心，取物需走一段距離。浴廁區：四區和六區的浴廁設施合併，沒有乾濕分離，水泥地板因長時間潮濕有些許青苔。考量多分區的情況，若大家同時在熱門時段使用，浴廁設施會明顯不足。浴室使用瓦斯，同伴沖澡時熱水到一半就沒了，得臨時換房間使用，幸好隔壁房間剛好沒人使用。熱水管控問題嚴重，容易著涼，且缺乏隔間紗網，內部常常有蟲。最後，唯一的小便斗有漏水問題，使用體驗不佳。營位：營位相當寬敞，使用空間足夠，地勢平整適合釘椎。不過部分區域地面略傾斜，會影響到桌椅或床位的穩定。電力供應：晚間電力突然中斷，其他區域也一同斷電，需等營地管理員修復後才重建供電。我們影響較小，但其他區域的使用者就不得而知。,3,1,0,2964,,2024/01/07,0,中立
營地8區有7個帳篷和2個天幕，地方很寬敞，還有大約兩個帳篷的空間。草地維護不是很好，有一些坑洞，而且因為下雨，地面很泥濘。營地提供垃圾桶和回收桶，有很多電源插座，洗碗台也很乾淨且寬敞。要特別注意低車底和轎車進入8區的彎道，有兩個大坑洞和一些石頭，進入時要特別小心。草地上有坑洞積水嚴重，且沒有護草墊。共用的廁所在7區，乾淨且定期清理。風景有美麗的雲海和螢火蟲。冰箱在營區入口處，對8區的露友來說有點遙遠，建議增設一個冰箱。晚上夜衝時要注意路上的坑洞和水溝，注意避霧。,3,1,0,2986,,2022/05/07,0,中立
第一區營地風景雖然很美，但兩隻雞不斷輪流叫吵了整整24小時，實在太嘈雜了。更令人意外的是，十月份時第二露六區的雞竟然不見了，變成了貓。接著浴室的熱水器出現異常，洗澡時竟然有瓦斯味，還變成了冷水。真是三星大作。,3,1,0,3000,,2022/05/07,0,中立
我比較不能接受廁所和浴室合在一起，特別是那種又老又舊、有很多蟲的、有異味的情況。除了這個，周圍風景和草地都很不錯。,3,1,0,3008,,2021/05/07,0,中立
在露營時碰上吵鬧的人確實有些不幸，不過營區管理者也應該在適當時候加以約束。曾經有些人吵到凌晨兩點，儘管營區管理者很友善，整體露營體驗卻受到一些影響。至於廁所和浴室的情況則還算可以接受。,3,1,0,3011,,2021/05/07,0,中立
櫻花盛開時景色十分迷人，微風拂過時更是美不勝收，但卻存在一些問題，例如廁所較為不足、多人淋浴時水溫不穩、供電壓力稍嫌不足，甚至兩台吹風機同時使用就容易跳電。,3,1,0,3014,,2021/05/07,0,中立
場地空間較狹小，建議考慮前往天湖露營區。,3,1,0,3018,,2021/05/07,0,中立
營位安排彈性還算大，但廁所沒有天花板，晚上會有昆蟲飛來飛去，小朋友可能會覺得有點害怕去洗澡或上廁所。此外，冰箱位於營區主樓內，如果營主不在或休息時會上鎖，帶食材去冰箱有些麻煩。,3,1,0,3036,,2021/05/07,0,中立
在這個時候，四季酒店陽光普照，氣溫很高，山景相當美麗，只是設施有點不足（不在花季可能有些乏味），要付費之後才見到營區主人。,3,1,0,3052,,2020/05/07,0,中立
2區的電路包含整個區域，總供電量為30安培，頻繁跳電已超過8次，對整體使用體驗帶來不便，同時也需要加強廁所衛生習慣。,3,1,0,3064,,2019/05/07,0,中立
風景很美，設施就稍微老舊了。,3,1,0,3072,,2019/05/07,0,中立
2015年的時候，我和一群朋友去露營，當時我們選擇了一個比較靠近大自然的營區。那時浴室是共用的，有一台熱水器供大家使用，水溫取決於隔壁是否有人在使用。晚上我們還做了搗麻糬，吃起來非常美味。,3,1,0,3077,,2019/05/07,0,中立
如果櫻花盛開的話，營區應該看起來很美。帳篷被樹木遮擋住，沒有直接看到山景，有點可惜。廁所還算能使用，但水溫不太穩定。幸好這次能遇到好的露營朋友，和我的兒子一起玩得很開心，希望沒有給他們添麻煩。,3,1,0,3111,,2022/01/23,0,中立
第8區的位置離營本部很遠，去浴室必須走一條有點陡的樓梯，有點不方便。浴室沒有天花板，容易有很多蚊蟲。,3,1,0,3125,,2020/12/14,0,中立
這個營地設施相對較簡陋，廁所的數量有限。,3,1,0,3141,,2019/09/20,0,中立
廁所沒有衛生紙，有點不方便。建議安裝衛生紙。草地上有乾燥的狗大便，不衛生。垃圾桶沒有裝垃圾袋，也未擱置壓磚塊。這樣會造成半夜有野狗野貓來翻垃圾，整體環境有待改善。,3,1,0,3156,,2018/11/26,0,中立
營區的數量是下降了，喪屍般的蒼蠅減少了。,3,1,0,3184,,2023/05/07,0,中立
這個營區環境整潔，但價格漲得太誇張了，可能不會再去了。,3,1,0,3189,,2022/05/07,0,中立
共用大草地，廁浴設施整潔，還有營區內提供冷飲販賣。,3,1,0,3217,,2021/05/07,0,中立
帳篷搭在葉子變色的落雨松下真的很有感覺，就算車帳分開，滿營位還是會感到擁擠。洗澡時有乾濕分離的衛浴設備，非常舒適。入營區的田間小路較窄，周圍是果園和農田。早上有些零星蒼蠅飛來，下午看到農民戴口罩在噴灑霧狀液體，希望不是在使用農藥！,3,1,0,3237,,2020/05/07,0,中立
水龍頭放出的水是溫的，非常貼心適合冬季露營。不過營區的管理者沒有提供完整的草地供露營，因為中央的走道需要被用來讓管理者騎高爾夫球車展示產品，這也算是一種特殊的商業行銷手法。,3,1,0,3238,,2020/05/07,0,中立
整體環境還算不錯，只是四周都是果園，所以有些許蒼蠅騷擾。,3,1,0,3243,,2020/05/07,0,中立
我覺得很好，適合遠離都市的喧囂，來這裡旅遊可以選擇住宿或露營。,3,1,0,3258,,2019/05/07,0,中立
有一片舒適的草地，並且廁所保持乾淨，有定時清潔，還有乾濕分離的衛浴設備。唯一小小缺點是客房收費項目比較多，有些地方略顯擁擠。,3,1,0,3263,,2019/05/07,0,中立
你觀察到了環境保護的重要性，但是也提出小朋友活動空間稍嫌不足。,3,1,0,3279,,2018/05/07,0,中立
包棟民宿外的露營區可以增設電源插座。,3,1,0,3282,,2018/05/07,0,中立
優點是有一個大草地，缺點則是帳篷太多收了，小朋友沒有足夠的空間可以玩樂。,3,1,0,3289,,2018/05/07,0,中立
這個地方的優勢有衛浴設施很好，草地景觀優美，設施更新。不過缺點則是有很多蒼蠅，營地規劃過於擁擠，小朋友玩樂的空間有限！,3,1,0,3301,,2018/05/07,0,中立
這次活動真的是非常用心經營，雖然受到風雨影響無法延後，但我們都能感受到主辦單位的用心。還能免費採草莓，可惜雨天讓我們吃飯很無奈。這將是一個難忘的回憶，我們甚至在車上就睡著了。,3,1,0,3305,,2017/05/07,0,中立
這個地方有廣闊的區域和設施，A區提供集中停車場給遊客放行李，同時也有民宿。設施看起來具有設計感，但舒適度仍有待考量。營地空間寬敞，適合小朋友奔跑，因為主要都是平地，沒有危險性。不過，這個地方缺乏景觀，旁邊只有果園，這一點有點可惜。,3,1,0,3315,,2017/05/07,0,中立
除了草地不錯之外，其他地方真難找到什麼優點！,3,1,0,3323,,2017/05/07,0,中立
環境看似整潔而美麗，卻發現有跳蚤存在，我被咬得相當嚴重，結帳時開始感到癢癢難忍，真的是太糟糕了～,3,1,0,3327,,2022-04-28T17:04:37+08:00,0,中立
各地區都有點擁擠，滿座都有些狹窄，接下來的十幾分鐘路程經過幾個非常陡的彎曲坡道，考驗引擎、輪胎性能和駕駛技術，不建議晚上開車上山。,3,1,0,3396,,2022/05/07,0,中立
路顛波。接近目的地時，路面很陡，不適合開車。,3,1,0,3471,,2023/10/23,0,中立
那條路相當具有挑戰性，當接近營區大約5分鐘左右時就會變得特別困難。,3,1,0,3472,,2023/10/23,0,中立
營地的噪音很多，不僅有鄰居的狗叫聲，還有羊叫聲，甚至凌晨4點還有公雞叫。,3,1,0,3568,,2023/12/07,0,中立
有不少小黑蚊和蒼蠅，還有貓狗常常進來翻垃圾桶，孩子被跳蚤叮咬，附近野狗很多，晚上和清晨會亂吠，隔壁鄰居的鵝叫聲也很吵！營區沒有飲水機，地面是碎石較多的草地，但衛浴設施很乾淨，營區主人人很好，只是有點不太方便。,3,1,0,3592,,2022/05/07,0,中立
一帳包區的位置比較安靜舒適，很不錯。射箭區雖然較小，但仍然很有趣，可能是因為沒有人搶著玩，不用排隊（那天滿滿的）。營區內還有沙坑和戲水池。當天也有搗麻糬的活動，營區主辦人會逐一通知體驗時間。,3,1,0,3609,,2021/05/07,0,中立
"1. 浴廁很清潔，裡面有浴盆和水瓢，不過建議自備掛勾方便掛東西。 
2. 提供Wifi、護墊、吹風機、脫水機、冷凍與冷藏冰箱和衛生紙。 
3. 上層營區下大雨排水還不錯。 
4. 蚊蟲較多，尤其是許多小黑蚊，同行親友和小朋友被叮咬不少。 
5. 營區常有小貓出現。 
6. 營位上的洗手台有遮陽傘，但只有不太亮的太陽燈，照明不足。",3,1,0,3610,,2021/05/07,0,中立
靠近入口的營地風景特別迷人，而在山寮望台下面的景色也很美麗，是一個適合乘涼的地方，有著涼爽的微風和樹蔭。營地主辦的敲麻糬和其他活動深受小朋友喜愛，但冰箱很小，坡道很陡。端午節時常會被小黑蚊叮得腳上滿是紅腫，而營地飼養的雞會在深夜兩三點就開始啼叫，直到天亮…另外也有水池可以讓小朋友玩水。,3,1,0,3617,,2020/05/07,0,中立
進入營區的道路比較狹窄，開車時需小心，切勿完全依賴導航系統。晚上的景色很美，也有許多活動可以參加；不過到了晚上會有點潮濕，早晨太陽升起時，可能需要找個有遮蔭的地方。雖然距離公路有一段距離，但因位於山區，常能聽到汽車的聲音，尤其是跑車。整體而言，這個營區是值得一試的。,3,1,0,3620,,2020/05/07,0,中立
可以欣賞到石門水庫湖面的美景，微風吹過感覺很舒適呢。喜歡露營的朋友可以考慮來嘗試看看，但要提醒您，那裡蚊蟲很多，請做好防蚊措施哦。,3,1,0,3627,,2020/05/07,0,中立
景色很漂亮！製作麻糬和竹筒飯的 DIY 活動稍嫌粗糙，射箭區看起來有些荒廢。淋浴間只有三間，但水量充足，熱水也很足夠。,3,1,0,3630,,2020/05/07,0,中立
廁所乾淨，只是太少間了！其他方面還算普通。,3,1,0,3634,,2019/05/07,0,中立
營區的位置很清新，就在河流旁邊。,3,1,0,3635,,2019/05/07,0,中立
這個地方提供充足的衛浴設備和電源插座，停車位也很多。但是夏天來可能會有點熱、曬，整個營區稍微擁擠但算舒適。停車方式很重要，可能會讓小朋友可丟球玩飛盤的空間變小一點。環境乾淨，衛浴設備和廁所都很好。水池很淺，建議小朋友爸媽能夠陪同。主人態度友善。唯一的缺點可能是路不太好找。,3,1,0,3651,,2019/05/07,0,中立
對於住在台北市區的我們來說，營區其實有點遙遠！這是一個相當新的營地，規模不大，共有四層，我們這次使用的是最底層（靠近衛浴區）。原本可以容納八個帳篷，但由於大家都使用大型或巨型帳篷，加上客廳帳篷，最後只搭建了六個帳篷。此外，在營區裡有一個商店「營棧」，可以購買飲料。還有瞭望台、兒童戲水池、射箭區，對小朋友來說，是個很適合消磨時間的地方喔！,3,1,0,3653,,2019/05/07,0,中立
這個露營區靠近石門水庫，位於羅馬公路旁邊，交通方便。山路較彎曲可能會讓暈車的乘客不太舒適，停車位有限，若晚到裝備可能不便。營區提供了推車，空間構造像梯田，小孩活動區不大，有小水池和沙坑。帳幕間距離較近風景優美，可以看到石門水庫、新溪口吊橋和角板山形象商圈的湖光山色。盥洗設備有四間浴室、四間廁所和兩座小便斗，尚未出現排隊情況，清潔還不錯但沒有提供衛生紙。老闆和工作人員都很友善，是值得再次造訪的露營區！,3,1,0,3656,,2018/05/07,0,中立
設施已經陳舊且無人維護，再也沒有人照顧游泳池、沙坑和射箭場。路況很糟糕，而且營地主人也無法確定是誰。,3,1,0,3668,,2023/05/14,0,中立
這裡的衛生設施需要改善。如果對環境要求不高的話還可以接受，但傍晚會有些小黑蚊。,3,1,0,3670,,2023/04/05,0,中立
不知不覺間已經到了第二次的營區。,3,1,0,3687,,2021/03/20,0,中立
手機訊號只有一格 (中華電信)，信號很不穩定。這個區域有WIFI，但沒有熱水。如果洗澡洗到一半沒熱水的話，要等30分鐘。,3,1,0,3769,,2024/04/07,0,中立
景色不吸引人且衛浴設施陳舊～同時還有兇猛的黑蚊子叮人，雨棚區1300感覺性價比不夠高,3,1,0,3798,,2023/05/07,0,中立
在開車時，路況非常艱難，需要進行極端的轉彎和下坡，讓開車變得困難。A區前面的草地不大卻很整潔，孩子們在那裡玩得很開心。乾淨的廁所裡，洗手台提供暖水，讓人感到舒適，在冬天裡效果很好。由於地理位置在山谷中，沒有風，晚上很冷卻風不大。有條小溪，不過我們在A區，所以要走一段路才能到，但釣魚的感覺很愉快。需要請營管幫忙的是，希望能關心我要於11點睡覺的需求，因為隔壁鄰居竟然到三點還在談話，讓人難以入眠。,3,1,0,3807,,2023/05/07,0,中立
這位退休老闆經營得很用心，每個活動空間都很寬敞，建議在設有廁所的平台安排帳篷，方便使用。此外，廁所附近有熱水洗手台，非常貼心，尤其適合冬天使用。營地位於山谷中，相對涼爽，清晨陽光照射比較晚，可以睡個懶覺，但要注意防蚊！谷歌導航有可能會導航錯誤，要留意營地主人提供的正確指引訊息！,3,1,0,3875,,2020/05/07,0,中立
營區的活動範圍有限，進出道路狹窄，而道路盡頭靠近溪邊，晚上溪流聲音會很大，建議不要搭帳篷在溪邊。每個區域的洗手台位置設計都不太理想。廁所和淋浴間的空間較大，但是熱水供應可能會不足。,3,1,0,3876,,2020/05/07,0,中立
洗澡時經常遇到熱水不足的問題，因為洗澡時需要等待約30分鐘才有持續的熱水，這點有些不方便。,3,1,0,3905,,2022/09/19,0,中立
洗手台和浴廁的數量太少了。C區、D區和E區共用的浴廁實在是太不夠了，而且就算把水調到最熱，也只有溫水，缺水不僅是我們露營者的問題。設置我們專用的浴廁門鎖並不太合理，或許營區跳電是因為我們的電力容量不足，一旦有人開啟高耗電設備，整個營區就斷電了。是否可以約定公約不使用高耗電產品？此外，D區只設置了三個水龍頭，兩個在後面，一個在廁所前面，我們常常需要搶著用，因為前面的洗手台有熱水，所以其他區的人也會來用，造成了我們的不便。當我們需要使用時，其他區也會前來使用，真的很不方便。甚至上完廁所要洗手都得用自己攜帶的水洗。,3,1,0,3922,,2022/01/03,0,中立
覺得和露友打招呼是件很棒的事情。,3,1,0,3940,,2021/03/20,0,中立
那個地方的排水系統很不好，下雨天最好不要去。第一次去草地很美麗，第二次去時草地都消失了，再遇到下雨，整個變成爛泥，真是個糟糕的經驗。,3,1,0,3952,,2020/10/13,0,中立
"1. 特1區的房間很整潔，但1樓的客廳、2樓的客人可以通行，這點有點奇怪。
2. 特1區的廚房在廁所旁，偶爾會有尿味。
3. 其他方面還算可以。",3,1,0,3989,,2023/05/08,0,中立
老闆非常健談並且熱情，這個營區整體規模不算大，但大部分的營位都有五葉松可以遮蔭，算是一個小而美的營區。夏天到訪時可能會遇到一些小黑蚊，清潔度方面需要加強，另外在管理上未能嚴格執行夜間的規定，例如晚上11點還有人進場，12點還有人敲營釘、充氣床墊。在這個營區兩晚都遇到不守規矩、沒有素質的露友，雖然這不是營主的錯，但營區有管理之責，已經造成了不良的觀感。,3,1,0,3997,,2023/05/08,0,中立
營區的空間很寬廣，旁邊還有湖可以欣賞。另外，洗浴設施無時間限制，營區內也有多種露營模式可供選擇，包括有雨棚區、松樹林地、竹林和碎石區。然而，缺點是洗浴間較少，且冰箱也不夠。,3,1,0,4019,,2022/05/08,0,中立
老闆客氣，不過蚊子真的太多了，回來之後身上都被咬，癢了好幾天。,3,1,0,4026,,2022/05/08,0,中立
這段內容大概是在描述露營的情況，其中提到有寒流來臨，造成帳篷區空地擠滿帳篷。因為沒有人帶家用電暖器，整晚跳電數次，營主處理得很快，但半夜跳電時就要等到天亮才能恢復。另外，浴室分成男女各兩間，還有一間男女公用的浴室，廁所採蹲式，吹風機只能在女生浴室使用。冰箱只有在浴室旁邊，且附近有一條步道通往石秀灣。,3,1,0,4027,,2021/05/08,0,中立
B區不太理想，因為被干擾的情況比較多，浴廁數量也太少。每個區域應該再減少一點人數，並且有一些小蚊子和跳電的問題。不過，五葉松林的景色非常美麗。,3,1,0,4037,,2021/05/08,0,中立
現在是八月份，小黑蚊實在太多了，每個人都被叮了超過20個包以上，我建議大家一定要攜帶頂級的強效防蚊液，不然就會像我們一樣，怎麼噴蚊子都沒用。,3,1,0,4043,,2021/05/08,0,中立
希望能提高雨棚區位置的覆蓋面積！,3,1,0,4071,,2019/05/08,0,中立
蚊子很多，而營地主人剛好在維修水管，但沒有注意水管膠的排水問題。在洗澡時，突然聞到水管膠發出惡臭，我因帶著兩歲小孩而對誤喝到含有水管膠的水感到擔憂。我向營地主人反映後，只得到了一聲抱歉，但他們並不了解可能會有人誤食到有毒物質的後果。這顯示出台灣對環境教育仍有很大進步空間。在國外，這樣的情況肯定會被追究責任。,3,1,0,4081,,2019/05/08,0,中立
風景很美，老闆很好，只是有些小黑蚊。,3,1,0,4086,,2019/05/08,0,中立
營地的設施很完善，提供免費地面防水墊，水槽水源充足，用電方便，廁所和浴室很乾淨，草地也很寬闊。但要注意的是，附近有竹林，所以蚊蟲比較多，可能會被叮咬。,3,1,0,4100,,2018/05/08,0,中立
蚊子實在太多了，夏天幾乎無法外出，否則就必須盡量避免穿短褲。,3,1,0,4178,,2024/03/07,0,中立
這次露營碰到的是老闆娘，她的態度很親切。因為我們禮拜日才前往，老闆娘讓我們自由選擇營位，因此我們額外給了一顆星。可惜的是：蒼蠅非常多，不小心就會進入帳篷；一旦出門，整個營區都被蒼蠅包圍。螞蟻也多到讓人感覺牠們會直接搬進帳篷裡，帳篷內到處都是螞蟻。還有會飛的蟑螂，以及許多其他昆蟲在帳篷外徘徊。營區的設備可能沒有得到良好的維護，有些地方發霉生鏽，真的很令人遺憾，不然應該會很美好。營區的照明設施很少，在夜間有些昏暗。優點是營區其實算是美麗的（如果不看發霉的地方），有湖岸和溪流，晚上可以聽著流水聲入睡，挺令人心情愉悅的。,3,1,0,4199,,2023/05/07,0,中立
原先以為離台北很近，看照片感覺不錯又有雨棚，應該會很放鬆。不巧遇上下雨天，雨棚內積水，再者從帳篷走到廁所，到處都是水坑和泥巴，腳永遠都是髒的，這是露營過最痛苦的一次！另外蚊蟲很多，但在戶外這點很難要求！建議營地的設施要進行翻新，排水也要改善。如果改善得更好，我相信這會是個很棒的露營營地！,3,1,0,4217,,2021/05/07,0,中立
小黑蚊真的太多了，洗澡時熱水總是不穩定，而女廁馬桶經常會淹水。,3,1,0,4228,,2021/05/07,0,中立
這地方原本是個魚池，後來變成了婚禮攝影場地。,3,1,0,4234,,2021/05/07,0,中立
優點是熱水穩定、廁所乾淨；缺點是營地主人缺乏親切感，並不會巡視，而且如果有訪客會另外收費。晚上路燈稀少，有些地方坑洞多，相當危險。,3,1,0,4238,,2020/05/07,0,中立
這個地方雖然適合老年人、中年人、年輕人和小孩子半日遊，但交通不太方便。,3,1,0,4266,,2019/05/07,0,中立
除了離市區近之外，其他方面還可以。,3,1,0,4268,,2019/05/07,0,中立
這次來這個營區是因為看到網路上的照片很漂亮，但實際到現場後卻感到失望，許多景觀看起來很久沒有維護了，有點破舊，可能是因為長期未維護所致。我建議營區應該更新一下網站的照片，以展現更真實的樣貌。,3,1,0,4269,,2019/05/07,0,中立
出去露營的時候，最重要的是什麼呢？其實最重要的是心情。另外，夥伴們一起在現場的空間相處也很重要，而且如果老闆熱情地帶路，晚上聽蟲鳴鳥叫，偶爾還能看到螢火蟲點點綴，那種寧靜和清幽的環境就已經值回票價了。即使網路上流傳的園區景點可能已經有些年歲，但在湖上彈著鋼琴的景致仍然很迷人哦。,3,1,0,4271,,2019/05/07,0,中立
台北近郊的露營地營位是碎石地，河邊有雨棚區，下雨時不必擔心。水槽可以公平分配，兩個帳篷共用一組。靠近小溪邊可以下水玩，但要考慮準備將廢水處理後再排到溪中。,3,1,0,4277,,2018/05/07,0,中立
這個地方環境尚可，浴廁保持乾淨。不過缺少路燈照明稍嫌暗淡，且離營區中心較遠，缺乏飲水設施。因此需到營區中心取用，相對不太方便。,3,1,0,4282,,2018/05/07,0,中立
場地規劃算可以，但缺乏特別的風景。,3,1,0,4283,,2018/05/07,0,中立
這個露營地非常適合家庭出遊，有山有水，適合全家大小一同互動，可以烤肉、玩水、爬山。,3,1,0,4285,,2018/05/07,0,中立
在這個地方環境還不錯，衛浴設施也應有盡有，只是在平地露營的時候有點熱...,3,1,0,4290,,2018/05/07,0,中立
營地的設施看起來有些舊了，沒有進行維護和更新。,3,1,0,4302,,2017/05/07,0,中立
這個美的空調太貴了一點。,3,1,0,4304,,2017/05/07,0,中立
營地雖然很不錯，但可惜看起來有點過於商業化了！,3,1,0,4305,,2017/05/07,0,中立
風景雖然很美，但門票費用有點讓人覺得可惜！,3,1,0,4308,,2015/05/07,0,中立
該地的環境設備稍顯老舊，令人感到有點可惜。如果能在湖邊進一步增強景觀，將會更加完美。或許因為附近有果園的緣故，可能會有些小黑蚊。,3,1,0,4502,,2017/12/03,0,中立
很遺憾... 沒有露營的機會。27號還沒到中午就開始下起大雨，打了電話詢問後發現無法延期或退款。原本以為雨勢會在下午停下來，沒想到越下越大。到現場等了一會兒後最終還是決定不露營，不想讓自己尷尬，也擔心小朋友淋濕感冒或損壞帳篷。雖然花了1000塊，但把這當作了一堂課，天氣不穩定時還是要訂雨棚區才比較保險...,3,1,0,4561,,2017/05/29,0,中立
可能因為下雨天，景觀沒有如期期望的美麗，但重點是回家後手腳上多了紅豆冰...><,3,1,0,4562,,2017/05/28,0,中立
浴廁有它的優勢，但還有改進的空間。,3,1,0,4569,,2017/05/14,0,中立
帳子相連在一起很不舒服，而且浴室的數量太少。,3,1,0,4642,,2016/12/03,0,中立
這個營區的廁所和淋浴間是五星級級的設施，淋浴間更有乾濕分離的設計非常貼心！整個營區都有雨棚，周邊的景點較少。營區可能位於山谷中，吹來的風從四面八方，讓人感到有些混亂和不舒適。營區周邊也比較雜亂，有一條庫志溪可以釣魚捉蝦。,3,1,0,4708,,2021/05/07,0,中立
營地長和夫人之間的氣氛非常融洽，而且空氣品質也很好！,3,1,0,4715,,2021/05/07,0,中立
臨溪、山嵐，是一個很適合露營的好地點！,3,1,0,4741,,2019/05/07,0,中立
這個露營地有雨棚搭建的帳篷，地面是水泥的，有四個金屬孔在地上靠近小溪，可以很近玩水。這個露營地不大，且沒有規劃好客廳帳篷的空間。,3,1,0,4754,,2019/05/07,0,中立
營位稍小的水龍頭位置影響了他人的動線，但整體場所乾淨整潔。,3,1,0,4846,,2018/09/25,0,中立
11/18日在竹雞區，這個地方的評價先扣兩顆星，剩餘的三顆星是給予草坪還算不錯和方便釘營幕的地方。具體來說有以下幾點問題：1. 靠斜坡的排水管斷裂未被修理，導致洗手台的水直接流到草地上，造成積水問題。2. 九個帳篷共用兩間浴室，雖然浴室算是乾淨，但其中一間熱水器在週六傍晚就壞了，卻沒有人來維修或提前告知，在寒冷的天氣裡洗冷水澡體驗很差。3. 廚餘桶的擺放方式不佳，沒有考慮到營地裡可能有貓狗出沒，果然在半夜時被貓撞翻了。4. 營位寬度只有五米，大型帳篷需小心進入，視野上只能看到老鷹區的一些風景，其他區域有些受遮擋，這個竹雞區更是景觀完全缺乏，整體而言，景觀不及旁邊烏嘎彥的獨立區或C區。,3,1,0,4868,,2023/12/08,0,中立
環境很好，但浴室的數量明顯不夠；另外，山路既狹窄又陡峭，駕駛較底盤的車輛要特別小心。,3,1,0,4929,,2020/05/08,0,中立
路程中的某些路段可能會遇到些許交通問題，但風景挺不錯的。,3,1,0,4930,,2020/05/08,0,中立
營主的服務很好。廁所和浴室雖然乾淨，但數量較少且位置集中，需要排隊等候。建議增加更多廁所和浴室，並設計更寬敞的場地，以避免過多人擁擠，同時也要改善夜間交通不便的問題。,3,1,0,5152,,2017/10/23,0,中立
這個營地環境很好，提供了親子設施和草皮活動空間，整體感覺很舒適，營主人也很友善。不過洗澡時間有限制，白天沒熱水。裝備只能在狹窄的柏油路旁下，會有壓力，而且適合騎腳踏車的空間也很窄。撤營時間較為嚴格，海拔低可以看到星星，光害主要來自門口的路燈。距離護草墊放置區的A區3帳雖然不遠，但會讓人感到累。總的來說，這個營地還是值得考慮，但下裝備不能在草地下是一個問題，希望營主可以考慮想辦法解決。,3,1,0,5231,,2023/12/08,0,中立
這裡是一個營地使用者的評價。他說這個營地設備齊全，冰箱和冷凍庫都足夠，有草地讓孩子們打棒球，還有籃球場供運動，腳踏車、玩沙區、戲水區和飲水機。他稱讚營地主人一家人很勤勞，勤於打掃、收集垃圾和分類。雖然廁所和浴室數量有點少，但他們有定時巡視和清潔環境，還有營地主人指導停車，注意孩子的安全。值得一提的是，他說廁所門上有櫃子，感受到主人用心經營。希望改善硬體設施，例如女廁浴室的冷水流太小，就像筷子一樣細長，不知道應該放水多久？水溫不穩過燙，只有5間淋浴間，回應是因為用水的人太多？他也提到洗澡很痛苦，建議購買加壓馬達。最後他提到要選對季節來，因為今天風很大，幸運地沒有遇到小黑蚊，他說小黑蚊太輕，怕被風吹跑。,3,1,0,5253,,2023/05/08,0,中立
優點：營區的海拔不算很高，開車前往很方便；各種兒童設施豐富，草地適合小朋友玩耍。缺點：有非常多的小黑蚊，即使已噴了防蚊液仍被叮滿腳，從中午到傍晚都有，而且還有超大隻的斑蚊，叮到會很痛，相當恐怖。或許下次挑冬天來更適合。,3,1,0,5259,,2022/05/08,0,中立
這個營區對於喜歡熱鬧、不怕雜亂、以及白天活動多的人來說是個很合適的地方。相鄰的帳篷很接近，晚上寂靜無聲。營位環境擁擠，帳篷和天幕的安裝需遵守規定，地面沒有明確區段標誌，釘的位置稍有偏差都會被指正。浴室和廁所在周末人潮眾多時可能應付不來，熱水供應只在晚上6點到12點，尖峰時間排隊擁擠，水壓不穩定，冰箱裝滿食材時整齊度受影響，也有東西可能被放不見。營位的插座電壓穩定性不佳，夏季可能有跳電狀況。夜間入營建議在晚上10點前抵達，因晚上10點後大門鎖閉。營區環境維持很乾淨，或許我和朋友們不太適應這樣的地方。建議來前詳細閱讀營地規定，以免不小心違反規定而受到批評。,3,1,0,5283,,2021/05/08,0,中立
冬天用電時容易不穩定，需要改進以確保提供親友們良好的露營體驗品質。,3,1,0,5284,,2021/05/08,0,中立
A區跟CD區的區別在於停車位置，A區需要停放在停車場，但CD區可以停在帳篷前方，不過兩區共用同一間廁所和浴室。如果帳篷滿了的話，洗澡可能要等很久，而在淋浴時可能會感到有點冷。廁所很乾淨，有拉門，也有備有衛生紙。如果選擇在CD區靠近尾部的位置，要注意離廁所有一段距離。十二月去的話可能會有一點蒼蠅問題，甚至會遇到螞蟻，比較嚴重時可能會侵襲到帳篷和車子。建議選擇前面一點的營位，但注意營位分配可能不會有相連到天邊的位置。這裡是小孩會喜歡的地方，有沙坑、籃球場、腳踏車和溜滑梯，非常適合帶小孩來放鬆。此外還附有冰箱和飲水機，建議準備好食物和飲料再開車離開，下山需要約十至二十分鐘才能到便利商店711。,3,1,0,5288,,2021/05/08,0,中立
沒有全天候熱水供應，孩子們戲水後不方便沖洗。,3,1,0,5331,,2023/12/28,0,中立
老闆可以不要那麼緊迫地盯著人嗎？這種感覺讓人很不舒服。,3,1,0,5341,,2022/05/16,0,中立
鄰居每天清晨六點就開始割草，讓人難以忍受。建議可以跟鄰居溝通，希望他們能夠改變割草的時間，或者提前告知割草的時程給露友們考慮。若是老闆無法解決問題，可能需要更有效的溝通方式。,3,1,0,5353,,2020/11/30,0,中立
主動聯絡不夠頻繁！因為連日大雨，出發當天一早就聯絡營地主人，詢問是否建議取消露營。直到晚上七點半才回覆說不用前往，然而大家早已出發...小黑蚊相當多，讓我對人生感到質疑。草地積水相當嚴重，儘管提供了草坪保護墊，但依舊泥泞不堪！整體設施中，大概只有浴室算是不錯，進一步改進排水速度會更好！,3,1,0,5376,,2019/06/10,0,中立
草地需要修剪。若有三組朋友同時到達A區，搭帳篷並收回帳篷會變得很混亂。營位非常狹窄，客廳帳篷一設置完畢，幾乎無法空間可供活動。因車輛無法開進營區，即使先收拾好行李也無法離開，停車位與營位有遠距離，無法使用推車，只能依靠人力來回接駁，這一點很容易造成家庭成員之間的摩擦。可能是因為春夏季節，且旁邊有果園，蚊蠅非常多。浴室和廁所還算乾淨整潔。垃圾桶只在入口處放置（不過這還好），只是如果帳篷數量多的話就容易裝滿。下大雨時，草地排水存在問題，容易積水。,3,1,0,5426,,2024/05/05,0,中立
11月18日到19日在露營地的環境很好，不過早上洗澡時突然變成冷水，差點感冒。我打了三四次電話，可惜都沒人接。,3,1,0,5434,,2023/12/08,0,中立
整體來說都不錯，但最大的問題是棧板。,3,1,0,5435,,2023/11/08,0,中立
廁所規劃得很貼心，但可惜只有營本部配備了冰箱。在C區的位置對B區很不方便，想要讓孩子在大草皮上玩水倒是個不錯的主意，那邊也有衛浴設施。可是A區的營位形狀比較狹長，如果使用大帳篷可能會有些擁擠，而且地勢不太平坦，有些地方還有坑洞，因此在搭建帳篷時需要留心。此外，營位的洗手台數量有些不足，根據訂位網站顯示是3個洗手台，但一共有四個帳篷，營主把我們都安排在同一區域。另外，這個季節附近有很多螢火蟲出現，但也有不少小黑蚊、螞蟻和蜘蛛（都體型不小），白天還會有些蒼蠅，勝在最可怕的是有大蟑螂，生態環境相當豐富。,3,1,0,5440,,2023/05/08,0,中立
來自香港的朋友很友善熱情，但每個房間之間的距離很短。晚上十點後其他房間很吵，且即使被勸導仍不斷，旅館業者也沒有有效管理。玩桌遊的人大聲喧嘩，喝酒的團體播放音樂並高聲講話…直到深夜才漸漸安靜下來，讓人才得以入睡。,3,1,0,5450,,2023/05/08,0,中立
這次一群大人小孩約20人，在網上找到這個地方。整體來說，那裡的環境優美，廁所也算乾淨，設備很齊全方便使用，營主也很熱情。不過，我們給3顆星原因是有一些營主的朋友來打招呼，一開始還好，稍微聊了一下，但後來變得越來越過分。他們一直來我們的營位，要我們喝酒聊天，還要找其中一位妹妹，我們都拒絕了但他們死纏不休。更讓人生氣的是，他們離開後不久又來，甚至直接杵在我們的營位不走。當時已經很晚，有小孩在睡覺，這已經嚴重侵犯到我們的私人空間。我們來這裡是放鬆享受的，為什麼要跟營主的朋友應酬？！我們對他們的職業和經歷一點興趣都沒有，更不用說要花心力應付他們。這是我們第一次遇到這麼煩人的事情，雖然地方不錯，但這次經歷讓我們對二次造訪有所顧慮。,3,1,0,5468,,2022/05/08,0,中立
抵達營地時已經兩點左右，營主才開始搭租借的帳篷，直到傍晚才成功完成。更糟糕的是，半夜時氣墊床漸漸失去氣，造成困擾。第一天使用廁所時有濃重的異味，小孩一直抱怨很臭，隔天清潔過後改善許多。建議在廁所外設置洗手台並提供洗手乳，特別是在疫情期間，這真的很重要！,3,1,0,5477,,2022/05/08,0,中立
人多的時候會很擁擠，建議可以選擇包區，廁所外觀很不錯，但清潔方面還需要加強，而附近有長興國小，值得一遊。,3,1,0,5500,,2021/05/08,0,中立
廁所還蠻乾淨的，只是小黑蚊有點多。,3,1,0,5519,,2020/05/08,0,中立
一些露營地地勢不平坦，各個帳篷的距離過於接近，需要仔細考慮，與照片所見不同。,3,1,0,5524,,2019/05/08,0,中立
環境不賴，但帳數眾多，有些擁擠，廁所的數量有些不足，D區旁的廢水釋放出惡臭味。清晨時有隻狗在帳篷附近吵鬧，起床後，發現有狗留下的糞便在帳篷旁，讓心情都變差了。,3,1,0,5527,,2019/05/08,0,中立
營地的草坪保持得很好，但是營地費用有點貴，所以人潮比較多。,3,1,0,5541,,2018/05/08,0,中立
"優點：浴廁乾淨，服務人員態度良好。
缺點：帳與帳之間距離太近容易影響私密性，地面不平整。租帳到了現場才被告知需要支付額外300元的搭帳費，且無法自行選擇搭帳位置。詢問為何事先未告知，得到的回應是網站無法修改。整體印象不佳。",3,1,0,5562,,2023/02/13,0,中立
在營區人流量大的時候，就應該更加重視垃圾處理。,3,1,0,5610,,2019/03/02,0,中立
這個營地真的非常吵雜，晚上十點後還有露營的朋友大聲聊天、小孩尖叫，營地負責人也沒有出來管理，加上狗吠聲與昆蟲的叫聲，讓整個環境非常吵雜。,3,1,0,5663,,2018/04/06,0,中立
老闆很熱心，只是他不擅長聊天，也不習慣回訪，除了跟兔子有點特別外。,3,1,0,5719,,2024/04/08,0,中立
湖畔區的景色真美，感覺很舒適。尤其是在大樹下的這兩個位置更棒呢。,3,1,0,5786,,2019/05/08,0,中立
這個地方風景不錯，但露營區有點擁擠，而且收費也太高了。一晚露營收費要1500元。,3,1,0,5791,,2019/05/08,0,中立
環境還可以，房屋分為三層，最上層只有一間浴室，似乎有些不足；二層空間不大，但有四間浴室可共用，若有較多人時，希望能更頻繁清潔廁所。,3,1,0,5793,,2019/05/08,0,中立
每個房間都提供棧板，所以床睡起來非常舒適！早上起床可以享受美麗的風景！可惜營區比較小...不過有販賣部，可以購買一些飲品或生活用品！,3,1,0,5844,,2018/05/08,0,中立
設備沒問題，風景也不錯，只是收費稍微高一些。,3,1,0,5845,,2017/05/08,0,中立
空氣清新，環境簡樸。,3,1,0,5955,,2021/05/08,0,中立
到郊外，登山欣賞自然景色，暫別塵囂，讓心情放鬆，為了重新踏上旅程！,3,1,0,5968,,2020/05/08,0,中立
前往營地的山路比較崎嶇，需要注意開車安全。營地的風景很美，讓人有種坡度感。,3,1,0,6031,,2021/04/26,0,中立
場地舒適，雨棚設置良好，前方空地不小。營主的狗狗和貓咪都很親人超可愛，但小黑蚊實在是太多太多。近20位大人小孩無一幸免，人體成了捕蚊燈。可能要考慮在天涼點時來比較適合。,3,1,0,6072,,2023/08/08,0,中立
七月時租了五帳的櫻花區，只有一間廁所和兩個洗手台（其中一個洗手台有點舊，使用起來不太方便）。對於五個帳篷來說，設施有點不夠用，而且小黑蚊很多。幸好營主會提供大隻的蚊香。櫻花區的冰箱需要去對面營本部使用，但那個冰箱其實是營主私人用的，裡面擠滿了各種醃製食品，讓整個冰箱散發出阿嬤家冰箱的氣味。建議帶有冰箱需求的人自備冰箱。碰巧遇到營主的朋友在山上開派對，不僅把冰箱裝滿兩箱啤酒，還整天唱歌直到晚上十點，場面非常熱鬧。營區還有親人的貓狗，牠們很友善不怕小孩。步行四分鐘就可以抵達涼爽的溪水。營主的夫人也友善地提醒我們可以把蚊香帶到溪邊。總的來說，這個營區空間有點小，設施方面還有改善的空間，但周圍的自然環境很不錯。,3,1,0,6092,,2023/05/08,0,中立
營地處境糟糕，小黑蚊與蒼蠅無處不在，加上大雨使得整個營地淹水。可能是營位鋪設不當，地面泥濘。洗澡和上廁所空間不足，只有一間設施供五個營位使用，電源供應拉得太長可能不安全。,3,1,0,6093,,2023/05/08,0,中立
營區營主夫婦十分親切，非常樂意幫助，這一點相當不錯。而且離老街的距離也不遠，回到營區後可以前往老街散步找美食，相當輕鬆舒適。但是營區存在幾個問題：1. 浴廁共用，需要等待；2. 營區有養貓，貓會跑到營位上，甚至跳上餐桌，咬到營帳，並且不怕人，難以趕走；3. 半夜無路燈，導致有許多露友在深夜走動、探險、聊天；建議開放部分路燈、簡單管制；4. 洗菜洗碗也要排隊，並跟浴廁一樣存在不足。,3,1,0,6105,,2022/05/08,0,中立
這個露營區设施不佳，洗手間環境惡劣，價格也太高，附近有許多營地景色和設施更好且價格相同。,3,1,0,6114,,2021/05/08,0,中立
營地小了，感覺有點擁擠，需要擴建一下。,3,1,0,6133,,2019/05/08,0,中立
我進到營區時第一眼看到了一個陡坡，讓我對我家的小黑感到有點緊張。老闆娘很親切地介紹，告訴我晚上會有螢火蟲。當天晚上關燈後，我看到很多螢火蟲，可惜沒有拍照。營區的場地像梯田，每區都不大，廁所和浴室各有一間，插座不多。不過我不太滿意的是蒼蠅有點多，風景還可以。好處是營區下方有溪流，小孩可以在那裡玩水，水質很乾淨，有大人在旁邊監督很安全。總的來說，我並不特別推薦這個營區。,3,1,0,6143,,2018/05/08,0,中立
廁所和浴室是共用一個空間，因此當晚上洗澡時，需要使用廁所的人可能需要等待一下。,3,1,0,6146,,2018/05/08,0,中立
不同區域的分佈情況良好，出租的帳篷未包含鋁箔墊。,3,1,0,6148,,2018/05/08,0,中立
雅房不太適合想要輕鬆露營的家庭，可能會讓人有些失望。,3,1,0,6214,,2019/10/21,0,中立
場地不錯，有隻狗會追著人跑。草皮還可以，交通方便，但主辦者不太互動，重點是那隻狗會追人喔！,3,1,0,6217,,2019/09/17,0,中立
廁所需要改善！1.最好將廁所和沐浴間分開，不然會感覺很髒！2.網路上的浴廁分配圖和實際情況有些落差，實際廁所的數量較少，相當於10至11個營帳共用兩間浴廁，讓人快要瘋掉了！3.營區的規劃還有待加強，因為每次去營地的本部拿東西，幾乎都要經過其他營地（我預訂的是五葉松區）。如果不經過其他營地的話，坡度太陡，且階梯建造得不夠完善，小孩容易跌倒擦傷。4.遇到一些品味不高的露友，連續兩天都在唱卡拉ok！5.營區位置還不錯，離附近的景點都很近。,3,1,0,6230,,2019/01/07,0,中立
老闆很周到，場地維護得很好，草皮也很漂亮。老闆會主動提供蚊香，關心我們。這裡主要是小包區，景色不突出，衛浴設備也很普通。半夜常有狗來翻垃圾，整晚都能聽到狗叫聲。,3,1,0,6245,,2018/11/26,0,中立
小區獨具特色，是個放鬆的好去處。,3,1,0,6266,,2017/08/21,0,中立
我們這次柚子區包區的浴室水流量會時大時小，水溫也不太穩定，希望能夠改進。,3,1,0,6267,,2017/07/23,0,中立
這間店的服務很親切，老闆娘們也都很nice。,3,1,0,6284,,2017/03/12,0,中立
在制高點，可以看到身旁飄移的雲霧，但是可惜的是森林區地形扁平，只能橫著架帳篷，無法直接欣賞外面的風景，必須看著別人的帳篷。石子地面有些斜坡。夜景區風景雖美，但是過於擁擠，帳篷也僅能橫躺，相鄰帳篷距離很近，無法直接從自己的帳篷內看外面。浴室照明較少、昏暗，熱水供應充足但水壓不夠穩定。若夜景區無過於擁擠，可以考慮入住；若有超額入住，則可能不再選擇此處。老闆娘的態度令人滿意，這是一大加分。,3,1,0,6335,,2022/05/09,0,中立
這段句子可以翻譯為：森林地區的風景不錯，可以遠眺關西的夜景。不過目前正好受到東北季風影響，風力比較強。在森林區裡沒有浴室，建議可以走一段路去使用。,3,1,0,6340,,2022/05/09,0,中立
Google 地圖顯示可以經過竹62路，但很可惜大門被封閉了，也不確定通道是否暢通。,3,1,0,6354,,2021/05/09,0,中立
高地盤的路較難行駛，建議使用適合的車輛，但路途風景和夜景非常美麗。,3,1,0,6373,,2020/05/09,0,中立
這條路被封閉了，無法到達竹62。,3,1,0,6633,,2021/05/09,0,中立
石子地的景觀較單調，沒有草坪提供保護。雖然老闆服務態度親切，但員工可能較愛發牢騷。,3,1,0,6634,,2021/05/09,0,中立
營區最大特色就在於旁邊有溪流和清幽環境！每個區域都擁有超棒的風景！但營位有點小，帳篷都貼在一起，有點擁擠不舒適。建議每個區域再少放一個帳篷可能會更舒適一些。,3,1,0,6665,,2020/05/09,0,中立
老闆很親切、浴廁很乾淨、地方不大,3,1,0,6667,,2020/05/09,0,中立
四月是個很適合的時候，可以邀請親友一起來欣賞螢火蟲、露營。,3,1,0,6678,,2019/05/09,0,中立
冬天使用電暖爐容易跳電，即使功率低也難抵霸王級的寒流。B1區只有一個插頭，連接兩台380瓦的電暖爐就會跳閘。老闆建議使用煤油暖爐，因此缺乏相應設施的冬天，建議先暫避。,3,1,0,6696,,2022/12/22,0,中立
A2區的景觀空間較小，浴廁空間無法容納碗型天幕。早上起床時，發現有隻狗的大便出現在我們帳篷前面，差點中獎！^_^,3,1,0,6702,,2022/09/12,0,中立
深夜狗叫聲太吵了，可以請您控制一下嗎？,3,1,0,6715,,2021/10/17,0,中立
邱先生和邱太太都很友善。,3,1,0,6744,,2019/03/05,0,中立
這次我們露營地點在A2區，帳篷之間的空間非常擁擠，缺乏一點空間感。雖然事先知道營地主有增加新的露營位置，但沒想到會變得這麼擁擠。每個帳篷的空間大約只有5*8平方公尺（不建議帶這麼大的帳篷），人多的話廁所會變得又髒又臭，營地主也沒有勤於打掃和處理垃圾。除了風景還算不錯以外，其他方面真的讓人感到挺失望的。,3,1,0,6754,,2024/04/09,0,中立
這次露營體驗的景色真的很美，給予五顆星。我們選擇了五帳包區，但在最後一天收帳的時候遇到了一些不開心的狀況。洗澡時沒有熱水，讓人感到冷到想要發火。我們出來等其他帳篷有熱水時，卻看到其他客人在遊走觀看，即使撤收時間本來應該是12:00之前才能進入，13:00後才能下一組進場，可是卻在11點左右就讓其他客人進來，讓我們感到很錯愕。營地的主人和服務人員都在出入口附近，卻沒有有效管理。客人進出得太自由，讓人在意。希望露友們也能更加遵守露營規則，否則可能會導致衝突發生。離開時下山的路上依然有許多亂駛的車輛，主人沒有好好規劃和管理，這使得整個經驗有些不如預期。這已經是我第二次來騰雲露營，但感覺沒有第一次來時好。雖然第一次帳篷之間有些擁擠，但這次選擇包區，卻遇到了其他不愉快的因素。,3,1,0,6767,,2024/03/09,0,中立
這個地方的景色非常美麗，而且設施也相當完善！看起來管理單位對環境保護相當用心！我們預訂了平日三天兩夜的行程，第一晚遇到的露營朋友都很有素質，讓我們能很好入睡！但第二天營區管理員告知我們晚上有三個帳篷在凌晨一點夜間搭建，就在我們附近的營位！是的，沒看錯，凌晨一點！我問營區管理員，你還收凌晨一點的夜間搭建，難道不擔心會影響其他露營者嗎？當天我們決定提前離開，下午就結帳離開了！我們不會介意半夜有人在附近搭帳或敲打營釘！或許還可以再來這裡碰碰運氣！,3,1,0,6772,,2024/01/09,0,中立
第一次到這個營地，雖然路標指示還算清楚，但是營地的浴室設備有些不足，只有衣物掛架，卻沒有沐浴乳的放置架，洗澡起來很不方便！另外，電壓也不穩定，2023年11月18日晚上已經跳電兩次了，真的很煩人！,3,1,0,6778,,2023/12/09,0,中立
營區的風景很美，但管理不夠嚴格。晚上十點多才來露營，半夜一點還在打釘，這樣大聲的活動影響到附近的居民，讓夜市大小聲的情況持續下去，並不是台灣人該有的行為。,3,1,0,6784,,2023/11/09,0,中立
昨晚臨時訂的露營區由於抵達晚了，所以被安排在一個視野較差的位置。營區根據不同的地形有分布，營區上有一個很大而且有頂蓋的活動平台。總的來說，松樹區的樹木長得不夠茂盛，雖然浴廁是分區設置，但數量和空間都有待改善。感覺營地主人還在擴建營區，許多區域看起來像是整地中的工地。最高點的景觀很好，但其他地區一般。有種感覺，營地內營位太密集了，甚至有點擠迫的感覺。來的路上經過九份二山紀念園區，反而是一個很好的觀光點。可以勉強把這個營地當作過夜地。總而言之，有許多地方可以改進。,3,1,0,6788,,2023/10/09,0,中立
"優點方面：

1. 營區內的道路都是柏油路，開車很方便。
2. 特區的視野很優秀，尤其是特2區可以欣賞到美麗的景色。
3. 天氣好時可以看到滿天星星。

缺點方面：

1. 營位空間較小，只有落羽松區的位置較大，其他地區的營位都很靠近彼此。
2. 廁所和浴室設施太少，男女共用，高峯時段需要排隊等候，且沒有定時清潔。
3. 飲水機及冰箱未經整理。
4. 晚上沒有限制休息時間，一些露營者常聊天到深夜2-3點。
5. 露營時常有二手煙味。

總結來說，營區管理者可能人不錯，但對於不守規矩的露營者似乎束手無策。",3,1,0,6795,,2023/09/09,0,中立
"先說好的地方：
1. 夏天來，風景美麗且天氣適中，只要避開中午時段的陽光直曬，在通風的地方還算舒適。
2. 如果浴室沒熱水，馬上通知後就會處理，很有效率。
3. 草地維護得很好，排水良好，也方便釘營帳。

再來談談有待改進的地方：
1. 飲水機和馬桶水箱的蓋子，以及其他地方明顯未定期清潔。
2. 露營區有許多大螞蟻，特別是停在樹附近的車要小心，不久就會爬滿整車。
3. 和其他露營區一樣，對於露營區內抽菸和深夜清晨吵鬧的人未有規範或明文禁止，注重露營品質的客人請多留意。",3,1,0,6796,,2023/09/09,0,中立
整體環境看起來還不錯，但晚上的情況未受到管制，十點之後有人唱KTV，音樂聲音大聲，談話聲音也大聲，客人似乎沒有彼此尊重。雖然這是個人行為，但缺乏管理讓人感到不太舒適。,3,1,0,6810,,2023/05/09,0,中立
這個地方的距離很接近冰箱，看起來整理得不太好，而且有異味。區域3的地方也有異味，空間比較小，廁所和浴室沒有分開。整體清潔度需要加強。不過營區的主人很友善，幫助解決問題。另外往上走的話有觀景平台，景色很美。,3,1,0,6811,,2023/05/09,0,中立
優點：1. 夜景很美好 2. 山景和夜晚星空不錯 3. 衛浴的熱水穩定，清潔度不錯 4. 若營位沒滿可與主辦者協商 5. 草地算是蠻好的缺點：1. 最後一段通往營區的路較小，車輛不易通行 2. 假日營區冰箱容易擁擠，建議攜帶自己的冰箱 3. 晚上10點後無管理，直到凌晨2點才較安靜 4. 半夜有野狗翻垃圾桶，早上地面有一堆垃圾 5. 營位之間較為擁擠，不適合搭建大型帳篷或天幕。,3,1,0,6841,,2023/05/09,0,中立
這次露營體驗讓我感覺像是在市集，帳篷之間幾乎貼在一起，而且營區車輛密密麻麻。我覺得營區管理單位最好只開放目前營位的 60 到 70%，這樣才能保持品質。,3,1,0,6851,,2023/05/09,0,中立
我們在這個露營區遇到了一些困擾，因為有些露友活動時間過於吵雜，我們希望管理單位可以設定宵禁，以維持營區的寧靜。,3,1,0,6852,,2023/05/09,0,中立
浴廁設備完備且水電供應穩定，唯獨清潔有些疏忽。,3,1,0,6871,,2022/05/09,0,中立
營區的面積蠻大的，環境整理得很好，空氣清新，景色非常漂亮。不過路有點窄，開車時要特別注意安全，上山的時候開得慢一點。,3,1,0,6899,,2022/05/09,0,中立
這個地方景色優美，但是上山的道路太狹窄，開車會有困難。,3,1,0,6921,,2021/05/09,0,中立
風景很美，草地也很棒，但帳帳相連太擠了。可惜衛浴設施也太少，輪候時間比較長。,3,1,0,6955,,2021/05/09,0,中立
洗澡時熱水器壞了2-3台，我營位的熱水器有2間只剩一個可以用，但溫度控制有問題，曾經被燙到兩次。後來換到第三間解決問題。營區假日人潮眾多，活動空間變少，但風景優美，夜景宜人，生態豐富，草皮維護良好，營區規劃也不錯。建議營區加強衛浴設施和活動空間的管理。,3,1,0,6965,,2020/05/09,0,中立
這個地方的景色美麗，晚上的夜景更是令人陶醉。可惜的是，衛浴設施太少，導致滿房時等待的時間較長，而且熱水不穩定，時熱時冷，還讓我老公的手被燙到。希望業主可以關注這個問題。,3,1,0,6967,,2020/05/09,0,中立
洗澡時，熱水溫度很難掌握，一間浴室一台熱水器應該足夠，但可能需要改善水壓，以免熱水供應不穩定。,3,1,0,6974,,2020/05/09,0,中立
這裡設施不完善，衛浴只有兩間，廁所也只有兩間，如果想要使用，最好提前前往洗澡，否則可能需要等很長時間。,3,1,0,6980,,2020/05/09,0,中立
風景不錯，只可惜空氣污染嚴重。營區提供了寬敞的空間，同時保留了公共空間。小朋友在那裡玩得非常開心。衛浴設施確實太少了，幸好沒有太多小黑蚊，不過傍晚還是出現了幾隻大蚊子。,3,1,0,6989,,2020/05/09,0,中立
衛浴設備不夠完善，每個衛浴區只提供一台吹風機，營位由營地主安排，當天濃霧籠罩並看不到景色，但有提供飲水機。,3,1,0,6990,,2020/05/09,0,中立
營區的路線普通，不過風景很漂亮！營區的價格稍微有點高！,3,1,0,7011,,2019/05/09,0,中立
這個地方風景不錯，空氣清新，但唯一的問題是廁所太少。,3,1,0,7013,,2019/05/09,0,中立
景觀在台中、埔里、草屯和彰化都不錯，但是缺少適合遊戲的場所。,3,1,0,7026,,2019/05/09,0,中立
這個露營地的下方營位碎石草地地面不平且有水溝蓋的凹洞，搭帳時較難處理。旁邊的鐵皮雨棚看起來有點廢棄。如果要選擇這個露營地，建議選擇上方類森林系營位，比下方的營位整潔許多。,3,1,0,58,,2023/05/06,0,中立
這裡的信號只有台灣大哥大收不到，其他都還可以。,3,1,0,72,,2023/05/06,0,中立
覺得規劃不夠周全，容易跳電；衛浴清潔有待加強，但室內空間相當寬敞。,3,1,0,117,,2022/05/06,0,中立
這個地方的老闆非常親切，地理位置便利，靠近市區。如果要舉辦家庭露營聚會，這裡是個很好的選擇，但是假日時人潮較多，有可能造成廁所使用不便。如果是為了欣賞風景的話，這裡可能無法符合你的期待，因為海拔較低，氣溫可能比較高。,3,1,0,134,,2022/05/06,0,中立
水溫時冷時熱的情況讓人很難受，尤其現在夏天也得忍受。如果冬天也這樣，大家可能會冷到發抖。建議老闆應該要處理這個問題，並且要定期派人清潔廁所、清理垃圾，因為尿騷味很重！另外，頻繁跳電的情況也很嚴重，希望老闆能盡快改善這三個問題。花了這麼多錢，卻感受如此，實在有點不值得。,3,1,0,138,,2022/05/06,0,中立
營位很寬敞，但衛浴間太少了，洗澡時水流時大時小、時冷時熱！,3,1,0,146,,2021/05/06,0,中立
這個地方還好啦，就是沒有提供飲水機。,3,1,0,150,,2021/05/06,0,中立
路況良好，衛生環境還有改進的空間。廁所不常清潔，垃圾桶已滿但尚未清理。,3,1,0,169,,2021/05/06,0,中立
四個月前，朋友們安排了一個露營計畫。昨天早上，有十九個家庭分別從不同地區出發，北區的來自基隆，南區的從台南而來。大約11:30，所有朋友都聚集在一起，總共有93人，包括小孩在內。午餐後，我們開始享受著美食、美酒，歡笑不斷，一直到現在。根據此刻的氣氛，中秋連假的後兩天，一定會非常愉快！,3,1,0,175,,2021/05/06,0,中立
浴室的廁所有點遠，沒有飲水機，但環境還可以。,3,1,0,201,,2020/05/06,0,中立
這個地方有很大的空間，草地和樹木擺放整齊，開車前往營區的道路很順暢。,3,1,0,218,,2019/05/06,0,中立
寢室地板上有很多落葉，洗澡時水壓不夠穩定。靜思區的某些地方也有很多落葉，下雨後地面很潮濕，洗澡時水壓也不穩定。,3,1,0,243,,2022/03/01,0,中立
營主人很友善，但管理上可能有些問題。晚間七點多時，還未到八點，請帳篷旁的人說我太吵，所以招來了營主告誡要較安靜。不到十點晚間，就憤而離去，感到相當不滿。,3,1,0,303,,2023/05/06,0,中立
營區環境整潔，光源適中，寂靜宜人，適合露營活動。,3,1,0,335,,2023/05/06,0,中立
如果你擔心營區鄰近馬路的車聲，建議訂位時選擇靠近釣魚池的地方，因為離馬路較遠。營本部跟雨棚區相連，如果你不想在別人家門口睡覺，就不要訂雨棚區。在營本部有兩台冰箱，在雨棚區露營時，夜裡你會一直聽到冰箱壓縮機運轉的聲音，非常吵。營區的路況很好，導航設備可以順利導航到指定位置。五星級的衛浴設施非常寬敞，一家四口一起洗澡也不會擁擠，還提供洗髮精和沐浴乳。至於釣魚池的開放時間，要看老闆每天的安排，所以不能隨時都可以釣魚。,3,1,0,378,,2020/05/06,0,中立
"優勢：露營區地方寬敞，營位大小適中，管理者用心維護，提供多樣親子設施，風景優美。

缺點：有大量野貓出沒，星期五晚上將牛肉放在水糟冰箱，被野貓偷走；星期六將整隻雞冰在鍋子內，還是被野貓偷吃，連續兩天被侵擾；另外清晨7點左右會有猴群靠近帳篷覓食，需留意食物保存。",3,1,0,470,,2024/01/06,0,中立
優點：該公園很整潔，園主非常認真地維護園區。缺點：地面很硬，不適合釘營釘。每個帳篷區都有一些被砍伐的樹木殘留，高低不平，有些甚至不到三十公分高，並且缺乏警示燈。夜間必須特別注意，以免撞到樹木。此外，樹木周圍可能有蜜蜂和虎頭蜂，安全第一。,3,1,0,473,,2023/11/06,0,中立
這個營地整理得很棒，備品齊全，地面硬度很高。有很多遠大的帳篷，非常熱鬧。,3,1,0,497,,2023/05/06,0,中立
這個營區很大，有大約120個營位，走到最底部約300公尺。整體路況為4.5顆星。在上山的最後一段路上較不容易開車，請留意Google導航會建議您提前左轉，但營區管理者有標示牌告訴您再開150公尺再左轉，這才是正確的上山道路。水電和冰箱方面為4顆星，兩個營位共用一個洗碗台，晚上在洗澡時有時會有電壓不穩定的情況。4到5區共用一個營業用冰箱和一個冷凍櫃，如有需要請提前放置垃圾。垃圾桶方面則只有一顆星的評價，回收、廚餘和垃圾桶都只能在廁所外投放，不太方便。浴廁方面為3.5顆星，4到5區共用4到5間廁所、浴室，在尖峰時段需要排隊，地板在淋浴時有時會溢流；水壓穩定，24小時提供熱水。整體營地為4顆星，下釘不太方便，且容易歪掉。營地很大，停車方便，環境優美，但晚上洗澡時有時會有尿騷味，活動區設施基本上需要排隊，因為人多，建議自備玩具以備小孩玩耍。,3,1,0,510,,2023/05/06,0,中立
"1. 注意洗澡水溫，避免燙傷或受涼。
2. 碎石區石子很銳利，小心跌倒造成傷口，建議下營釘時多加小心，地面硬不易敲。
3. 廁所的清潔維護很重要。",3,1,0,522,,2022/05/06,0,中立
這個營區空間很寬敞，整體看起來還算漂亮，而且設有冰箱。但是地面上的石子較多，打營釘比較困難，而且容易鬆脫，需要使用至少30公分長且較粗的營釘才能牢固固定。而且在夜晚容易受到強風影響，許多帳篷在半夜被吹倒，導致驚呼聲此起彼落。在這個營區要挑選好天氣，且不太適合新手露營者，供您參考。還有看見有人在車上露宿。,3,1,0,526,,2022/05/06,0,中立
營區的環境還不錯，雖然沒有特別厲害的景色，不過營區整理得還算不錯。唯一比較讓人困擾的是洗澡時水溫時高時低，讓人無法好好洗澡，其他方面表現還可以。,3,1,0,527,,2022/05/06,0,中立
營地的風非常強，地上散落著碎石和草皮，難以釘營釘！廁所沒有太多，如果可以提供分區衛浴將更好。不過，遊戲設施讓小朋友玩得非常開心！,3,1,0,545,,2022/05/06,0,中立
營區環境幽靜，但唯一的缺點是遊客和小孩很多，造成比較吵雜。大家缺乏時間觀念，晚上11點還在喧囂，營地管理者也沒有管理。,3,1,0,547,,2022/05/06,0,中立
這個地方的環境整體還可以，不過有些地方的碎石比草皮多，走起來像健行步道。衛浴廁所的數量多，但有點遠，不過每小時都有人來清潔垃圾和整理衛浴廁所，算是維持相當乾淨的狀態。,3,1,0,550,,2022/05/06,0,中立
前往的路幾乎都是兩車道可以雙向行駛，路況順暢。營地本身碎石非常多且有點鋒利，建議攜帶不鏽鋼營釘或多準備一些。周圍風景優美，心曠神怡！遊戲區位於最下面。需走一小段下坡路段，當天露營整晚至少停電5次以上。原因不明，建議準備非插電的照明設備。廁所熱水不太穩定，有時冷有時熱。沒有飲水機，記得攜帶足夠的水。,3,1,0,560,,2021/05/06,0,中立
"營區很寬敞，非常適合讓小孩放電，營主也很貼心，在戲水區設有遮陽傘讓家長陪同時避免曬太陽。然而，仍有一些地方需要改善以提升舒適度：
1. 垃圾桶位置較遠。
2. 廁所內外照明不足，導致晚間安全有危險。
3. 熱水器時冷時熱。
4. 營區的營釘困難插入，周邊碎石過多易受傷。",3,1,0,573,,2021/05/06,0,中立
這個地方被蚊子叮得很嚴重，地板又硬又濕。,3,1,0,575,,2021/05/06,0,中立
"1. 雖然石頭地沒有泥巴那樣容易穿透，但卻不適合釘子固定。
2. 帳篷租借非常困難，沒有協助也沒有教學，幸好有朋友一同研究。
3. 進入後沒見到主辦人，也不清楚他們的去向，不像其他地方那麼熱情。
4. 須自行收拾帳篷（完全自力更生，但價格卻比外面租的還要貴）。
5. 充氣墊沒有充電設備，幸好有朋友在，否則不知道要踩多久才有氣墊。
6. 不能忍受淋浴水溫的變化，既超燙又超冷，根本洗不了澡，稍微調整就驚人地熱到快燙傷。
7. 小孩的娛樂設施有限且很遙遠，無法在附近找到小孩喜歡的設施！雖然其他地方也許也這樣，但是習慣露營的朋友都感到非常不可思議。環境非常寧靜，離老街也相當近，只希望能夠改善這些問題，否則可能真的只會去一次而已。",3,1,0,583,,2020/05/06,0,中立
路況不佳。導航建議經過內灣老街，假日會塞車。營地地面非常堅硬，有許多石頭，一般的營釘難以釘下去。衛浴條件還可以。,3,1,0,592,,2020/05/06,0,中立
這塊碎石地真的很硬，釘樁超難插，東北季風也風力超強，竟然還把整個帳篷吹斷，部分露友只好趕半夜撤營，真是非常痛苦的經驗啊！,3,1,0,613,,2019/05/06,0,中立
場地安靜，但需要更多宣傳和投入。,3,1,0,625,,2019/05/06,0,中立
露營地的地面很平坦；很難在碎石地釘進營釘。,3,1,0,634,,2019/05/06,0,中立
希望能有更多獨立廁所。,3,1,0,636,,2019/05/06,0,中立
周圍沒有遊樂設施，只有果園。,3,1,0,638,,2019/05/06,0,中立
因為泥土石頭太多，所以很難打入營釘。,3,1,0,658,,2018/05/06,0,中立
碎石地太硬，難以打下營釘。廁所太少，垃圾桶也不夠。,3,1,0,687,,2020/11/28,0,中立
"這個營區的排水系統非常不理想。雖然非常適合小孩露營，但一下雨不到5分鐘就會積水，甚至比地上的營釘還要高。當大雨下了半小時後，營主才來""關心""一下就離開了。在過去的3年裡，我們雖然只露營了30次，但遇到了許多豪風暴雨，卻從未碰到過像這樣排水極差的淹水營地。地面的碎石尖，草地不平，高低起伏明顯，再加上排水不良。雖然有蚊蟲、蒼蠅、蟑螂和大大小小的螞蟻，但這都是大自然的一部分。我認為在百分之百好天氣下，這個營區是個非常適合孩子玩耍的樂園。 ",3,1,0,700,,2020/05/18,0,中立
整體來說感覺還可以。營位相當寬敞，可以容納5*8天幕而仍有多餘空間，不過在釘營釘子時確實有些困難，當風很大時可能會有釘子被拔出的風險。,3,1,0,722,,2019/03/14,0,中立
晚上使用浴室時會感到通風，感覺很冷。,3,1,0,820,,2017/05/02,0,中立
整體環境良好，風景宜人，附近有方便的購物地點（全聯），但山路較為陡峭，需謹慎開車，另外對於老闆的誠信度有所疑慮，使得整體體驗有些折扣。,3,1,0,859,,2023/05/07,0,中立
D區的女生廁所只有一間蹲式廁所和一間淋浴間，有些不夠用。當媽媽們帶著小孩去洗澡時，總要等很久，我覺得應該考慮增加座式廁所或者裝設安全扶手，這樣對於年長者或者不習慣蹲廁的人會比較方便。至於DE區，共用一個冷凍庫，希望能夠增加冷藏空間，在場地裡也應該加蓋一些雨棚，方便大家在下雨時遮風避雨。,3,1,0,925,,2019/05/07,0,中立
這地方環境優美，視野開闊，空氣清新。,3,1,0,926,,2019/05/07,0,中立
這個地方交通便利，開車到三星鄉的味珍香或全家大約需要10-15分鐘。附近也有很多景點，像是松蘿和九寮溪步道。不過秋冬季節容易刮大風，晚上可能會感覺有點不安穩。,3,1,0,940,,2018/05/07,0,中立
這種涼爽的天氣正適合露營，而且離市區又近，夜景也很美喔。,3,1,0,944,,2018/05/07,0,中立
在營地碎石地下釘時要小心一點，因為地面比較硬。,3,1,0,982,,2021/12/14,0,中立
在C區草地排水問題很嚴重，因為中間放了很多護草墊，導致小朋友無法順利奔跑，甚至多次絆倒受傷。遊戲空間實際上只剩下靠近沙坑的一小塊地方。唯一的優點是這裡有熱水水槽和獨立區域可供使用衛浴，但衛浴清潔狀況一般般。,3,1,0,1042,,2024/02/07,0,中立
記得從內灣那邊上去，雖然會遇到一些車子，但總體來說路程比較短。,3,1,0,1062,,2023/05/07,0,中立
這句話的意思是「平淡無奇，爬坡小路上有雜草和樹枝，需要修剪，評價給3.5顆星」。,3,1,0,1080,,2023/05/07,0,中立
看了大家的評價後，非常期待造訪，所以特地向老闆確認了飄飄河是否開放。結果發現只有A區有開放飄飄河，其他區根本沒有開放，讓我感到有些失望。不過好在水廁裡有防蟲紗網，這點相當貼心。,3,1,0,1273,,2023/10/07,0,中立
今天下午淋了場大雨，場地變得泥濘，砂石鋪得不夠好，其他區域鋪了很多石頭，所以不太受到影響，乾爽許多。其他設施還不錯，尤其小孩可以玩水放電，感覺像是山上流出的水。這個季節水管裡會有蝌蚪跑出來，晚上則有許多昆蟲和各種蛾類。,3,1,0,1287,,2023/06/07,0,中立
新營主非常熱情接待，並且衛浴及廁所都保持乾淨並有協助消毒。每個區域都有獨立的衛浴設施，也提供沐浴乳和洗髮乳。然而，僅有A區設有冰箱、飲水機和脫水機。建議增加每個區域的設施。在露營地區有許多流浪動物，請務必妥善收藏食物，以免引誘貓貓跳桌。電力方面，有碰到熱水器沒電的問題，幸好有值班人員即時提供電池更換。然而，熱水器水壓不穩定的問題還需改善，以確保提供穩定的熱水。另外，C區的露營地有積水問題，導致地面變得泥濘，希望能加以改進以提升露營品質。,3,1,0,1347,,2023/05/07,0,中立
營地主人很友善，但營位分配不夠完善，採先到先得制度。,3,1,0,1377,,2022/05/07,0,中立
整體來說還算OK，可能營區評價不太高，沒有滿意度，我們兩人佔了C區，如果4人可能會有點擁擠。冬天去的話沒有蚊蟲，只看到一隻小蟑螂，浴室設備還不錯，但得自己保持乾淨，要不然營區清潔沒有看到，旁邊就是大馬路，有時摩托車隊經過很吵，可能是因為有大野狗闖入我們的帳篷旁邊。,3,1,0,1382,,2022/05/07,0,中立
這個營地似乎之前管理得很用心，但現在卻荒廢了。也許因為大家在補班補課，所以營地包山了。營區沒有大門，這讓人感覺不安全，有時候會有過路客直接把車開進來參觀或使用廁所。營地主人似乎只在收錢時出現。浴室的水溫也不穩定，有幾間會忽冷忽熱。,3,1,0,1388,,2021/05/07,0,中立
洗澡時熱水不夠，晚上洗澡很涼，草莓價格很親民。,3,1,0,1389,,2021/05/07,0,中立
A區旁邊有一條小溪，並且營位旁邊有一個生態池，裡面充滿了蝌蚪、青苔和水草。水道的水有些不太乾淨且光滑，小孩玩水需多加注意。缺點包括：1. 廁所很骯髒，每天只固定打掃一次，需要露營者要求或提醒才會打掃。2. 營位排水慢，沒有提供護草墊，但可以提供帆布。3. 營位空間較小，帳篷相鄰而建。4. 沒有水槽旁邊的垃圾桶，而且垃圾桶也沒有蓋子，半夜可能會有流浪狗來翻垃圾。優點則包括：1. 浴室水量充足且溫度穩定，提供洗髮乳和沐浴乳。2. 設有冰箱、飲水機、脫水機，並有湯屋提供泡湯優惠。,3,1,0,1401,,2020/05/07,0,中立
建議未來出遊前先詢問漂漂河頂端是否開放，這個區域是否保持整潔，是否有人在維護。票價1000可能有點貴，且下雨時可能要注意排水情況，也許需要向隔壁借護草墊。,3,1,0,1410,,2020/05/07,0,中立
這個空間很狹小，幾乎沒有空間可以活動，但環境整潔度還可以。,3,1,0,1412,,2020/05/07,0,中立
希望營地的蹲式廁所能保持乾淨，打開後看到一些不雅觀的污跡令人感到不舒服。,3,1,0,1413,,2020/05/07,0,中立
D區位子很狹窄，我們四個營位的人勉強將車子停進營區，否則就得停在路邊。營區就在路邊，所以要特別留意小朋友是否會跑到馬路上。若要來的話，包區可能會更合適。,3,1,0,1453,,2022/10/12,0,中立
C區的排水系統和水壓需要改善，新營主很熱心，保持衛浴乾淨並幫忙消毒。睡覺時食物要收好，否則貓會跳上桌子找食物。建議營主改善C區的排水系統和衛浴水壓。,3,1,0,1457,,2022/06/27,0,中立
預期與實際有些微差距。,3,1,0,1472,,2021/03/03,0,中立
C區的衛生狀況不佳，有很多蟑螂。可能是因為營地的負責人沒有常駐在現場。這次去時被隔壁區域的吵雜聲影響到無法入睡！一群年輕人從晚上10點開始唱卡拉OK，一直唱到半夜12點！第二天向營地負責人抱怨，但營主也無法解決問題，讓人不想再去那個營地了⋯⋯,3,1,0,1475,,2020/08/21,0,中立
總的來說，這個地方還是可以推薦的。雖然在路邊可能會有一些噪音，但整體來說還算可以接受。,3,1,0,1478,,2020/03/04,0,中立
營區位於山谷中，夏天有點悶熱，廁所很髒且沒有什麼打掃，我不打算再去第二次。,3,1,0,1479,,2019/12/23,0,中立
在B區露營的夜晚和一個普通的週六晚上，我有些觀察和心得要分享。首先是環境很乾淨，且距離北埔市區很近，提供了便利的補給，且若不想自行煮飯也沒問題。這個營位很適合想要輕裝露營並好好放鬆的人。然而，有一些事情需要留意：1. 營區照片可能沒有即時更新，一些原本有的設施可能已經消失了，記得自備遊具。2. 洗澡時可能會遇到沒有熱水的情況（大約在晚上8:30左右），這可能是尖峰時段的關係，且淋浴用品的按壓器也可能故障。3. 雖然標示要求在晚上10點後保持安靜，但第一晚隔壁的區域一直到深夜都很吵，第二晚則有小孩在區內奔跑喧鬧到晚上11:30，而營主並未實際出來規勸。,3,1,0,1524,,2023/12/07,0,中立
下雨天最好不要來，碎石地區變成泥濘地，到處都是水坑；衛浴設施沒有乾濕分離，但希望至少可以增加垃圾桶給予美觀與减少氣味影響，從衛浴區到營地的排水也需要改善。碎石地區的陡坡在下雨天造成成人和小孩多次摔倒，相當危險，請務必加以解決。,3,1,0,1526,,2023/11/07,0,中立
營地主人熱情有禮，但缺少了親子浴室。,3,1,0,1574,,2020/05/07,0,中立
這個營區的地方不算太大，但可惜停車後空間較為狹窄。遊戲區娛樂設施非常豐富，讓小朋友玩得不願意離開。唯一遺憾是蚊子太多了，全家都被叮得一塊紅腫，每隻腳至少被咬了兩百包。因為小朋友被叮傷太嚴重，只好匆忙帶著他回家，不然這個營區還算是個不錯的選擇。,3,1,0,1578,,2020/05/07,0,中立
北埔市集附近的營區很小巧，而且附近的路況很好走，很明確。不過要注意的是那裡有很多小黑蚊哦。,3,1,0,1581,,2019/05/07,0,中立
車道跟場地的配置還不錯，比較適合規模較小的團體。設備維護也算不錯。,3,1,0,1592,,2019/05/07,0,中立
在十字路口的地方，標示路標清楚一點會更方便。,3,1,0,1711,,2018/03/20,0,中立
營區人潮眾多，隔壁區噪音超過營區內通道狹窄，導致車輛底盤造成刮損。,3,1,0,1753,,2023/11/07,0,中立
規劃的帳篷太多了，感覺像是一間隔間分租的小套房。如果把帳篷都搭滿了，活動空間就會變得很有限。浴廁方面看起來還挺乾淨的，但數量上相對比例來說也有點少。,3,1,0,1767,,2023/05/07,0,中立
營地環境還可以，但有共用的兩個電箱和洗菜枱，使用起來不太方便。另外，廁所和浴室還可以，但屋頂是透光罩，夏天裡面很熱，像在烤箱一樣。廁所前的洗手枱只有一個很小，不方便且不夠使用。,3,1,0,1780,,2023/05/07,0,中立
營地各區空間不大，平日只有一輛車時感覺不會擁擠，但夕陽景觀常被樹木擋住。頂層營位臨近馬路可能有點吵，但整體環境算乾淨。入住時先說車泊沒折扣，但第二天離營前才告知車泊不能用電，需額外付費！付同樣價格，露營可以用電，車泊就不行？營主似乎對車泊不太友善，車泊喜愛者入園需三思。,3,1,0,1787,,2022/05/07,0,中立
如果是一起露營的人就不用付錢嗎？這個挺合理的。不過100元收費確實有點貴，可以考慮按時間收費，比如入場一小時內免費，超過一小時收50元，再超過兩小時以上收100元，但限制每人收費不超過100元。司機載我們進去就收費還真是有趣，如果只是來喝一杯茶也要付100元。,3,1,0,1796,,2022/05/07,0,中立
這個地方的環境不錯，從遼望台上可以看到360°的美景，走上去大約需要30分鐘。參觀營地每人100元，位於最上面靠路邊的那個營地地面是磚造的，不太適合釘營釘。,3,1,0,1800,,2022/05/07,0,中立
景色很美，但浴室的熱水有時冷有時熱。,3,1,0,1830,,2020/05/07,0,中立
濃霧和高濕度使得視野受到影響，曬帳篷需要花上更多時間。,3,1,0,1831,,2020/05/07,0,中立
第一次夜間前往露營地時，遇到了濃霧，車頭燈照射出來的景物都模糊不清，就像被水滴濕潤一樣。在營地裡有些小黑蚊，營區規模很大，還有很多斜坡。雖然冰箱很大，但位置卻遠遠的，營地主人常會帶著露營的人四處探險，不過他們使用貨車載著露營者們，坐在車斗裡有些不太安全。建議提供地圖給露營者，讓他們可以自行開車前往。,3,1,0,1834,,2020/05/07,0,中立
這個草地的環境不錯，營地主人也很友善，但晚上蟲蟲太多真的讓人受不了，另外衛浴設施也太少了。,3,1,0,1858,,2019/05/07,0,中立
老闆非常貼心地準備了夏日消暑的茶飲，並且用心栽種樹木，經營露營區。,3,1,0,1859,,2019/05/07,0,中立
風景不錯，只是有些可惜沒有提供沐浴用品和吹風機，這部分稍微不太方便。,3,1,0,1861,,2019/05/07,0,中立
五月的白天在中午過後變得很炎熱，但晚上很清涼，露水很重。植物長得茂盛，風景宜人。然而，有點受到蒼蠅和蚊子干擾，衛浴設施較少，洗澡需要排隊。建議在中午之前搭營，第二天一早離開，可以避免炎熱。,3,1,0,1864,,2019/05/07,0,中立
露營地的管理者對露營者的情況好像沒有太大的關注。晚上有人在半夜打麻將，大聲談笑聲不斷，而且洗澡時完全沒有熱水。連小孩洗澡也沒有熱水可用，他們只好硬著頭皮咬牙坚持洗完澡。我們趕緊向管理者反映這個問題後，他們來換了瓦斯，但結果還是沒有熱水，也沒有任何關心的表示。當我們告訴管理者小孩要用冷水洗澡時，他們就裝作沒聽見一樣。另外一間露營區在洗到一半時也沒有熱水，等了超過10分鐘換瓦斯，結果小孩星期日晚上就發燒了！請問管理者為什麼不去巡視一下瓦斯供應是否正常？晚上的溫度這麼低，竟然要等到有人洗完冷水澡後才通知，這樣真的不合理！此外，管理者看起來對露營者的情況一點也不關心。半夜2點還有人在打麻將，另一區則有人大聲喧鬧聊天，整個氛圍真的很糟糕！,3,1,0,1879,,2024/04/23,0,中立
這裡很擁擠。住在G區的話，廚房水槽要和另外兩個帳篷共用（旁邊沒有棧板的話就是三個帳篷共用），只有一間廁所和一間浴室，不太方便但還算乾淨。插座位置有點遠，需要用兩條延長線（10米和15米），空間有點狹窄，冰箱只有在營地本部才有。,3,1,0,1907,,2022/04/13,0,中立
營區有些擁擠，狗狗常來啃鞋子.....,3,1,0,1942,,2020/08/12,0,中立
這次預訂的是7號草地區，場地是狹長型的，非常小，根本容納不了7個帳篷。向營地管理人反映後，得到的回覆是無法接受這種狀況。,3,1,0,1956,,2019/08/03,0,中立
這裡蟲蟲好多啊！7號區的場地太小了(擠擠的，小朋友沒地方玩)，建議不要露營！,3,1,0,2024,,2018/06/20,0,中立
營區有點擁擠，洗手台位置不夠方便。廁所顯然數量不足，但其他方面都還可以，營地主人很親切。,3,1,0,2035,,2018/05/01,0,中立
由於訂位系統出錯，而被不明原因擠了三帳，營主卻不確認對方的訊息，讓我們不得不吃悶虧。希望下次營主能有主見，堅決解決問題。,3,1,0,2060,,2018/01/08,0,中立
營位大小與網站資訊不符，進入後發現所查詢的營位尚未出現，對方立即詢問尾款，讓人感到不愉快。準備搭建四方型天幕時才驚覺營位太小，無法搭建。我們位於草皮區域，單人帳那邊，四方型天幕尺寸為440*550，營地網站上標示營位大小為5*5。僅供參考，無其他意涵。,3,1,0,2116,,2017/07/14,0,中立
有很多蟲蟲。在浴室淋浴時會遇到很多蟲蟲。 很容易在身上看到Dior的標誌。沒有提供飲用水。 上山的路很難開。 繼續前進再要二十五分鐘。G區只有g1有景觀。夜景不像宜蘭市的夜景。應該不會再前來造訪了。 一千塊可以去很多其他地方。,3,1,0,2175,,2023/05/07,0,中立
這次在宜蘭露營真的遇到不少困難，下雨的時候更是難上加難，整個G區都變得很黑，地面還有水坑，搭帳篷的難度大增。飄著霧雨的天氣也讓景色難以欣賞，下次應該不會再選擇在宜蘭露營了吧。,3,1,0,2176,,2023/05/07,0,中立
無法繼續前進的情況真令人沮喪，山路未經整理很難通行。,3,1,0,2187,,2022/05/07,0,中立
廁所太不夠用，排隊很不方便,3,1,0,2222,,2020/05/07,0,中立
在景區裡，G區的景色相當不錯，可以看到龜山島和蘭陽平原的夜景。晚上如果關燈的話，會有滿天星空，有時候甚至能看到銀河。草地中間有一個適合小孩玩遊戲的區域，玩沙的地方有遮陽設施，旁邊也有水池可供玩水，但要注意水池邊緣比較高沒有方便上下的地方，並且要留意天氣的涼爽程度。管理員非常友善且熱心，廁所清潔衛生。另外，AB區距離浴廁較遠，如果營區裡帳篷數量眾多時，衛浴設施可能會不夠用，且有時候冷熱水控制不易，但提供了水桶。雖然沒有小黑蚊，但這次遇到相當多的蒼蠅。,3,1,0,2225,,2020/05/07,0,中立
剛好碰上營區宿客素質不佳，學生開趴到半夜，老人清晨五點起床聊天上洗手間，浴廁清潔狀況不理想，熱水供應也不穩定。也許來這個營區就要看運氣了。,3,1,0,2229,,2020/05/07,0,中立
營地不大，但海拔較高，夜晚天氣晴朗時可欣賞星空。建議避免在炎熱時段登山紮營，因難有遮蔽物遮陽。水電設備完善。,3,1,0,2236,,2019/05/07,0,中立
G區夜景很漂亮，但是衛浴設備需要改善，並且環境衛生方面需要更多注意！,3,1,0,2244,,2019/05/07,0,中立
這個地方的環境真是令人失望。要從台七甲上去後轉段道路，完全沒有路燈，至少要開 20 分鐘。夜間前往的人一定要注意安全，因為營區裡的蟲實在是太多了，而且還沒有飲水機。入住的朋友們一定要小心。看起來露營樂上的照片應該是很多年前的了。一帳 1000 的價格，有許多更好的選擇。,3,1,0,2278,,2022/12/08,0,中立
G區的營位白天和晚上的風景都很美，每個時段都有獨特的感受！但草皮長到膝蓋，環境看起來已經被忽略好一陣子了。不時有虎頭蜂在四周飛來飛去！雖然營位附近有衛浴設備和冰箱/冷凍櫃，很方便使用，但洗澡間和廁所是分開的，清潔狀況有待加強。營地最吸引人的地方是風景，特別是Ｇ區可以欣賞到夜景和龜山島的美景！,3,1,0,2281,,2022/08/01,0,中立
今天雖然下雨，但地面沒有變得泥濘。孩子們依然玩得非常開心。,3,1,0,2285,,2022/04/08,0,中立
環境有點混亂，設備不太完善。,3,1,0,2288,,2021/11/22,0,中立
在G區第二次露營的經驗不太理想，帳位空間狹小、營地規劃混亂。車輛亂停，公共空間狹小，還有人停車擋住帳篷。18帳卻只有2間衛浴和4間廁所，洗澡水溫忽冷忽熱。冰箱提供了兩台但冰不涼，食材因此變質，洗食材得到廁所區。晚上跳電5到6次，早上5:30也沒電！夏天無電扇可換，只好草草收拾帳篷。好處是風景美麗，晚上睡覺很涼爽！絕對不要選擇G區！,3,1,0,2303,,2020/06/29,0,中立
需要增加護草墊、整修營區階梯、並處理衛浴空間的蚊蟲问题。,3,1,0,2311,,2020/02/22,0,中立
連假期間即使下雨，營地依然爆滿，設施似乎無法應付如此多的旅客。另外，發現原本的冰箱有點髒，希望能夠提供更多冷凍冰箱設備。,3,1,0,2315,,2019/07/17,0,中立
"1. D和F區的營位距離車道太近，對小孩來說可能有危險性。
2. 浴室的熱水溫度時冷時熱，不穩定。
3. 不確定是放在冷藏還是冷凍庫？冷度似乎不夠冰涼。
4. 活動期間不巧遇到一對喝醉的夫妻吵架，半夜間持續大聲爭吵，打擾到許多露營的人。希望營區在夜間能有管理員或營主在場，以便及時應對任何問題的發生。",3,1,0,2368,,2018/04/09,0,中立
元旦那天下雨真是讓人感到不舒服。上層區域的規劃似乎沒有做得很完善，浴廁的設備也很普通，跟去年來的感受相比有很大的差別。,3,1,0,2377,,2018/02/12,0,中立
天氣不佳，讓美景欣賞受到影響，期待下次能有更好的天氣再來！另外，沙坑區的遮雨棚已經破損，導致孩子無法遊玩，建議盡快修復。此外，營位的洗手檯都很髒，有很多污垢，讓人感到不舒服。,3,1,0,2379,,2018/01/05,0,中立
營主很親切，營地不錯，營主待人有禮。,3,1,0,2452,,2016/12/30,0,中立
周遭環境清潔，草坪打理得宜,3,1,0,2528,,2021/05/07,0,中立
不太建議參加星期五的露營活動，因為露營主人通常半夜才回到家，導致要等他才能使用冰箱保存食物，很不幸地，第二天我們的雞肉就爛掉了。不過值得讚賞的是，衛浴設備很乾淨，而且露營主人也很勤於維護公共區域的清潔。,3,1,0,2542,,2021/05/07,0,中立
露營地整潔，衛浴設施乾淨，風景還不錯。離瀑布很近，大約需要40分鐘車程。,3,1,0,2549,,2020/05/07,0,中立
這個地方雖然沒有太多設施，但讓人更貼近大自然。靠近瀑布，溪水清澈，還有一個平坦的小水池，可以讓小朋友安心嬉戲。整體營區很棒，只是螞蟻比較多。,3,1,0,2550,,2020/05/07,0,中立
這個地方自然生態豐富，有很多毛蟲，夜晚可能會出現各種昆蟲，如果怕昆蟲的人要慎重考慮。空氣清新，但風景欠缺。主辦單位勤於清理垃圾和保持洗手間的清潔。,3,1,0,2582,,2022/12/08,0,中立
在C區選擇住宿時，要看看其他露營者是否具有公德心。當入住的當晚十點半，有人大聲聊天並有人彈奏吉他；且在C區浴室裡晚上十一點仍有人用吹風機並大聲談話，談話聲音甚至比吹風機還大聲。儘管詢問過老闆後得知晚上十點後原則上禁止大聲嘈雜，但卻出現了上述情況，而老闆並未出來管理營區，也沒有宣導營地上的露營者們。在這種情況下，只能靠運氣了。,3,1,0,2622,,2019/08/20,0,中立
環境不錯，經營者非常用心管理品質，但可惜出入口道路狀況欠佳，車輛底盤刮傷不少，同時泳池磁磚也需改善，有小朋友被刮傷，幸好營主提供保險，可算盡了責。,3,1,0,2746,,2023/05/07,0,中立
這地方沒有提供飲水機和沐浴用品，需要自己準備。風景普通，周遭有農地，有許多蒼蠅。上山的路很窄且路況不佳，底盤過低的車不建議去，並且交通會很辛苦，個人不推薦造訪。,3,1,0,2787,,2021/05/07,0,中立
營區早上10點開門，請大家不要太早到，以免打擾到營主，感到抱歉。,3,1,0,2793,,2021/05/07,0,中立
草地區到洗澡堂的距離有點遠！,3,1,0,2797,,2021/05/07,0,中立
這意思就是從這句話可以了解到你覺得這個地方環境很好，很適合來這裡玩。,3,1,0,2801,,2021/05/07,0,中立
基本設施良好，但從傍晚到隔天一直散發著雞糞肥的異味，有點令人困擾。此外，有種蜜蜂一直跟在人身邊，不管遇過多少種各式各樣的蟲，都沒有像這樣的情況，讓人相當困擾。,3,1,0,2812,,2020/05/07,0,中立
營地明確規定禁止卡拉OK，可現在卻有兩組人在大聲放歌。原以為在山上露營可以享受寧靜美好的自然，卻被噪音打擾了心情。扣一顆星。但其他方面，廁所整潔、營地乾淨，真是一個不錯的地方！,3,1,0,2834,,2019/05/07,0,中立
周遭開發得蠻多了，但視野還蠻開闊的！,3,1,0,2842,,2018/05/07,0,中立
營地主人非常熱情，設有地下噴水池，孩子們玩得很開心。,3,1,0,2855,,2023/02/16,0,中立
路況：白蘭部落的道路還算通暢，但在營區內要小心，因為有些路比較陡峭。冰箱：冰箱只有冷藏區，沒有冷凍區，而且只在營本部，拿取食物需要走一段遠路。浴廁：四區和六區的浴廁是在一起並沒有乾濕分離，地板因潮溼而長出一些青苔。考慮到有這麼多區域，如果大家在同一時間使用，浴廁一定會不夠用。浴室使用瓦斯，友人沖澡時熱水會在一半時就停了，得換到另一間，幸好旁邊的空位沒在使用。熱水的控制有些問題，容易著涼，而且浴室沒有裝網狀隔間，內部有時會有很多蟲。最後，唯一的小便斗有點漏水，使用起來不太順暢。營位：營位比較寬敞，使用空間足夠，土地質地也適合釘營。但營地有些地方有一點傾斜，桌子或床位的使用可能會受到影響。供電：晚上突然斷電，整個區域都沒有電，直到營主維修後才恢復，我們影響不大，但其他區域的人可能就不一定。,3,1,0,2964,,2024/01/07,0,中立
"8區營地包含7個帳篷和2個天幕，空間很寬敞，還有大約兩個帳篷的空間可供使用。但是8區的草地狀況不佳，有一些坑洞，尤其是因為下雨造成的泥濘情況很嚴重。營地提供垃圾桶和回收桶，電源插座充足，洗碗台也很乾淨寬敞。要注意的是，低底盤和轎車進入8區時要小心右轉的彎道，有兩個大坑洞和石頭，需注意角度貼近左邊，以免刮傷底盤。此外，草地上的坑洞造成積水問題，沒有護草墊，下雨天可能會更加惹人嫌。

廁所則是和7區共用，需要走樓梯下去，整體算是乾淨，定期清理垃圾，熱水充足，但第二天同樣的洗澡間卻發現沒有熱水了。風景包括雲海和螢火蟲。冰箱設於營區入口處，對於8區的露友來說很遙遠，需要開車下山去取食材，且營區只有一個小冰箱，沒有冷凍功能，建議在兩區之間增加冰箱。對於晚上要出去守夜的露友，途中請注意有些較大的坑洞和水溝，而且霧氣可能較大。",3,1,0,2986,,2022/05/07,0,中立
第一區營地風景很漂亮，但是兩隻雞整天輪流叫，實在太吵了。更不可思議的是，10月二露六區的雞突然消失，竟然變成了貓。結果浴室熱水器出了異常，洗澡時會聞到瓦斯味，有時候還會突然變成冷水。是使用三星品牌的嗎？,3,1,0,3000,,2022/05/07,0,中立
我個人比較不太喜歡廁所和浴室在一起，特別是一些比較老舊、蟲蠻多、有異味的。不過除了這個問題，這裡的風景和草地都很美。,3,1,0,3008,,2021/05/07,0,中立
在露營遇到吵鬧的人可能算是運氣不佳，但營地管理者應該要及時制止。有些區域的人吵到深夜兩點，雖然營地管理者很熱心友善，但整體露營體驗仍然受到影響。至於廁所和浴室方面，還算可以接受。,3,1,0,3011,,2021/05/07,0,中立
櫻花盛開時景色美不勝收，風吹拂時更是令人驚艷，然而設施方面仍有不足，包括廁所容量不足，洗澡時水溫不穩定，以及電力供應不足，容易造成兩台吹風機同時使用時跳電的情況。,3,1,0,3014,,2021/05/07,0,中立
場地有些狹小，我建議你去天湖露營區。,3,1,0,3018,,2021/05/07,0,中立
營地的安排較彈性，但是廁所沒有封頂，晚上容易有許多昆蟲飛進來，讓小孩洗澡上廁所感到害怕。此外，冰箱在營地的主要區域，營地主人不在或是休息時間就會鎖上，這讓帶食材前來露營的朋友覺得不太方便。,3,1,0,3036,,2021/05/07,0,中立
現在是四點，太陽很強烈，山景還不錯，只是設施稍嫌少了一些，不過不是花季有點無聊。我們進去後才碰到負責的人收費。,3,1,0,3052,,2020/05/07,0,中立
2區的電源供應是30安培，斷電超過8次，感覺不太妙，廁所衛生需要加強。,3,1,0,3064,,2019/05/07,0,中立
景色很美，但設施有些陳舊。,3,1,0,3072,,2019/05/07,0,中立
2015年我和一群露營的朋友一起去過，那個露營區比較靠近大自然。當時浴室是共用的，熱水器也是共用的，水溫取決於隔壁是否有人在使用。當時晚上我們還煮了麻糬，現在想起來真的覺得很好吃。,3,1,0,3077,,2019/05/07,0,中立
夜景很美，但衛浴設備有點簡陋。,3,1,0,3096,,2018/05/07,0,中立
應該是因為櫻花開滿，這個營區看起來很美。不過因為前方被樹木擋住，無法直接看到山景，有點可惜。廁所設備還可以，只是水溫有些不太穩定。幸好這次遇到了不錯的露營夥伴，我兒子也跟他們玩得很開心，希望沒有給他們添太多麻煩。,3,1,0,3111,,2022/01/23,0,中立
第8區的位置很遠離營區本部，去浴廁需要走一條稍微陡峭的樓梯，較不方便。浴廁沒有天花板，所以有很多蚊蟲。,3,1,0,3125,,2020/12/14,0,中立
這個營地設備不太完善，廁所很少而且條件簡陋。,3,1,0,3141,,2019/09/20,0,中立
廁所缺乏衛生紙，稍顯不便。建議添加衛生紙供應。此外，草地上散落乾燥狗糞，環境不衛生，垃圾桶未妥善處置垃圾。垃圾桶無加重物固定，夜間可能招致流浪動物翻垃圾。整體情況待改進。,3,1,0,3156,,2018/11/26,0,中立
如果蒼蠅不像喪屍一樣的話，這個營區就算是100分了～,3,1,0,3184,,2023/05/07,0,中立
這個營區環境很好，但價格上漲得過分了，可能不太想再去了。,3,1,0,3189,,2022/05/07,0,中立
共同使用寬廣的草地，設備完善的廁所，營地中心也有售賣冷飲的地方。,3,1,0,3217,,2021/05/07,0,中立
草地柔軟，兩棵落雨松之間有個營位，帳篷搭在色彩變幻的落雨松下格外有意境。車與帳篷分開設置，儘管帳篷滿了也會感到擁擠。乾濕分離的衛浴設施讓洗澡更加舒適。路況很順暢，但進入營區的田間小路比較狹窄，周圍是果園農園。上午時見散落的蒼蠅，下午看到有農民戴著口罩噴灑液體，希望不是農藥。,3,1,0,3237,,2020/05/07,0,中立
水龍頭的水是溫的，對於冬天露營來說真的很貼心。不過包區的營位營主只讓我們使用部分草地，因為中央的走道需要空出來供營主開著高爾夫球車來行銷產品，這算是一種特別的商業手法。,3,1,0,3238,,2020/05/07,0,中立
環境整體還可以，只是周圍都是果園，所以常常有許多蒼蠅。,3,1,0,3243,,2020/05/07,0,中立
我覺得這個地方很不錯，適合遠離城市的喧囂，來此旅遊可以住宿也可以露營。,3,1,0,3258,,2019/05/07,0,中立
草地很舒適，廁所保持乾淨，有定時清理，衛浴設備也有乾濕分離。只是人潮稍嫌擁擠，需要排隊付費。,3,1,0,3263,,2019/05/07,0,中立
從觀察你對環境的注意力和浴室的整潔程度，可以感受到你是很用心維護這個地方的。不過，小朋友的活動空間似乎有點不夠。,3,1,0,3279,,2018/05/07,0,中立
包棟民宿外的露營區可以增設電源。,3,1,0,3282,,2018/05/07,0,中立
優點是擁有寬廣的草地，但缺點是帳篷太多佔據了空間，讓小朋友沒有足夠的遊玩空間。,3,1,0,3289,,2018/05/07,0,中立
這個地方的優點是衛浴設施很棒，草地很美麗，設施新穎。不過缺點是有很多蒼蠅，營地規劃過於擁擠，小孩玩樂空間不多。,3,1,0,3301,,2018/05/07,0,中立
這次活動絕對是無論風雨如何都不停止，營地主人的用心經營讓大家感同身受。免費的草莓隨意採摘，天氣變化使我們只能根據情況進餐，這將成為難忘的回憶，即便是在車上入眠。,3,1,0,3305,,2017/05/07,0,中立
這個地方空間寬廣，有很多區域可探索。A區是用來放行李的，車輛需集中停放在停車場。在這裡有民宿，裝潢具設計感，但不確定舒適度如何。營地地方很大，適合小朋友奔跑玩耍，主要是平地，沒有危險性。不過缺點是沒有美景，旁邊只有果園，這一點有點可惜。,3,1,0,3315,,2017/05/07,0,中立
除了草地外，其他地方好像沒有什麼值得稱讚的！,3,1,0,3323,,2017/05/07,0,中立
雖然環境看起來很乾淨漂亮，卻意外地有跳蚤，我被咬得很慘，付帳時開始癢起來，真是苦不堪言～,3,1,0,3327,,2022-04-28T17:04:37+08:00,0,中立
各區的腹地都有點狹窄，滿帳間也感覺有些擁擠，最後十幾分鐘的路程有幾個超陡的上坡彎道，對引擎、輪胎的表現和駕駛技術都是一大考驗，非常建議避免在晚上行駛。,3,1,0,3396,,2022/05/07,0,中立
路顛波的意思是路面不平整、顛簸，可能會讓車輛顛簸不安，因此在快到時，遇到路面很陡且不好開的情況。,3,1,0,3471,,2023/10/23,0,中立
快到營區大概5分鐘左右的時候，那條路的情況變得非常危險，很難開。,3,1,0,3472,,2023/10/23,0,中立
營地很吵~鄰居的狗叫聲~羊叫聲~凌晨4點的公雞啼叫~,3,1,0,3568,,2023/12/07,0,中立
這個地方有很多麻煩，包括小黑蚊、蒼蠅、貓狗翻垃圾桶，孩子被跳蚤咬，還有附近野狗晚上和清晨吠叫，隔壁鄰居的鵝也叫聲大！營區沒有飲水機，地面只是看似草地但卻有很多碎石。不過衛浴設備清潔，營主人很友善，只是有些不方便。,3,1,0,3592,,2022/05/07,0,中立
一個包區的位置比較寧靜，很不錯。射箭區雖然小，但仍然很有趣，可能是因為沒有人和我們搶場地，不用排隊（那天很滿）。營區內還有沙坑和水池。當天有製作麻糬的活動，主持人會逐一告知體驗時間。,3,1,0,3609,,2021/05/07,0,中立
"1. 浴室很乾淨，有浴缸和水瓢，但建議自備衣架扣環，方便掛東西。 
2. 提供Wifi、草墊、吹風機、脫水機、冷凍冰箱、冷藏冰箱和衛生紙。 
3. 上層的營區在大雨時排水良好。 
4. 蚊蟲較多，尤其是小黑蚊。同行的親友和小朋友被叮咬了不少。 
5. 營區常有小貓出現。 
6. 營位上的洗手台有遮陽傘，但只有暗淡的太陽燈，不足以提供足夠照明。",3,1,0,3610,,2021/05/07,0,中立
靠近營地入口的景色非常迷人，下方的觀景台景色也很漂亮，適合乘涼，是個有風有樹蔭的地方。主辦的湯圓與其他活動深受小孩喜愛，冰箱很小，坡道很陡。端午節時被小黑蚊叮到小腿都是紅豆冰，營地飼養的雞半夜兩三點就開始啼叫直到天亮。還有水池可以給小孩玩水。,3,1,0,3617,,2020/05/07,0,中立
營區的入口道較狹窄，開車時需小心謹慎，別完全依賴導航系統。傍晚景色宜人，有不少活動可參加，但夜晚略感潮濕，早晨陽光升起時需尋找遮陰處。雖然營區稍偏離公路，但位於山區，常能聽到車輛的聲音，尤其是跑車。總體而言，這是一個值得一試的營區。,3,1,0,3620,,2020/05/07,0,中立
石門水庫湖面風景宜人，微風吹拂格外舒適。喜歡露營的朋友們可以考慮一下哦，但也要注意此處蚊蟲相當多，請做好防蚊準備。,3,1,0,3627,,2020/05/07,0,中立
風景很美！搗麻糬跟竹筒飯DIY活動有點簡陋，射箭區未整理，顯得荒廢。淋浴間只有三間，但水量充足，熱水也很足夠。,3,1,0,3630,,2020/05/07,0,中立
廁所乾淨，只是處數太少！其他的都很普通。,3,1,0,3634,,2019/05/07,0,中立
營區的空氣清新，因為它位於河流旁。,3,1,0,3635,,2019/05/07,0,中立
這個地方的設施很充足，有足夠的衛浴設備和電源插座，而且停車位也相當夠用！不過夏天來可能會有點熱，而且整個營區有點擁擠，但還算舒適。停車的方式很重要，可能會讓小朋友的活動空間有點受限，但還是有地方可以玩球飛盤。整體環境比較乾淨，衛浴設備和廁所也都不錯。至於水池，建議小朋友的爸媽最好陪同，因為水池很淺，並無危險，只需注意滑倒。營區老闆很親切健談。要說有什麼缺點的話，可能就是路有點難找。,3,1,0,3651,,2019/05/07,0,中立
營區離我們在台北市區的住處有點遠！這個營區是比較新的，空間不大，設計成了四層的「階梯式」結構。我們這次使用的是最底層（靠近衛浴區），原本可以容納八個帳篷，但由於大家都使用了大型或巨型帳篷，再加上客廳帳篷，最後只架起了六個帳篷。營區裡還有一個「營棧」可以購買飲料。此外還有瞭望台、兒童戲水池、射箭區，對小朋友來說是個很適合消磨時間的好地方喔！,3,1,0,3653,,2019/05/07,0,中立
這個露營區靠近石門水庫，位置在羅馬公路旁邊，交通方便，但山路可能讓容易暈車的乘客不太舒服。停車位較小，晚到時裝備不太方便，但營區提供推車。營區是梯田風格，小孩活動區域有限，有小水池和沙坑，帳篷之間較近。風景包括石門水庫、新溪口吊橋和角板山形象商圈，景色優美。盥洗設備有四間浴室、四間廁所和兩座小便斗，整潔度不錯，但沒有提供衛生紙。老闆和員工態度友善，是一個還不錯的露營區。,3,1,0,3656,,2018/05/07,0,中立
設施都已經年久失修而且沒有再維護的感覺，比如戲水池、沙坑、射箭等都沒有維護更新。路況也不好開，而且也不確定是誰是營地的負責人。,3,1,0,3668,,2023/05/14,0,中立
這裡的衛生設備需要改善。如果對環境要求不高的話還可以接受，但晚上會有一些小黑蚊。,3,1,0,3670,,2023/04/05,0,中立
我不知不覺間來到營區第二次。,3,1,0,3687,,2021/03/20,0,中立
手機訊號只有一格 (中華電信) 很不穩定，但營區有WIFI可使用。不過洗澡時突然沒熱水，還得等 30 分鐘。,3,1,0,3769,,2024/04/07,0,中立
該地方沒有景色，且衛浴設施過於陳舊。另外，黑螞蟻攻擊力強大，雨棚區的氛圍感覺不夠吸引人。綜上所述，這個地方的品質值得再思考。,3,1,0,3798,,2023/05/07,0,中立
駕車經過一段坡道，一會兒上，一會兒下，非常難開，情況極端。A區前的草地很小，但保持得很乾淨，孩子們在這裡玩得很開心。清潔的廁所裡，洗手台的溫水讓人感到舒適，在冬天更增添舒暢的感覺。位置處於山谷，沒有風，晚上很冷，但風不大。有一條小溪，不過我們在A區，需走一段路才能抵達，但垂釣的感覺很令人愉快。請營地負責人幫忙時，希望能關心一下我這個晚上11點就想睡覺的鄰居，不巧隔壁居然到凌晨三點還在大聊，真的令人難以入眠。,3,1,0,3807,,2023/05/07,0,中立
老闆退休後非常用心地經營營地，設施一一到位，每個平台的活動空間都十分充足。建議在設有廁所的平台加設帳篷以便使用，而且廁所旁還有提供熱水的洗手台，非常貼心，特別適合冬天。營地位於山谷中，因此相對涼爽，早晨的陽光照射也比較晚，可以稍晚起床，但要注意防蚊！另外，要小心使用谷歌導航，因為可能會帶錯路，要留意營地主人提供的谷歌指引訊息！,3,1,0,3875,,2020/05/07,0,中立
營區活動範圍有限，內部道路狹窄。道路盡頭緊鄰溪流，夜間溪水聲音較大，建議不要在溪邊設置帳篷。每區洗手台位置設計不佳，廁所和淋浴間較寬敞，但可能會出現熱水供應不足的情況。,3,1,0,3876,,2020/05/07,0,中立
洗澡時熱水供應不足，需要等30分鐘才能再次使用，這點確實有些不便。,3,1,0,3905,,2022/09/19,0,中立
浴室設施太少了，在 C、D、E 區共用的浴室實在不夠，而且即使把熱水調到最高也只有溫水，這不是我們露營的問題。封鎖我們的浴室也沒什麼道理，而且營區跳電可能是因為電力供應不足，只要有人開了暖氣等耗電產品就會整個區域斷電。可否訂立公約不使用高耗電的產品？此外，D 區只設立了三個水龍頭，其中兩個在後面，一個在廁所前面。我們必須排隊等候使用，因為前面的洗手台有熱水，所以大家都在那裡排隊。這讓我們很不方便，有時候連上完廁所都要等著用自己攜帶的水來洗手。,3,1,0,3922,,2022/01/03,0,中立
對露友們打招呼感覺很好。,3,1,0,3940,,2021/03/20,0,中立
排水系統很不良，建議雨天不要前往。第一次到草地時景色十分優美，第二次再次造訪時草地已經不見，再加上下雨，整個地面都變成泥濘，是相當糟糕的體驗。,3,1,0,3952,,2020/10/13,0,中立
"1. 特1區的房間很整潔，但1樓的客廳和2樓之間可以直接通行，這有點奇怪。
2. 在特1區的廚房旁邊是衛生間，偶爾會有尿味。
3. 其他部分還不錯。",3,1,0,3989,,2023/05/08,0,中立
這間營區的老闆待人熱情健談，整體環境雖不算大，但大多營位都擁有五葉松可以遮蔽陽光，是一個小而美的營區。夏天造訪時有些小黑蚊，這點會扣減分數。除了戲水池的清潔度需要改善外，主要問題在於管理方面沒有嚴格執行夜間入營的規定。晚上11點仍有人進營區，12點還有人在敲鑽營釘或充氣床墊，造成兩晚都遇到一些顯示缺乏素質的露營夥伴。雖然這不完全是營區老闆的錯，但營區管理方面確實需要改進，以改善整體觀感。,3,1,0,3997,,2023/05/08,0,中立
這營區很寬敞，旁邊還有湖可以欣賞，而且沐浴設施沒有使用限制。營區內提供多種露營方式可供選擇，包括有雨棚區、松樹下、竹林以及碎石區。然而，缺點是沐浴設施和冰箱相對較少。,3,1,0,4019,,2022/05/08,0,中立
老闆客氣，但蚊子太多了，回去後癢了好多天。,3,1,0,4026,,2022/05/08,0,中立
I 區這天氣很冷，帳篷擠滿了，我覺得收費過高。沒有人帶家用暖風機，整晚跳電好幾次。營區工作人員處理得很快，但半夜跳電時，要等到天亮才有電。浴室有兩間分別供男女使用，還有男女各一間，配有坐式馬桶。蹲式廁所吹風機只能在女生廁所使用。冰箱只有在浴室附近，河口步道可通往石秀灣。,3,1,0,4027,,2021/05/08,0,中立
B區不太推薦，因為會受到干擾且浴廁數量較少。每個區域應該再減少一些帳篷，有些小蚊子飛來飛去，也常常發生跳電情況。不過，五葉松林的風景非常美麗。,3,1,0,4037,,2021/05/08,0,中立
現在八月份，許多人都被小黑蚊叮得不停，可能每個人都有超過20個蚊蟲咬傷。如果不想被咬，建議攜帶高效的防蚊液，不然很可能會和我們一樣，無論噴多少都仍然被蚊子叮咬。,3,1,0,4043,,2021/05/08,0,中立
將雨棚安裝在較大的空間會更好！,3,1,0,4071,,2019/05/08,0,中立
營地裡的問題真是令人擔憂。蚊子多，而且水管膠的臭味讓人擔心可能會被帶到水中，特別是有小孩在身邊更加令人擔心。跟營主反應後，只獲得了抱歉的回應，這個情況讓人感到很不安，尤其是有可能帶毒物的水。台灣在環境教育方面還有很大進步空間，這種情況在國外一定會引起訴訟。,3,1,0,4081,,2019/05/08,0,中立
風景很美，老闆人很好，只是有些小黑蚊。,3,1,0,4086,,2019/05/08,0,中立
廁所是移動廁所，而且裡面有很多蚊子。,3,1,0,4099,,2018/05/08,0,中立
營地設施很齊全，有提供免費的地面防水隔板，水槽的水量充足，使用電力也很方便，廁所和浴室保持乾淨，還有寬敞的草地。不過，因為靠近竹林，所以有較多的小黑蚊，咬人比較兇狠。,3,1,0,4100,,2018/05/08,0,中立
蚊子太多了，夏天時最好不要出門，否則最好避免穿短褲。,3,1,0,4178,,2024/03/07,0,中立
這次露營經歷遇到了老闆娘，她的態度非常友善。我們選擇在禮拜日去露營，所以老闆娘讓我們自由選擇營位，我們因此多給了一顆星。可惜的是：1.蒼蠅非常多，一不小心就會進入帳篷；2.螞蟻數量驚人，幾乎讓人感覺它們正在搬遷整個螞蟻窩進入帳篷裡；3.還有飛的蟑螂，以及許多其他昆蟲在帳篷外徘徊；4.營區設施可能缺乏維護，有發霉和生鏽的問題，讓人感到非常遺憾；5.營區照明不足，夜晚顯得有些昏暗。優點是營區整體算是美的（如果忽略發霉的部分），有湖岸和小溪，晚上還能聽著河水聲入睡，心情相當愉悅。,3,1,0,4199,,2023/05/07,0,中立
最初以為距離台北很近，看照片覺得不錯，而且有雨棚應該會很放鬆。不料正好下雨，雨棚內有積水，從帳篷走到廁所的路都是水坑和泥巴，腳永遠是髒的，這次露營是我經歷過最痛苦的一次！另外，蚊蟲也很多，但戶外的環境難免如此！建議營地設施應該要進行翻新，排水系統也要改善一下。做好這些改進後，我相信這個營地會變成一個非常棒的地方！,3,1,0,4217,,2021/05/07,0,中立
小黑蚊很多，洗澡時熱水不穩定，女廁馬桶經常淹水。,3,1,0,4228,,2021/05/07,0,中立
這個地方起初是一個魚池，後來成為了婚攝場地。,3,1,0,4234,,2021/05/07,0,中立
這個地方的熱水穩定，廁所也很乾淨。然而，營區營主欠缺熱情，並且不會定期巡視。當有訪客到來時可能會被要求額外支付費用。夜晚缺乏路燈，部分地方坑洞危險。,3,1,0,4238,,2020/05/07,0,中立
這個地方很適合不同年紀的人來半日遊，只是交通不太方便。,3,1,0,4266,,2019/05/07,0,中立
只有離市區很近這一個優點，其他條件還可以。,3,1,0,4268,,2019/05/07,0,中立
這次到營區露營，因為看到網路上美麗的照片才前來，但現場卻令人失望，許多景點看起來年久失修、狀況不佳。請提供一些建議，希望管理單位能更新網站相片。,3,1,0,4269,,2019/05/07,0,中立
露營時最重要的是心情以及夥伴的陪伴。在舒適的露營區中，老闆熱情地帶路，晚上聽蟲鳴鳥叫，偶爾也能看見螢火蟲點綴的景色，享受靜謐清幽的短程露營體驗就已經很值得了，即使園內的景點可能已經有些斑駁。關於湖上的鋼琴，也是可以彈奏的哦。,3,1,0,4271,,2019/05/07,0,中立
在台北近郊的露營地，營區地面鋪設碎石，河岸附近有雨棚區域可供避雨，水槽位置合理分布，每兩個營位共用一組，靠近小溪的地方適合戲水，但使用水槽時應留意先進行汙水集中處理再排放至溪流。,3,1,0,4277,,2018/05/07,0,中立
環境算是不錯，浴廁很乾淨。唯一的問題是附近沒有路燈，有點暗，而且所住處離營地有點遠。還有，可惜沒有飲水機，需要到營地才能取水，確實有點不方便。,3,1,0,4282,,2018/05/07,0,中立
場地規劃沒問題，但沒有特別的風景。,3,1,0,4283,,2018/05/07,0,中立
這個露營地很適合親子同遊，周圍有環繞的山巒和湖泊，適合大家互動、烤肉、玩水和爬山。,3,1,0,4285,,2018/05/07,0,中立
環境還可以，衛浴設備齊全，只是在平地露營有些熱...,3,1,0,4290,,2018/05/07,0,中立
營地周邊的設施看起來有點破舊，沒有維護更新過。,3,1,0,4302,,2017/05/07,0,中立
這個美的價格太高了，一千元有點貴。,3,1,0,4304,,2017/05/07,0,中立
這個營地設施很豐富，但可能有點缺乏大自然的感覺。,3,1,0,4305,,2017/05/07,0,中立
這個地方的風景真的很漂亮，只是有點可惜門票貴了一點！,3,1,0,4308,,2015/05/07,0,中立
環境設備稍顯陳舊，有些可惜。如果能進一步美化湖周邊的景觀，將更為完善。或許在果園附近，會有些小黑蚊的問題。,3,1,0,4502,,2017/12/03,0,中立
很遺憾... 沒有放天氣晴朗。27號還未到中午就開始下起大雨，打電話詢問後得知無法延期或退款。本以為下午會停雨，結果卻越來越大，等了一會兒後決定不露了，不希望弄得滿身濕透，也擔心小朋友會感冒或物品濕損。雖然花了1000塊，但當作是上了一堂課，下次天氣不穩定時還是會訂雨棚區比較保險。,3,1,0,4561,,2017/05/29,0,中立
可能是因為下雨的關係，景觀沒有很美，但最重要的是回家後多了一點紅豆冰在手腳上...><,3,1,0,4562,,2017/05/28,0,中立
浴廁的設施很不錯，但還有提升的空間。,3,1,0,4569,,2017/05/14,0,中立
在台北地區，交通非常便利。,3,1,0,4611,,2017/02/28,0,中立
帳帳相連讓空間感覺擁擠，浴室數量不夠。,3,1,0,4642,,2016/12/03,0,中立
這個營區設施很棒，特別是淋浴間的乾濕分離處理得很好！整個營區都有雨棚，但周邊的景點比較少。可能因為營區在山谷中，所以風向不定，會讓人感到有些不舒服。營區周邊看起來有些雜亂，不過有條庫志溪可以去釣魚、撈蝦。,3,1,0,4708,,2021/05/07,0,中立
營地長和夫人相處融洽，空氣很清新。,3,1,0,4715,,2021/05/07,0,中立
臨溪，山巒，是個很適合露營的好地方！,3,1,0,4741,,2019/05/07,0,中立
在雨棚上搭起帳篷，地面鋪著水泥，在地上可以看到四個金屬排水孔。溪水很近，可以享受玩水的樂趣，但是營地空間不太大，且沒有規劃客廳帳篷空間。,3,1,0,4754,,2019/05/07,0,中立
環境整潔，但營位較小，水龍頭位置可能會影響其他人的活動。,3,1,0,4846,,2018/09/25,0,中立
11/18號在竹雞區，綜合評價先扣兩顆星，剩下的三顆星給了這個營地還算可以的草坪和方便固定帳幕的好下釘設施。1. 靠近斜坡的排水管斷裂沒有得到修復，導致上層洗手台的水直接流往下一層的草地上，造成帳篷區域常有積水。2. 九個帳篷共用兩間浴室，浴室算是乾淨，但其中一間熱水器在週六傍晚故障，沒有任何人來維修或擺放告示，讓在寒冷天氣裡洗冷水澡的體驗相當糟糕。3. 廚餘桶的擺放方式並不理想，沒有考慮到營地內有貓狗會出沒，果然，半夜廚餘桶就被貓打翻了。4. 營位的寬度約為五米，大帳篷需謹慎進入，在視野上只能看到老鷹區略有風景，其他區域則有些遮擋，竹雞區更是完全看不到什麼，整體而言視野都不及旁邊烏嘎彥的獨立區或C區。,3,1,0,4868,,2023/12/08,0,中立
這個地方的環境很美，但浴室的數量明顯不夠，而且開車在山路上要小心，因為路很窄又陡峭，低底盤的車輛要特別注意駕駛安全。,3,1,0,4929,,2020/05/08,0,中立
車上遇到了一些困難，但風景不錯。,3,1,0,4930,,2020/05/08,0,中立
營地主人的服務很好。廁所和浴室都很乾淨，但數量少且集中，需要排隊等候。建議增加更多的廁所和浴室，並擴大場地，不要超過承載量。進入營地的路太小，晚上開車很困難，需要找方法改善。,3,1,0,5152,,2017/10/23,0,中立
這個營地的位置方便，並提供多樣的親子設施和設備，總的來說是一個很舒適的營地，營主人也很友善。然而，洗澡時間有限，白天沒有熱水供應，裝備放置處有限並可能造成壓力，適合騎腳踏車的空間有限，撤帳時間較為嚴格，且光害較大。希望營地主人可以思考解決這些問題，為營園增添更多便利性。,3,1,0,5231,,2023/12/08,0,中立
這個地方的優點包括有足夠的冰箱和冷凍庫、大草皮空間供孩子打棒球，還有籃球場可以運動。此外還有腳踏車、玩沙區、戲水區和飲水機。營地主人家勤勞打掃，處理垃圾與分類，經常巡視清潔環境。然而，廁所和浴室設施較少，需定期清潔，並有指導停車服務以確保孩子的安全。此外，季節需選對時機前來，因為風大時可能會有蚊子以及一些硬體設施也需要改善，例如女廁浴室的冷水流量太小，需要加裝加壓馬達以改善水溫。,3,1,0,5253,,2023/05/08,0,中立
優點是，這個營區的海拔不高、開車路況良好，兒童設施非常多，草坪也很適合小孩玩耍。缺點是，這裡有非常多的小黑蚊，即使噴了防蚊液還是會被叮滿腳，從中午到傍晚都有，傍晚還會出現超大隻的斑蚊，那種叮到會痛的，非常可怕。也建議下次可能挑冬天來，會比較適合。,3,1,0,5259,,2022/05/08,0,中立
這個營區適合喜歡熱鬧氛圍、不介意大杂烩式料理的人。帳篷相鄰且距離很近，晚上10點要保持安靜。營區擁擠，就算帳篷方向稍有偏差也會被指正。浴室和廁所無法應付周末的高人潮，熱水僅提供晚上6到12，尖峰時段要排隊等候。插座電壓不穩定，夏天可能會有跳電情況。夜間抵達建議在10點前到達，否則大門將上鎖。營區整潔維護良好，對於喜歡整潔的人來說可能不太適合。前往之前建議閱讀營地規定，避免違規被責備。,3,1,0,5283,,2021/05/08,0,中立
冬天用電不穩定，需要改善以提供更友善的露營環境品質。,3,1,0,5284,,2021/05/08,0,中立
A區和CD區位於不同的位置，A區是停車場，CD區可將帳篷放在前面，但共用相同的廁所和浴室。如果帳篷全部被訂滿，洗澡可能要等很久，而在淋浴時可能會感到有點冷。廁所很乾淨並有拉門，提供衛生紙。若選擇CD區靠近尾巴的位置，需注意離廁所有一段距離，十二月去可能會有一些蒼蠅，不易避免的螞蟻問題，嚴重時可能會進入帳篷及車輛，建議選擇靠前的營位。然而，營主分配的位置應該不會有相鄰的帳篷問題。這是一個適合孩子的地方，有沙坑、籃球場、腳踏車和溜滑梯。這裡也提供冰箱和飲水機，建議食物和飲品要先準備好再開車下山，需耗時約十到二十分鐘才能抵達711。,3,1,0,5288,,2021/05/08,0,中立
熱水供應不足，孩子們玩水後無法方便沖洗。,3,1,0,5331,,2023/12/28,0,中立
老闆可以不要那麼緊盯我嗎？這種感覺真的很不舒服。,3,1,0,5341,,2022/05/16,0,中立
鄰居為了割草發出的噪音無法控制，讓人在清晨就被吵醒。應該要求老闆善盡鄰里和睦的責任，請鄰居避免在清晨時段使用強大的割草機器。這樣即使無法控制鄰居的行為，至少可以掌握鄰居農作的時間表，提前告知露營者，讓他們考慮要不要忍受清晨的噪音。向老闆反應這個問題，卻得到的只是口頭上的回應。,3,1,0,5353,,2020/11/30,0,中立
對方的聯繫不夠主動！由於連日大雨，我在出發當天早上就主動聯繫營主，詢問是否建議露營的活動取消。直到晚上七點半才得到回覆，說不用前往，但大家已經出發了...現場有非常多的小黑蚊，讓我對人生感到懷疑。草地積水非常嚴重，雖然有提供草皮墊，但依然泥濘不堪！整體設備，大概只有浴室算是不錯，如果再改善排水速度會更好！,3,1,0,5376,,2019/06/10,0,中立
草地長得很快，需要修剪一下比較好。如果三組朋友同時抵達A區，負責建立帳篷和收拾帳篷會變得一團混亂，因為營地位置狹窄，客廳帳篷一設置完成後，幾乎沒有空間可以活動。由於無法將車開進營地，即使提前把車停好也無法輕易離開，停車場距離營位較遠，且沒有推車可供使用，只能靠人力搬運，容易造成家庭間的不和。在春夏季節，周圍有果園，蚊蟲及蒼蠅相當多。浴室和廁所算是維持得相對乾淨整潔。垃圾桶僅在入口處設置（這還好），但如果帳篷數量增多的話就可能會溢出。另外，在下大雨時，草坪的排水系統出現問題，容易積水。,3,1,0,5426,,2024/05/05,0,中立
11月18日到19日去露營的地方環境很好，但早上洗澡時突然沒有熱水，讓我差點感冒。而且打了三四次電話都沒人接。,3,1,0,5434,,2023/12/08,0,中立
整體來說都還不錯，但有些地方可以改進。,3,1,0,5435,,2023/11/08,0,中立
廁所設計得還不錯，但只有主營區有冰箱，C區的距離有點遙遠，對B區的大草坪很優秀，孩子們能在那裡遊戲和玩水，也有浴室，但缺少了冰箱很不方便。A區的營位相對比較狹長，如果使用大帳篷可能會稍微擁擠，而且草地不夠平整，有些地方有坑洞，所以在搭帳篷時需要留心地點。洗手台的數量也不足，根據訂位網站顯示每三個帳篷共用一個洗手台。此外，營地主人將我們的四個帳篷都安排在同一區。在這個季節，附近有很多螢火蟲，但也有很多小黑蚊、螞蟻和蜘蛛（體型都不小），白天還會有一些蒼蠅，最令人擔心的是還有大型蟑螂，這裡的生態非常豐富。,3,1,0,5440,,2023/05/08,0,中立
從香港回來的這位年輕男生非常友善和熱情，但是每個房客之間的間隔太近了。晚上過了10點後，其他房客的噪音很大，即使業者多次勸誡也沒有用。玩桌遊的人大聲吵鬧，喝酒的人開著音樂並大聲交談，一直到深夜12點才漸漸安靜下來，讓您終於可以入眠。,3,1,0,5450,,2023/05/08,0,中立
這次去露營的地方人數大約有20位左右，透過網路找到的。整體來說環境很不錯，風景優美、廁所也算乾淨、設備很完善方便使用，營地主人也很熱情。不過只給3顆星的原因是，有幾位營地主人的朋友也來打招呼，一開始我們認為很友善稍微交談一下還可以，不過後來越來越過分一直跑到我們的營位，一直要我們過去喝酒聊天，甚至還一直要找我們其中一位妹妹，我們都委婉地拒絕了但還是死纏不放。(我們多次說明了不方便) 離開後不久又再度來，最後甚至直接在我們的營位待著不離開。當時已經晚了而且小朋友都在睡覺，這已經嚴重侵犯到我們的私人空間。我們是來放鬆享受的，為什麼要跟營地主人的朋友應酬？！他們的職業和經歷對我們當下來說真的沒有興趣知道，更不用說要花時間精力應付。雖然地方本身不錯，但這次經驗讓我們對於再次造訪有所猶豫。,3,1,0,5468,,2022/05/08,0,中立
抵達時已近兩點，營地主人才剛開始搭我們租借的帳篷，直到傍晚才完工。最糟糕的是，半夜時氣墊床漸漸漏氣，讓我們睡得很不舒服。第一天使用廁所時，味道相當嚴重，小孩們一直抱怨很臭。隔天清潔過後好了許多。建議在廁所外設置洗手台和洗手乳，尤其在疫情期間，這點真的很重要！,3,1,0,5477,,2022/05/08,0,中立
在多帳時人潮眾多，建議可以前往包區。雖然廁所外觀不錯，但清潔方面還需加強。此外，附近的長興國小是個不錯的遊玩地點。,3,1,0,5500,,2021/05/08,0,中立
廁所乾淨，只是小黑蚊有點多。,3,1,0,5519,,2020/05/08,0,中立
有些營位的地勢不平，各個帳篷之間的距離太近了，需要仔細考慮一下，跟照片上的不太一樣。,3,1,0,5524,,2019/05/08,0,中立
環境不錯，但帳篷太擁擠，而且廁所太少。D區附近有惡臭的廢水散發。早上被狗吵醒，起床後還發現帳篷旁邊有狗的排泄物，心情都因此受影響了。,3,1,0,5527,,2019/05/08,0,中立
有小的沙坑和小水池，很適合玩耍。,3,1,0,5540,,2018/05/08,0,中立
營地草皮維護得很好，但是營地主人收取的費用有些貴，人也蠻多的。,3,1,0,5541,,2018/05/08,0,中立
浴廁很乾淨，但在現場被告知需支付額外的搭帳費讓人感到不滿。優點是浴廁整潔，服務人員態度良好；缺點是帳篷之間距離較近，地面不平整。在抵達現場後才被告知需額外支付300元的搭帳費，且無法選擇自己搭建，詢問為何事先未告知時被告知網站無法寫明，讓觀感不佳。,3,1,0,5562,,2023/02/13,0,中立
在營區人多的時候，我們應該更注意垃圾處理。,3,1,0,5610,,2019/03/02,0,中立
營地很小，帳篷很多，導致很吵。晚上和白天不斷聽到狗叫聲，不清楚是營地的狗還是附近居民的狗吠。過了晚上10點還有其他露營者大聲聊天，小孩尖叫，但營地管理者卻沒有出來管理。吵鬧聲、狗吠聲、尖叫聲一直在耳邊響起，而且蚊蟲特別多⋯⋯,3,1,0,5663,,2018/04/06,0,中立
除了兔子以外沒有特別的，老闆很熱心但不太擅長交流，不會主動回訪。,3,1,0,5719,,2024/04/08,0,中立
湖畔區的風景很美，讓人感到很舒服。坐在大樹下的這兩個位置更是絕佳。,3,1,0,5786,,2019/05/08,0,中立
景觀不錯，但營區有點擁擠，而且費用很高...露營一晚要價1500元。,3,1,0,5791,,2019/05/08,0,中立
這個地方的環境還可以，建築共有三層樓，最上面一層只有一間浴室，有點不夠用；中間二樓空間較小，但有四間浴室，需要和三樓共用；人多時，希望能更頻繁地清理廁所垃圾，會更好。,3,1,0,5793,,2019/05/08,0,中立
每個房間都配有床板，所以睡起來很平坦舒適！早上醒來就可以欣賞美麗的風景！可惜這個營區比較小...不過營區內有一家商店，可以補充一些飲料或日用品！,3,1,0,5844,,2018/05/08,0,中立
設備不錯景色還可以，只是收費稍微偏高一些。,3,1,0,5845,,2017/05/08,0,中立
空氣清新，環境簡單。,3,1,0,5955,,2021/05/08,0,中立
到山上遠離城市喧囂，欣賞美麗的風景，暫時放下塵世的煩惱，讓心靈得到放鬆與淨化，為了重新出發！,3,1,0,5968,,2020/05/08,0,中立
要小心開車，因為前往營地的山路並不好走。然而，營地的風景相當不錯，讓人感受到坡度的美感。,3,1,0,6031,,2021/04/26,0,中立
這個地方很舒適，雨棚安排得很好。前方有一塊不小的空地，主人的狗狗和貓咪都非常親人和可愛。但是小黑蚊實在太多了，近20位成人和小孩都無法幸免。也許應該在天氣比較涼爽的時候來，這樣比較適合。,3,1,0,6072,,2023/08/08,0,中立
七月時在櫻花區包了五帳，只有一間廁所和兩個洗手台（其中一個看起來較老舊且使用起來不太方便）。對於五個帳篷來說，廁所設施有點不夠用，且蚊子很多。不過營主會提供大隻的蚊香，而櫻花區需使用對面營區的冰箱。不過，該冰箱是營主私人使用的，裡面擺滿了各種食物，讓人聯想到阿嬤家的冰箱味道。建議有冰箱需求的人最好還是使用自己的。碰巧遇到營主的朋友在山上喝酒，把冰箱堆滿了兩箱啤酒，而且整天唱歌，一直持續到晚上十點，熱鬧極了。營區還住了親人的貓狗，牠們很溫馴對小孩也友善。走路約四分鐘就可以到冰涼的溪水玩水，營主夫人也提醒可以把蚊香帶到水邊。總的來說，地點有點小，設備有些需要加強，但自然環境還不錯。,3,1,0,6092,,2023/05/08,0,中立
營地充斥著小黑蚊和無數的蒼蠅，加上大雨，整個地面都泡在水裡。或許這是因為碎石頭鋪設不夠，整個營區都變成爛泥巴，非常不舒服。洗澡和上廁所的空間不夠，只有一個帳篷可以提供服務給五個營位使用。電源供應過長也可能造成安全隱患。,3,1,0,6093,,2023/05/08,0,中立
這個營區的營主夫婦非常友善，即時幫助旅客的需求。另外，離老街也不遠，方便悠閒地在老街尋找美食。不過，營區存在一些問題：1. 浴廁共用，上廁所需要排隊。2. 營區有貓咪出沒，有時會進入營位，甚至咬帳篷拉鍊，且不怕人難以趕走。3. 晚間無路燈，有露友在夜間活動。建議增加路燈控制以提升安全性。4. 水槽不足，洗碗洗菜需要排隊，尤其在煮食時間更是困擾。,3,1,0,6105,,2022/05/08,0,中立
雨棚区场地狭小且无灯光，淋浴水压不稳定容易弄湿衣服。浴室都是用铁皮搭建，洗澡时还要忍受隔壁间排泄物的恶臭，非常令人作呕。五个帐篷只共用两个洗手台，而且每晚1200元的價格太貴了，在同一價格下，設施更好風景更優美的露營區有很多選擇。,3,1,0,6114,,2021/05/08,0,中立
營地有點大，分散了，可能太小了。,3,1,0,6133,,2019/05/08,0,中立
進到營區時，看到一個相當陡的坡，讓我不禁擔心起我的小黑狗。老闆娘很親切地介紹了營區，並告訴我晚上會有螢火蟲，當晚果然看到很多螢火蟲。營區採用梯田式的設計，每區都不大，廁所和浴室各有一間，插座數量有限。不過，蒼蠅比較多，風景一般，唯一亮點是營區下方有條溪，小孩可以在裡面玩水，水質很清澈，有成人陪同相當安全。總的來說，我沒有特別推薦這個營區。,3,1,0,6143,,2018/05/08,0,中立
廁所和浴室合併在一起，所以...晚上洗澡的時候，需要上廁所的人就需要等一下囉。,3,1,0,6146,,2018/05/08,0,中立
各區位置方便，但出租帳篷沒有附加鋁箔墊。,3,1,0,6148,,2018/05/08,0,中立
雅房不太適合想要輕鬆露營的家庭，讓人有點失望。,3,1,0,6214,,2019/10/21,0,中立
場地環境還算不錯，有狗可能會追著人跑。草坪還可以，路況順暢，但主辦人跟大家的互動不多，重點是要小心狗會追人喔！,3,1,0,6217,,2019/09/17,0,中立
廁所需要改善！1.最好將廁所和沐浴間分開，否則會感覺很髒！2.在網路上看到的浴廁配置圖和實際情況有些差異，真實廁所數量較少，10-11間帳篷共用兩間浴廁，讓人快要發瘋！3.營區的規劃有待加強，每次到營地中心取東西幾乎都要穿過別人的營地（我訂的是五葉松區）。要從五葉松區到營地中心不經過別人營地的話，坡道太陡而且階梯建設不佳，小孩們經常在那裡摔倒受傷。4.遇到品味欠佳的露營朋友，連續兩天都在唱卡拉OK！5.營區位置還不錯，離附近的景點都很近。,3,1,0,6230,,2019/01/07,0,中立
老闆非常貼心，場地維護得很好，草皮也很美麗。老闆會主動提供蚊香，並關心戶外活動的夥伴們。這裡以小型包廂為主，因此風景並不豐富，衛浴設施也很普通。半夜會有狗來翻垃圾，整晚狗叫聲不斷。,3,1,0,6245,,2018/11/26,0,中立
小區安靜清幽，是個讓人放鬆的好地方。,3,1,0,6266,,2017/08/21,0,中立
我們在柚子區有點問題。這次浴室的水量時大時小，水溫也不太穩定，希望可以改進。,3,1,0,6267,,2017/07/23,0,中立
這裡的服務相當周到，店裡的女老闆們都十分親切，服務也相當棒。,3,1,0,6284,,2017/03/12,0,中立
在制高點沿路上，你可以看到雲霧飄移，可惜森林區比較扁平，帳篷只能橫著架設，無法直接欣賞外面的風景，得看著旁人的帳篷。石子地面有些傾斜。夜景區風景雖然漂亮，但帳篷擁擠，只能橫著架，與鄰近的帳篷相當接近，不能直接往外看。浴室燈光昏暗，熱水夠熱但水壓不穩定。如果人數不要太多的話可以考慮夜景區，否則下次可能會換別處，老闆娘的態度倒是很友善，這點值得加分。,3,1,0,6335,,2022/05/09,0,中立
森林區的風景不錯，可以遠眺關西夜景。不過近期受東北季風增強影響，這裡的風有些大。森林區不設浴室，建議您可以準備好這方面的設備。,3,1,0,6340,,2022/05/09,0,中立
Google 地圖顯示有路可以通往竹62，但是可能因為大門被封鎖，並且也不確定是否真的可以通行。,3,1,0,6354,,2021/05/09,0,中立
走高地盤的車輛比較適合，雖然路不好走，但風景和夜景超美。,3,1,0,6373,,2020/05/09,0,中立
這個地方沒有什麼風景，地面鋪設了石子，也沒有提供護草墊，但老闆的態度很親切。不過，我個人覺得員工有點愛抱怨。,3,1,0,6634,,2021/05/09,0,中立
營區最大優點就是旁邊有溪流和清幽環境！每一區都擁有設備齊全的設施！營位尺寸稍微偏小，帳篷貼得非常近，造成擁擠感不舒服！建議每個區域應該再減少一個帳篷才會更適中…,3,1,0,6665,,2020/05/09,0,中立
老闆很親切、浴室乾净、空間不大,3,1,0,6667,,2020/05/09,0,中立
在四月以後的時候很適合，可以邀上朋友家人一起來欣賞螢火蟲和露營。,3,1,0,6678,,2019/05/09,0,中立
這句話的意思是：「一般情況。在冬天使用電暖爐會造成跳電，即使是低功率，也會遭受強烈的寒流。B1區只提供一個插座，如果同時使用兩台380瓦的電器就會跳電。老闆建議使用煤油暖爐，所以沒有準備煤油暖爐的話，不建議在冬天來這裡。」,3,1,0,6696,,2022/12/22,0,中立
A2區的景觀空間小，浴廁附近無法安裝碟型天幕。早上醒來時，我的帳篷前面出現了其他狗的大便，差點中樂透^_^,3,1,0,6702,,2022/09/12,0,中立
半夜狗叫聲很吵，希望能夠諒解一下。,3,1,0,6715,,2021/10/17,0,中立
邱先生和邱太太非常友善。,3,1,0,6744,,2019/03/05,0,中立
這次我們在A2區的營位，帳篷之間的空間非常擁擠，去之前雖然知道營主說增加了位置，但沒想到變得這麼擁擠。一個營位大約只有5*8的面積（不適合帶5*8的帳篷），人多的時候廁所又髒又臭，營主也沒有勤於清潔和收拾垃圾。除了景色還不錯之外，其他真的令人感到失望。,3,1,0,6754,,2024/04/09,0,中立
這次在騰雲露營的經驗真的很美好，我們選擇了五帳包區。但是在最後一天收帳的時候卻遇到了一些讓人不悅的情況：首先是洗澡沒有熱水，讓人感到非常冷；其次是撤收時間被其他客人早到，放任客人遊走觀看，讓人感到困擾。營主跟服務員也沒有在出入口管制進場，讓整個情況變得相當混亂。希望營區能更加規劃與管理避免類似情況再次發生，以確保每位露營的遊客都可以愉快度過時光。,3,1,0,6767,,2024/03/09,0,中立
這地方風景優美，設施齊全！看得出環境保護工作很用心！我們訂了平日三天兩夜的行程！第一晚遇到的露營夥伴都很不錯，讓我們很容易入眠！但第二天營地管理者告訴我們，晚上凌晨一點會有三個帳篷的夜衝活動，就在我們附近的露營區！真的沒看錯，凌晨一點！請問營地管理者，你會在深夜接受夜衝活動，不擔心會打擾到其他露營者嗎？那天我們決定不留下來，下午就收拾行李離開了！並不介意半夜有人搭帳篷或是敲打營釘，這裡可以來試試看運氣！,3,1,0,6772,,2024/01/09,0,中立
我第一次來到這個營地，路標指示還頗清楚，但營地的浴室設備有點不足，只有提供衣物掛架，卻沒有沐浴乳的置物架，洗澡的時候很不方便！而且，電壓也不穩定，昨晚已經跳電了兩次，真的很麻煩！,3,1,0,6778,,2023/12/09,0,中立
營區的風景很美，但露營區管理不太好，晚上十點多才到卻一直到半夜一點還有人在打釘，聲音很大像夜市一樣。這樣的管理真的值得讚賞嗎？,3,1,0,6784,,2023/11/09,0,中立
昨晚臨時預訂的露營區，因為到達時間晚，所以所得位置視野較差。這個營區地形不同，主要設施有一個較大且有遮蔽的活動平台。整體而言，營區內松樹生長尚未茂盛，衛浴設施雖然分區設置，但數量和空間還有待改進。感覺營地主人仍在擴建，很多區域看起來像是正在整修的工地。最高處景觀很好，但其他地方普通。有種感覺，營地內營位密度太高，甚至有點擁擠。從九份二山紀念園區前來的路上反而是很不錯的遊憩地點。勉強可以把這個營地當作過夜地點。總之，還有很多地方可以改進。,3,1,0,6788,,2023/10/09,0,中立
"優點：1. 營區路面都是柏油路，開車方便。2. 特區視野很棒，特別是面對大景。3. 天氣好的時候可以看到滿天星星。

缺點：1. 營位太小，只有落羽松區位置較大，其他地方帳篷相連。2. 廁所和衛浴設施太少，男女共用，尖峰時刻需排隊，沒有定時清理。3. 飲水機和冰箱也沒有整理。4. 晚上沒有管制休息時間，有些露友會聊天到半夜2-3點。5. 隨時可能吸到二手菸。雖然營主感覺不錯，但對於不遵守規則的露友似乎束手無策。",3,1,0,6795,,2023/09/09,0,中立
這個地方的優點是夏天的景色宜人，適合在避開中午直曬的時候，找通風處享受。當浴室沒有熱水時，反應後能馬上處理，這一點很讚。草地養護得很好，排水良好，釘子也好打。但是，飲水機、馬桶水箱蓋等地方未能定期清潔。露營區有很多大螞蟻，尤其是停在樹附近的車要小心，很快就會爬滿整車。跟多數露營區一樣，欠缺對於內部抽菸、夜間吵鬧的人進行規範，希望注重露營品質的人注意這一點。,3,1,0,6796,,2023/09/09,0,中立
整體環境還算不賴，但晚上時缺少管控，10點後仍有人在KTV唱歌，音樂聲音很大對話聲音也沒控制，客人都沒有互相尊重。雖然客人行為是個人的，但缺乏管理讓人感到很不適。,3,1,0,6810,,2023/05/09,0,中立
帳帳的距離太近，冰箱的整理不太好，而且有異味。D區3帳包區的浴廁也有異味，空間較小且廁所與浴室沒有分開，需要加強清潔度。不過營主很親切，有提供協助。往上走還有觀景平台，風景很美。,3,1,0,6811,,2023/05/09,0,中立
"優點：1. 夜景優2. 山景和夜晚星空不錯3. 衛浴熱水穩定，清潔度可以4. 如果沒滿房可與房東協商營位5. 草地還算不錯

缺點：1. 最後一段到營區的路很小，不容易開車2. 假日營區的冰箱會擁擠，建議自行攜帶冰箱3. 晚上10點後缺乏管理，直到凌晨2點才比較安靜4. 凌晨會有野狗來翻垃圾桶，早上地面上滿是垃圾5. 帳篷之間的距離很近，不適合搭建大型帳篷。",3,1,0,6841,,2023/05/09,0,中立
第一次露營時感受到像是在市集的氛圍，帳篷之間幾乎貼在一起，再加上滿滿的汽車，誠摯建議營地業者限制目前營位的數量在60～70%，這樣才能保有品質。,3,1,0,6851,,2023/05/09,0,中立
簡單來說，就是希望露營區能夠規定晚上有宵禁，不要讓其他露友在深夜大聲喧嘩，影響他人休息。希望營區能夠提供安靜且愜意的環境，讓大家可以好好享受大自然的美好。感謝您的理解。,3,1,0,6852,,2023/05/09,0,中立
視野很好，有足夠的自來水和電力供應，浴室和廁所也很寬敞，但是打掃上有些疏忽。,3,1,0,6871,,2022/05/09,0,中立
營區空間寬敞，有專人負責整理，空氣清新，風景優美，只是道路有點窄，開車時請注意安全，上山要開慢一點。,3,1,0,6899,,2022/05/09,0,中立
這個地方景色優美，只是爬山的小路太窄，開車很困難。,3,1,0,6921,,2021/05/09,0,中立
這個地方的風景很漂亮，草地也很棒，但帳帳擠在一起，有點擁擠。可惜的是衛浴設施太少，需要等很久才能輪候使用。,3,1,0,6955,,2021/05/09,0,中立
熱水器在洗澡時出現問題，需要修理。營位的熱水器也有故障，只剩下一個可以洗澡。轉到其他洗澡間後，熱水溫度沒法控制，突然變得很熱，把我燙了兩次。幸好我只用手測試溫度。直到第三間才解決問題。有人帶狗去露營營區，帳篷區域擁擠，小朋友的活動空間變少。風景很美，夜景更是百萬夜景。營地的生態豐富，有很多螢火蟲。草皮保養的很好，整體營區規劃也很出色。建議營地主人在衛浴設施和活動空間上多下點心思。,3,1,0,6965,,2020/05/09,0,中立
這個地方的夜景很漂亮，可惜衛浴設施太少，入住時要排隊等待，而且熱水非常不穩定，有時冷有時熱，甚至燙傷了我老公的手，希望管理員能夠重視這個問題。,3,1,0,6967,,2020/05/09,0,中立
洗澡時水溫很難調節，熱水器一間一台足夠使用，但水壓可能需要改善，以避免熱水器不穩定。,3,1,0,6974,,2020/05/09,0,中立
設施較簡陋，浴室僅有兩間，廁所也只有兩間，若想趕早洗澡才不會等太久。,3,1,0,6980,,2020/05/09,0,中立
這個地方風景很美，但空氣汙染相當嚴重。營地設施很齊全，也有保留一些公共空間。孩子們玩得很開心，然而衛浴設施真的太少了。好在沒有小黑蚊，但在傍晚可能會有一些大蚊子出現。,3,1,0,6989,,2020/05/09,0,中立
衛浴設備不夠完善，某區的浴室只有一台吹風機，營位是由營地主人分配，那一天有濃霧，無法看到美景，但有提供飲水機。,3,1,0,6990,,2020/05/09,0,中立
營區的道路普通，但風景很美！營區的價格有點偏高！,3,1,0,7011,,2019/05/09,0,中立
風景很美，空氣清新，只是廁所不太夠用。,3,1,0,7013,,2019/05/09,0,中立
這些地方的景觀不錯，但缺點是沒有遊戲場。,3,1,0,7026,,2019/05/09,0,中立
在2022年2月的第48期露營旅遊中，遇到了氣候達人。座落在下方的碎石草地上，分配到的位置地勢不平且有水溝蓋凹洞，搭帳時難以成功。旁邊的大鐵皮雨棚看起來有些荒廢。如果要選擇這個營地搭帳，建議選擇上方的類森林營位，相較於下方營位更加整潔。,3,1,0,58,,2023/05/06,0,中立
這裡的台灣大哥大信號不太好，但其他方面還可以。,3,1,0,72,,2023/05/06,0,中立
覺得規劃不佳，容易跳電，衛浴清潔不夠乾淨，但空間很寬敞。,3,1,0,117,,2022/05/06,0,中立
這家老闆很友善和體貼，地點交通便利，離市區很近。這裡非常適合舉辦家庭露營聚會，我會推薦這裡。但在假日的時候會有許多人，可能會導致廁所不夠用。如果尋找美景，這裡可能不會符合你的期待，因為海拔比較低，氣溫也會比較炎熱。,3,1,0,134,,2022/05/06,0,中立
建議老闆應該妥善處理熱水忽冷忽熱的問題，尤其現在夏天大家可能還可以忍受，但冬天遇到這種情況就會令人冷到發抖。此外，建議老闆要定期派人清潔廁所、清理垃圾，因為尿騷味相當嚴重。另外，跳電問題也必須嚴肅對待。這些問題必須儘快改善，不然投入這麼多錢而得到這樣的感受實在令人困擾。,3,1,0,138,,2022/05/06,0,中立
營位很寬敞，但衛浴廁所太少，洗澡時水量不穩定，有時冷有時熱！,3,1,0,146,,2021/05/06,0,中立
這個地方還好，就是沒有提供飲水。,3,1,0,150,,2021/05/06,0,中立
開車輕鬆，還有空間可改善衛生環境。廁所需要更頻繁清潔，垃圾桶應及時清理。,3,1,0,169,,2021/05/06,0,中立
四個月前，朋友們安排了一個露營計劃。昨天早上，一共十九個家庭分別從北區的基隆和南區的台南出發，約莫11:30，全部朋友都聚集在一起，總共有93人，包含小孩。午餐後，我們開始暢談、暢食、暢飲、暢樂，一直持續到現在。這個中秋連假的後兩天肯定會很狂歡！我的心中充滿著喜樂的想法！,3,1,0,175,,2021/05/06,0,中立
廁所離浴室有點遠，沒有飲水機，但環境還可以。,3,1,0,201,,2020/05/06,0,中立
這個地方空間很大，草地和樹木維護得很好，到營區的路徑很容易開車。,3,1,0,218,,2019/05/06,0,中立
寧靜區的地方有很多落葉，而且在下雨後容易潮濕，洗澡時水壓也不穩定。,3,1,0,243,,2022/03/01,0,中立
營地老闆很親切，但管理上可能稍有不足。晚上七點多還不到八點，鄰舍就抱怨我太吵，於是老闆來提醒我要小聲一點。尚未到晚上十點，我已被這事氣壞，決定離開了。,3,1,0,303,,2023/05/06,0,中立
露營的好地方應該是營區環境整潔，光源不過多，而且安靜，只有偶爾聽得到昆蟲和動物的聲音。,3,1,0,335,,2023/05/06,0,中立
營區靠近馬路，如果想要避開車聲，建議選擇在訂位時靠近釣魚池的地方，那裡比較遠離馬路。營區的主區和雨棚區相連，如果你不喜歡在別人家門口睡覺，最好不要選擇雨棚區。營區主區有兩台冰箱，在雨棚區露營時，晚上會一直聽到冰箱壓縮機運轉的聲音，非常吵。營區的路況很好，導航設備可以順利導航到指定地點。五星級衛浴設備非常寬敞，一家四口一起洗澡也不會擁擠，還提供洗髮精和沐浴乳。釣魚池的開放時間因老闆而異，無法隨時釣魚。,3,1,0,378,,2020/05/06,0,中立
"優點：露營場地很寬敞，營區維護得很好，提供豐富的親子設施，風景優美。
缺點：有非常多的野貓，星期五晚上的牛肉被貓全包完了，星期六將整隻雞在鍋中，卻還是被三隻野貓弄開鍋蓋偷吃，雞被咬得亂七八糟，最後只能丟掉。另外，早上7:00左右會有猴群在帳篷附近覓食，食物要留意。",3,1,0,470,,2024/01/06,0,中立
優點：這個園區環境乾淨，園主非常用心在維護。缺點：地面硬，難以釘營釘。每個營位都有被砍伐的樹幹，高低不一，有些不到三十公分高，沒有警示燈，入夜時要特別小心以免碰撞。此外，該區域有蜜蜂和虎頭蜂，務必注意安全。,3,1,0,473,,2023/11/06,0,中立
營地整理得很周到，設備一應俱全，地面石頭特別硬。大型帳篷遍布，熱鬧非凡。,3,1,0,497,,2023/05/06,0,中立
這個營區非常大，有大概120個帳篷，走到盡頭約300公尺。對路況的描述是4.5顆星。最後一段上山路較難駕駛，要注意Google導航會提示你提前左轉，但營區的標示牌指示要再開150公尺後左轉，這才是正確上山的路。水電和冰箱的評價是4顆星，兩個帳篷共用一债洗碗台，晚上洗澡時電壓可能不穩定。4到5區共用一個商用冰箱和一個冷凍櫃。垃圾桶的使用經驗是1顆星，回收、廚餘和垃圾桶只有在廁所外。浴廁的評價是3.5顆星，4到5區共用廁所和浴室，尖峰時段需排隊。地板排水會在洗澡時溢出來。優點是水壓穩定，24小時供應熱水。營地評價為4顆星，不好下釘且易歪掉，但停車方便。營區被群山環繞，風景不錯，但晚上洗澡時有尿騷味，後來消失了(取決於風向)。活動區設施基本上需要排隊，建議自備玩具給小朋友。,3,1,0,510,,2023/05/06,0,中立
"1. 洗澡時要小心水溫，可能會有冷熱不均的情況，要留意
2. 碎石區的石子很銳利，要注意不要跌倒造成傷口，插釘要多加留意，地面很硬，不易敲打
3. 乾淨的廁所是很重要的設施，在露營地裡值得一讚",3,1,0,522,,2022/05/06,0,中立
這個營區空間較寬敞，整體布局相當不錯，而且設備齊全包含冰箱。但是地面上有很多石子，安裝營釘困難且容易鬆動，需使用較粗的、至少30公分長的營釘才能穩固。晚上常有強風，許多營篷在半夜被吹倒，引起驚呼聲此起彼落。這個營區最好選在天氣較好時前來，不太適合新手露營者，請參考。也有人在車上過夜的情況。,3,1,0,526,,2022/05/06,0,中立
營區的環境還算不錯，雖然缺乏壯麗的景觀，但整體整理得還算不錯。唯一比較令人困擾的是洗澡時水溫時高時低，讓人無法好好沐浴。總體而言，其他方面表現還算可以。,3,1,0,527,,2022/05/06,0,中立
營地風很強，碎石草皮不好釘！廁所位置有限～如果能有分區衛浴會更好～不過遊戲設施讓小孩玩得很開心！,3,1,0,545,,2022/05/06,0,中立
營區的環境雖然清幽，但唯一的缺點是露營客和小孩太多，所以很吵。他們缺乏時間觀念，晚上11點多了還在大聲喧嘩，而營主也沒有管束他們。,3,1,0,547,,2022/05/06,0,中立
環境看起來還可以，只是碎石比較多，草皮稀少。走起來像是在健行步道上。衛浴間雖然數量多，但有點遠。不過每小時都會有人來清理垃圾和整理衛浴間，所以整體環境算是乾淨的。,3,1,0,550,,2022/05/06,0,中立
前往的路大部分是兩線道且車流順暢。營地本身有很多碎石而且有些尖利，建議攜帶不鏽鋼營釘或更多的營釘。這裡的風景非常美麗，讓人心曠神怡！遊戲區位於最下方。需走一小段下坡，1/1當天露營整晚至少有5次以上的跳電情況。建議攜帶一些非插電的照明設備，以備不時之需。廁所的熱水不太穩定，有時會有冷熱交替的情況。此外，營地沒有飲水機，請別忘了攜帶水。,3,1,0,560,,2021/05/06,0,中立
營區很寬敞，非常適合孩子玩耍，營地主人很細心，水上遊樂區也設有遮陽傘，讓家長與孩子一同遊玩時不會曬傷。不過還有一些地方需要改進才能讓營區更舒適！1. 垃圾桶距離有些遠。2. 廁所內外照明不夠，晚上可能有安全隱患。3. 熱水器溫度不穩定。4. 營地的營釘不好釘，地上有太多碎石容易傷到腳。,3,1,0,573,,2021/05/06,0,中立
被咬時又痛又硬，地面很堅硬，還會積水。,3,1,0,575,,2021/05/06,0,中立
"1. 縱然石頭地不易扎釘，但並非泥濘，相對地較不便。

2. 在租借帳篷的過程中，完全沒有得到協助與指導，幸好有朋友一同探討。

3. 抵達後一點也沒看到营地負責人，也無法得知其下落，缺乏其他營地熱情招待的感覺。

4. 需要自己收帳（完全獨立處理，但價格竟比外面租借還要高昂）。

5. 充氣墊並無電源，感謝有朋友在旁，否則不知道該踩到何時。

6. 無法忍受浴室水溫時冷時熱到嚇人，後來索性放棄洗澡，調溫時一不小心就燙到熟。

7. 缺乏小孩遊樂設備，距離也較遠，無法輕易看到小孩遊玩的場景。或許其他營地也有類似情況，但習慣經常露營的朋友們覺得這一切很難置信。

總括而言，環境優美且寧靜，且距離老街頗近。希望能改進這些問題，否則可能只會造訪此處一次。",3,1,0,583,,2020/05/06,0,中立
路況不好。在導航路線經過內灣老街時，假日塞車嚴重。營地地面非常堅硬，有很多石頭，普通的營釘難以鑽進去。衛浴設施還算可以。,3,1,0,592,,2020/05/06,0,中立
這塊碎石地真的很難釘營，加上東北季風太強，把整個帳篷吹斷了，爬友們只好連夜撤營，真是個慘痛的經驗。,3,1,0,613,,2019/05/06,0,中立
這個地方很寧靜，只是需要更多宣傳和投資。,3,1,0,625,,2019/05/06,0,中立
露營地的環境很棒；但碎石地不容易釘營釘。,3,1,0,634,,2019/05/06,0,中立
希望廁所的隱私空間可以增加一些。,3,1,0,636,,2019/05/06,0,中立
周圍都是果園，沒有遊樂設施。,3,1,0,638,,2019/05/06,0,中立
就是因為泥土和石頭太多，所以難以打進營釘。,3,1,0,658,,2018/05/06,0,中立
碎石地很硬，難以將營釘擊入。廁所設施太少，垃圾桶也不夠用。,3,1,0,687,,2020/11/28,0,中立
這個營區排水非常不佳。雖然非常適合小孩露營，但遇到下雨後不到5分鐘就會積水，而且淹水比營釘還高。心裡瞬間浮現出過去露營碰過的暴雨經驗，營主來關心後很快就離開了。 在我們三年的露營經驗裡，遇過不少大風暴雨，但從未遇到過像這樣排水極差的淹水營區。碎石尖利，草地不平，顯著高低不平，再加上排水緩慢。 蚊蟲、蒼蠅、蟑螂、螞蟻等昆蟲多了些也無所謂，這就是大自然啊。 我想這個營區在100%好天氣下就是個非常適合兒童的樂園。,3,1,0,700,,2020/05/18,0,中立
整體來說，感覺還算可以。營位很寬敞，5*8天幕搭建起來還有一些空間，但是打釘確實有點困難，當風大時可能會有拔釘的風險。,3,1,0,722,,2019/03/14,0,中立
浴室晚上使用時會感到通風，感覺太冷。,3,1,0,820,,2017/05/02,0,中立
整體環境還不錯，視野開闊，附近有全聯可以方便採買，不過山路較陡請小心開車。另外，老闆的誠信讓整體感受打了折扣。,3,1,0,859,,2023/05/07,0,中立
D區女生只有一間蹲式廁所與一間淋浴間，覺得不夠，當媽媽們帶著小孩去洗澡時，經常需要等很長時間。我覺得應該考慮增加座式廁所或者裝設安全扶手，這樣對於老年人或者不習慣使用蹲式廁所的人會更方便。此外，D區共用一個冷凍庫，希望也能增加冷藏空間～同時設置一個大雨棚，可以方便大家遮風避雨。,3,1,0,925,,2019/05/07,0,中立
這個地方環境很好，視野開闊，空氣清新。,3,1,0,926,,2019/05/07,0,中立
方便的位置，距離三星鄉的味珍香和全家，開車大約是10到15分鐘的路程。附近也有許多景點，如松蘿和九寮溪步道，但秋冬季節容易刮大風，所以在半夜睡覺可能會感到有點不穩定。,3,1,0,940,,2018/05/07,0,中立
天氣稍微降溫時，露營應該是個不錯的選擇，因為這個地方離市區近，夜景也很美。,3,1,0,944,,2018/05/07,0,中立
在營地的碎石地下帳篷釘子時需要小心。,3,1,0,982,,2021/12/14,0,中立
在C區，草地排水問題有些地方被護草墊擋住了，讓小朋友們跑得很困難，甚至幾次絆倒、破皮。可供遊戲的空間只剩近沙坑的一小處，優點是有熱水水槽和獨立區可以使用浴室，但浴室清潔狀況一般。,3,1,0,1042,,2024/02/07,0,中立
請記得從內灣那條路上去，可能會有些車，但路程較短。,3,1,0,1062,,2023/05/07,0,中立
這句話的意思是：「按部就班，爬上一條小山路，雜草和樹枝需要修剪，我給了3.5顆星評分。」,3,1,0,1080,,2023/05/07,0,中立
我很期待實際去看，事實上只有A區有風荷體驗，其他區完全沒開放，真的挺失望的。不過倒是有設置防蟲網的細節很貼心。,3,1,0,1273,,2023/10/07,0,中立
下午下了一場大雨，所以場地變得泥濘。明顯地，砂石鋪得不夠多，不過其他區域石頭鋪得比較多，所以相對乾爽一些。其他設施還不錯，有小孩可以玩水放電，而水感覺像是直接從山上流出。這個季節水管裡會有蝌蚪跑出來，晚上會有許多昆蟲和各種蛾子。,3,1,0,1287,,2023/06/07,0,中立
這段文字提到在一家營地的經驗，主人的服務態度熱情且提供乾淨的衛浴設施，但建議增加冰箱的數量。此外，提到浪貓浪狗很多，要注意食物的儲存以避免牠們跳上桌子。晚上遇到熱水器沒電時，得到老闆娘的幫助，但熱水器的水壓問題仍需要改善。在露營區包區的體驗中，感覺空間過於擁擠，希望能改進。雨天導致部分區域積水問題，對比其他區域，C區狀況較差。最終，營主答應改善這些問題。,3,1,0,1347,,2023/05/07,0,中立
營主很友善，但營區劃分不夠細緻，採取先到先佔的方式。,3,1,0,1377,,2022/05/07,0,中立
總體來說還不錯，營區評價可能不太高，沒有滿帳，我們兩個房間在C區，如果再加上4個房間可能會有點擠。冬天去的話不會有蚊蟲，只曾看到一隻小蟑螂，衛浴設施不錯，但要自己保持清潔，否則看不到管理員清潔的話就沒辦法。旁邊就是大馬路，有時會有重型機車隊經過很吵。可能也是因為馬路旁邊有一隻大野狗闖進了我的帳篷。,3,1,0,1382,,2022/05/07,0,中立
這個營地似乎是以前管理得非常用心，但現在已經荒廢了。可能因為現在大家都在補班補課，所以我們包下了整座山。營區沒有大門，感覺缺乏安全感，常常會有過路客把車開進來參觀大觀園或使用廁所。營地主人看來只有在收錢時出現。浴室的水溫有時會忽冷忽熱。,3,1,0,1388,,2021/05/07,0,中立
洗澡時瓦斯不夠用，晚上洗澡很涼，但好消息是草莓很便宜。,3,1,0,1389,,2021/05/07,0,中立
A區旁邊有一條小溪，營位旁有一個生態池，裡面長滿了蝌蚪、青苔和水草，小孩在裡面玩水時要注意水道的乾淨程度。但是營區也有一些缺點，例如廁所很骯髒，只有固定時間打掃一次，需要遊客提醒才會清潔。此外，營區的排水很慢，沒有提供草地保護墊，但可提供帆布。另外，營位不是很寬敞，而且水槽旁沒有垃圾桶，垃圾桶也沒有蓋子，半夜會有流浪狗來翻垃圾。不過也有一些優點，例如浴室水量大、溫度穩定，並提供洗髮乳、沐浴乳；還有冰箱、飲水機、脫水機，還有泡湯優惠。,3,1,0,1401,,2020/05/07,0,中立
建議事先詢問漂漂河頂層區域是否開放，因為目前維護不佳，可能沒有人在照顧。此外，費用可能太高，下雨時排水狀況也不理想，也可能需要向鄰近的場所借用草坪保護墊。,3,1,0,1410,,2020/05/07,0,中立
這個空間的大小有限，裝設好帳幾乎沒有其他活動空間，不過環境整潔度還可以。,3,1,0,1412,,2020/05/07,0,中立
希望營地蹲式廁所能保持乾淨，一進去就看到一些不太好看的殘跡。,3,1,0,1413,,2020/05/07,0,中立
D區位子很狹窄，我們四個營位的人勉強將車停進營區，否則會有人需要停在路邊。營區靠近馬路，要特別留意小朋友是否會跑到馬路上去。要真的來的話，包個區比較合適。,3,1,0,1453,,2022/10/12,0,中立
C區的排水系統和水壓需要改善。新營主很熱心，衛浴和廁所一直保持乾淨，也有幫忙消毒。睡前要注意收好食物，因為貓貓可能會跳上桌子找東西。建議營主改善C區的排水系統和衛浴水壓。,3,1,0,1457,,2022/06/27,0,中立
期待與實際有些落差。,3,1,0,1472,,2021/03/03,0,中立
C區浴室和廁所很髒，有很多蟑螂。可能是因為營地的主人沒在那邊居住，這次去被隔壁區的人吵到無法入眠！一群年輕人晚上10點開始唱卡拉OK，一直唱到半夜12點！第二天向營地的主人抱怨，主人也無法解決這個問題，讓人不想再去那個營地了⋯⋯,3,1,0,1475,,2020/08/21,0,中立
總的來說還是推薦這個地方。儘管在路邊有點吵，不過還好。,3,1,0,1478,,2020/03/04,0,中立
營區的環境不佳，夏天在山谷中有些悶熱，廁所很髒並且很少打掃，讓人不想再去第二次。,3,1,0,1479,,2019/12/23,0,中立
"B區營位的體驗分享：
營區環境整潔，靠近北埔市區，方便買補給，不想自己開伙也沒問題。適合輕裝露營偷閒。不過要注意一些事項：1. 官網照片需更新，原先A區的鞦韆、水池和沙坑都消失了，要自帶遊具。2. 洗澡時可能遇到沒熱水的情況（大約晚上8-10點），洗髮沐浴用品也會有故障。3. 營區指定晚上10點後要安靜，但第一晚有鄰區喧鬧至深夜，第二晚有小孩比賽喧鬧至晚上11:30，營主未出來管理。",3,1,0,1524,,2023/12/07,0,中立
下雨天最好不要來，碎石區變成了泥巴區，到處都是水坑；衛浴沒有乾濕分離，但希望至少能有蓋子的垃圾桶以減少氣味和保持美觀，從衛浴到營地的排水都需要改善。碎石區的陡坡小孩和成人在下雨天都跌倒過幾次，相當危險，請務必加以處理。,3,1,0,1526,,2023/11/07,0,中立
營地主人親切有禮，但設施缺少親子浴室。,3,1,0,1574,,2020/05/07,0,中立
這個營區的規模較小，但停車區域較為狹窄。遊戲區設施非常有趣，小朋友玩得不想離開。不過，可惜的是蚊子太多了，全家都被叮咬得慘不忍睹，每個人至少被咬了200次。為了小孩的健康，只好提早結束活動，不然本來是個很便利的營區。,3,1,0,1578,,2020/05/07,0,中立
在北埔市集附近，營地很小巧，附近的道路狀況良好且清晰易走，但需要注意小黑蚊的存在。,3,1,0,1581,,2019/05/07,0,中立
車道和場地的布置還不錯，比較適合中小型團體使用。設備也算是維持得相對乾淨。,3,1,0,1592,,2019/05/07,0,中立
在路口的地方，標示清楚路標會更方便。,3,1,0,1711,,2018/03/20,0,中立
營區人潮拥挤，旁边区域很吵。營區内的路很窄，导致车底擦伤。,3,1,0,1753,,2023/11/07,0,中立
這個規劃的帳又太多了，感覺像是隔間的分租套房一樣。如果帳搭得滿滿的話，就沒有什麼活動空間了。浴廁倒是挺乾淨的，但數量上相對比例來說也有點不夠。,3,1,0,1767,,2023/05/07,0,中立
營地的條件還可以，但有5個帳篷要共用2個電箱和洗菜枱，有些不夠用。另外，廁所和浴室還可以，但屋頂是透光罩，夏天裡面熱得像烤箱一樣。廁所前的洗手枱只有一個小小的，不太方便也不夠用。,3,1,0,1780,,2023/05/07,0,中立
營地各區空間不算太大，平常日只有一輛車時不會感到擁擠，但最上層的營位接近馬路可能會有點吵。環境整理得還算乾淨！不過比較讓人不太滿意的是，入住時約定停車無折扣，隔天離營前才告知露營車不可使用電力需額外付費！付同樣的費用，為什麼露營卻可以使用電力而車輛卻不行？營地似乎對停車不太友善，若有需要入營的自駕露營愛好者，應該要三思而行。,3,1,0,1787,,2022/05/07,0,中立
我和朋友一起來露營，雖然入場不到一小時就被要求每人交100元，我沒有被要求付款，因為我是和家人一起來的。如果是一起露營的人就不用交費嗎？早知道就說要一起露營就好了。建議可以考慮以時間收費，例如入場一小時內免費，超過一小時收50元，超過兩小時以上再收100元，限制每人收費100元。司機載我們進來後就要收100元也有點過分了。,3,1,0,1796,,2022/05/07,0,中立
這個地方的環境相當不錯，可以走上去遼望台約需30分鐘，在那裡可以360°欣賞風景。探訪每個營地需支付100元，位於最上方靠路邊的那個營地地板是用磚頭鋪設的，不太適合釘東西。,3,1,0,1800,,2022/05/07,0,中立
風景很美，但浴室的熱水有時候會冷，有時候會熱。,3,1,0,1830,,2020/05/07,0,中立
濃霧和潮濕的天氣影響了視野，晾乾衣物需要更多時間。,3,1,0,1831,,2020/05/07,0,中立
第一次夜間露營時遇到濃霧，車燈照射出來的效果就像水滴一樣，還有一些小黑蚊子。營地相當廣大，有很多斜坡，雖然有一個很大的冰箱，但位置有點遠。露營主人會帶著露營者到附近散步，但是用貨車載著露營者坐在貨車車斗中有點不太安全。建議提供地圖給露營者，讓他們自行開車前往。,3,1,0,1834,,2020/05/07,0,中立
草地挺好的，營區的主人也很親切。可是晚上有很多蟲蟲，真的讓人嚇到。另外衛生間也太少了。,3,1,0,1858,,2019/05/07,0,中立
老闆很樂意提供適合夏天消暑的茶飲，同時也非常細心地種植樹木並經營露營區。,3,1,0,1859,,2019/05/07,0,中立
景色很美，只是沒有提供洗浴用品和吹風機，方便性稍差。,3,1,0,1861,,2019/05/07,0,中立
五月的白天中午後很炎熱，晚上涼爽清爽，濕氣重一些。植物看起來狀態良好，但蒼蠅和蚊子比較多。衛浴間稍微不夠用，洗澡時需要排隊。建議在中午前搭營，第二天早點離營，避免高溫。,3,1,0,1864,,2019/05/07,0,中立
露營地的管理員都沒有在注意露營者的問題，半夜還有人在打麻將、大聲聊天和嬉鬧，而且洗澡時完全沒有熱水。孩子洗澡也沒熱水，只好硬著頭皮洗完澡，我們趕緊向管理員反映情況，管理員後來來換瓦斯，結果仍舊沒有熱水可以使用，而且管理員似乎對此毫不在意，我和他提到孩子冷水洗澡的問題，他卻當作沒聽見！另外一間洗澡時也遇到沒熱水的狀況，也是等了十幾分鐘換瓦斯，就這樣，孩子在星期日晚上發燒了！想問一下，管理員不該定期巡視一下瓦斯供應的情況嗎？晚上溫度低，得等到大家都洗完冷水浴才通知，這樣做不太妥當吧！而且管理員都不管露營者的情況，半夜兩點還有人在打麻將，另一處區域則有人大聲聊天和嬉鬧，感覺真的很糟糕！,3,1,0,1879,,2024/04/23,0,中立
空間有點擁擠。我住在G區，水槽是兩間房共用一組，旁邊的空間沒有隔板，所以其實是三間房共用一組。我們只有一間廁所和一間浴室，不太方便，但還算是乾淨的。插座的位置有點遠，我需要用兩條延長線（10米＋15米）。活動空間有點不足，只有營區的主樓才有冰箱。,3,1,0,1907,,2022/04/13,0,中立
營區有一點擁擠，有些狗狗可能會來咬鞋子。,3,1,0,1942,,2020/08/12,0,中立
這個場地真的太小了，實在無法容納七個帳篷，我跟主辦單位反應過後，也得到了不能接受的答復。,3,1,0,1956,,2019/08/03,0,中立
有太多蟲了，而且7號區的場地也太小了，不建議露營！,3,1,0,2024,,2018/06/20,0,中立
營區空間有點狹窄，洗手台位置不方便。廁所明顯不夠用，但其他方面都還可以。營區負責人很友善。,3,1,0,2035,,2018/05/01,0,中立
營地的安排不如預期寬敞。原本預定了2017年12月30日至31日以及2018年1月1日在包A區10個帳篷，但不知何故多擠進了三個帳篷。營地的負責人指稱是因為訂位系統出錯，但又不願確認對方訂位系統的資訊。雖然營地負責人很友善，不想得罪任何人，卻讓我們遭受損失。即使只有一晚，但我們提前五個多月預定的行程又算什麼？其實我們很不滿，雖然也盡力自娛了三天（否則我們怎麼辦？）。希望下次營地負責人能夠有自己的主見，不要再把問題歸咎於別人，應堅決解決問題。,3,1,0,2060,,2018/01/08,0,中立
營位的位置和大小與網站上不一樣。進去後並沒有看到營位，卻立刻被問及尾款...給人感覺很差。當我們準備搭方形的天幕時，才發現，營位根本太小無法搭建。（我們在草皮區，單帳那邊）方形天幕的尺寸是440*550，而營區網站上標明營位為5*5...只供參考，沒有其他意思。,3,1,0,2116,,2017/07/14,0,中立
有很多蟲蟲，浴室裡有很多，容易身上出現Dior標誌，還沒水。山路很難開，二十五分鐘就能到G區，只有g1有景，但夜景不是宜蘭市的夜景。可能不會再去了，一千塊可以去很多地方。,3,1,0,2175,,2023/05/07,0,中立
這次在宜蘭草地G區露營時遇到下整個周末的雨，抵達時因為雨霧濛濛，G區只有一盞小燈在浴室前，非常昏暗。加上營地排水問題，到處都是深淺不一的水坑，搭建帳篷變得超級困難。由於天氣惡劣，看不到任何風景，總結：下次應該不會再選擇宜蘭露營了。,3,1,0,2176,,2023/05/07,0,中立
在山上營地釘不下去，感到相當沮喪，因為山路未經整理，車子難以行駛。,3,1,0,2187,,2022/05/07,0,中立
廁所數量不足，需要排隊不太方便。,3,1,0,2222,,2020/05/07,0,中立
G區的景色相當不錯，可以看到龜山島和蘭陽平原的夜景。晚上關燈後，望向天空，滿天星空，有機會看到銀河。滑草區讓小孩玩得很開心，中間的草皮很適合遊戲。玩沙有陽光遮蔭，旁邊也可以玩水，但需注意水池邊緣較高，沒有上下處。天氣涼爽時，管理員服務很好且熱心。廁所有打掃得很乾淨。AB區離浴廁較遠，如營區內帳篷眾多，衛浴設施可能不夠用。另外，冷熱水控制不太好，雖然提供了水桶，但這次碰到很多蒼蠅，卻沒有小黑蚊。,3,1,0,2225,,2020/05/07,0,中立
營區的住宿條件似乎不是很好，有學生開趴到半夜，老人清晨五點起床聊天上廁所，浴廁衛生也沒有維護得很好，還有熱水不穩定。來這個營區可能要靠運氣了。,3,1,0,2229,,2020/05/07,0,中立
這個營地地勢高，夜晚天氣好的時候能夠看到星星，但在天氣炎熱的時候最好避免中午去山上露營，因為缺乏遮蔽物來躲避陽光。另外營地提供水電設施。,3,1,0,2236,,2019/05/07,0,中立
G區的夜景很漂亮，但是衛浴設備需要改善，環境衛生也需要多加注意！,3,1,0,2244,,2019/05/07,0,中立
聽起來情況相當不妙。這裡真的是一個不方便的地方，需要花費額外的時間去找路，晚上開車的人要特別小心。蟲子真的非常多而且連飲水機都沒有，有計劃入住的朋友需多加注意。看來露營樂營區的照片應該是很久以前的了，有更多更好的選擇。,3,1,0,2278,,2022/12/08,0,中立
在Ｇ區的營位，白天和晚上的景色真的很美，感覺截然不同！不過草皮營位的草已長到膝蓋了，整個環境看起來好像很久沒有整理過！虎頭蜂不時地飛來飛去！營位配有衛浴設備、冰箱和冷凍櫃，十分方便，但洗澡間和廁所是分開的，衛浴清潔程度稍嫌不足！總的來說，Ｇ區的風景是這個營地最吸引人之處，特別是夜景和龜山島景致，非常值得一遊！,3,1,0,2281,,2022/08/01,0,中立
雖然是雨天，但地面並不泥濘。孩子們依然玩得非常開心。,3,1,0,2285,,2022/04/08,0,中立
環境有點雜亂，設備狀況不佳。,3,1,0,2288,,2021/11/22,0,中立
第二次去了G區露營，發現帳位很小，營地規劃不佳。車子停放亂七八糟，公共空間受到限制，甚至有人把車停在我們帳篷前。營地提供了18個帳篷位，但只有2間衛浴和4間廁所，洗澡時水溫時冷時熱。雖然有提供兩台冰箱，但都不冷，食材都爛掉了，而且洗食材的洗手台都在廁所區，非常不便利。整晚跳電5、6次，早上5:30又跳電！夏天沒電扇可以用，只好起床還營位。好處是景觀真的很漂亮，晚上很涼爽！絕對不要去訂G區喔！,3,1,0,2303,,2020/06/29,0,中立
需要增加護草墊、修整營區階梯、並且處理衛浴空間的蚊蟲問題。,3,1,0,2311,,2020/02/22,0,中立
即使連假期間一直下雨，營地仍然爆滿。營地設備可能不足以滿足所有人的需求，另外，原本的冰箱似乎有點髒，希望可以增加更多冷凍式分離冰箱。,3,1,0,2315,,2019/07/17,0,中立
"1. 營位和車道之間的距離過於接近（D和F區），對小孩來說有安全隱患。  
2. 浴室的熱水時冷時熱。  
3. 不確定是放在冷藏還是冷凍庫？冰箱的溫度不夠低。  
4. 這次露營遇到一對夫妻（喝醉）大吵，半夜吵醒了不少露友，建議營區在夜間應該有管理員或營主在場，以便即時處理任何問題。",3,1,0,2368,,2018/04/09,0,中立
這次元旦下雨真是讓人感到不舒服。上層區域的規劃並不完善，浴室設施也很普通，和去年的體驗相比差很多。,3,1,0,2377,,2018/02/12,0,中立
今天天氣不是很好，不能欣賞美麗的風景，期待下次再訪! 沙坑區的遮雨棚已有破洞，導致小孩無法玩耍，建議盡快進行維修。營地的洗手檯都還沒有清潔，上面有很多黑垢，讓人感到有點噁心。,3,1,0,2379,,2018/01/05,0,中立
營地主人熱情友善，營地設施不錯。,3,1,0,2452,,2016/12/30,0,中立
環境清潔，草坪保持得很不錯,3,1,0,2528,,2021/05/07,0,中立
不建議參加週五的露天夜市活動，因為營主通常會深夜才回家，導致無法存放食物在冰箱裡，造成食物腐壞。然而值得稱讚的是，浴室設施非常乾淨，營主也很勤於維護公共清潔。,3,1,0,2542,,2021/05/07,0,中立
營地整潔，衛浴設施乾淨，周圍風景還可以。距離瀑布很近，大約需走40分鐘。,3,1,0,2549,,2020/05/07,0,中立
這個地方環境優美，讓人更親近自然。靠近瀑布，有清涼的溪水和小水池，適合小朋友戲水。整體營地很棒，只是螞蟻稍微多一些。,3,1,0,2550,,2020/05/07,0,中立
這個地方很自然。毛蟲很常見，晚上可能會有各種昆蟲出現，怕蟲的人需要注意。空氣很清新，但沒有太多景觀。營地主人很辛苦負責處理垃圾和保持浴廁清潔。,3,1,0,2582,,2022/12/08,0,中立
在C區，要看看露營的人是否有公德心。入住當天晚上十點半，有人大聲聊天，還有人彈吉他。C區浴室晚上十一點還有人在用吹風機邊聊天，聊天的聲音比吹風機還大聲。詢問老闆後得知晚上十點後原則上禁止大聲喧嘩，但是仍有以上狀況出現，且老闆也沒有出來管理入住的露營地，也沒有宣導給前往的露營友。要碰運氣看看能否解決這些問題。,3,1,0,2622,,2019/08/20,0,中立
這個地方環境很好，營地主人很注重品質，可惜出入口的路狀況不太理想，導致車輛底盤刮傷，泳池磁磚也需要改進，甚至有小朋友被磁磚劃傷，不過幸好營地主人提供了保險，算是有盡責。,3,1,0,2746,,2023/05/07,0,中立
沒有提供飲水機和沐浴用品，需要自行準備。周圍景色平平，附近有農地蒼蠅比較多。上山的道路狹窄且路況不佳，底盤車輛不宜。交通會比較困難，個人不建議前往。,3,1,0,2787,,2021/05/07,0,中立
營區在早上10點才會開門，不需要太早到達，以免打擾到營地主人，感到抱歉。,3,1,0,2793,,2021/05/07,0,中立
還蠻新的，你可以來玩，空氣很清新。,3,1,0,2801,,2021/05/07,0,中立
基本設施還算可以，但從傍晚到隔天一直飄散著雞糞肥的異味，相當不舒服且纏人。除此之外，這種蜜蜂不停地圍著你飛，造成相當困擾，即便在其他各種蟲很多的營地也沒遇過這樣的情況。,3,1,0,2812,,2020/05/07,0,中立
營地的規定明確寫著禁止卡拉ok，但是現在卻有兩組卡拉ok在同時播放，這讓我感到失望。原本以為在山上露營可以享受藍天白雲和新鮮空氣，卻不想聽到吵雜的噪音。所以我給予扣一顆星的評分。不過營地的廁所很乾淨，整個營地也很整潔，是一個真的很不錯的地方！,3,1,0,2834,,2019/05/07,0,中立
周邊都已經開發了，但視野還算寬闊！,3,1,0,2842,,2018/05/07,0,中立
營地老闆非常熱情，設有地下噴水池，讓孩子們玩得很開心。,3,1,0,2855,,2023/02/16,0,中立
"路況：白蘭部落的道路還算順暢，但內部營區的道路較為崎嶇，需要多加注意。 

冰箱情況：冰箱只有冷藏區，沒有冷凍區，而且只有在營地本部設置，需步行一段遠路前往取用食物。

浴廁區描述：四區和六區的浴室和廁所合併在一起，並沒有乾濕分離，水泥地板因潮濕長時間而有些微青苔。鑑於有這麼多分區，若在熱門時段所有人同時使用，浴室和廁所可能會不夠使用。浴室使用瓦斯，同行友人沖洗時熱水很快就用完，需中途更換另一間使用，幸好鄰近的浴室當時未被使用。熱水控制有點問題，稍不留神就會感冒，且浴室缺乏隔間紗網，有時裡面會出現許多蟲。最後要注意的是，唯一的小便斗有漏水問題，使用起來不是很方便。

營位情況：營位相當寬敞，使用空間充足，地勢平坦適合釘植，但營地部分地方稍微傾斜，可能影響桌椅或床位的使用。

供電問題：晚上突然斷電，其他區域也受影響無法使用電器，直到營區維修後才恢復供電。我們因用電需求少未受太大影響，但其他區域使用者的情況則不得而知。",3,1,0,2964,,2024/01/07,0,中立
營地位置在8區，總共有7個帳篷區和2個天幕區，空間很寬敞，目前還有約兩個帳篷的空位。但8區草地維護狀況不佳，有一些坑洞，因為最近下雨，所以泥濘的情況相當嚴重。營地有提供垃圾桶和回收設施，充足的電源插座，以及乾淨又寬敞的洗碗台。來到8區的露友們要留意底盤較低的車輛，進入8區時要小心右轉彎，有兩個大坑洞和石頭，需要注意靠左行駛，以免刮傷底盤。草地上的坑洞可能造成積水問題，尤其下雨天更為明顯，建議有需要可以增加護草墊。廁所與第7區共用，整體整潔，定期有清潔人員清理垃圾，熱水供應充足，但第二天發現熱水供應不穩定。營地風景包括雲海和螢火蟲。冰箱位置在營區入口處，較遙遠，建議增設更多冰箱以便露營者使用。至於夜晚要出發的露友，路況較好，但中途需注意幾處較大的坑洞和水溝，濃霧比較常見。,3,1,0,2986,,2022/05/07,0,中立
第一區營地的風景相當優美，但兩隻雞一直輪流叫，整整 24 小時，實在太吵了。更令人嘆為觀止的是，十月二號，在六區，那兩隻雞居然突然消失，變成了貓。更糟糕的是，浴室的熱水器出了異常，洗澡的時候會聞到瓦斯味，有時候洗到一半就變成冷水了。該不該換成三星的呢？,3,1,0,3000,,2022/05/07,0,中立
我無法接受浴室和廁所相連，尤其是舊舊的、有蟲蟲、有異味的。不過除了這個問題，其他景觀和草地都很美好。,3,1,0,3008,,2021/05/07,0,中立
在露營時碰到吵鬧的人確實有些許運氣，但露營地的管理者也應該在必要時阻止這種情況。有些區域的人吵鬧到半夜兩點，儘管管理者非常熱心友善，整體的露營體驗仍然稍顯不足。至於廁所浴室的設施，則可以算是勉強可以使用。,3,1,0,3011,,2021/05/07,0,中立
櫻花的美景難以用言語形容，特別是在微風徐徐時更是令人傾倒，不過設施方面需要再改善，洗澡時可能會出現水溫忽冷忽熱的情況，另外電壓稍嫌不足，兩台吹風機同時使用可能會造成跳電。,3,1,0,3014,,2021/05/07,0,中立
這個場地有點狹窄，我建議去天湖露營區。,3,1,0,3018,,2021/05/07,0,中立
營位安排還不錯，但廁所沒有天花板，晚上有許多昆蟲飛進來，讓小孩洗澡或上廁所時會感到害怕。此外，冰箱在營區辦公室內，當營主不在或休息時會被鎖住，這對於帶食材想放進冰箱的露營者來說有點不便利。,3,1,0,3036,,2021/05/07,0,中立
在這個時候，4區的樹蔭不夠，陽光很強，山景還可以但設施不夠完善（不是花季所以有些無聊），需要付費才能見到營區主人。,3,1,0,3052,,2020/05/07,0,中立
2區電路包含整個區域，供應電力為30安培，但跳電次數超過8次，感到不適舒適，並且需要加強廁所衛生。,3,1,0,3064,,2019/05/07,0,中立
風景很美，但設施有點陳舊。,3,1,0,3072,,2019/05/07,0,中立
2015年我和一些露營的朋友一起去過，那個露營區相當貼近大自然。當時浴室是共用熱水器，因此水溫視隔壁是否在使用而定。當晚我們還煮了麻糬，那時吃起來非常美味。,3,1,0,3077,,2019/05/07,0,中立
晚上的景色很漂亮，但是浴室設施有點簡單。,3,1,0,3096,,2018/05/07,0,中立
營區應該很美，因為櫻花盛開。帳篷被樹木遮擋，沒有直接看到山景，稍感可惜。廁所和使用上沒問題，但熱水有些不穩定。幸運地，遇到了友善的露營夥伴，我的兒子跟他們玩得很開心，希望沒有給他們添麻煩。,3,1,0,3111,,2022/01/23,0,中立
第8區的寮舍位置離營區本部相當遙遠，要到浴廁需要走下一條稍微陡峭的樓梯，相對來說有些不方便。另外，廁所是露天的，容易有許多蚊蟲。,3,1,0,3125,,2020/12/14,0,中立
這個營地設施很簡陋，廁所也不是很多。,3,1,0,3141,,2019/09/20,0,中立
廁所缺少衛生紙有些不方便，建議增加供應衛生紙。草地上有乾燥的狗糞，不衛生；垃圾桶沒有襯墊。缺少磚塊壓垃圾桶蓋，導致午夜時分可能有流浪狗或貓來翻垃圾，整體狀況有待改善。,3,1,0,3156,,2018/11/26,0,中立
如果沒有像喪屍一樣的蒼蠅，這個營區就會得到滿分了～,3,1,0,3184,,2023/05/07,0,中立
這個營區很乾淨，但是漲價漲得太誇張了，我應該不會再去了。,3,1,0,3189,,2022/05/07,0,中立
大家一起使用廣闊的草地，衛生間設施美觀，營地管理處也有販賣冷飲。,3,1,0,3217,,2021/05/07,0,中立
在草地上搭帳篷很舒適，營位在兩棵落雨松之間，帳篷搭在變色的樹下感覺特別。帳篷和車位分開，即使營區滿了也不會感到擁擠。獨立的衛浴讓洗澡更舒適，路況不錯，進入營區的田間小路有點窄，周圍種滿果園和農園。上午偶爾會有蒼蠅出現，下午看到農民戴口罩在噴灑液體，希望不是在打農藥啊！,3,1,0,3237,,2020/05/07,0,中立
水龍頭流出的水溫暖，非常適合冬天露營。但包場的露營區營主並不提供完整的草地使用，原因是中央走道要供營主駕駛高爾夫球車行銷產品，這是一種特別的商業手法。,3,1,0,3238,,2020/05/07,0,中立
整體環境還可以，但周遭都是果園，所以有不少蒼蠅。,3,1,0,3243,,2020/05/07,0,中立
我認為這個地方很棒，適合遠離城市的喧囂，來這裡旅遊可以住宿也可以露營。,3,1,0,3258,,2019/05/07,0,中立
這個地方的草地很舒適，廁所保持乾淨並有定時清潔，甚至配備了乾濕分離的浴室設施。但是人多時可能稍嫌擁擠。,3,1,0,3263,,2019/05/07,0,中立
可以從您的照顧看得出您是很用心維護環境的，浴室很乾淨，但小朋友的活動空間有點不夠。,3,1,0,3279,,2018/05/07,0,中立
包棟民宿外的露營區可以提供額外的電源插座。,3,1,0,3282,,2018/05/07,0,中立
優點是有一大片草地；缺點則是帳篷太多，小朋友沒有足夠的空間可以玩耍。,3,1,0,3289,,2018/05/07,0,中立
這個地方的優點是衛浴設施很好、草地美麗，設施也很新；然而缺點是蒼蠅多、營地規劃過於擁擠，孩子們玩的空間不夠。,3,1,0,3301,,2018/05/07,0,中立
這次活動真是不畏風雨，營地主人的用心經營讓我們感受到了。免費草莓供採摘，讓我們感到驚喜。雖然受天氣限制要在車上吃飯，但這將成為難忘的回憶。,3,1,0,3305,,2017/05/07,0,中立
這個地方有著寬敞的區域，A區是用來停放行李後停車的地方，這裡有民宿，裝潢有設計感但舒適度不明。營地很大，小朋友可以盡情奔跑，地勢平坦且安全，不過沒有景色可觀，周遭只有果園，這一點有點可惜。,3,1,0,3315,,2017/05/07,0,中立
除了草地還不錯外，真的難以想到其他好處！,3,1,0,3323,,2017/05/07,0,中立
環境看起來很整潔很漂亮，但卻有跳蚤，被叮得很糟糕，結帳時開始癢起來，真是痛苦啊～,3,1,0,3327,,2022-04-28T17:04:37+08:00,0,中立
各地區的空間都有些不夠，營帳都感到有點擁擠，接下來的十幾分鐘的路程有些超陡的坡道和彎道，對引擎、輪胎性能和駕駛技術都是很大的挑戰，強烈建議不要在夜間開車前往。,3,1,0,3396,,2022/05/07,0,中立
路波很顛。快到時，路很陡，開車不容易。,3,1,0,3471,,2023/10/23,0,中立
那段路真的很危險，大概再開個5分鐘左右就會到營區。,3,1,0,3472,,2023/10/23,0,中立
這個露營地非常吵，隔壁鄰居的狗不停叫，遠處的羊也在叫，還有清晨4點公雞的啼叫聲。,3,1,0,3568,,2023/12/07,0,中立
在營區裡確實會有些小問題，像是有小黑蚊和蒼蠅，還有貓狗翻垃圾桶，孩子被跳蚤叮咬，以及附近野狗晚上清晨叫。隔壁鄰居的鵝也有些大聲。雖然沒有飲水機，但衛浴設施很乾淨，營主人也很友善，只是有些行動不便。,3,1,0,3592,,2022/05/07,0,中立
一帳包區的位置比較安靜，很棒。射箭區小小的，但是很好玩，可能是因為沒有其他人競爭，不用排隊（那天很擠）。營區裡還有沙坑和戲水池。當天有製作麻糬的活動，營地工作人員會逐個帳篷告知體驗時間。,3,1,0,3609,,2021/05/07,0,中立
"1. 浴室很乾淨，有浴缸和水勺，但建議自帶衣架，方便掛衣物。 
2. 提供WiFi、草地墊、吹風機、脫水機、冷凍冰箱、冷藏冰箱和衛生紙。 
3. 上層營區下大雨排水良好。 
4. 蚊蟲較多，尤其是小黑蚊，同行的親友和小朋友被叮咬了不少。 
5. 營區有許多小貓漫遊。 
6. 營區內的洗手台有遮陽傘，但只有一盞不太明亮的太陽燈，照明效果不佳。",3,1,0,3610,,2021/05/07,0,中立
營地靠近入口的景色很美，底下的觀景台也很漂亮，適合乘涼。那裡有風有樹蔭，營地主辦的搗麻糬和其他活動小孩都很喜歡。不過要注意那裡的冰箱很小，坡道很陡，端午節時可能會被小黑蚊叮腿變成紅豆冰。此外，營地裡養的雞常常在半夜兩三點開始叫到天亮。另外也有水池讓小孩玩水。,3,1,0,3617,,2020/05/07,0,中立
進入營區的道路較為狹窄，開車時需小心行駛，切勿全然依賴導航。傍晚的景色宜人，也有各種活動可參加，但到了夜晚可能會有些潮濕，早上陽光升起時建議找個遮蔭的地方。雖然離公路稍有距離，但因位於山區，常能聽到汽車行駛的聲音，尤其是跑車。整體而言，這個營區是值得一試的。,3,1,0,3620,,2020/05/07,0,中立
在石門水庫湖面可以欣賞美麗的風景，微風很舒適，喜歡露營的人可以來嘗試一下，但要注意，那裡有很多小蚊子，請做好防蚊措施。,3,1,0,3627,,2020/05/07,0,中立
風景很漂亮啊！搗麻糬和竹筒飯DIY活動做得有點粗糙，射箭區沒有整理，看起來有點荒廢的感覺。淋浴間只有三間，但水量很足，熱水也很足夠。,3,1,0,3630,,2020/05/07,0,中立
廁所雖然乾淨，但是太少間了！其他方面很普通。,3,1,0,3634,,2019/05/07,0,中立
這個營區環境清新，靠近河流。,3,1,0,3635,,2019/05/07,0,中立
這個地方提供的衛浴設備豐富，還有充足的電源插座和停車位。唯一可能的問題是在夏天，因為在山上可能會有些熱，曬太陽。整個營區感覺稍微擁擠但還算舒適。停車方式很重要，可能會限制小朋友玩球飛盤的空間。環境乾淨，衛浴設備和廁所都很好。建議小朋友在水池玩水時有大人陪同，因為水池很淺（不危險，但要小心不要滑倒）。營區主人態度親切健談。唯一稍微不足的地方可能是找路有些困難。,3,1,0,3651,,2019/05/07,0,中立
對於我們居住在台北市區的人來說，這個營區其實有點遠！這個營區相當新，總共有四層，我們這次使用的是最底層。原本可以搭八個帳篷，但因為大家都使用大型或巨型帳篷加上客廳帳，所以最後只搭了六個帳篷。營區有供應飲品的「營棧」，還有瞭望台、兒童戲水池、射箭區，對小朋友來說是個很適合消磨時間的地方喔！,3,1,0,3653,,2019/05/07,0,中立
這個露營區位於石門水庫附近，交通方便，靠近羅馬公路，路況良好，但山路可能讓容易暈車的乘客不太舒服。停車位較小，晚到可能不太方便裝備，但有提供推車。營區是梯田式佈局，小孩活動空間有限，有小水池和沙坑，帳篷間距較近。周圍風景優美，可欣賞石門水庫、新溪口吊橋和角板山形象商圈。盥洗設備方面，營區有四間浴室、四間廁所和兩座小便斗，不會排隊，保持乾淨，但沒有提供衛生紙。老闆和員工都親切友善，是個值得再次造訪的營區！,3,1,0,3656,,2018/05/07,0,中立
這個地方已經久未有人照顧了，設施都顯得年久失修，沒有再被注意到的感覺。道路狀況也很糟糕，而且看不出來誰是負責人，情況有點混亂。,3,1,0,3668,,2023/05/14,0,中立
這裡的衛生設備還有待加強。如果對環境要求不高的話，這裡還算可以，不過傍晚會有一些小黑蚊。,3,1,0,3670,,2023/04/05,0,中立
我不知不覺地去了第二次的營區。,3,1,0,3687,,2021/03/20,0,中立
手機信號只有一格 (中華電信) 非常不穩定，但是營區有WIFI。不過洗澡時熱水突然沒了，還得等30分鐘。,3,1,0,3769,,2024/04/07,0,中立
沒有美景，浴室也有些陳舊。除此之外，有一隻兇猛的黑蜘蛛咬人了，1300區的雨棚區感覺性價比不夠高。,3,1,0,3798,,2023/05/07,0,中立
開車時較為困難，需進行多次倒車調整，這是一項艱鉅的任務。A區前的草地非常整潔，讓小朋友盡情遊玩。廁所保持乾淨，洗手台提供暖水，給人一種溫暖的感覺，特別是在冬天。該地區地處山谷，風很少，晚上有些冷，但不會有刺骨的寒風。有一條小溪，不過要步行一段距離到達A區才能看到，釣魚的感覺卻很愉快。希望營地管理者可以關注一下我，因為隔壁鄰居竟然在半夜三點仍在大聲交談，讓我很難入眠。,3,1,0,3807,,2023/05/07,0,中立
這位老闆對營地的經營非常用心，每個活動平台都非常寬敞，非常貼心還為有廁所的平台設置了帳篷，並在附近準備了熱水的洗手台，非常適合冬天露營。營地位於山谷中，清涼宜人，早晨的陽光相對較晚照射，適合晚些起床，但要注意防蚊！另外，需要注意谷歌導航可能帶錯路，最好跟營地主人確認指引訊息！,3,1,0,3875,,2020/05/07,0,中立
營區活動範圍有限，進出道路狹窄。道路盡頭靠近溪邊，晚上溪流聲音很大，建議不要在溪邊設置帳篷。每個區域的洗手台設計不太理想。廁所和淋浴間很寬敞，但供熱水的設備可能不足。,3,1,0,3876,,2020/05/07,0,中立
洗澡時熱水不穩定，每30分鐘才會有熱水，這樣不太方便。需改善這個問題。,3,1,0,3905,,2022/09/19,0,中立
浴室設施不足，C、D、E區共用的浴室太少，而且熱水供應有限，只有溫水，電力不穩定可能是因為使用高耗電產品過多，導致跳電頻繁。建議可以在公約上禁止使用高耗電產品，其中D區的水龍頭也需增加，因為現有熱水水龍頭被其他人占用，造成不便。请問有其他需要幫忙的嗎？,3,1,0,3922,,2022/01/03,0,中立
和露友們打招呼感覺很棒。,3,1,0,3940,,2021/03/20,0,中立
這個地方的排水系統很差，下雨天最好不要前往。第一次造訪時草地景色美不勝收，但第二次再去時草地已經看不見了，再遇到下雨的情況，整個地方都變成爛泥，真是個糟糕的經驗。,3,1,0,3952,,2020/10/13,0,中立
"1. 特1區房間很整潔，但一樓客廳和二樓的客廳可以共用，這點有點奇怪。
2. 特1區的廚房在廁所旁邊，偶爾會有尿味。
3. 其他方面還算可以。",3,1,0,3989,,2023/05/08,0,中立
這個營區的老闆健談熱情，整體環境不算大，大多數營位有五葉松可以遮陰，算是小而美的營區。夏天造訪時會有一些小黑蚊，需要提醒。除了戲水池清潔度有待加強之外，主要問題在於管理方面未能嚴格執行夜間行為規範，例如晚上11點仍有人進場，12點還有人在敲營釘、充床墊。在這營區兩晚都遇到了一些行為不當、缺乏素質的露營者。雖然這不是營主的錯，但營區有管理之責，已經造成了不佳的觀感。,3,1,0,3997,,2023/05/08,0,中立
營區非常寬敞，附近還有一個湖泊可以欣賞。沐浴設施沒有時間限制，且有多種露營模式可供選擇，包括雨棚區、松樹下和竹林碎石區。缺點是沐浴設施和冰箱較為少。,3,1,0,4019,,2022/05/08,0,中立
老闆很客氣，但是蚊子實在太多了，我回來後癢了好幾天。,3,1,0,4026,,2022/05/08,0,中立
因為I區受到寒流侵襲，所以空地擠滿了帳篷（我認為把空地擠滿有點超過容量了）。然而，沒有人攜帶家用電暖器，因此整晚跳電了幾次。營地主人處理速度很快，但半夜跳電時一直到天亮才重新供電。浴室有分男女，各有兩間，還有另外男女各一間（浴室設有坐式馬桶）。在女生浴室那邊可以使用吹風機，冰箱則只有在浴室旁邊。此外，有一條河口步道可以通往石秀灣。,3,1,0,4027,,2021/05/08,0,中立
B區不是個好選擇，因為太吵雜且浴廁設施太少。每個區域都應該再減少一些人數，因為有小蚊子也有跳電的問題。另外，五葉松林很美。,3,1,0,4037,,2021/05/08,0,中立
現在是八月，這個季節小黑蚊非常活躍，每個人都被咬得滿身包。建議隨身攜帶高效防蚊液，以免跟我們一樣被蚊子叮咬得滿身是包。,3,1,0,4043,,2021/05/08,0,中立
希望雨棚區的位置可以更寬敞一些！,3,1,0,4071,,2019/05/08,0,中立
蚊蟲很多，除此之外，營區剛好在修水管，但沒有注意到水管膠可能引起的排水問題。洗澡時，突然聞到水管膠的惡臭，因擔心兩歲小孩可能誤喝帶有水管膠的水。向營主反映後，僅獲得道歉回應，但他們或許不知道誤食毒物可能造成的問題。台灣在環境教育方面還有很大的進步空間，這樣的情況在國外可能會引起訴訟。,3,1,0,4081,,2019/05/08,0,中立
廁所裡的是流動廁所，而且裡面有很多蚊子。,3,1,0,4099,,2018/05/08,0,中立
營地的設施很完善，有提供免費地面防水隔板，水槽的水量充足，且用電也很方便。廁所和浴室都很乾淨，草地很寬廣。唯一的問題是，附近有很多小黑蚊，叮咬起來有點兇狠。,3,1,0,4100,,2018/05/08,0,中立
蚊子非常多，夏天去的話要注意穿長褲以避免叮咬。,3,1,0,4178,,2024/03/07,0,中立
這次露營碰到了老闆娘，她的態度很好。因為我們是在禮拜日來的，老闆娘讓我們自由選擇營位，所以我們給了額外一顆星。可惜的是：1. 蒼蠅超級多，一不小心就會從小縫飛進帳篷裡，整個帳篷充斥著蒼蠅。2. 螞蟻非常多，感覺螞蟻直接把蟻窩搬進了帳篷，裡面都是螞蟻。3. 有會飛的蟑螂，和許多其他昆蟲在帳篷外面徘徊。4. 營區的設施可能缺乏維護，有的發霉有的生鏽，真的很可惜，不然應該會很美好。5. 營區的燈很少，晚上有點昏暗。總的來說，營區其實算是很美的（如果你不看到發霉的部分），有湖岸也有溪流，晚上聽著河流聲入睡，感覺心情很愉悅。,3,1,0,4199,,2023/05/07,0,中立
最初以為離台北很近，看照片感覺不錯，且有雨棚應該很放鬆。可惜碰上雨天，雨棚積水，走到廁所全是水坑和泥巴，腳永遠都是髒的，是露營經驗中最痛苦的一次！另外，蚊蟲很多，但在戶外很難避免！建議設施需要翻修，排水工程要改進。若處理得當，相信這個營地會變得很棒！,3,1,0,4217,,2021/05/07,0,中立
小黑蚊很多，洗澡時熱水溫度不穩定，女廁馬桶常常會淹水。,3,1,0,4228,,2021/05/07,0,中立
這個地方以前是一個魚池，後來改成了婚攝場地。,3,1,0,4234,,2021/05/07,0,中立
"優點：熱水穩定，衛生間整潔

缺點：營地管理人員缺乏熱情，不會巡視；突發狀況需額外支付費用；夜晚缺乏路燈，部分區域有危險坑洞",3,1,0,4238,,2020/05/07,0,中立
這個地方適合各個年齡層的遊客，但是交通不太方便。,3,1,0,4266,,2019/05/07,0,中立
只是離市區比較近，其他都還可以。,3,1,0,4268,,2019/05/07,0,中立
這次來到露營區是受到網路上美麗照片的吸引，但現場卻讓您感到失望，許多景點看起來已經破舊不堪，您對此感到困惑。您建議營區的照片應該要更新，對吧？,3,1,0,4269,,2019/05/07,0,中立
出去露營時，最重要的是心情。有了適合的夥伴和場地，再加上熱情的老闆帶路，夜晚聽著蟲鳴鳥叫，偶爾還能看見螢火蟲點綴，這種靜謐清幽的近城短程露營區就很值得了。即使網上流傳的園內景點已經顯示出一些年月的痕跡（湖上竟然還可以彈鋼琴哦），但重點還是留在心情好。,3,1,0,4271,,2019/05/07,0,中立
露營地位於台北近郊，營位是碎石地。在河岸雨棚區下雨時不必擔心，水槽被平均分配，兩個營位共用一組水槽。靠近小溪邊的位置適合玩水，但應該考慮水槽集中處理汙水後再排放到溪流中。,3,1,0,4277,,2018/05/07,0,中立
住的地方環境不錯，浴廁很乾淨，只是有點暗因為沒有路燈。但住處離營本部有點遠，另外也沒有飲水機，需要走到營本部取水，相當不便利。,3,1,0,4282,,2018/05/07,0,中立
場地規劃可以了，但沒有特別的風景。,3,1,0,4283,,2018/05/07,0,中立
這是一個適合全家大小一起參加的露營活動，有山有水，適合全家一起互動，可以烤肉、玩水、爬山。,3,1,0,4285,,2018/05/07,0,中立
環境還算不錯，衛浴設備齊全，只是在平地露營的時候有些熱...,3,1,0,4290,,2018/05/07,0,中立
普普營地周邊的設施都沒有保養和更新。,3,1,0,4302,,2017/05/07,0,中立
美的太不自然又要價1000元有點貴。,3,1,0,4304,,2017/05/07,0,中立
這個營地雖然很棒，不過似乎過於商業化了！,3,1,0,4305,,2017/05/07,0,中立
風景雖然美，但門票費用稍嫌昂貴！,3,1,0,4308,,2015/05/07,0,中立
環境設備有點老舊，有些可惜。如果能加強湖周邊的景觀，會更加完美。也許因為附近有果園，所以有一些小黑蚊。,3,1,0,4502,,2017/12/03,0,中立
遺憾... 沒有趕上露營的時機。27號中午之前就下起了大雨，我打電話詢問可能延期或退款，但被告知不允許。原以為雨會在下午停，沒想到越下越大。到了露營地等了一陣子，最終決定不露營了，不想讓自己尷尬，也擔心小朋友感冒或者露營用具濕潤。儘管花了1000塊，但這算是一堂昂貴的課，下雨天還是要訂雨棚區比較保險。,3,1,0,4561,,2017/05/29,0,中立
或許是因為下雨的關係，景色可能沒有如預期般美麗，但最重要的是回到家後可以享用紅豆冰，不是嗎？><,3,1,0,4562,,2017/05/28,0,中立
浴廁的設備還不錯，但還有改進的空間。,3,1,0,4569,,2017/05/14,0,中立
台北地區的交通非常便利。,3,1,0,4611,,2017/02/28,0,中立
帳帳相連讓人感到不舒服，浴室數目太少。,3,1,0,4642,,2016/12/03,0,中立
廁所和浴室的設施很好，浴室還採用乾濕分離設計，非常方便！整個露營區都有雨棚覆蓋，但周邊景點較為稀少！可能是因為露營區位於山谷中，風向變化多端，讓人感到有些不舒服！周邊環境也顯得比較凌亂，有一條庫志溪可以釣魚和撈蝦。,3,1,0,4708,,2021/05/07,0,中立
營地長和夫人關係親和，氣氛很好！,3,1,0,4715,,2021/05/07,0,中立
在溪邊的山嵐下露營非常適合！,3,1,0,4741,,2019/05/07,0,中立
帳篷搭在水泥地上，地面上有四個金屬排水孔。這個營地靠近小溪，可以玩水，但空間不大，沒有專門規劃的客廳帳篷。,3,1,0,4754,,2019/05/07,0,中立
這個地方很乾淨整潔，只是營位稍小，水龍頭的位置可能會影響到其他人的動線。,3,1,0,4846,,2018/09/25,0,中立
11月18日在竹雞區的評價不太好，只給了兩顆星。三顆星是給草地還算可以和下釘的好表現。但有幾點需要注意：1. 靠斜坡的排水管斷裂未處理，導致洗手台的水直接流到草地上，造成積水問題。2. 九帳共用兩間浴室，雖然浴室算乾淨，但有一間熱水器在週六傍晚出故障，卻沒有人來處理或設告示，洗冷水澡感覺很差。3. 廚餘桶放置方式不佳，未考慮到營地內有貓狗出沒，果然半夜被貓翻倒。4. 營位寬度五米，建議大帳慎入，視野只有老鷹區略有風景，其他區域有些遮擋，竹雞區更是看不到什麼，整體而言視野比旁邊的烏嘎彥獨立區或C區差。,3,1,0,4868,,2023/12/08,0,中立
這個地方的環境非常優美，不過浴室的數量明顯不夠，而且開往山區的道路又狹窄又陡峭，低底盤的車輛駕駛時必須小心。,3,1,0,4929,,2020/05/08,0,中立
路小有幾段路會有車輛問題，但風景不錯。,3,1,0,4930,,2020/05/08,0,中立
營地的服務很好。廁所和浴室都很乾淨，但數量有點少，需要排隊等候。我建議增加更多廁所和浴室，同時擴大場地，但要控制入場人數，並改善入口位置太小的問題，避免夜間衝突。,3,1,0,5152,,2017/10/23,0,中立
這個營地的交通方便，提供豐富的親子設施和設備，草皮活動空間大且舒適，在整體感受上很不錯。但是洗澡時間有限制、白天沒有熱水，裝備只能在狹窄的柏油路旁下，且腳踏車騎行空間有限。此外，撤帳時間較為嚴格，光害控制也有待改進。雖然整體來說是個不錯的營地，但下裝備處所限制在草地旁令人困擾，希望營主能夠考慮改善這個問題。,3,1,0,5231,,2023/12/08,0,中立
這段文字在描述露營營區的設施與環境。總結來說，這裡有很好的冰箱和冷凍設備，提供充足的草皮空間讓孩子打棒球，還有籃球場、腳踏車、玩沙區、戲水區和飲水機。營主一家人勤勞打掃，注意垃圾分類，定期巡視清理環境。然而，浴室區的女廁冷水流太小，水溫不穩又過燙；淋浴間數不足，洗澡時不太方便。營主回應是因為人數過多所致，建議安裝加壓馬達改善水壓問題。最後，選擇來露營時要考慮季節，風大時蚊蟲不會來煩擾。,3,1,0,5253,,2023/05/08,0,中立
優點：該營區海拔較低，開車路況良好，兒童設施豐富，適合小朋友遊玩，草地也適合玩耍。缺點：有許多小黑蚊，雖已噴防蚊液仍被叮滿腳，從中午到傍晚皆有，傍晚更有大隻的斑蚊，叮咬難忍，實在令人害怕。或許下次考慮冬天造訪較為適宜。,3,1,0,5259,,2022/05/08,0,中立
這個營區對於喜歡習慣大雜燴、大聲熱鬧、以及白天活動的人來說是個很適合的地方。相近的帳篷排得很密集，晚上10點後就要保持安靜入眠。在營位擁擠的情況下，搭帳和天幕的方式需按照指示，營主也會提醒正確位置。廁所和浴室在週末人潮較多時可能應付不了，熱水只在晚間6點到凌晨12點供應，因此尖峰時段可能需要排隊等候，水壓也不穩定。冰箱通常擠得滿滿的，食材可能會亂七八糟、甚至遺失。營區插座的電壓波動較大，夏天可能容易有跳電狀況。夜晚想再外出的話要在10點前回來，因為大門會上鎖。整體來說，營區維持得很乾淨，但對我以及朋友來說可能不太合適。到此營地前，最好詳細閱讀營地規定，以免不小心違規而被指責。,3,1,0,5283,,2021/05/08,0,中立
冬天電力供應不穩，需要改進以確保露營活動的品質與安全。,3,1,0,5284,,2021/05/08,0,中立
A區和CD區也有不同之處，A區停車場在CD區的另一邊。CD區擺放帳篷時可以放在比較前面，但都共用廁所和浴室。如果帳篷滿了，可能需要等很久才能洗澡。洗澡時可能會感到上面有點冷。廁所很乾淨，有門和準備衛生紙。若選擇CD區靠近後方位置，需要留意離廁所需走一段路。十二月前去可能會有一些蒼蠅問題，甚至難以避免的螞蟻問題，嚴重時可能會入侵帳篷和車子。建議選擇靠前的露營地點。不過，露營主分配的位置通常不會相連到天邊。對小孩來說是個很喜歡的地方，有沙坑、籃球場、腳踏車和溜滑梯。如果想帶小孩放生，這裡是個不錯的選擇。此外還有冰箱和飲水機。建議把食物和飲料都準備好再開車前往，因為下山要花大約十到二十分鐘才會看到便利商店711。,3,1,0,5288,,2021/05/08,0,中立
沒有全天候供應熱水，孩子們戲水後洗澡不太方便。,3,1,0,5331,,2023/12/28,0,中立
老闆可以稍微給人多一點空間嗎？感覺有點不自在。,3,1,0,5341,,2022/05/16,0,中立
我無法控制鄰居每天早上六點割草的噪音。我應該和房東溝通，讓鄰居知道這樣的行為會影響其他人的生活。即便無法控制鄰居割草的時間，至少應該提前告知其他露營者，什麼時候會有噪音，讓他們可以考慮自己是否要承受。反映給房東，房東只會說空話。,3,1,0,5353,,2020/11/30,0,中立
因為連日大雨，出發當天一早就聯繫了營地主人，詢問是否建議露營者取消行程。然而直到晚上七點半才回覆說不用過去，但當時大家已經出發了。露營地的小黑蚊非常多，讓我對生活產生了質疑。草地積水非常嚴重，雖然有提供護草墊，但還是泥濘不堪。除了浴室之外的設施，大概只有浴室算是不錯的，再改善排水速度將會更好。,3,1,0,5376,,2019/06/10,0,中立
草地長勢強盛，但應該及時修剪才更好。如果有三組朋友同時抵達 A 區，搭帳篷和收費將會變成一場災難，因為營位狹小，帳篷搭好後幾乎無法有空間活動。由於車輛無法開進，即使提前收拾好也難以離開，停車位和營位之間有一段距離，又沒有推車可供使用，只能靠人力將物品來回運送，這很容易造成家庭間的矛盾。可能是因為春夏季節的關係，再加上附近有果園，蚊蟲非常非常多。浴室和廁所倒是算得上乾淨整潔。垃圾桶只在入口處設置（這還算可以），但如果帳篷多了就會造成爆滿的情況。下大雨時，草坪的排水有問題，容易積水。,3,1,0,5426,,2024/05/05,0,中立
11月18日到19日我去露營，環境很好，但早上洗澡的時候突然水變冷了，差點感冒。我打了三四次電話，可是都沒人接。,3,1,0,5434,,2023/12/08,0,中立
整體來說都很順利，但唯一不足的地方就是棧板。,3,1,0,5435,,2023/11/08,0,中立
廁所規劃得不錯，但只有營本部有冰箱，我們在C區要走得很遠，對B區的大草皮很方便，小朋友可以在那裡玩水。另外有衛浴設施，但A區的營位相對比較狹長，如果搭大帳篷可能會有點擠。草地不太平整，有些地方有洞，所以在搭帳篷時要留意選擇位子。另外營位的洗手台有點不足，雖然網站上說是3帳，但其實只有三個洗手台。營區的管理者把我們四個帳篷都安排在同一區域。這個季節附近有很多螢火蟲，但也有很多小黑蚊、螞蟻和蜘蛛（都是相當大隻的）。白天還會見到一些蒼蠅，不過最可怕的是還有大蟑螂，生態十分多樣且豐富。,3,1,0,5440,,2023/05/08,0,中立
來自香港的店員很親切熱情，但每一個帳篷都被擠得很近，晚上過了十點後其他帳篷變得很吵，儘管已經反覆勸導，業者卻沒有採取有效的措施。玩桌遊的人在大聲喧嘩，喝酒的團體在播放音樂和大聲交談...直到快要午夜十二點，才漸漸安靜下來，才沒得以入睡。,3,1,0,5450,,2023/05/08,0,中立
這次我們來的人數大概有20位左右，透過網路找到這裡，整體來說感覺還不錯，環境優美，廁所也算乾淨，設施很齊全方便使用，營主也很熱情。但是給3顆星的原因是因為有幾位營主的朋友一直來和我們交流，一開始還可以，但後來變得越來越過分，一直要我們喝酒聊天，還找其中一位妹妹，我們委婉拒絕了他們還死賴著不走。他們甚至在我們的營位一直纏著不走，即便已經說明不方便。時間也已經很晚，小朋友都在睡覺，這嚴重侵犯到了我們的私人空間。我們是來放鬆享受的，不是特地來和營主的朋友應酬的。對方的職業和經歷我們並不感興趣，更不想再花時間心力應付。雖然這個地方整體還不錯，但這次經驗讓我們對於再次光臨感到犹豫。,3,1,0,5468,,2022/05/08,0,中立
大概兩點左右抵達時，營地主人才剛開始準備搭租來的帳篷，直到傍晚才全部弄好。最糟糕的是，到了半夜氣墊床開始漏氣，不只一個。第一天廁所的味道很重，小孩一直抱怨很臭。第二天早上打掃過後好多了。建議在廁所外面放洗手台並提供洗手乳，尤其在這個疫情時期，這點真的很重要！,3,1,0,5477,,2022/05/08,0,中立
多人使用時會很擁擠，建議分區使用。廁所外觀不錯，但清潔需要更努力，而且附近有長興國小，是個不錯的地方可以去玩。,3,1,0,5500,,2021/05/08,0,中立
廁所還算乾淨，但小黑蚊蠻多的。,3,1,0,5519,,2020/05/08,0,中立
一些營位地不夠平坦，各帳篷之間的距離過於狹窄，需要仔細考慮，與照片呈現不同。,3,1,0,5524,,2019/05/08,0,中立
這個地方環境算不錯，但帳篷太多，有點擁擠，而且廁所不夠，D區附近的廢水散發惡臭。早上被狗吵醒，起床後發現帳篷旁留下了狗的排泄物，心情受影響了。,3,1,0,5527,,2019/05/08,0,中立
營地的草地保養得很好，但是收營地費的主人人數過多，讓營地顯得有些擁擠。,3,1,0,5541,,2018/05/08,0,中立
即使浴室保持得很乾淨，但現場要求支付额外的搭帐费用可能劣質。這家旅館的優點是浴室很乾淨且服務人員態度友好，但缺點是帐篷之間的距离太近且地面不平整。此外，到達現場才告知需要额外支付300元的搭帐费，而且无法自行选择搭帐位置。詢問为何事先未告知时，得到的回复是网站不能写，这種做法給人不佳的印象。,3,1,0,5562,,2023/02/13,0,中立
當營區人潮眾多時，應該加強垃圾處理。,3,1,0,5610,,2019/03/02,0,中立
營地太過擁擠，營區管理不善，晚上超過10點還有露營者大聲喧嘩甚至小孩尖叫，且營主沒有積極管理。營地充斥著吵鬧聲，不論是狗叫還是人聲，還有大量蚊蟲滋擾。,3,1,0,5663,,2018/04/06,0,中立
這個地方除了兔子以外沒有特別的，老闆很熱心但不太擅長聊天，並且不會主動回訪。,3,1,0,5719,,2024/04/08,0,中立
湖邊區域的風景真美，感覺很愜意。在大樹前的這兩個位置特別不錯。,3,1,0,5786,,2019/05/08,0,中立
景觀不錯，但營區有點擁擠，而且收費太昂貴了...露營一晚要價1500元。,3,1,0,5791,,2019/05/08,0,中立
這個地方環境還可以，呈現三層樓的結構。第一層只有一間衛浴，有點不太夠用；第二層空間不大，但提供了四間衛浴，需共用於第三層。如果人多時，希望廁所的垃圾能更頻繁地清理，將會更好。,3,1,0,5793,,2019/05/08,0,中立
每個房間都設有涼板，讓睡眠品質更好！一早醒來就可以欣賞美麗的風景！可惜營區較為狹小，不過有販賣部可以補充飲料或生活必需品！,3,1,0,5844,,2018/05/08,0,中立
設備不錯，景色也不錯，只是收費稍高。,3,1,0,5845,,2017/05/08,0,中立
空氣清新，環境簡樸,3,1,0,5955,,2021/05/08,0,中立
到山上遠離城市，欣賞景色，暫時遠離世俗，讓心情放鬆，為了重新出發！,3,1,0,5968,,2020/05/08,0,中立
前往營地的山路較為崎嶇，開車時請注意。營地周圍景色宜人，有強烈的坡道感覺。,3,1,0,6031,,2021/04/26,0,中立
這個地方的設施很齊全，雨棚也很好，但小黑蚊太多了。狗狗和貓咪都很友善可愛，但人體捕蚊燈似乎沒什麼效果。也許最適合的時候是在天氣比較涼爽時造訪。,3,1,0,6072,,2023/08/08,0,中立
在七月時租了一個五帳的櫻花區，只有一間廁所和兩個洗手台。其中一個洗手台比較老舊且不方便使用。這對五帳的人來說可能有點不夠用，而且小黑蚊很多。營主會提供大隻的蚊香，但需要到對面營本部的冰箱取用。然而，營本部的冰箱其實是營主私人使用的，裡面存放了很多食物罐頭等等，有一股阿嬤家冰箱的味道。建議有冰箱需求的人最好使用自己的。碰巧碰到營主的朋友在山上開派對喝酒，冰箱不僅擠滿了兩箱啤酒，還整天唱歌到晚上十點，很熱鬧。營區有親切的貓狗，溫馴且不怕小孩。步行約4分鐘可到達冰涼的溪水玩水，營主太太也提醒可以把蚊香帶到溪邊。總的來說，場地偏小，設備可以再加強，但自然環境相當不錯。,3,1,0,6092,,2023/05/08,0,中立
營地裡的小黑蚊和無數的蒼蠅加上大雨，導致整個營地被水淹，可能是因為地面的碎石頭鋪設得不夠。整個地面都變成爛泥巴，相當不舒適。洗澡和上廁所的空間都不足，只有五個營位卻只有一間可以洗澡和上廁所，電源供應的拉線也太長，相當危險。,3,1,0,6093,,2023/05/08,0,中立
營區的主人夫妻非常友善，無論有什麼需求都會立刻協助，這一點確實很棒。而且離老街不遠，露營完還可以到老街逛逛找吃的，感覺非常輕鬆愜意。但是在營區也有幾個問題，首先是浴廁是共用的，不同區域共用同一個浴廁，所以上廁所需要排隊等候。其次，營區有飼養貓咪，貓咪經常跑到營位，甚至跳上餐桌，還會去咬營帳，而且很不怕人，難以趕走！甚至半夜還有露友尖叫，說貓咪在咬帳篷拉鍊。再者，半夜沒有路燈控制，所以到了凌晨兩三點，仍有許多露友在不停走動、探險、聊天！建議可以考慮部分路燈進行控制，這樣會更好一些。最後，洗菜洗碗的水槽也不夠用，和浴廁情況相似，需要排隊，而在煮食時間時更是排隊困難。,3,1,0,6105,,2022/05/08,0,中立
這個營區設施不完善，洗澡水壓不穩，場地小沒有照明，而且洗手間和浴廁都是用鐵皮搭建，整體環境令人不滿意。同價位的營區有更好的景色和設施，$1200的價格太貴了。,3,1,0,6114,,2021/05/08,0,中立
這個營地空間有點狹小，感覺有些分散。,3,1,0,6133,,2019/05/08,0,中立
進入營區時，首先映入眼簾的是一個陡峭的坡地，這讓我對我帶來的小黑有些擔心。但後來老闆娘非常親切地介紹了營區，還告訴我們晚上會有螢火蟲。果然到了晚上關燈後，我們真的看到了許多螢火蟲，可惜沒有拍照留念。營區採取了梯田式的佈局，每個區域都不算太大，每區只有一間廁所和一間浴室，插座也比較少。不過，值得一提的是飛蠅有點多，風景普通，唯一比較棒的是營區下方有一條溪，適合小孩玩水，水質也很乾淨，有大人照顧安全。總的來說，個人並不太推薦這個營區。,3,1,0,6143,,2018/05/08,0,中立
廁所與浴室是合併在一起的，因此在晚上洗澡時，需要上廁所的人可能得等一下。,3,1,0,6146,,2018/05/08,0,中立
各地區位置方便，可供租用的帳篷並未附帶鋁箔墊。,3,1,0,6148,,2018/05/08,0,中立
雅房可能不是適合想要輕鬆露營的家庭，你可能有些失望。,3,1,0,6214,,2019/10/21,0,中立
場地還不錯，有狗會跟著人跑。草皮還可以，路程好走，但主辦人互動不多，尤其那隻狗會追人哦！,3,1,0,6217,,2019/09/17,0,中立
廁所需要改善！1.最好將廁所和沐浴間分開，否則會感覺很髒！2.在網路上看到的浴廁分配圖與實際有些出入，實際的廁所數量較少，10-11個帳篷共用兩間浴室。等到快發瘋！3.營區的規劃有待加強，因為每次要到營區中心拿東西幾乎都要經過其他人家的營地（我訂的是五葉松區）。不經過其他營地的話，坡度太陡又沒有很好的階梯設計，小孩都在那裡跌倒擦傷。4.碰到沒品的露營朋友連續兩天唱卡拉OK！5.營區位置還不錯，離附近景點都很近。,3,1,0,6230,,2019/01/07,0,中立
老闆很貼心，場地維持得很好，草皮也相當漂亮。此外，老闆也主動提供蚊香，關心客人。該地區以小包區為主，因此沒有太多景觀。衛浴設施普通，半夜會有狗來翻垃圾，整晚都聽得到狗叫聲。,3,1,0,6245,,2018/11/26,0,中立
小區安靜又私密，是個放鬆的好地方。,3,1,0,6266,,2017/08/21,0,中立
柚子區的包含的。我們這次柚子區包區的浴室水量有時會忽大忽小，水溫也不太穩定，希望可以改善。,3,1,0,6267,,2017/07/23,0,中立
這裡的服務態度很親切，老闆娘們都非常友善，而且服務也很周到。,3,1,0,6284,,2017/03/12,0,中立
這個地方的高點可以看到漂移的雲霧，可惜森林區地勢平坦，帳篷只能橫著搭，無法直接欣賞外面的風景，要看其他人的帳篷。石子地稍微傾斜。夜景區風景美麗，但過於擁擠，帳篷也只能橫著搭，與鄰帳篷相距很近，無法直接往外看。浴室燈光不足，昏暗，熱水是熱的但水壓不穩定。如果不是因為擁擠，考慮夜景區，否則下次可能不會再來，老闆娘的態度是加分。,3,1,0,6335,,2022/05/09,0,中立
森林地區風景優美，也可遠眺關西夜景。然而，由於東北季風稍微增強，所以在森林區風速較大。此區沒有浴室，建議您可以另覓一處使用。,3,1,0,6340,,2022/05/09,0,中立
Google 地圖顯示可以通往竹62，但可惜大門被封閉，而且不確定另一邊是否通行。,3,1,0,6354,,2021/05/09,0,中立
高地盤的路比較適合行車，因為風景和夜景都非常美麗。,3,1,0,6373,,2020/05/09,0,中立
景色場地沒有太多綠意，地面都是鵝卵石鋪設，也沒有草地墊提供。老闆態度很親切，但我覺得員工有點愛唠叨。,3,1,0,6634,,2021/05/09,0,中立
營區最大優勢就在於旁邊有溪流和清幽！每一區都擠滿了人！營位偏小，帳篷貼得密不透風，讓人覺得擁擠不舒服！建議每區應該再減少一帳，這樣會更剛好…,3,1,0,6665,,2020/05/09,0,中立
老闆很熱情，浴室很乾淨，空間不大。,3,1,0,6667,,2020/05/09,0,中立
四月後是個適合呼朋引伴、攜家帶眷來欣賞螢火蟲和露營的好時機。,3,1,0,6678,,2019/05/09,0,中立
一般情況下。冬天使用電暖爐容易跳電，即使功率低也難以應對強大的寒流，B1區僅有一個插座，連接2台380瓦的電暖爐會導致跳電。老闆建議使用煤油暖爐，因此如果沒有煤油暖爐的話，不建議在冬天來這裡。,3,1,0,6696,,2022/12/22,0,中立
A2區的景觀空間較小，浴廁附近無法安裝碟型天幕。早上醒來時，發現有另一隻狗的大便出現在我們帳篷前方，真是驚險刺激^_^,3,1,0,6702,,2022/09/12,0,中立
夜間狗叫聲太吵了，可以請您控制一下嗎？,3,1,0,6715,,2021/10/17,0,中立
邱先生和邱太太人很友善。,3,1,0,6744,,2019/03/05,0,中立
這次我們在A2區的營位位置真的很擁擠，每個帳篷之間都沒有太多空間。雖然事先知道營主增加了新的營位位置，但沒想到會變得這麼擁擠。每個帳篷位置大約只有5*8平方公尺（不建議帶這麼大的帳篷），人多的時候廁所就變得又髒又臭，而營主也沒有定期清潔和處理垃圾。除了景色還算不錯以外，其他方面讓人感到相當失望。,3,1,0,6754,,2024/04/09,0,中立
這次露營體驗在美景中收到五顆星的評價，但卻在最後一天遇到了一些令人不悅的情況。第一是洗澡時沒熱水，讓人感到很冷。第二是撤營時間本應是在中午12點前，但卻在早上11點就讓其他客人進來，而且管理不當，讓人很困惑。營地主人和服務人員也沒有在入口管控秩序，顯得很隨便。另外，其他露營者也沒有遵守基本的露營規則，這樣下去很容易引發衝突。在離開時，營地附近一直有很多亂開的機車，顯示了管理上的問題。總結來說，這次騰雲的露營體驗比上一次不如人意，儘管這次選擇了包區，但還是因為其他因素讓人感到不愉快。,3,1,0,6767,,2024/03/09,0,中立
這個地方風景優美，並且設施很完善！我感受到管理者用心在維護環境！我們預訂了平日的三天兩夜！第一晚遇到的露營夥伴都很和善，讓我們能夠安心入眠！但第二天營區負責人告知我們，晚上三個帳篷在半夜一點進行夜衝活動，就在我們附近的露營區！沒錯，凌晨一點！請問營區負責人，你真的打算讓人在凌晨一點做夜衝活動，不擔心會打擾其他露營客嗎？當天我們決定直接結帳離開，不在這裡留宿，因為我們不想在半夜被人設帳篷、敲打營釘吵到！這裡或許需要靠運氣看看了！,3,1,0,6772,,2024/01/09,0,中立
這個營地的路標指示還算清楚，但浴室設備稍嫌不足，只有衣物置放架，卻沒有沐浴乳的置物架，洗澡時很不方便！另外，電壓也不足，2023/11/18晚上就跳電2次，真的很討厭！,3,1,0,6778,,2023/12/09,0,中立
營區的風景很美，但管理似乎有些不夠周到。晚上十點過後還有露營設施的使用者在制造噪音，打釘聲直到半夜一點，影響到其他人的休息。希望大家能夠互相尊重，保持安靜，讓每個人都能享受美好的露營經驗。,3,1,0,6784,,2023/11/09,0,中立
昨晚臨時訂的露營區位置不太好，沒有太好的視野。營區地勢不同，主要活動區域蓋有頂蓋可遮雨。整體而言，營區的樹木生長不夠茂盛，浴廁區域需要改進數量和空間。感覺營地正在擴建，有些地方看起來像是工地。最高處的視野很好，但其他地區普普。營位密度太高，感覺有些擁擠。沿途經過九份二山紀念園區很適合遊憩。整體來說，這個營地剛好可以過夜，但還有很多地方可以改進。,3,1,0,6788,,2023/10/09,0,中立
"優點：
1. 營區道路通暢，全都是柏油路。
2. 特區視野很棒，特別是面對大景很壯觀。
3. 天氣晴朗時可以看到滿天星星。

缺點：
1. 營位空間太小，只有落羽松區位置較寬敞，其他則是帳帳相連。
2. 廁所及衛浴間太少且男女共用，在尖峰時刻需要排隊，廁所沒有定時清潔。
3. 飲水機和冰箱也沒有整理。
4. 晚上沒有控制休息時間，一些露營者會聊天直到凌晨2-3點。
5. 隨時可能暴露在二手菸煙霧中。

其實營區主人很友善，但對於不守規矩的露友可能束手無策吧。",3,1,0,6795,,2023/09/09,0,中立
"優點：1. 夏天來臨時的風景宜人，溫度宜人，只要避開中午的烈日，找個通風處都可以感到舒適。2. 浴室沒有熱水時，反映後會立即處理，非常值得稱讚。3. 草地維護得很好，排水良好，釘子容易打入地面。

缺點：1. 飲水機蓋、馬桶水箱蓋，以及其他地方的平台明顯缺乏定期清潔。2. 露營區有很多大型螞蟻，特別是停在樹附近的車輛要格外注意，螞蟻很快就會爬上整部車。3. 和其他露營區一樣，對於露營區內抽菸或在深夜清晨吵鬧的人，未有明文禁止或者勸導，希望重視露營品質的人能多加注意。",3,1,0,6796,,2023/09/09,0,中立
整體環境看起來還不錯，不過晚上卻沒有管控，十點以後依然在KTV大聲唱歌、播放音樂，對話聲音大小聲，顧客都沒有遵守互相尊重的規矩。儘管每個顧客都是獨立的個體，但如果沒有管理這些行為，確實會影響到其他人的感受。,3,1,0,6810,,2023/05/09,0,中立
帳帳的距離太近，冰箱內亂且有異味；3帳包區的廁所有異味，且空間不大並且浴室與廁所未分開。清潔度需改善。營地主人很友善，協助搭帳。走上去有觀景平台，風景很美。,3,1,0,6811,,2023/05/09,0,中立
這個營地有幾個優點：1. 夜景很美；2. 山景和夜晚星空很不錯；3. 衛浴熱水穩定，清潔得宜；4. 如果營位未滿，可以跟營主協調營位；5. 草地還算乾淨。缺點方面：1. 最後一段到營區的道路較窄，車輛不易通過；2. 假日時冰箱會擠滿，建議自備冰箱；3. 晚上10點後缺乏管理，直到半夜2點才相對安靜；4. 半夜有野狗翻垃圾桶，早上有一大堆垃圾；5. 營位間距較接近，不太適合搭建大型天幕或帳篷。,3,1,0,6841,,2023/05/09,0,中立
第一次露營時，感覺就像置身於市集一樣，帳篷之間幾乎貼在一起，還有很多車輛。我覺得建議營區管理者限制現在佔用營位的人數在60～70%，這樣才會有更好的品質。,3,1,0,6851,,2023/05/09,0,中立
我想說的是，這個露營區雖然被大力推薦，但在7/3至7/5我們紮營時遇到了些問題。由於C區平日遊客較少，需要整理，我們只好轉移到特區。然而，在這幾天的體驗中，我們覺得相當糟糕。希望露營區能設立宵禁，不要讓部分露友在晚上聊天、喝酒、唱歌聲音過大，尤其是卡拉OK，讓人感到困擾。我們來露營是為了享受大自然的寧靜，不希望被打擾到。請注意其他露客的感受，讓大家都能愉快地享受露營之樂。感謝您的關注。,3,1,0,6852,,2023/05/09,0,中立
視野寬闊設備齊全但缺乏清潔。,3,1,0,6871,,2022/05/09,0,中立
營區相當寬敞，有專人負責整理，空氣清新，風景優美，唯一需要注意的是道路較狹窄，開車上山時請保持安全並緩慢駕駛。,3,1,0,6899,,2022/05/09,0,中立
這個地方景色很美，只是上山的路太窄，開車很困難。,3,1,0,6921,,2021/05/09,0,中立
這個地方風景很美，草地也很棒，但帳帳相連，感覺有點擁擠。衛浴設施也太少，要排隊等的時間有點久。,3,1,0,6955,,2021/05/09,0,中立
營位的熱水器壞了2-3台，我原本的營位有2間熱水器只剩下一台可以使用，但換到其他洗澡間後，熱水溫度無法控制，忽然變成100度的熱水，我被燙到 2 次。幸好我只是用手試水溫，後來換到第三間才解決洗澡的問題。另外，有人帶著狗去營區露營，然而假日時帳篷營位太滿太擠，小孩子就沒有太多活動空間。風景很漂亮，有美麗的夜景，生態也十分豐富，螢火蟲很多，草皮也維護得很好。總體而言，營區的規劃和維護都不錯，但請營主在衛浴設施和活動空間上再多用點心。,3,1,0,6965,,2020/05/09,0,中立
這個地方的夜景很漂亮，可惜衛浴設施有些不足。當客房滿員時，等候的時間比較久，而且熱水的溫度不穩定，有時候冷有時候熱，甚至燙傷了我老公的手。希望管理者能夠重視這個問題。,3,1,0,6967,,2020/05/09,0,中立
洗澡的時候，熱水溫度難以調節，需要調整熱水器以確保穩定供應。,3,1,0,6974,,2020/05/09,0,中立
設施較簡陋，只有兩間浴室和廁所，入住時最好提早洗澡，否則可能需要等很長時間。,3,1,0,6980,,2020/05/09,0,中立
這個地方的風景很美，不過空氣污染很嚴重。露營區提供了寬敞的空間，也保留了公共場所。小朋友玩得很開心，但廁所的設施太少了。幸好沒有小黑蚊，但傍晚出現了一些大蚊子。,3,1,0,6989,,2020/05/09,0,中立
衛浴設備不夠，一個區域只有一台吹風機，營位都是由營主安排，那天空氣中有濃霧，沒有美景可看，但提供了飲水機。,3,1,0,6990,,2020/05/09,0,中立
營區的路線很普通，但風景真的很美！只是營區的價格有點偏高。,3,1,0,7011,,2019/05/09,0,中立
風景很美，空氣清新，只是有點遺憾，廁所不夠。,3,1,0,7013,,2019/05/09,0,中立
景觀在台中、埔里、草屯、以及彰化都很不錯，但缺點是這些地方沒有遊戲場。,3,1,0,7026,,2019/05/09,0,中立
這段描述中提到的營地底下的草地不平且有許多凹洞，搭帳時不太方便。建議選擇位於上方的類森林系營位，比較整潔舒適。,3,1,0,58,,2023/05/06,0,中立
台灣大哥大在這裡收訊不好，其他方面都還可以。,3,1,0,72,,2023/05/06,0,中立
覺得規劃不是很完善，很容易斷電，衛浴清潔度有待提升，但場地空間很寬敞。,3,1,0,117,,2022/05/06,0,中立
老闆很友善且體貼細心，地點交通便利，離市區近。這裡是個很適合家庭露營的地方，我很推薦。不過假日人潮眾多，廁所可能會不夠用。如果是想欣賞美景的話，這裡可能不太符合你的期待，因為海拔較低，氣溫較高。,3,1,0,134,,2022/05/06,0,中立
熱水溫度時冷時熱，夏天還可以接受，但冬天遇到這情況就會受凍。建議老闆應該妥善處理這問題，另外廁所應固定安排清潔人員處理垃圾，因為尿味嚴重。還有，跳電情況相當嚴重，老闆應該解決這三個問題，畢竟花了這麼多錢，卻得到這樣的待遇，實在令人感到不滿。,3,1,0,138,,2022/05/06,0,中立
營區的空間很寬敞，但衛浴設施太少，洗澡時水量時大時小、溫度時冷時熱！,3,1,0,146,,2021/05/06,0,中立
場地還可以，但就是沒有飲水機。,3,1,0,150,,2021/05/06,0,中立
路況順暢，但衛生環境還有改進的空間。廁所很少清潔，垃圾桶滿了還沒清理。,3,1,0,169,,2021/05/06,0,中立
四個月前，我跟朋友安排了一個露營活動，昨天清晨，十九個家庭各自從不同地區出發，有人從基隆來，也有人從台南而來。大約11:30，所有友人都聚在一起，總共有93人，包括小孩在內。從吃過午餐後，我們就開始開心的聊天、吃、喝、歡笑，一直玩到現在！根據現場情況，今天及後面的兩天連假，一定會非常愉快！我心裡想著這樣。,3,1,0,175,,2021/05/06,0,中立
浴室廁所有點遠，沒有飲水機，但環境還可以。,3,1,0,201,,2020/05/06,0,中立
場地很大，草地與樹木整理得相當不錯，前往露營區的道路也很適合開車。,3,1,0,218,,2019/05/06,0,中立
寧靜區的一些地方有很多落葉，下雨後很潮濕，浴室的水壓也不穩定。,3,1,0,243,,2022/03/01,0,中立
營主人很友善，只是管理上出了些問題。晚上七點多時，還未到八點，鄰居卻抱怨我太吵，讓我感到困惑。後來營主前來提醒我小聲一點，讓我感到不悅。最後，還沒到晚上十點我就離開了，覺得有些惱火。,3,1,0,303,,2023/05/06,0,中立
營區環境很乾淨，光源不過多，而且很安靜，除了昆蟲和動物的叫聲外，這裡非常適合露營。,3,1,0,335,,2023/05/06,0,中立
營區靠近馬路，如果擔心車聲的話，建議在預訂時選擇靠近釣魚池的區域，這樣就可以遠離馬路。營區的主營區和雨棚區相連，如果不想在別人家門口睡覺，就不要選擇雨棚區。主營區有兩台冰箱，在雨棚區露營時，可能會一直聽到冰箱壓縮機運轉的聲音，聲音相當吵。路況很好，導航設備可以順利帶你到指定地點。五星級衛浴設備非常寬敞，一家四口一起進去洗澡也不會擁擠，而且有提供洗髮精和沐浴露。釣魚池的開放時間要看老闆每天的安排，所以不能隨時都可以釣魚。,3,1,0,378,,2020/05/06,0,中立
優點是露營場地很寬敞，充足的營位空間，營地管理者也很用心維護，提供許多親子設施；另外，周圍風景宜人。缺點是野貓的數量非常非常多。第一天星期五晚上我把牛肉放在水糟中退冰，結果被野貓咬走了；第二天星期六，我把整隻雞放在鍋子裡退冰，再蓋上鍋蓋，結果仍然無效。我親眼看到三隻野貓打開了鍋蓋，偷走了我的雞，咬得到處是。最後我不敢吃剩下的雞，直接扔進了垃圾桶。另外，早上7:00左右會有一群猴子來到帳篷附近覓食，建議注意食物安全。,3,1,0,470,,2024/01/06,0,中立
優點是園區非常乾淨，園主非常用心在維護。缺點是地面很堅硬，不方便固定營釘。每個營位都有不同程度的砍伐樹木，高度不一且沒有警告標示，夜晚行動要格外小心以免碰撞。此外，樹木上有蜜蜂和虎頭蜂，務必注意安全。,3,1,0,473,,2023/11/06,0,中立
這個營地整理得非常好，設備齊全，而且石頭地特別硬。大帳篷分佈較遠，是個很熱鬧的地方。,3,1,0,497,,2023/05/06,0,中立
這個營區非常大，大約有120個露營區，從頭走到尾大約要300公尺。總體路況評價是4.5顆星。最後一段上山的路不好開，需要注意。Google導航會提前要求左轉，但營區的立牌指示要再開150公尺左轉才是正確的上山道路。關於水電和冰箱，評價是4顆星，兩帳共用洗碗台，晚上洗澡時較容易遇到電壓不穩的問題。浴廁的評價是3.5顆星，4到5區共用4到5間廁所和浴室，尖峰時段可能需排隊，地板排水會有溢出的情況。優點是水壓穩定，24小時提供熱水。至於營地本身的評價是4顆星，不易下釘，建議使用粗一點的釘子。營地停車方便，環境優美，是梯田式的營區，但晚上洗澡時可能會有一陣一陣的尿騷味，建議留意風向。在活動區可能需排隊，因為人數眾多，建議自備玩具給小朋友。,3,1,0,510,,2023/05/06,0,中立
"1. 洗澡時請小心水溫，要注意不要太冷或太熱。
2. 碎石區的石子很鋒利，要特別小心跌倒，並多注意以避免傷口，並且在釘下營的時候要格外小心，因為地面又硬又不容易敲入釘子。
3. 衛生乾淨的廁所是一個很重要的特點。",3,1,0,522,,2022/05/06,0,中立
這個營區有很大的空間，外觀也算漂亮，並且有提供冰箱。但是營地有很多石子，安裝營釘很困難且容易鬆脫，需要使用長度超過30公分且較粗的釘子才能勉強固定。另外晚上很容易遇到強風，許多帳篷半夜被吹倒，引起大家驚嚇。這營區適合選擇好天氣來露營，並且不太適合新手。值得參考，也有看到有車宿的情況。,3,1,0,526,,2022/05/06,0,中立
營區的環境還不錯，雖然沒有太厲害的風景，但整個營區還算整齊，唯一比較令人困擾的是洗澡時水溫時高時低，不太方便洗澡，其他方面還可以。,3,1,0,527,,2022/05/06,0,中立
營地風力很強，碎石草地難以釘營帳！廁所設施有限～若能分區設置衛浴更為便利～不過，遊戲設施讓小朋友玩得很開心！,3,1,0,545,,2022/05/06,0,中立
營區的環境很幽靜，唯一的問題是有很多露營的人和小孩，造成很吵的情況。因為他們沒有時間觀念，晚上11點多了還在大聲喧嘩，營地管理者也沒有管束他們。,3,1,0,547,,2022/05/06,0,中立
環境看起來還可以，只是碎石比草地多，行走起來像是健行道。公共廁所雖然數量多，但彼此的距離有點遠。不過每小時都有人來清潔垃圾和整理廁所環境，打掃的還算是乾淨的。,3,1,0,550,,2022/05/06,0,中立
這個地方的道路幾乎都是雙向通行的，交通順暢。營地附近有許多碎石，鋒利度較高，建議攜帶不鏽鋼營釘或者多帶一些營釘。風景非常優美，令人心曠神怡！遊戲區位於最底層區域，需要走一小段下坡路段。當晚露營時，電力跳閘超過5次以上，原因不明，建議多攜帶非插電照明工具。廁所熱水不穩定，有時忽冷忽熱。沒有飲水機，請務必攜帶足夠的水。,3,1,0,560,,2021/05/06,0,中立
這個營區非常適合小孩盡情玩耍，營主非常貼心，設有戲水區並提供遮陽傘，讓家長們可以陪伴小孩不受曬傷。然而還有一些地方需要改善：1. 垃圾桶位置較遠。2. 廁所內外照明不足，夜間較危險。3. 熱水器時冷時熱。4. 營區營釘不好下，地面有太多碎石容易傷到人。,3,1,0,573,,2021/05/06,0,中立
什麼意思咬的很厲害，地板又硬，還會淹水。,3,1,0,575,,2021/05/06,0,中立
"1. 石頭地雖然不適合紮釘，不過至少不會變成爛泥。
2. 租用帳篷的過程有些困難，沒有得到幫助或教學，幸好有朋友一起解決問題。
3. 進來後沒有見到營地負責人，也不清楚他去哪裡了，缺乏其他營地熱情款待。
4. 需要自己處理收費問題，但價格比外面租借還要貴。
5. 充氣墊沒有充電，幸好有朋友幫忙，否則不知道要踩多久才會充滿。
6. 洗澡水的溫度非常難調整，超燙或超冷，後來幾乎無法洗澡。
7. 營地缺乏讓小孩玩樂的地方，且位置偏遠，略有失望。儘管可能其他營地也會有類似問題，但常露營的朋友也覺得這些情況令人難以置信。
總的來說，環境安靜且離老街不遠，但希望能夠改進這些問題，否則可能只會造訪一次。",3,1,0,583,,2020/05/06,0,中立
路況很糟糕，導航帶著我們經過內灣老街，假日時塞車嚴重。營地地面非常硬，有很多石頭，一般的釘子敲不進去。但衛浴設施還算可以。,3,1,0,592,,2020/05/06,0,中立
這塊碎石地真的太硬了，下釘超級困難，加上強烈的東北季風吹斷整個帳篷，所以一半的露營朋友不得不在夜間撤營，真是非常痛苦的經驗。,3,1,0,613,,2019/05/06,0,中立
這個地方環境幽靜，但還需要更多的宣傳和投資。,3,1,0,625,,2019/05/06,0,中立
露營地的環境很棒；但碎石地不太適合釘營釘。,3,1,0,634,,2019/05/06,0,中立
希望獨立廁所的數量能增加一些。,3,1,0,636,,2019/05/06,0,中立
該地區周圍沒有遊樂設施，只有果園。,3,1,0,638,,2019/05/06,0,中立
泥土石頭太多的話，對於打營釘是有點困難的。,3,1,0,658,,2018/05/06,0,中立
碎石地太堅硬了，釘子打不進去。廁所太少，垃圾桶也不夠。,3,1,0,687,,2020/11/28,0,中立
這個營區的排水系統非常差，雖然很適合孩子露營。下雨時只要5分鐘，積水就會馬上出現，淹得比打下去的營釘還高。當大雨下了半小時後，營主才來“關心”，卻很快就離開了。在過去的3年裡我們露營30次，遇到過風暴雨，但從沒碰過像這樣排水極差的淹水營地。地面有碎石和不平的草地，區域有高低不平的地勢，再加上排水慢。有很多蚊蟲和螞蟻，但這都是大自然的一部分。我想這個營區在好天氣下應該是個非常適合兒童活動的地方。,3,1,0,700,,2020/05/18,0,中立
整體感覺還可以。帳篷的空間很寬敞，5*8尺的大小足夠使用，但是釘植的過程確實有點困難，當風很大時可能會有拔釘的風險。,3,1,0,722,,2019/03/14,0,中立
晚上使用浴室會感到通風，感覺太冷。,3,1,0,820,,2017/05/02,0,中立
這個地方整體環境還不錯，視野也很好，而且附近有全聯可以方便購物。不過山路比較陡，開車要小心。至於老闆的誠信問題讓整體感受打了折扣。,3,1,0,859,,2023/05/07,0,中立
D區女生只有一間蹲式廁所跟一間淋浴間，覺得不太夠用。媽媽們帶小孩去洗澡時就必須等很久，我認為應該增加座式廁所或者裝設安全扶手，這樣對於老年人或者不習慣蹲廁的人會比較方便。DE區共用一個冷凍庫，希望也可以增加冷藏功能。希望能夠設置一個大雨棚，方便大家遮風避雨。,3,1,0,925,,2019/05/07,0,中立
這個地方環境清幽，衛生條件良好，視野開闊，空氣清新。,3,1,0,926,,2019/05/07,0,中立
這個地點很方便，距離三星鄉的味珍香跟全家開車大概10-15分鐘。附近的景點包括松蘿和九寮溪步道，但秋冬季節容易刮大風，睡覺時可能會感到不太穩定。,3,1,0,940,,2018/05/07,0,中立
天氣稍微涼爽一點的時候，去露營應該會很適合。這個地點離市區很近，夜景也相當美麗。,3,1,0,944,,2018/05/07,0,中立
在營地上釘營篷時要小心，因為碎石地比較硬。,3,1,0,982,,2021/12/14,0,中立
在C區草地排水問題中有一堆護草墊，小朋友們根本沒辦法跑步，幾次被絆倒擦傷皮膚，現在能使用的遊戲空間只剩下靠近沙坑的一小片區域，優點是有熱水水槽和獨立區域可供使用衛浴，但衛浴清潔程度一般。,3,1,0,1042,,2024/02/07,0,中立
記得要從內灣那邊開上去...車子有點多但是路程比較短。,3,1,0,1062,,2023/05/07,0,中立
這句話的意思是在一個小路上有很多雜草和樹枝，需要修剪後才能獲得3.5顆星的評分。,3,1,0,1080,,2023/05/07,0,中立
看了大家的評價後，很期待前往，也向老闆確認了是否有開放所有區域的飄飄河，但結果只有A區有開放，其他區域完全沒有開放，讓人感到很失望。不過倒是有注意到水廁裡安裝了防蟲紗網，這點倒算是挺貼心的。,3,1,0,1273,,2023/10/07,0,中立
今天下午下了一場大雨，場地變得泥濘，可以看出砂石鋪設不夠，但其他區域鋪了更多的石頭，相對保持得比較乾爽。其他設施表現算不錯，尤其有小孩的話可以玩水放電。水質感覺像是山上直接流下來的，這個季節水管中會有蝌蚪跑出來。晚上則有很多昆蟲和各種蛾子。,3,1,0,1287,,2023/06/07,0,中立
新營主很熱情地接待，並保持衛浴及廁所的清潔與消毒工作。每個區域都有獨立的衛浴設施，並提供沐浴乳和洗髮乳。然而，只有A區設有冰箱、飲水機和脫水機，全區共有A至F區，很多人建議增加冰箱數量。此外，有許多流浪貓狗在區域內，建議晚上睡前收好食物，以免貓貓跳上桌子尋找食物。晚上遇到熱水器沒電時，幸好闆娘值班協助更換電池，但熱水器水壓不穩是一個問題，建議改善以避免冬天的困擾。固定包區C提供四個營位包含睡帳、客廳帳和車位，但空間太擁擠，感謝老闆提供水球和可樂給小朋友。在此次遇上連續三天的大雨後，C區積水未退，變成泥巴坑，營主已承諾改善狀況。,3,1,0,1347,,2023/05/07,0,中立
營主很友善，但營區劃分不夠完善，採先到先住的方式。,3,1,0,1377,,2022/05/07,0,中立
總的來說還算可以，可能營區評價不是很高，也沒有提供滿足的服務。我們住在C區，如果再多過4帳就會顯得擁擠。冬天去沒有蚊蟲，只看到一隻小蟑螂。衛浴設施不錯，但要自行保持清潔，否則營區管理或許沒有打掃。旁邊就是大馬路，有時會有重機車隊經過造成噪音。或許因為馬路旁有一隻大野狗闖入我的帳篷。,3,1,0,1382,,2022/05/07,0,中立
這個營地曾經很用心經營，但現在已經荒廢了。可能因為大家都在補班補課，所以我們包了整座山。營區沒有大門，這讓我們覺得有點不安全，因為會突然有過路客直接把車開進來參觀或使用廁所。營地主人似乎只在收錢時出現，而浴室的水有幾間會忽冷忽熱。,3,1,0,1388,,2021/05/07,0,中立
洗澡時瓦斯不夠，晚上淋浴會感到有點冷，但是草莓很便宜。,3,1,0,1389,,2021/05/07,0,中立
A區旁邊有一條小溪，營位旁還有一個生態池，裡面長滿了蝌蚪、青苔和水草，但戲水的水道水質不太乾淨，小朋友玩水需要注意。在設施方面，廁所較髒，每天只固定清潔一次，需要遊客提出要求或者提醒才會進行清潔；排水速度較慢，沒有提供護草墊，但可以提供帆布；營位不是很大，相鄰的帳篷連在一起；水槽旁邊沒有垃圾桶，而且垃圾桶沒有蓋子，半夜可能會有流浪狗來翻垃圾。優點是浴室水量充足且溫度穩定，還提供洗髮乳和沐浴乳；設施還有冰箱、飲水機和脫水機，泡湯有優惠。,3,1,0,1401,,2020/05/07,0,中立
建議事先詢問漂漂河的營業狀況，以確保 top 區的整潔和維護。有時候 1000 元有點貴，尤其是下雨時排水不良，也可能需要向隔壁借用護草墊。,3,1,0,1410,,2020/05/07,0,中立
這個地方的空間相當有限，搭起帳篷後幾乎沒有多餘的活動空間，但環境整潔程度還算可以。,3,1,0,1412,,2020/05/07,0,中立
希望營地蹲式廁所能保持乾淨，第一打開就見到一些不太乾淨的痕跡，實在有些不雅觀。,3,1,0,1413,,2020/05/07,0,中立
D區位子很狹窄，我們四個營位的人勉強把車停進營區，不然就有人要停到路邊。營區就靠近馬路旁邊，要多留意小朋友有沒有跑到馬路上。要來的話，真的比較適合包整個區域。,3,1,0,1453,,2022/10/12,0,中立
C區的排水系統和水壓有點問題。新的管理人很熱心，衛浴和廁所保持乾淨並幫忙消毒。請在睡覺時把食物妥善收起來，因為貓會跳上桌子找食物。建議改善C區的排水系統和衛浴水壓。,3,1,0,1457,,2022/06/27,0,中立
期待與實際情況有些微的差異。,3,1,0,1472,,2021/03/03,0,中立
C區浴室和廁所很髒，有很多蟑螂。可能是因為營主沒有在營地住宿，在這次的住宿過程中被隔壁區的吵雜聲影響，無法入眠！一群年輕人晚上10點開始唱卡拉OK，一直唱到半夜12點！第二天向營主抱怨，但營主並未能解決問題，讓這次的營地之旅有些倒楣⋯⋯,3,1,0,1475,,2020/08/21,0,中立
整體而言，這地方還是蠻值得推薦的。雖然在路邊整體而言還算不會太吵。,3,1,0,1478,,2020/03/04,0,中立
營區位置在山谷中，夏天有些悶熱，廁所沒有保持乾淨，下次應該不會再去了。,3,1,0,1479,,2019/12/23,0,中立
B區的營位在夜晚很棒。週六晚上的優點包括環境乾淨，離北埔市區很近，補給很方便，不想自己開火煮飯也沒問題。這個地方適合輕裝露營的人來放鬆。但有一些需要注意的地方：1. 營區的照片可能沒有更新，原來A區旁的鞦韆、水池和沙坑消失了，記得帶遊具。2. 洗澡時可能會碰到沒有熱水的情況（大概在晚上8:30左右），可能是尖峰時段的關係。此外，沐浴和洗髮精的按壓可能會有故障。3. 營區的標示要求晚上10點後保持安靜，但第一晚隔壁區有人喝酒喧鬧到很晚，第二晚有小孩比賽喧嘩到晚上11:30，營主似乎沒有出來規勸。,3,1,0,1524,,2023/12/07,0,中立
下雨天最好不要前來，碎石區都變成泥巴區了，很容易積水；衛浴沒有乾濕分離，但希望至少能加蓋垃圾桶以減少氣味和美觀影響，排水系統也需要加強。碎石區的大斜坡在雨天很危險，已經有大人和小孩跌倒幾次了，務必加以處理。,3,1,0,1526,,2023/11/07,0,中立
營地主人熱情有禮，但沒有親子浴室。,3,1,0,1574,,2020/05/07,0,中立
這個營區環境十分美好，提供許多有趣的遊戲設施，即使孩子玩得不想離開。可惜蚊蟲數量龐大，整個家庭都無法幸免，每個人至少被叮咬了兩百次。因為孩子被叮咬得太多，只好匆忙帶他們回家，否則這個營區是個便利的好選擇。,3,1,0,1578,,2020/05/07,0,中立
在北埔市集附近，營區很小巧，靠近營區的道路很好走，路線也很清楚，只是要注意有很多小黑蚊。,3,1,0,1581,,2019/05/07,0,中立
車道和場地的佈置還可以，適合中小型團體。設備也相對整潔。,3,1,0,1592,,2019/05/07,0,中立
在交叉路口的地方，標誌應該設立得更清楚才能讓人更容易理解。,3,1,0,1711,,2018/03/20,0,中立
營區非常擁擠，隔壁區非常吵。我這個營區裡的道路很窄，導致車底刮傷了。,3,1,0,1753,,2023/11/07,0,中立
規劃太繁複了，感覺像是分隔出許多小套房一樣。如果房間擺滿了帳篷，就沒有活動空間了。浴廁還算整潔，但比例上房間數量有點不夠。,3,1,0,1767,,2023/05/07,0,中立
營地的設施還不錯，但是5個帳篷要共用2個電箱和洗菜枱，不夠用。另外，廁所和浴室還可以，但是屋頂是透光罩，夏天裡面就像烤箱一樣太熱了。廁所前的洗手枱只有一個小小的，不太方便而且不夠用。,3,1,0,1780,,2023/05/07,0,中立
營地各區的空間都不算太大，好在平常日只有一輛車，所以不會感到擁擠。唯一可看到夕陽風景的方向常常會被樹木擋住，最上層營位正好靠近馬路所以有點吵。環境整理還算蠻乾淨的！比較不好的地方是，入住時說好停車不打折，收費跟露營一樣，沒問題！但隔天要拔營時才告訴我們露營車不能插電，要另外加費用！？！？ 同樣的價錢，為什麼露營可以用電，但停車不能？？？看來營區主人對停車區域並不太友善，如果是喜歡露營的停車同好們，如果要入園住宿，請慎重考慮一下……,3,1,0,1787,,2022/05/07,0,中立
所以你是說，朋友載你來露營時，他要收訪客100元的費用，但因為你是與家人一起露營的，所以沒有被收取，對吧？你建議納費方式可考慮根據停車時間收費，入場一小時內不收費，超過一小時收50元，超過兩小時收100元，並設定一人收100元的上限。你也提到司機載你們進去只喝杯茶也要收100元，對吧？,3,1,0,1796,,2022/05/07,0,中立
環境很好，在那裡可以步行約30分鐘，欣賞360°的風景。參加營地探訪活動每人100元，位於最上方靠路邊的營地地面是磚石鋪設的，因此不太適合釘帳篷。,3,1,0,1800,,2022/05/07,0,中立
這個地方風景美，不過浴室的熱水有時冷有時熱。,3,1,0,1830,,2020/05/07,0,中立
因為濃霧和潮濕的天氣，能見度受到影響，曬衣需要花費更多的時間。,3,1,0,1831,,2020/05/07,0,中立
第一次夜晚探險時碰到非常濃密的霧，讓車頭燈照射出來的景物都模糊不清，還有一些小黑色的蚊子。營地地方很廣闊，有許多斜坡，冰箱雖然很大但卻相當遙遠。營地管理者會幫忙帶露營者到附近散步，但是卻只能坐在貨車斗裡，有些不太安全。建議提供地圖讓露營者自行開車前往。,3,1,0,1834,,2020/05/07,0,中立
草地很不錯，營地主人也很親切。不過晚上的蟲蟲很多，有點吃不消。另外衛浴設施也相對較少。,3,1,0,1858,,2019/05/07,0,中立
老闆很關心提供清涼的夏日茶飲，並且對種植樹木和經營露營區非常用心。,3,1,0,1859,,2019/05/07,0,中立
雖然風景很美，但遺憾的是沒有提供洗浴用品和吹風機，便利性稍嫌不足。,3,1,0,1861,,2019/05/07,0,中立
五月時候，白天中午以後氣溫會變得很高，到了晚上就會變得很涼爽，草地上的露水也比較多。植物長得很茂盛，但是蒼蠅和蚊子比較多。衛浴設備較少，洗澡時可能需要排隊。建議在中午以前搭帳篷，翌日早點撤營，這樣比較不會感到太熱。,3,1,0,1864,,2019/05/07,0,中立
露營地的管理員沒有處理露營者的需求，半夜還有人在打麻將，大聲聊天大聲喧鬧，洗澡時完全沒有熱水。孩子洗澡時也沒有熱水，孩子只能硬著頭皮洗完澡，我們趕緊求助管理員，管理員後來來更換瓦斯，但結果還是沒有熱水供應。管理員對此毫不關心，當我們跟他說孩子要用冷水洗澡時，管理員直接裝做沒聽見！另一組露營者也遇到一樣的情況，只好等了十幾分鐘換瓦斯，最後孩子星期天晚上就發燒了！請問管理員不需要巡視一下瓦斯供應是否正常嗎？晚上溫度低，應該馬上通知露營者而不是等到大家都用冷水洗澡才處理，這樣真的不對！而且管理員對露營者的不當行為也不管不問，半夜兩點區域有人在打麻將，另一區則大聲喧鬧聊天，讓人覺得非常糟糕！,3,1,0,1879,,2024/04/23,0,中立
這裡空間有點擁擠。G 區的住宿是一個水槽共用兩張床（旁邊並未配設棧板，否則可以共用三張床），有一間廁所和一間浴室。雖然不是很方便，但還算乾淨。插座的位置有些遠，需要使用兩條延長線（長度分別為 10 公尺和 15 公尺）。室內活動空間有限，只有營區的基地才有冰箱。,3,1,0,1907,,2022/04/13,0,中立
營區太擁擠了，總會有狗狗來啃鞋子的問題。,3,1,0,1942,,2020/08/12,0,中立
這次訂的是位於七號草地區的場地，它是狹長型的，非常小，根本無法容納七個帳篷。我向營地負責人反映了這個問題，但收到的回應卻是無法接受的。,3,1,0,1956,,2019/08/03,0,中立
蟑螂真的太多了。7號區場地太小，很擁擠，小朋友沒地方可以跑，不建議露營！,3,1,0,2024,,2018/06/20,0,中立
營位空間有點狹窄，洗手台位置不夠方便。廁所明顯不夠用，不過除此之外其他都還可以，營地主人很友善。,3,1,0,2035,,2018/05/01,0,中立
營區管理出了點問題，我們預訂了包A區的帳篷，但因為不明原因多安排了三個帳篷給別人，營區方面卻沒有確認對方預訂的資訊。希望下次管理單位能更有主見，堅決解決問題，而不是再把責任推給別人。,3,1,0,2060,,2018/01/08,0,中立
營位大小跟網站上所標示的不一樣。進去後發現營位並不如所想，就立刻詢問尾款...感覺很差。當我們打算搭放方形天幕時，才發現營位太小無法搭建。我們位於草皮區單帳那邊，方形天幕尺寸為440*550，而營區網站上標示營位尺寸為5*5。純粹提供參考，無其他用意。,3,1,0,2116,,2017/07/14,0,中立
有許多蚊蟲。洗澡時會有很多。很容易出現Dior標誌。沒有提供飲用水。上山路的行駛並不順利。要注意的是要轉進來的路標還有25分鐘的車程。G區中只有g1有美景，但夜景不是宜蘭市的景色。應該不會再去造訪。一千塊的預算可以去很多其他地方。,3,1,0,2175,,2023/05/07,0,中立
這次在宜蘭露營住在草地第G區，因為下了整個周末的雨，到達時起霧了。整個G區只有一盞小燈在廁所和浴室前照亮，非常黑暗。再加上營地的排水不良，到處都是水坑，搭帳篷變得非常困難。因為天氣潮濕視線不佳，風景也看不太清楚...。總結：這次的宜蘭露營體驗讓我決定以後不會再來了。,3,1,0,2176,,2023/05/07,0,中立
營地釘植不牢固，我感到很生氣，山路沒有整修好，開起來有點困難。,3,1,0,2187,,2022/05/07,0,中立
廁所太不夠用了，需要排隊造成了不方便。,3,1,0,2222,,2020/05/07,0,中立
G區的景色很不錯，可以看到龜山島和蘭陽平原的夜景。晚上如果關燈，就能看到滿天的星空，有機會看到銀河。滑草區讓小孩超開心，中間的草皮很適合遊戲。玩沙有遮陽，玩水也就在旁邊，但是要注意水池邊緣有點高，沒有可以上下的地方。天氣涼爽的時候需要注意。管理員人很好、熱心，廁所衛浴打掃得很乾淨。AB區距離浴廁比較遠，如果營區的帳篷數量多的話，衛浴會不夠用。冷熱水不太好控制，有提供水桶。沒有小黑蚊，但這次確實遇到了很多蒼蠅。,3,1,0,2225,,2020/05/07,0,中立
剛巧碰到營區的住客素質不佳，學生開趴到半夜，老人清晨五點就在談天上廁所，而且衛生狀況維護得很差... 熱水供應也不穩定... 來這個營區可能要看運氣了。,3,1,0,2229,,2020/05/07,0,中立
這個營地雖然不大，但海拔高，晚上天氣好時能看到星空。避免在炎熱的時候在中午上山紮營，因為沒有遮蔽物遮擋太陽。此外，水電設施正常。,3,1,0,2236,,2019/05/07,0,中立
G區夜景很美，但衛浴設備需要改善，另外在環境衛生方面要更加注意！,3,1,0,2244,,2019/05/07,0,中立
那個地方真的很糟糕。從台七甲上去後需要轉段路，完全沒有路燈，至少還要開20分鐘。夜晚前往的人要特別小心。營區裡的蟲實在太多，而且沒有飲水機。有計劃入住的朋友們要小心。看起來「露營樂」上面的照片應該是很多年前的了，每帳1000元的價格還有很多更好的選擇。,3,1,0,2278,,2022/12/08,0,中立
G區的營位白天和晚上的景色確實呈現不同的感覺！草皮長到膝蓋，感覺環境已經很久沒有整理了。偶爾會有虎頭蜂在附近飛來飛去！營位設有衛浴設備、冰箱和冷凍櫃，非常方便。洗澡間和廁所是分開的，不過衛浴清潔狀況較不理想。整體而言，G區的風景是營地最吸引人的地方，尤其是夜晚能欣賞到龜山島的美景！,3,1,0,2281,,2022/08/01,0,中立
雖然是下雨天，但路面沒有變得泥濘。孩子們仍然玩得很開心。,3,1,0,2285,,2022/04/08,0,中立
這個地方比較普通，環境比較凌亂，設施也不太好。,3,1,0,2288,,2021/11/22,0,中立
第二次來到G區露營區，發現營位很小，營地規劃不佳。車子亂停，公共空間狹窄，還有人亂停在別人帳蓬前。收了18個營位，但只有2間衛浴和4間廁所，洗澡時水溫忽冷忽熱。雖然有提供兩台冰箱，但無法冷藏食材，導致食材變質。洗菜洗手都要去廁所區，非常不便利。晚上停電5、6次，早上5:30也停電！夏天無電風扇，只能早起離營。優點是景色不錯，晚上涼爽。建議不要選擇G區露營！,3,1,0,2303,,2020/06/29,0,中立
草坪墊需要補充、營區內的梯級需要整修、廁所區域的蚊蟲問題需要解決。,3,1,0,2311,,2020/02/22,0,中立
連假期間營地爆滿，即使下雨也吸引了許多人前往。不過營地設備可能不夠應付許多人同時入住，且冰箱好像有點髒，希望可以提供更多冷藏（凍）式分離冰箱。,3,1,0,2315,,2019/07/17,0,中立
"1. D和F區的營位距離車道太近，對小孩來說有危險。
2. 浴室的熱水時冷時熱。
3. 不確定是放在冷藏室還是冷凍庫？冷的程度似乎不夠。
4. 這次露營不巧遇到一對夫妻（醉酒）在吵架，半夜大聲爭吵影響了其他露友的睡眠，希望營區夜間能有管理員或營主當值，在有問題發生時能立即處理。",3,1,0,2368,,2018/04/09,0,中立
元旦那天下雨讓人感到很不舒服。上層區域的規劃不盡如人意，浴廁設備也很普通，和去年來的感受大不相同。,3,1,0,2377,,2018/02/12,0,中立
天氣不太好，無法欣賞美麗風景，希望下次再訪！另外，沙坑區的遮雨棚已經破洞，導致小朋友無法玩，建議盡快修復。另外，營區的洗手台都沒有清潔，堆積了很多污垢，有些令人不快。,3,1,0,2379,,2018/01/05,0,中立
營主很友善。這個營地不錯，營主也很親切。,3,1,0,2452,,2016/12/30,0,中立
環境整潔，草地看起來很整齊,3,1,0,2528,,2021/05/07,0,中立
不建議週五參加露營活動，因為營主常常深夜才回到家，導致無法使用冰箱保存食物，結果主食雞肉變壞了。但值得讚賞的是，衛浴設施很乾淨，營主也經常維護公共區域的清潔程度。,3,1,0,2542,,2021/05/07,0,中立
營地整潔，衛浴設施乾淨，風景還可以。距離瀑布很近，大概需要40分鐘的車程。,3,1,0,2549,,2020/05/07,0,中立
這個地方是個不錯的自然環境，雖然設施不多，但能更貼近大自然。附近有瀑布和清涼的溪水，也有適合小孩玩水的平坦小池。整體營區很棒，只是螞蟻比較多。,3,1,0,2550,,2020/05/07,0,中立
這個地方非常自然。就像你所描述，這裡有許多毛蟲，晚上時會有各種昆蟲出現，對於害怕昆蟲的人需謹慎。雖然空氣清新，但景色並沒有什麼。管理員很辛苦地負責垃圾回收和浴廁清潔。,3,1,0,2582,,2022/12/08,0,中立
在C區選擇住宿的時候，需要注意有沒有其他露營者缺乏公德心。當天晚上十點半，有人大聲聊天，甚至彈吉他；而C區浴室晚上十一點仍有人在用吹風機聊天，聊天聲音比吹風機還大聲。詢問老闆後得知晚上十點後基本上是禁止大聲喧嘩的，然而這種情況下老闆並沒有出來管理露營區，也沒有告知其他露友應該怎麼處理。在選擇入住露營區時也許需要靠運氣了。,3,1,0,2622,,2019/08/20,0,中立
環境整體還不錯，營區主人很用心維護品質。不過出入口的道路狀況較差，底盤被刮了幾條；同時，泳池的磁磚也需要改善，小朋友不小心被刺傷了。營區主人提供了保險，也算是盡到責任了。,3,1,0,2746,,2023/05/07,0,中立
缺少飲水機和沐浴用品，需要自行準備；景色普通，附近有農地，有蒼蠅；上山路小且路況不佳，底盤太低不適合前往，且車程會很辛苦，個人不建議。,3,1,0,2787,,2021/05/07,0,中立
營區早上10點開門，請大家不要提早到，以免打擾到營主，抱歉造成不便。,3,1,0,2793,,2021/05/07,0,中立
草地區離洗澡堂有點遠！,3,1,0,2797,,2021/05/07,0,中立
這裡很新，歡迎來玩，空氣很清新。,3,1,0,2801,,2021/05/07,0,中立
"基本設施還不錯,但從傍晚開始到隔天一直有陣陣雞糞肥的惡臭味道,對我有點困擾,因為這個氣味總是纏繞在我身邊。在許多遇過蟲蟲很多的營地裡,卻沒遇過像這些蜜蜂一直纏著你的情況,真是令人感到非常困擾。",3,1,0,2812,,2020/05/07,0,中立
營地明確規定「禁止卡拉OK」，但現在卻有兩組卡拉OK同時在營地上開唱。原本以為可以在山上享受藍天白雲、優美的山景和清新的空氣，卻沒想到卻被吵雜的聲音打擾。這讓我扣了一顆星評價。不過除此之外，廁所乾淨，營地整潔，真的是一個好地方！,3,1,0,2834,,2019/05/07,0,中立
這裡還不錯，只是周圍都開發了！視野還算寬廣！,3,1,0,2842,,2018/05/07,0,中立
營地的主人非常熱情，設有地下噴水池，讓孩子們玩得很開心。,3,1,0,2855,,2023/02/16,0,中立
路況：白蘭部落的道路還算好走，但營區內的路比較陡峭，需要多加注意。冰箱：只有冷藏區，沒有冷凍區，而且唯一的冰箱安在營本區，拿取東西要走蠻長一段路。浴廁區：四區跟六區的浴廁是結合在一起，沒有乾濕分離，水泥地板因為長時間潮濕有些微青苔。考慮到分區眾多，大家在熱門時段使用時，浴廁設施可能不夠。浴室使用瓦斯，同行友人沖水至一半就沒熱水了，需要中途更換使用，幸運地，隔壁間剛好沒有人使用。熱水管控有問題，容易讓人著涼，浴室內沒有安裝紗網，有時候會有很多蟲。值得一提的是，唯一的小便斗有點漏水，使用起來感受不佳。營位：營位蠻寬敞的，使用空間足夠，土質也適合釘樁。不過，營地有些地方有些傾斜，可能會影響到桌子或床位的使用。供電：晚上突然停電，其他區域也無法用電，直到營主維修後電力才恢復，我們用電量不大所以沒有太大影響，但其他區域的使用者就不一定了。,3,1,0,2964,,2024/01/07,0,中立
營地8區是指的包區，總共有7個帳篷和2個天幕，場地相當寬敞，還有大概可以容納兩個帳篷的空間。然而，8區的草地維護不夠理想，有些地方有坑洞，而且因為最近下雨，泥濘的情況相當嚴重。在營地提供垃圾桶和回收設施，電源插座也很充足，洗碗台也保持得相當乾淨且寬敞。至於露營車主應該注意，在進入8區的時候，右轉有一段彎路，要特別留意兩個大坑洞和石頭，車子的角度要盡量靠左，否則很容易擦到車底，希望這一點可以改進。另外，由於草地上有坑洞，積水相當嚴重，而且營地也沒有提供護草墊，所以天氣一旦轉壞就會有一定的影響。至於廁所，與第7區共用，有個樓梯可以下去使用，整體算算乾淨，定期有人清理垃圾，熱水供應充足，但有使用者反映第二天卻發現沒有熱水了。在風景方面，可以觀賞到雲海和螢火蟲。冰箱位於營區入口處，對於位於8區頂層的露營者來說有些遙遠，建議新增一個冰箱在兩個區域之間。至於夜間夜衝的露友們，路況還算不錯，但要留意中途有些坑洞和水溝，而且霧氣有可能比較大。,3,1,0,2986,,2022/05/07,0,中立
第一區營地的風景很美，但兩隻雞輪流叫24小時，實在太吵。更奇特的是，10月時，二區和六區的雞居然消失了，變成了貓。另外，浴室的熱水器出現異常，洗澡時會有瓦斯味，有時候洗到一半水就變冷了。到底是三星公司的產品。,3,1,0,3000,,2022/05/07,0,中立
個人較不喜歡廁所和浴室在同一個空間，特別是如果空間較老舊、蟲蠻多、有異味。除了這個問題外，這地方的風景和草地都很美。,3,1,0,3008,,2021/05/07,0,中立
在露營時遇到吵鬧的人可能是一種運氣，但營地管理者也應該適時介入阻止。有些人在露營區吵鬧直到半夜兩點，雖然營地管理者很親切熱心，整體露營體驗還是受到一些影響。至於廁所和浴室，可以算是勉強可以使用。,3,1,0,3011,,2021/05/07,0,中立
櫻花盛開時景色美麗動人，但來自的風稍微強一點的話，會讓人感覺更美好。不足之處在於廁所較少，多人淋浴時會有溫度變化，另外，電壓稍嫌不足，同時使用兩台吹風機容易造成跳電的情況。,3,1,0,3014,,2021/05/07,0,中立
場地比較狹小，我建議您考慮前往天湖露營區。,3,1,0,3018,,2021/05/07,0,中立
營位安排比較寬鬆，但是廁所沒有封頂，晚上會飛進很多昆蟲，讓小孩半夜上廁所或洗澡會感到害怕。此外，冰箱在營區的辦公室裡，如果營主不在或是休息時間，冰箱就會被鎖上，需要帶食材去冰箱的露營者可能會感到不太方便。,3,1,0,3036,,2021/05/07,0,中立
在這個時間點，四季樹蔭稀少，太陽很炎熱，山景還算不錯，設施有些不足（不是花季所以有點乏味），需要付費才能見到營地負責人。,3,1,0,3052,,2020/05/07,0,中立
2區的整個區域都能供應30安培的電流，但是超過8次停電，感覺不太好。同時也提到廁所衛生需要增進。,3,1,0,3064,,2019/05/07,0,中立
景色很美，只是設施有點陳舊。,3,1,0,3072,,2019/05/07,0,中立
2015年的時候我和一群朋友去露營，選擇了一個靠近大自然的營區。當時浴室只有共用的熱水器，所以水溫會受到隔壁是否在使用的影響。晚上我們還煮了麻糬，那時吃起來非常美味。,3,1,0,3077,,2019/05/07,0,中立
這裡的夜景很美，但是衛浴設備有點簡單。,3,1,0,3096,,2018/05/07,0,中立
如果櫻花全部開放，營區應該看起來非常美麗。但帳篷被樹木擋住，不太能看到山景有些可惜。廁所設施方便，水溫稍不穩定。幸運的是我碰到了很好的營友，他們和我的兒子玩得很開心，希望沒有給他們帶來困擾。,3,1,0,3111,,2022/01/23,0,中立
第8區的位置比營區本部遠，下樓梯到浴廁比較不方便，而且廁所沒有天花板，容易有很多蚊蟲。,3,1,0,3125,,2020/12/14,0,中立
這個營地的設施不太完善，廁所數量有限，而且很簡陋。,3,1,0,3141,,2019/09/20,0,中立
廁所內沒有衛生紙，造成了一些不便。我建議裝備一些衛生紙。此外，草地上有乾掉的狗大便，不太衛生。垃圾桶沒有裝垃圾袋，而且沒有用磚塊壓實，這樣會造成半夜有野狗野貓來翻垃圾。整體而言，這些問題有待改善。,3,1,0,3156,,2018/11/26,0,中立
如果没有像喪屍般的蒼蠅，那個營區就會非常完美。,3,1,0,3184,,2023/05/07,0,中立
這個營區雖然很整潔，但是物價調漲得太高，可能再也不會去了。,3,1,0,3189,,2022/05/07,0,中立
大家共同使用草地，廁所很漂亮，營區也有販賣冷飲。,3,1,0,3217,,2021/05/07,0,中立
這片草地很柔軟，兩棵樹之間就是露營地，帳篷擋在色彩變化的樹下特別有感覺。車與帳篷獨立，如果遇到滿營地依然會感到擁擠。乾濕分離的衛浴設施淋浴很舒適，路況算是不錯，進入營區的田間小路比較窄，周邊是果園農地。上午時有些許蒼蠅，下午看到農民戴口罩噴灑液體霧氣，希望不是農藥！,3,1,0,3237,,2020/05/07,0,中立
水龍頭裡的水是溫的，非常貼心適合在冬天露營。然而，營地管理者並未允許完全使用草地營位，原因是中央道路需要保留空間供高爾夫球車通行，這也算是一種特別的商業策略。,3,1,0,3238,,2020/05/07,0,中立
整體來說，這個地方環境還不錯，但因為四周都是水果園，所以會有許多蒼蠅。,3,1,0,3243,,2020/05/07,0,中立
我認為這個地方很不錯，適合遠離都市的喧囂，可以來這裡旅遊，可以選擇住宿或露營。,3,1,0,3258,,2019/05/07,0,中立
這個地方有舒服的草地，廁所保持乾淨很乾淨並定期清潔，還有乾濕分離的衛浴設施。但是人潮稍嫌擁擠，帳單上的收費項目也比較多。,3,1,0,3263,,2019/05/07,0,中立
可以從您精心維護環境的表現中看得出來。浴廁的乾淨程度令人印象深刻，不過小朋友的活動空間稍嫌不足。,3,1,0,3279,,2018/05/07,0,中立
包棟民宿外的露營區域提供了可以增加電力供應的選項。,3,1,0,3282,,2018/05/07,0,中立
優點：有寬廣的草地；缺點：有太多帳篷，小朋友沒有玩樂的空間。,3,1,0,3289,,2018/05/07,0,中立
這個地方的優勢在於衛浴設施很棒，草地風景優美，設施也都很新穎。然而，缺點是有太多蒼蠅，營地規劃過於擁擠，且小孩玩樂的空間有限。,3,1,0,3301,,2018/05/07,0,中立
這次活動真的是無論風雨如何都不會取消的，營主的用心經營讓我們感受到了。還可以免費採草莓，但只能適應天氣吃飯，真的非常無奈。這將是一個難忘的回憶，還可以在車上睡覺。,3,1,0,3305,,2017/05/07,0,中立
這個地方有很大的場地，分成很多區塊。在A區放下行李後，車子需要停在停車場集中，這裡有民宿，設計感不錯但舒適度不清楚。營地十分寬闊，讓小朋友可以盡情奔跑，主要是平地，不會有危險性，但缺乏景觀，旁邊只有果園，這點有些可惜。,3,1,0,3315,,2017/05/07,0,中立
除了草地以外，我還真想不出有什麼好處！,3,1,0,3323,,2017/05/07,0,中立
環境雖然看起來很乾淨漂亮，卻有跳蚤，我被咬得很嚴重，在結帳時開始癢，難受極了～,3,1,0,3327,,2022-04-28T17:04:37+08:00,0,中立
各區的空間都有點狹窄，帳篷都感到有些擠，路途的最後十幾分鐘有很多陡坡和髮夾彎，考驗引擎、輪胎表現和駕駛技巧，強烈建議不要在夜間前進。,3,1,0,3396,,2022/05/07,0,中立
快到時意思是路途變得非常陡峭，開起來非常困難。,3,1,0,3471,,2023/10/23,0,中立
接近營區時，那條路的行車條件變得非常困難。,3,1,0,3472,,2023/10/23,0,中立
營地的噪音很吵，有鄰居的狗叫聲、羊叫聲，還有凌晨4點的公雞啼叫聲。,3,1,0,3568,,2023/12/07,0,中立
在營區裡有小黑蚊和蒼蠅，還經常有貓狗入侵翻垃圾桶，孩子被跳蚤叮咬，附近野狗晚上和清晨亂吠，隔壁鄰居的鵝叫聲也很大！營區沒有飲水機，地面雖然是草地但有許多碎石，不過衛浴設備很乾淨，營主人很友善，只是行動不太方便。,3,1,0,3592,,2022/05/07,0,中立
一個帳篷區的位置相對安靜，很不錯。雖然射箭區比較小，但仍然很有趣，可能是因為沒有人和我們搶，不需要排隊（那天滿滿的）。營區裡還有沙坑和戲水池。當天有製作麻糬的活動，營地負責人會逐一告知體驗時間。,3,1,0,3609,,2021/05/07,0,中立
"1. 浴廁整潔，備有浴缸和水瓢，建議攜帶D型環便於掛東西。
2. 提供Wi-Fi、護草墊、吹風機、脫水機、冷凍與冷藏冰箱以及衛生紙。
3. 雨天時，上層營區排水良好，不會積水。
4. 蚊蟲較多，尤其是小黑蚊，建議攜帶防蚊用品以免叮咬。
5. 營區有小貓出沒。
6. 營位洗手台備有遮陽傘，但照明設施較不足，建議攜帶手電筒或其他照明用品。",3,1,0,3610,,2021/05/07,0,中立
營地入口附近的風景很美，特別是在寮望台下面的景色也很漂亮，這裡適合避暑，有風有樹蔭。主辦的搗麻糬和其他活動很受小孩喜歡。冰箱較小，坡道很陡。在端午節被小黑蚊叮滿小腿上紅豆冰，而且營地養的雞半夜兩三點就叫到天亮。有水池供小孩玩水。,3,1,0,3617,,2020/05/07,0,中立
進入營區的道路比較狹窄，開車時需要小心，不要盲目地相信導航。傍晚的景色很美，也有各種活動可以參加，晚上則稍微潮濕，早晨出太陽時需要尋找遮陽的地方。雖然離公路有一段距離，但由於位置在山區，總是能聽到汽車的聲音，特別是跑車。整體而言，是值得一試的營區。,3,1,0,3620,,2020/05/07,0,中立
可以欣賞到石門水庫湖面的美景，微風徐徐吹來非常舒適呢，喜歡露營的朋友們可以考慮來試試看喔！不過需要提醒您，那裡的蚊蟲相當多，請做好防蚊措施。,3,1,0,3627,,2020/05/07,0,中立
風景很漂亮！搗麻糬跟竹筒飯的DIY活動做得有些粗糙，射箭區看起來有些荒廢。淋浴間只有三間，但水流很大，熱水也很充足。,3,1,0,3630,,2020/05/07,0,中立
廁所很乾淨，只是太少間！其他的都很普通。,3,1,0,3634,,2019/05/07,0,中立
營區的空氣品質很好，而且位置靠近河流。,3,1,0,3635,,2019/05/07,0,中立
這個地方提供足夠的衛浴設備和電源插座，停車位也很充足。但是如果夏天到訪的話，因為在山上，可能會比較熱和曬。整個營區有點擁擠，但還算舒適。停車方式很重要，可能會因為停車的方式讓小朋友玩球和飛盤的空間變小一些（但還是有）。整體環境算乾淨，衛浴設備和廁所都不錯。建議小朋友爸媽陪同在水池部分，因為水很淺，沒有危險性，但要注意滑倒等危險情況。營區主人態度親切且健談。如果真的要說有缺點的話，大概就是路不太好找。,3,1,0,3651,,2019/05/07,0,中立
這個營區距離我們住在台北市區的地方有些遠！這個營區是相當新的，區域不算太大，營地設計成了「階梯式」，共有四層。我們這次使用的是最底層（靠近衛浴區），原本可以容納八個帳篷，但因為大家都使用大型或巨型帳篷，再加上客廳帳篷，最後只搭了六個。營區內有一個「營棧」，可以補充不足的飲品。此外還設有瞭望台、兒童戲水池、射箭區，對小朋友來說，是個很適合消磨時間的營區喔！,3,1,0,3653,,2019/05/07,0,中立
這個露營區位於石門水庫附近，交通方便，靠近羅馬公路，路況良好但山路可能令暈車的人感到不適。停車位有限，若是晚到可能不太方便裝備，不過營區提供推車。空間屬於梯田式營區，小孩的活動範圍有限，有小水池和小沙坑，帳篷之間的距離較緊。風景優美，可欣賞石門水庫，附近有新溪口吊橋和角板山形象商圈。盥洗設施方面，雖然只有四間浴室和廁所，以及兩座小便斗，但不會發生排隊的情況，清潔狀況良好，只是沒有提供衛生紙。老闆和工作人員都很親切，是一個值得再次造訪的露營區！,3,1,0,3656,,2018/05/07,0,中立
這個場所已經很久沒有進行維護了，設施都已經舊了。你似乎感受到營地已經沒再受到照顧，比如水池、沙坑、射箭等。路況也不好開，你不確定是哪位是負責營地的主人？,3,1,0,3668,,2023/05/14,0,中立
衛生設備需要改善。如果對環境要求不高的話，這裡還算可以，但傍晚可能會有一些小黑蚊。,3,1,0,3670,,2023/04/05,0,中立
我不知不覺地去了營區兩次。,3,1,0,3687,,2021/03/20,0,中立
手機訊號只有一格，可能因為中華電信訊號不太穩定。不過好在有WIFI可以使用，但可能需要等30分鐘才有熱水，洗澡時可能要注意一下。,3,1,0,3769,,2024/04/07,0,中立
這個地方沒有風景，浴室也很老舊。而且還有兇猛的螞蟻會咬人，雨棚區1300感覺質量價比不夠高。,3,1,0,3798,,2023/05/07,0,中立
講述一個開車難以開，地點風景美麗，並提到區域內的環境和設施的故事，並對鄰居晚上談話的事感到困擾。,3,1,0,3807,,2023/05/07,0,中立
老闆經營營地非常用心，設備逐漸完善。每個區域都有足夠的活動空間，建議在有廁所的區域增加帳篷方便使用。廁所附近有熱水洗手台，非常貼心，尤其適合冬天使用。營地位於山谷中，比較涼爽，早晨陽光照射較為遲，可稍晚睡一會兒，但要注意防蚊！另外，要小心使用谷歌導航，可能會導航錯誤路線，建議聽取營主的指引訊息！,3,1,0,3875,,2020/05/07,0,中立
營區活動範圍受限，通往活動區域的道路較為狹窄。在道路盡頭的位置靠近溪流，晚上溪水聲音很大，因此不建議搭帳篷在溪邊。各區的洗手台位置設計不太理想。廁所和淋浴間的空間相對寬敞，但熱水供應可能會有不足的情況。,3,1,0,3876,,2020/05/07,0,中立
洗澡時總是要等30分鐘才有熱水，因為洗澡的人太多，所以廁所設施不夠。,3,1,0,3905,,2022/09/19,0,中立
洗手台和浴廁的數量有點不足。C、D、E區共用的浴廁實在太少，而且洗澡水即使調到最熱也只有溫水，這對我們露營的朋友來說有點困擾。另外，鎖住我們浴廁的做法有點難以理解，而且營區跳電可能是因為電力供應不足，只要有人使用高耗電量的設備，整個區域就會斷電。是否可以在大家遵守公約上加入不使用高耗電設備的規定呢？另外，在D區應該設置更多的用水設備，而不是讓大家爭搶使用。因為前面的洗手台有熱水，所以大家都會擠在那裡使用，這導致了我們的不便。當我們需要用廁所時，別的區域的人也會湊過來使用，真的很不方便，就算是想洗個手都得使用自己攜帶的茶水來洗。,3,1,0,3922,,2022/01/03,0,中立
跟露友們打招呼感覺很舒適。,3,1,0,3940,,2021/03/20,0,中立
排水系統很不理想，下雨時最好不要前往。第一次造訪草地時景色優美，但第二次再去時草地卻荒蕪不堪，加上遇上下雨，整個地方都成了爛泥塗鴉，是一段相當糟糕的經驗。,3,1,0,3952,,2020/10/13,0,中立
1. 特1區的房間很整潔，但1樓的客廳似乎可以自由進出，這有點奇怪。2. 特1區的廚房在洗手間旁邊，有時候會有尿味。3. 其他部分還不錯。,3,1,0,3989,,2023/05/08,0,中立
這家營區的老闆話多且熱情，整體來說營區不算大，大部分營位都有五葉松樹遮蔭，算是規模較小但很美的營區。夏天造訪時會有一些小黑蚊，這點扣分。除了戲水池清潔度有待提高外，主要問題在於管理並未嚴格遵守夜間規定，例如在晚上11點仍有人進場，12點還在敲打營釘、充氣床墊。在這個營區待了兩晚，都遇到了一些行為失當、素質低劣的露營者，雖然這不是營主的錯，但營區有管理責任，這已造成不佳印象。,3,1,0,3997,,2023/05/08,0,中立
營區面積很大，周圍有湖泊可以觀賞。盥洗浴室不限時，露營區可以選擇不同的露營方式，例如有雨棚區、松樹下和竹林碎石區。但缺點是盥洗浴室和冰箱較為少見。,3,1,0,4019,,2022/05/08,0,中立
"老闆客氣，但蚊子實在太多，回來癢了好幾天。

換句話說，老闆很客氣，但蚊子實在太多了，回來後還癢了好幾天。",3,1,0,4026,,2022/05/08,0,中立
這段描述是說在I區有很多帳篷擠滿了空地，因為寒流來了所以沒人帶家用電暖器。整晚跳電好幾次，雖然營主有處理得很快，但到了半夜跳電的時候就要等到天亮。營地裡有男女各兩間浴室，還有男女各一間蹲式廁所。女生側可以使用吹風機，冰箱則只有在浴室旁。營地旁還有一條河口步道可以走到石秀灣。,3,1,0,4027,,2021/05/08,0,中立
不建議入住B區，因為那裡容易受到干擾，浴廁數量也太少。每個區域的房間應該再減少一些，而且有小蚊子，也容易跳電，但五葉松林的風景非常美麗。,3,1,0,4037,,2021/05/08,0,中立
現在是八月份，蚊子非常活躍，每個人都被咬得滿身都是包。建議大家隨身攜帶高效防蚊液，否則就會像我們一樣，蚊子就算噴了也不怕。,3,1,0,4043,,2021/05/08,0,中立
能不能把雨棚區的位置往大一些就更好了！,3,1,0,4071,,2019/05/08,0,中立
這個情況顯示出營地管理有待加強，對於健康和安全應更加重視。台灣在環境教育上確實還有很多可以改進的地方。,3,1,0,4081,,2019/05/08,0,中立
風景很美，老闆很親切，只是有些小黑蚊。,3,1,0,4086,,2019/05/08,0,中立
營地設施很齊全，提供免費的地面防水隔板，水槽水源充足，供電便利，廁所浴室保持乾淨，草地寬敞。不過要注意的是，由於鄰近竹林，小黑蚊比較多，叮咬的情況比較嚴重。,3,1,0,4100,,2018/05/08,0,中立
蚊子真的太多了，所以夏天的時候最好穿長褲。,3,1,0,4178,,2024/03/07,0,中立
這次露營遇到的老闆娘態度非常友善，讓我們自由選擇營位，因此給了額外的一顆星。遺憾的是，在露營區裡有大量蒼蠅，容易飛進帳篷裡；大量螞蟻，似乎要將蟻巢搬進帳篷裡；還有飛行的蟑螂和其他昆蟲在帳篷外出沒。此外，露營區的設施可能缺乏維護，許多地方霉變或生鏽。夜晚照明不足，使得夜間有些昏暗，不過營區環境其實算是不錯的（如果不考慮發霉問題），有湖岸和溪流，晚上聽著水聲入眠，令人心情愉悅。,3,1,0,4199,,2023/05/07,0,中立
最初以為離台北很近，照片看起來不錯，而且有雨棚應該會很放鬆。但剛好遇到雨天，雨棚內積水，走到廁所都是水坑跟泥巴，腳永遠是髒的，這是露營中最痛苦的一次！再來就是蚊蟲很多，但戶外這點很難要求！建議設施要翻新一下，排水要做得更好。改善一下，我想這個營地會很棒！,3,1,0,4217,,2021/05/07,0,中立
小黑蚊真的很多，洗澡時熱水不太穩定，女廁馬桶常常堵塞。,3,1,0,4228,,2021/05/07,0,中立
這個地方原本是一個魚池，後來改建成了婚攝場地。,3,1,0,4234,,2021/05/07,0,中立
優點是熱水穩定，廁所維持乾淨。不過缺點是營地主人缺乏熱忱，沒有定期巡視，並可能須額外收費待客。夜晚缺乏路燈，部分區域坑洞危險。,3,1,0,4238,,2020/05/07,0,中立
這個地方適合各個年齡層的遊客參加半日遊，但是交通不太方便。,3,1,0,4266,,2019/05/07,0,中立
其他條件都還不錯，只是離市區比較近。,3,1,0,4268,,2019/05/07,0,中立
這次到營區露營，是看了網路上美麗的照片而來的，但實際到了現場卻感到失望，許多景點看起來年久失修，破舊不堪。你是否知道是因為什麼原因呢？我建議營區更新一下網站的相片。,3,1,0,4269,,2019/05/07,0,中立
出門露營最重要的是享受心情，在選擇夥伴時確保場地OK，並且可以依靠熱情的老闆帶路。晚上可以聽蟲鳴鳥叫，偶爾也能看到螢火蟲點綴夜空。在靜謐清幽、離城市不遠的露營區享受這一切是非常值得的，即使網上流傳的園內景點可能已顯示出時間的痕跡（不過還有湖上的鋼琴可以彈奏喔）。,3,1,0,4271,,2019/05/07,0,中立
在台北近郊的露營地，露營區的地面是碎石鋪成的。在河邊的帳篷下，下雨時不用擔心。水槽被平均分配，每兩個帳篷共用一組。可以靠近小溪玩水，但要先考慮集中處理污水才能排放到溪裡。,3,1,0,4277,,2018/05/07,0,中立
總結來說，住的地方環境不錯，浴廁乾淨，但是缺少路燈，稍嫌昏暗，且離營區本部較遠，另外也沒有飲水機，需要到營區本部取水，相對不太方便。,3,1,0,4282,,2018/05/07,0,中立
場地規劃很好，只是沒有特殊的景色。,3,1,0,4283,,2018/05/07,0,中立
這個露營地適合親子同遊，可以在山水間互動，還能享受烤肉、戲水和爬山的樂趣。,3,1,0,4285,,2018/05/07,0,中立
環境還算不錯，衛浴設備齊全，只是平地露營有點炎熱…,3,1,0,4290,,2018/05/07,0,中立
營地的設施看起來有些陳舊，周邊也沒有進行維護更新。,3,1,0,4302,,2017/05/07,0,中立
這個美的空調一千元有點貴。,3,1,0,4304,,2017/05/07,0,中立
這個營地很棒，但好像有點過於商業化了！,3,1,0,4305,,2017/05/07,0,中立
風景很美，只是門票不算便宜有點可惜！,3,1,0,4308,,2015/05/07,0,中立
環境設備稍微陳舊，有些令人感到可惜。如果能加強湖周邊的景觀，整體將更加完美。或許附近有果園所以會有一些小黑蚊。,3,1,0,4502,,2017/12/03,0,中立
原來沒有露營了。27號中午前就開始下大雨了，打雂去詢問，得知無法延期或退費。本以為下午雨會停，結果雨勢越來越大。等了一會兒之後，還是決定不露營了。不想搞得很狼狽，也擔心小朋友淋濕感冒或發生收濕帳的情況。雖然花了1000塊錢，但就當作上了一課吧。天氣不穩定的時候還是要訂雨棚區比較保險。,3,1,0,4561,,2017/05/29,0,中立
可能因為下雨天的緣故，讓景觀沒有如預期般優美，但最重要的是回到家後多了一份紅豆冰，讓人感到開心吧！ ><,3,1,0,4562,,2017/05/28,0,中立
浴廁設備不錯，但還有進步的空間。,3,1,0,4569,,2017/05/14,0,中立
帳帳相連讓人感到拘束，浴室太少。,3,1,0,4642,,2016/12/03,0,中立
這個地方設施相當豪華，浴室乾濕分離很貼心！整個營區都有雨棚，但周圍景點較少。可能位於山谷中，四面八風讓人感到不太舒適。周邊環境比較凌亂，但還有庫志溪可以釣魚釣蝦。,3,1,0,4708,,2021/05/07,0,中立
營地長和夫人相處融洽，環境清新！,3,1,0,4715,,2021/05/07,0,中立
臨溪與山嵐交相輝映，是一個理想的露營地點！,3,1,0,4741,,2019/05/07,0,中立
在雨棚搭起帳篷時，我們選擇在水泥地上搭建，地面上有四個金屬孔。溪水就在附近，讓我們可以享受戲水樂趣。雖然營地不大，缺乏規劃客廳和帳篷空間。,3,1,0,4754,,2019/05/07,0,中立
環境整潔。營位有點小，水龍頭位置可能干擾到其他人。,3,1,0,4846,,2018/09/25,0,中立
11/18日在竹雞區，這個營地的評價是兩顆星，主要是因為有些問題。只能給三顆星的理由是因為草坪還可以，下釘很方便。1. 靠近斜坡的排水管斷裂後沒有維修，導致上層洗手台的水直接流到草地上，帳篷被淹的情況反復發生。2. 九帳共用兩間浴室，雖然衛生狀況還不錯，但其中一間熱水器在周六傍晚就壞了，卻沒有得到及時修理或通知，讓人在寒冷天氣裡洗到冷水澡，感受相當差。3. 廚餘桶擺放方式不恰當，沒有考慮到營地裡有貓狗，果然半夜廚餘桶被貓翻倒的情況屢見不鮮。4. 營區的寬度只有五米，大型帳篷較難安裝，眺望只有老鷹區稍微能看到風景，其他地方視野受到一定程度的遮擋，而在竹雞區根本看不到甚麼景色，整體而言視野不及旁邊的烏嘎彥獨立區或C區。,3,1,0,4868,,2023/12/08,0,中立
這個地方的環境很好，但浴室的數量明顯有點不夠，另外開車時要小心，因為山路又窄又陡，低底盤的車輛要特別留意駕駛安全。,3,1,0,4929,,2020/05/08,0,中立
路小有幾段路會有交通問題，風景不錯,3,1,0,4930,,2020/05/08,0,中立
營地服務很好。廁所和浴室很乾淨，但數量較少集中在一起需要排隊等候，建議增加數量以及設置在更大的場地上，不要超過容納量。此外，進入營地的路徑太小，導致夜間很難通行，需要想辦法加以改善。,3,1,0,5152,,2017/10/23,0,中立
這個營地的交通方便，提供許多親子設施和大草皮空間，整體來說非常舒適，營主也很親切。然而洗澡時間有限，在白天沒有熱水，裝備下放地點很狹窄且會影響其他車輛通行，適合騎腳踏車的空間也有限。撤帳時間較為嚴格，而且光害較大。希望營主能考慮改善裝備放置的問題。整體而言，這個營地還是值得推薦，但必須注意裝備的放置位置。,3,1,0,5231,,2023/12/08,0,中立
"這個地方有很多設施，包括冰箱和冷凍櫃、草地空間可以讓孩子打棒球、籃球場、腳踏車、玩沙區、戲水區和飲水機。營地主人一家勤勞打掃，處理垃圾並分類；雖然廁所和浴室的數量不多，但他們定時檢查清潔環境。還有營地主人會引導停車並注意孩子的安全。廁所門上還有櫃子，感覺他們經營得很用心。

需要改進的地方是女廁浴室的冷水太小，就像細長的筷子一樣，要放水桶多久才夠？水溫不穩，有時太熱，浴室只有5間淋浴間，反饋主人的解釋是用水的人太多了？！洗澡變得很吃力，或許可以考慮增加壓力馬達。最後，來這裡最好選對季節，今天風比較大，幸運沒遇到小黑蚊，小黑蚊太輕，怕被風吹走。",3,1,0,5253,,2023/05/08,0,中立
該地點的優勢包括海拔低、交通方便，兒童設施豐富，適合小孩在草皮上玩耍。不過缺點是有很多小黑蚊，即使已噴了防蚊液仍被螫滿腳，從中午到傍晚都有，傍晚更會出現大隻的斑蚊，螫到會很痛，相當可怕。或許下次在冬天造訪會比較適合。,3,1,0,5259,,2022/05/08,0,中立
個人認為，這個營地比較適合喜歡熱鬧、大雜燴飲食風格、及不怕吵鬧的人。營位靠得很近，晚上十點要保持安靜。搭帳篷的位置要按照營區規定，地面區塊沒有明確的標示，釘點也要準確。廁所和浴室在周末人潮眾多時可能應付不來，熱水只供應晚上6到12點，峰值時間可能要排隊等候，水壓不穩定。冰箱擠滿食材難以取用，插座電壓也不穩定，夏季可能會面臨跳電情況。夜晚進入營區建議在晚上十點前，因為之後大門會鎖上。整體來說，營地很乾淨，但可能不太適合我和朋友。前往前最好仔細閱讀營區須知和規定，以免不小心觸犯規定遭受批評。,3,1,0,5283,,2021/05/08,0,中立
冬天電力供應不穩，必須改善以確保提供友善舒適的露營環境。,3,1,0,5284,,2021/05/08,0,中立
A區與CD區是有不同的特點。在A區，車輛必須停放在停車場，而CD區可以將帳篷放在前面，這樣更容易看得到，但兩者都共用廁所和浴室。如果帳篷滿了的話，可能需要等很長時間才能洗澡，同時洗澡時會感覺蠻冷的。廁所非常乾淨，有拉門，也有提供衛生紙。如果選擇CD區靠近尾部位置的話，要特別注意需要走一段路才能到達廁所。十二月去的話，會有一點點蒼蠅，而且很難避免螞蟻的出現，有時甚至會嚴重侵襲到帳篷和車子。建議選擇靠前一點的營位。然而，營地主分配位置時不太會將帳篷相連到天邊。對於小孩來說，這是一個很喜歡的地方，有沙坑、籃球場、腳踏車和溜滑梯，非常適合帶小孩來放生。此外，還附有冰箱和飲水機。建議事先準備好食物和飲品再出發，因為開車下山需要十幾分鐘到20分鐘才能到最近的7-11。,3,1,0,5288,,2021/05/08,0,中立
沒有全天候熱水供應，孩子們戲水後無法方便沖洗。,3,1,0,5331,,2023/12/28,0,中立
老闆可以不要這麼緊迫地觀察嗎？感覺很不舒服。,3,1,0,5341,,2022/05/16,0,中立
無法控制鄰居清晨六點割草的噪音。或許應該和老闆溝通，促進鄰里和睦，請求鄰居不要在清晨使用大型割草機。清晨被噪音吵醒，是否還算是一個美好的露營體驗呢？即使無法阻止鄰居清晨割草，至少應先瞭解鄰居農作的時間表，提前通知露營者何時會割草，讓他們可以考慮要不要忍受早晨的噪音。向老闆建議過後，老闆似乎無動於衷。,3,1,0,5353,,2020/11/30,0,中立
對方沒有很主動地保持聯繫。由於連日大雨，出發當天早上我主動聯繫營地主人，詢問是否建議取消露營。直到晚上七點半才回覆說不用前往，但我們已經早已出發...草地上的蚊子非常多，讓我對人生產生懷疑。草地積水很嚴重，雖然有提供護草墊，但仍然非常泥濘！整個營地設施中，浴室可能算是不錯的，只要排水速度再稍微改善一下就更好了！,3,1,0,5376,,2019/06/10,0,中立
草叢需要修剪整理一下才比較好。當同時有多個三層帳篷的朋友到達 A 區時，搭設和收納帳篷可能會變成一場災難，因營位空間狹小且幾乎沒有活動空間。由於無法把車開進營區，即使先收納好行李也無法輕鬆離開，停車位和營位之間距離遙遠，並無推車可供使用，需要完全依靠人力運送，這種情況很容易引起家庭成員之間的不滿。可能因為春夏季節，加上附近有果園，蚊蟲和蒼蠅特別多。浴室和廁所算是乾淨整潔的。垃圾桶只在入口處放置（這還好），只是如果帳篷多了就可能會爆滿。在大雨天，草地的排水有問題，容易積水。,3,1,0,5426,,2024/05/05,0,中立
11月18日到19日在露營地的環境很好，但早上洗澡時水突然變成冷水，差點感冒了！我打了三四次電話，可是沒有人接。,3,1,0,5434,,2023/12/08,0,中立
整體來說都不錯，但有一個問題是貨物棧板的部分。,3,1,0,5435,,2023/11/08,0,中立
廁所設計得很好，但只有營區本部有冰箱。在C區要走很遠去B區不方便。B區的大草皮適合孩子嬉戲玩水，也有衛浴設施，但沒有冰箱不太方便。A區的營位比較狹長，如果帶大帳篷可能會有點擠。草地不夠平整，有些地方有坑洞，搭帳篷時要注意位置。洗手台不夠，預定網站上寫有3個帳篷，實際上也是只有三個洗手台。營區主人把我們四個帳篷安排在同一區。這個季節附近有很多螢火蟲，但也有許多小黑蚊、螞蟻和大型蜘蛛（體型都不小）。白天也會有一些蒼蠅，最令人害怕的是還有大型蟑螂，生態十分豐富。,3,1,0,5440,,2023/05/08,0,中立
香港回來的小哥很友善，但是每個房源之間的距離很近。過了晚上10點後，其他房間噪音很大，即使業者多次勸導也沒有改善。玩桌遊的人喧嘩不止，喝酒的團體放音樂並大聲談話...直到快要12點才漸漸安靜下來，我才得以入睡。,3,1,0,5450,,2023/05/08,0,中立
這次我們一群大人小孩約20人，在網上找到這個地方，整體來說感覺還可以，環境很美、洗手間也算乾淨、設施齊全方便，營地主人也很熱情。不過我們只給了3顆星是因為有幾位營地主人的朋友來打招呼，一開始覺得還挺友善的，但後來他們開始越來越過分，一直來找我們，不停讓我們去和他們喝酒聊天，甚至還要找其中一位妹妹。我們委婉拒絕但他們仍固執不走。（我們多次說明不方便）他們離開後不久又回來，甚至直接站在我們的營位前。這樣嚴重侵犯了我們的私人空間，我們來這裡是為了放鬆享受，不明白為什麼花錢特地來這裡還要應酬營地主人的朋友。我們對他們的職業和經歷其實沒有興趣，更不用說要花時間應付。雖然這個地方還不錯，但這次的經歷讓我們對再次造訪有所猶豫。,3,1,0,5468,,2022/05/08,0,中立
兩點左右才抵達，營地主人才準備開始搭起我們租來的帳篷，直到傍晚才裝好。最糟糕的是，睡到半夜氣墊床漸漸失去氣，不止一個氣墊床出了問題。第一天廁所的氣味相當濃重，小孩一直抱怨很臭，直到隔天早上才清掃乾淨好一點。建議在廁所外設置洗手台和洗手乳，尤其在疫情期間，這真的很重要！,3,1,0,5477,,2022/05/08,0,中立
多重複的時候會變得擁擠，建議分區入座，廁所外觀漂亮，但想要更加用心清潔，另外，長興國小附近是個不錯的玩耍選擇。,3,1,0,5500,,2021/05/08,0,中立
有些營位地地勢不平坦，各帳篷之間的距離過於狹窄，需要仔細考慮，和照片中的景象不盡相同。,3,1,0,5524,,2019/05/08,0,中立
環境雖然還算不錯，不過帳篷數量過多，感覺有點擁擠，並且廁所的數量偏少。D區附近的廢水散發出難聞的臭味。早上被狗吵醒，起床後發現帳篷旁留下狗排泄物，心情受到影響。,3,1,0,5527,,2019/05/08,0,中立
營地的草坪保持得很好，但是營地主人收取的費用有點過多，導致有點擁擠。,3,1,0,5541,,2018/05/08,0,中立
浴廁很乾淨，但現場卻告知要額外支付搭帳費讓整體感覺不太好。值得肯定的地方是浴廁很乾淨，而且服務人員態度也很好。不足的地方是帳與帳之間的距離太近，地面也不夠平整。另外，在現場才告知要額外支付300元的搭帳費，而且還無法自行選擇搭帳的位置，詢問為何事先不告知的回應卻是網站無法寫，造成不太好的印象。,3,1,0,5562,,2023/02/13,0,中立
在營區人多的時候，應該更注意垃圾處理。,3,1,0,5610,,2019/03/02,0,中立
營地的情況確實很吵雜，晚上時分狗叫聲不斷，甚至在10點後仍有露友大聲聊天，小孩尖叫。造成吵鬧的情況包括營地的狗和附近人家的狗的吠叫聲，以及缺乏管理的營地情況，讓人難以入眠。,3,1,0,5663,,2018/04/06,0,中立
除了兔子之外，沒有什麼特別的；老闆很熱心，但不太擅長聊天，也不會主動回訪。,3,1,0,5719,,2024/04/08,0,中立
湖畔區的風景很美，讓人感到舒適。靠近大樹的這兩個座位更加出色。,3,1,0,5786,,2019/05/08,0,中立
景觀相當不錯，但營區有點擁擠且費用偏高...露營一晚要價1500元。,3,1,0,5791,,2019/05/08,0,中立
這個地方的環境還可以，樓層分為三層。最上層只有一間衛浴，稍嫌不足。二樓空間不大，但有四間衛浴，需要和三樓共用。當人數較多時，希望可以更頻繁清理廁所垃圾，會更理想。,3,1,0,5793,,2019/05/08,0,中立
每個帳篷幾乎都自帶棧板，所以睡起來很穩！早上醒來就能欣賞美麗的風景！只可惜營區有點小...不過，這裡還有販賣部，可以補貨一些飲料或生活用品！,3,1,0,5844,,2018/05/08,0,中立
設備不用擔心，風景還不賴，只是收費稍微高一些。,3,1,0,5845,,2017/05/08,0,中立
這裡的空氣清新，這裡的環境簡單。,3,1,0,5955,,2021/05/08,0,中立
離開城市到山上欣賞美景，暫時把世俗煩惱拋諸腦後，讓心情放鬆，為了做好再次出發的準備！,3,1,0,5968,,2020/05/08,0,中立
去營地的山路相當崎嶇，開車時請格外小心。不過營地的風景很美，感覺很有坡度。,3,1,0,6031,,2021/04/26,0,中立
營地環境舒適，雨棚搭建得宜。前方空地不小，飼主的狗狗和貓咪很友善可愛。然而，小黑蚊實在太多了，近20位大人和小孩都無法幸免。或許考慮在天氣稍涼的時候來會比較適合，同時也能使用人體捕蚊燈。,3,1,0,6072,,2023/08/08,0,中立
七月時我包了一個有五個帳篷的櫻花區，但只有一個廁所和兩個洗手台（其中一個洗手台較舊，使用起來不太方便）。對於五個帳篷來說，這樣的設施可能稍嫌不足。此外，那裡有很多小黑蚊，但營主會提供大型蚊香。虽然櫻花區的冰箱需要使用對面營區的冰箱，但那個冰箱實際上是營主私人使用的，內裡擠滿了各種醃漬食品等等，味道像嬤家的冰箱。建議還是帶自己的冰箱來使用。碰巧營主的朋友去山上喝酒，除了冰箱擠滿了兩箱啤酒，他們還整天唱歌直到晚上十點，營區還有主人的貓和狗，很友善又不怕小孩。步行四分鐘還有冰涼的溪水可以玩，營主太太也很好心地建議把蚊香帶到溪邊。總體而言，營區有點小、設施建議增加改善，但周遭環境還不錯。,3,1,0,6092,,2023/05/08,0,中立
營地裡有許多小黑蚊和蒼蠅，再加上大雨，整個營地都變成了水塘。可能是因為碎石頭鋪得不夠，所以整個地面都變成爛泥巴，非常不舒服。洗澡和上廁所的空間也不夠，只有五個營位中僅有一間可以提供這兩項服務。另外，電源供應的距離也太遠，相當危險。,3,1,0,6093,,2023/05/08,0,中立
營區的主人夫妻非常友善，樂意幫忙解決任何問題，這一點真的很棒。距離老街不遠，露營完可以到老街逛逛找吃，感覺輕鬆舒適。不過營區有幾個問題：1. 浴廁是共用的，需要排隊；2. 營區有養貓，貓會跑來跳到餐桌，咬破營帳，也不怕人；3. 半夜沒路燈，有些露友一直在行走、聊天，建議增加路燈；4. 洗碗要排隊，水槽不夠。,3,1,0,6105,,2022/05/08,0,中立
這個露營區的設施真的不怎麼樣，場地小沒照明，洗澡水壓不穩，容易弄濕衣服。浴廁都是用鐵皮搭建，洗澡時還要忍受隔壁的異味，實在令人反感。此外，5帳共用2個洗手枱，收費$1200太貴了，在同樣價位下有很多營區景色和設施都比這裡好太多了。,3,1,0,6114,,2021/05/08,0,中立
營地有點大，感覺有點分散，可能稍微小一點比較好。,3,1,0,6133,,2019/05/08,0,中立
我進到營區時第一眼看到一個陡坡，讓我對我的小黑狗有點擔心。老闆娘非常親切地介紹了營區，還告訴我晚上會有螢火蟲。當天晚上關掉燈後，真的看到很多螢火蟲，可惜沒有拍照。營區是採用梯田式的佈局，每區面積並不算大，每個區域都有一間廁所和一間浴室，且插座數量不多。不過我比較不滿意的是蒼蠅比較多，風景一般般；唯一令我印象深刻的是營區下方有一條溪，可以讓小孩玩水，水質很乾淨，有成年人看著很安全。小孩可以在那裡玩上半天，總的來說，我無法大力推薦這個營區。,3,1,0,6143,,2018/05/08,0,中立
廁所和浴室是合併在一起的，因此在晚上洗澡時間時需要等待使用廁所的人。,3,1,0,6146,,2018/05/08,0,中立
各地區的位置很好，但出租的帳篷沒有附帶鋁箔墊。,3,1,0,6148,,2018/05/08,0,中立
對於希望輕露營的家庭來說，雅房可能並不是最理想的選擇，讓人有些失望。,3,1,0,6214,,2019/10/21,0,中立
這個地方整體還不錯，草坪保持得還可以，交通方便，但是主辦人的互動不多，最重要的是那裡有狗會追人哦！,3,1,0,6217,,2019/09/17,0,中立
廁所需要改善！1.最好將廁所和沐浴空間分開，否則會感覺很髒！2.網上的浴廁配置圖與實際情況有出入，實際廁所間數較少，相當於10至11個帳篷共用兩個浴廁。讓人快要瘋了！3.營區的設計待加強，因為每次要到營區辦事都幾乎要經過其他營地 (我是訂了五葉松區)。從五葉松區抵達營區時，如果不經過其他營地的話，坡度太陡而且梯級設計不良好，小孩都在那裡跌倒擦傷。4.遇到沒禮貌的露營朋友，連續兩天都在唱卡拉OK！5.營區位置還不錯，離附近景點都很近。,3,1,0,6230,,2019/01/07,0,中立
老闆十分周到，場地維護良好，草皮也保持得宜。他會主動提供蚊香，並關心每位露營的朋友。露營區以小包區為主，景觀較簡單；衛浴設施也較基本。然而，半夜時狗會來翻垃圾，整晚狗叫聲不斷。,3,1,0,6245,,2018/11/26,0,中立
浴室的柚子區包區問題導致水量時大時小，水溫也不太穩定，希望能做一些改善。,3,1,0,6267,,2017/07/23,0,中立
服務很好，而且親切。老闆娘們都很友善，服務也很優秀。,3,1,0,6284,,2017/03/12,0,中立
在制高點沿路可以欣賞雲霧飄移，可惜森林區較扁平，帳篷只能水平架設，無法直接面對風景，必須看著其他帳篷；地面稍有傾斜。夜景區風景雖美，卻過於擁擠，帳篷只能水平架設，與隔壁帳篷相距很近，無法穿過客廳帳篷直接看外面。浴室燈光昏暗，熱水供應充足但水壓不穩定。如果不介意擁擠，可以考慮選擇夜景區，若不喜歡擁擠則可能不再光臨，老闆娘的服務態度則讓人加分。,3,1,0,6335,,2022/05/09,0,中立
森林地區的景色很不錯，可以遠眺關西的夜景。不過恰逢東北季風增強，森林地區的風很強。此地沒有浴室，建議您可以另外作安排。,3,1,0,6340,,2022/05/09,0,中立
Google 地圖顯示可以通往竹62路，可惜大門被封鎖，並且也不確定是否可以通行。,3,1,0,6354,,2021/05/09,0,中立
高地盤的路較不易行駛，但適合較高底盤的車輛，且夜晚風景非常美麗。,3,1,0,6373,,2020/05/09,0,中立
景色場地沒有提供草坪，只有石子地，老闆人很親切，但員工們似乎有點愛抱怨…,3,1,0,6634,,2021/05/09,0,中立
營區最大的優勢就是靠近溪流和環境清幽！雖然每一區都有超過預期的人數！營位稍嫌狹小，帳篷幾乎連在一起直到天際！這樣讓人感到擁擠且不舒適！建議每區應該再少放一帳才是最理想的狀況。,3,1,0,6665,,2020/05/09,0,中立
老闆熱情、廁所乾淨、空間有限,3,1,0,6667,,2020/05/09,0,中立
四月是個很適合的時候，可以邀請朋友家人一起來看螢火蟲露營。,3,1,0,6678,,2019/05/09,0,中立
冬天使用電暖爐容易造成跳雄，即使是低功率的電暖爐，也會受到強大的寒流影響。B1區只有一個電路，一旦開啟兩台380瓦的電暖爐就會跳雄。老板建議使用煤油暖爐，因此如果沒有煤油暖爐的話，不建議在冬季前來。,3,1,0,6696,,2022/12/22,0,中立
A2區的景觀空間有限，浴廁小且無法容納碟型天幕。早上醒來時，我們帳前出現了狗狗的大便，差點中槍。 ^_^,3,1,0,6702,,2022/09/12,0,中立
晚上狗狗叫得很大聲，能否請您控制一下呢？,3,1,0,6715,,2021/10/17,0,中立
邱先生和邱太太人真的很友善。,3,1,0,6744,,2019/03/05,0,中立
這次我們選擇的營位位於A2區，帳篷之間的空間非常擁擠，幾乎沒有空間感。儘管事先得知營地擴建了位置（不同於以往），卻沒想到會變得如此擁擠。一個營位大約只有5*8尺的空間（不建議使用5*8尺的帳篷），當人數增多時，衛生間變得骯髒、惡臭，營地管理人員也未能及時清潔並清運垃圾。除了景色還算不錯外，其他方面確實令人相當失望。,3,1,0,6754,,2024/04/09,0,中立
這次在騰雲露營的經驗，整體來說算不錯，但最後一天卻有些不諧。一是洗澡沒有熱水，令人感到不舒服。二是收帳時間本應是在12:00之前，新的客人13:00以後才能進來，但卻在11點初就讓新客人進來，導致混亂。營主和服務員也沒有好好管理進出口，放任客人胡亂進出，可能造成未來的衝突。希望下次能改進這些問題，讓每位露友都能有個愉快的露營經驗。,3,1,0,6767,,2024/03/09,0,中立
這個地方的風景很美，設施也很完善！感覺管理者很用心在維持環境！我們預定了平日的三天兩夜行程！第一晚遇到的露營夥伴都很不錯，讓人很容易入睡！但第二天營地負責人告訴我們，晚上會有三組露友在凌晨一點前夜間搭帳，就在我們附近！真的沒有看錯，凌晨一點！想請問營地負責人，凌晨一點還能接受夜間搭帳，不怕影響其他露營者嗎？當天我們決定不留宿，下午直接結帳離開！對於半夜有人搭帳、敲擊營釘的情況並不介意！這裡或許是個來碰運氣的好地方！,3,1,0,6772,,2024/01/09,0,中立
初次造訪這個營地時，我發現路標指示還算清楚。但是當我到了營地浴室時，發現設備有些不足。它只提供了衣物放置架，卻沒有提供沐浴乳的擺放空間，這讓洗澡變得很不方便！此外，電壓也不穩定，11/18晚上停電了兩次，真的很麻煩！,3,1,0,6778,,2023/12/09,0,中立
營區雖然風景很美，但管理不夠完善，露營者晚上十點才到達，半夜一點還在大聲敲釘子，就像是夜市一樣喧囂，這些情況有待改善。,3,1,0,6784,,2023/11/09,0,中立
前一晚臨時訂的露營區位置比較沒有好視野，營區設施有待改進，像是樹木不夠旺盛、浴廁數量空間需加強。感覺營地還在擴建，有些區域像是工地。至高點視野不錯，但其他地區普普。營位密度高，有點擁擠，反而路上的九份二山紀念園區是很好的遊憩點。整體來說，營地還有很多可以改進的地方。,3,1,0,6788,,2023/10/09,0,中立
"優點：
1. 營區的道路都是柏油路，非常好開。
2. 特區的視野很棒，尤其是特2面對大景。
3. 天氣好的時候可以看到滿天星星。

缺點：
1. 營位太小，只有落羽松區的位置比較大，其他則是帳帳相連。
2. 廁所和衛浴設施太少，男女共用，在尖峰時刻需排隊，而且廁所沒有定時清理。
3. 飲水機和冰箱沒有整理。
4. 晚上沒有管制休息時間，有些露友會聊天直到凌晨2-3點。
5. 可以隨時吸到二手菸。

其實營地主人感覺是不錯的，但應該對於不守規矩的露友也束手無策吧。",3,1,0,6795,,2023/09/09,0,中立
"優點：
1. 夏天景色宜人，適合避開中午直曬，尋找通風處較為舒適。
2. 浴室沒熱水時，反應及時處理，效率高。
3. 草地排水良好，易於打營釘。  

缺點：
1. 飲水機及馬桶蓋等多處平台明顯未定期清潔。
2. 露營區螞蟻眾多，停車時需留意，以免車輛被爬滿。
3. 對於露營區內抽菸及深夜吵鬧者，管理並未進行規範或禁止，希望提升露營品質者請留意。",3,1,0,6796,,2023/09/09,0,中立
整體環境看起來還不錯，但晚上似乎缺乏一些管理控制措施。晚上10點後還有人在KTV唱歌或是大聲播放音樂，對於大家講話聲音大小聲並沒有太多的尊重。儘管這些行為屬於個人行為，但缺乏管理真的讓人感到不太舒適。,3,1,0,6810,,2023/05/09,0,中立
帳篷的位置靠近冰箱，整理情況不佳且有異味。3人帳篷區的浴廁也有異味，空間小且沒有分隔。需要加強清潔度。營主很友善並樂意協助。往上走有觀景平台，風景優美。,3,1,0,6811,,2023/05/09,0,中立
這個地方的優點是夜景很美，山景和夜晚星空也很不錯，而且衛浴熱水穩定、清潔度也不錯。如果營位沒滿的話，可以跟營主協調。草地條件也還可以。缺點是最後一段到營區的路比較狹窄，車輛不易進出。假日時營區的冰箱經常擠滿，建議自行攜帶冷藏設備。夜晚十點後沒有管理，直到深夜兩點才比較安靜。半夜有野狗會來翻垃圾桶，早上地上會有很多垃圾。此外，營位之間比較靠近，不太適合搭建大型天幕或帳篷。,3,1,0,6841,,2023/05/09,0,中立
第一次露營時感受到像在市集一樣的氛圍，帳篷彼此之間幾乎貼在一起，再加上滿滿的車輛，我認為營地主人應該考慮只收取目前營位的 60～70%，這樣才能保持品質。,3,1,0,6851,,2023/05/09,0,中立
我們在營區露營的時候，希望能遵守宵禁規定，不要太晚喧嘩聊天或是放音樂影響其他露友的休息品質。露營是為了享受大自然和寧靜，希望所有露客都能互相尊重，共同創造一個愜意的環境。感謝您的理解與配合。,3,1,0,6852,,2023/05/09,0,中立
視野開闊、水電充足、浴廁設備完善，但清潔工作稍嫌疏忽。,3,1,0,6871,,2022/05/09,0,中立
營區很寬敞，有專人打掃，空氣清新，風景優美，只是道路較狹窄，開車時需注意安全，上山要開慢一點。,3,1,0,6899,,2022/05/09,0,中立
這個地方風景優美，只是登山的道路太狹窄，行駛困難。,3,1,0,6921,,2021/05/09,0,中立
風景很美，草地也很棒，但帳帳相連，感覺有點擁擠。可惜衛浴設施不夠多，導致等待的時間比較長。,3,1,0,6955,,2021/05/09,0,中立
總結來說，你在露營區遇到了一些問題，洗澡時遇到熱水器故障且控制不佳，導致燙傷，最後只能換到第三間解決問題。另外，營區內假日帳篷營位擁擠，造成小朋友活動空間減少，但風景美麗、生態豐富，有許多螢火蟲，草皮也維護得很好。建議營區主人在衛浴設施和活動空間多下點功夫。,3,1,0,6965,,2020/05/09,0,中立
風景很美，百萬夜景盡入眼簾，可惜的是衛浴設施太少。當客房滿員時，等候時間較長，而且熱水非常不穩定，時冷時熱，還燙到了我老公的手。希望營主能夠重視這個問題。,3,1,0,6967,,2020/05/09,0,中立
洗澡時熱水溫度難以調節，需要一個獨立的熱水器。然而，水壓可能不足，需要改善以確保熱水器運作穩定。,3,1,0,6974,,2020/05/09,0,中立
這個地方設施簡陋，只有兩間浴室和兩間廁所，如果要使用，最好提早去，否則得等很久。,3,1,0,6980,,2020/05/09,0,中立
景色很美，但空氣受到嚴重污染。營區提供了寬敞的空間，也保留了公共區域供大家使用。小朋友玩得很開心，但衛浴設施真的有點不夠，傍晚有些大蚊子在附近。,3,1,0,6989,,2020/05/09,0,中立
衛浴設施有限，每個區域只有一台吹風機。營位是由營地管理員分配的。當天受到濃霧影響，沒有看到美麗的景色，但提供了飲水機。,3,1,0,6990,,2020/05/09,0,中立
營區的路線一般，但風景很漂亮！只是營區的價格有點貴！,3,1,0,7011,,2019/05/09,0,中立
景色很美，空氣清新，只是廁所有點少。,3,1,0,7013,,2019/05/09,0,中立
景觀優美，但是在台中、埔里、草屯和彰化地區可能缺乏遊戲場設施。,3,1,0,7026,,2019/05/09,0,中立
在2022年2月份的第48周，氣候達人提到，在下方的碎石草地上的營位地勢不平，而且有水溝蓋凹洞，搭建帳篷時不容易。旁邊的大鐵皮雨棚看起來有點荒廢。若要選擇這個營地搭帳篷，建議選擇位於上方的類似森林系的營位，比起下方的營位來說會更整潔。,3,1,0,58,,2023/05/06,0,中立
這裡除了台灣大哥大收訊不好外，其他部分還算不錯。,3,1,0,72,,2023/05/06,0,中立
覺得規劃不夠良好，容易跳電，衛浴清潔不夠完美，不過場地很寬敞。,3,1,0,117,,2022/05/06,0,中立
這個地方老闆人很好，非常體貼，而且交通方便，離市區也很近。如果要舉辦家庭露營聚會的話，這裡非常適合，我推薦這個地方。不過假日人潮真的很多，可能會有廁所不夠用的問題。如果想要欣賞美景的話，這裡可能不會符合你的期待，因為海拔較低，比較炎熱。,3,1,0,134,,2022/05/06,0,中立
熱水溫度時冷時熱，在夏天或許還可以忍受，但冬天遭遇這種情況就會讓大家顫抖了吧？建議老闆應該妥善處理這個問題，並且定期派人清潔和清空垃圾，因為廁所有嚴重的尿騷味！另外，電路跳躍的狀況相當嚴重，老闆應該盡快改善這三個問題…花這麼多錢卻得到這樣的體驗，真是令人失望。,3,1,0,138,,2022/05/06,0,中立
營位很寬敞，但衛浴空間太少，洗澡時水壓時強時弱、溫度忽冷忽熱！,3,1,0,146,,2021/05/06,0,中立
這個地方條件不錯，但是沒有供應飲水的設備。,3,1,0,150,,2021/05/06,0,中立
路況良好，衛生環境還有改善的空間。廁所久未清潔，垃圾回收箱未清空。,3,1,0,169,,2021/05/06,0,中立
四個月前，一個露營計劃被安排好，昨天早上，十九個家庭分別從北區的基隆和南區的台南出發。約莫11:30，所有友人全部到齊，總共有93位參加者，包括小孩在內。從午餐後，我們開始暢談、暢食、暢飲、暢歡、暢喊！一直持續到現在！根據目前的情況來看，中秋連假的後續兩天肯定會非常狂歡！我的心情高興極了！,3,1,0,175,,2021/05/06,0,中立
浴室廁所有點遠，但沒有飲水機，環境還挺好。,3,1,0,201,,2020/05/06,0,中立
這個地方空間很大，草地和樹木都被打理的很好，開車前往營區的路徑順暢。,3,1,0,218,,2019/05/06,0,中立
寧靜區的一些地方有很多落葉，雨後變得潮濕，而洗澡時水壓也不穩定。,3,1,0,243,,2022/03/01,0,中立
營地的店主很友善，但管理方面可能有些問題。在晚上7點多時，還未到8點鐘，店主就責怪我太吵；後來店主來要求我小聲一點。事情還未到晚上10點，我感到有點生氣，於是決定離開。,3,1,0,303,,2023/05/06,0,中立
露營地方環境整齊、光源不過多、且非常安靜，除了昆蟲和動物的聲音之外，是一個很好的露營地點。,3,1,0,335,,2023/05/06,0,中立
建議在預訂時選擇靠近釣魚池的區域，這樣可以遠離馬路的車聲。若您在意在他人家門口睡覺的情況，請避免預訂雨棚區。雨棚區的露營區域相連營本部，夜間可能會聽到冰箱運轉的聲音，可能會造成噪音干擾。營區的路況良好，可以使用導航系統順利抵達目的地。五星級衛浴設備寬敞，一家四口同時使用不會擁擠，並提供洗髮精和沐浴乳。釣魚池的開放時間需查詢老板，無法保證隨時都可釣魚。,3,1,0,378,,2020/05/06,0,中立
"優點: 露營場地很寬敞，營位大小適中，營地主人用心維護，提供許多親子設施，並且風景優美。

缺點: 露營地上有許多野貓，我在第一天星期五晚上把牛肉放在水糟裡冷凍，被野貓整包拿走。第二天星期六，將整隻雞放在鍋中提前準備食材，卻依然被野貓打開鍋蓋偷吃，導致雞肉亂成一團，最後不得不丟棄。另外，早上7:00左右猴群會在帳篷附近覓食，需要注意攜帶的食材。",3,1,0,470,,2024/01/06,0,中立
"優點：園區保持得很乾淨，園主非常用心在進行維護工作。
缺點：地面較硬，難以下釘營。每個營位都有被砍伐的樹幹，高度不一，部分甚至不足三十公分，且沒有警示燈，夜間需特別注意，容易碰撞。另外，樹木上可能有蜜蜂和虎頭蜂，務必注意安全。",3,1,0,473,,2023/11/06,0,中立
這個營地的佈局很整潔，配備齊全，而且地面石頭很堅硬。大型帳篷遍布其中，營地非常熱鬧。,3,1,0,497,,2023/05/06,0,中立
這個營區很大，大概有120個帳篷，一直走下去約300公尺，我想分享一下路況：給它4.5顆星。在上山的最後一段路並不好開，要留意Google導航會要求你提早左轉，但營地管理有立牌告知再開150公尺後再左轉，這才是正確的上山道路。關於水電和冰箱：給它4顆星，兩個帳篷共用一個洗碗台，晚上在洗澡時間水壓較容易不穩，約在那個時段。第4到5區共用一個商用冰箱和一個冷凍櫃，所以先丟的先贏。關於垃圾桶：只給1顆星，回收桶、廚餘桶和垃圾桶都只有在廁所外，除非你的帳篷就在廁所旁，不然都得走去丟垃圾，非常不方便。淋浴間給3.5顆星，缺點是第4到5區共用4到5間浴室，尖峰時段會需要排隊，當人多洗澡時，地板的排水會溢出來。但水壓穩定，24小時提供熱水。整體營地給4顆星，壞處是下釘不太容易，如果釘子不夠粗，有可能會歪掉，而且疑似釘到水泥地。優點是營地相當大又有足夠停車位。整體來說，在群山環繞下的梯田式營區是不錯的，只是晚上洗澡時，不知道為什麼會飄著一陣尿騷味(當然也得看風向)。活動區的設施基本上如果人多就必須排隊，畢竟這是個大營區，幸好營地足夠大，所以建議自備一些玩具給小朋友玩。,3,1,0,510,,2023/05/06,0,中立
1. 洗澡時要小心水溫，以免受傷。2. 碎石區的石子很鋒利易傷，行走時要格外小心，以免跌倒受傷。3. 乾淨的廁所是一大優點。,3,1,0,522,,2022/05/06,0,中立
這個營區空間較為寬敞且美觀，設有冰箱。然而地面有許多石子，安裝營釘頗具挑戰，需要使用30公分以上較粗的營釘才能固定。夜晚常有強風，導致許多帳篷遭到破壞，引起一片驚呼聲。建議選擇良好的天氣前往，並非適合初學者，供您參考。也有看到有人在車內露營。,3,1,0,526,,2022/05/06,0,中立
營區的環境不錯，雖然沒有特別厲害的景色，但整體還算整潔，唯一比較讓人困擾的是洗澡時水溫時高時低，不能好好沐浴，其他方面表現還算可以。,3,1,0,527,,2022/05/06,0,中立
營地的風真的很強，地面上布滿碎石和草皮，難以釘營釘！廁所的數量有點不足，如果可以設立分區衛浴會更方便！不過小朋友們非常喜歡遊戲設施，玩得很開心！,3,1,0,545,,2022/05/06,0,中立
營區的環境很幽靜，唯一的缺點就是有很多露營的遊客，而且小孩也很多，所以有點吵，他們似乎沒有意識到晚上11點過後應該保持安靜，即使營主也沒有在管理這個情況。,3,1,0,547,,2022/05/06,0,中立
環境看起來還可以，只是碎石比綠草多，走起來像健行步道。衛浴廁所的數量很多，但位置有點遠。每小時都有人來清潔垃圾和整理廁所，所以環境整潔的程度還算可以。,3,1,0,550,,2022/05/06,0,中立
前往的路大部分是雙向道路，狀況良好。營地地面有很多碎石，建議攜帶不鏽鋼營釘或多準備幾支。周圍風景優美，令人心曠神怡！遊戲區位於最底部。需走一段下坡路，1/1當天露營時遇到至少5次以上的停電情況。不清楚原因，建議額外攜帶非插電照明用品。廁所熱水不穩定，有時溫度忽高忽低。沒有飲水機，請務必攜帶足夠的水。,3,1,0,560,,2021/05/06,0,中立
營區很寬敞，適合小孩放電，營主很體貼，在戲水區也設置遮陽傘，讓家長陪小孩時不會曬太陽。但還有幾個地方有待改善：1. 垃圾桶離營區太遠；2. 廁所裡外的照明不足，在夜晚很危險；3. 熱水器溫度不穩定；4. 營區的營釘不容易下，而且地面有太多碎石，容易撞到。,3,1,0,573,,2021/05/06,0,中立
那裡的地方很硬，而且容易淹水，建議不要被咬到。,3,1,0,575,,2021/05/06,0,中立
"1. 雖然石頭地不適合釘子，但並沒有泥濘，相對還算方便。
2.對於不擅長搭帳篷的人來說，租借的帳篷缺乏教學和幫助，幸好有朋友共同努力學習搭建。
3.進入後未能見到營主，也不清楚其所在，使人感受不到像其他露營區般熱情款待。
4.自行處理收費，雖然要比外頭租借的貴，但好在價格可控。
5.充氣墊沒有充電設備，好在有朋友相助，否則不知如何處理。
6.洗澡水過熱或過冷，讓人難以調節，後來索性放棄洗澡；調整後反而太燙而忍受不了。
7.缺乏適合小朋友遊玩的設施，同時距離也較遠，讓在場的小孩感到乏味；可能其他地方也有這情況，但熟悉露營的朋友，對此感到困惑。
總的來說，周圍環境寧靜，離老街也相對靠近，希望改進以上問題，否則真的就只能是一次性的體驗了。",3,1,0,583,,2020/05/06,0,中立
路況不好。導航指引經過內灣老街，假日交通非常擁擠。營地地面很硬，有很多石頭，普通營釘難以鑽進地裡。衛浴設施還算可以。,3,1,0,592,,2020/05/06,0,中立
這片碎石地真的很難釘營，再加上強烈的東北季風，造成整個帳篷被吹斷了。有一部分露營者緊急撤營，真是一次悲慘的經驗。,3,1,0,613,,2019/05/06,0,中立
場地雖然安靜，但需要更多的宣傳和投資。,3,1,0,625,,2019/05/06,0,中立
露營地的設施很棒，但碎石地造成營釘難以安裝。,3,1,0,634,,2019/05/06,0,中立
希望有更多獨立廁所可以使用,3,1,0,636,,2019/05/06,0,中立
週邊都是果園，沒有遊樂設施。,3,1,0,638,,2019/05/06,0,中立
就是因為泥土石頭太多，所以營釘不容易打入。,3,1,0,658,,2018/05/06,0,中立
碎石地很硬，營釘很難打進去。廁所太少，垃圾桶也不夠多。,3,1,0,687,,2020/11/28,0,中立
這個營區非常適合小孩，但是排水情況很差。即使下雨不到5分鐘，地面馬上積水，還淹到比營釘還高。雖然在此期間只露營了30次，但遇到過很多暴風雨，卻沒有遇過像這樣極度排水不良的營地。碎石尖，地勢顛簸，排水很慢，蚊蟲蒼蠅蟑螂和螞蟻都很多，不過這是大自然的一部分。我相信在100%好天氣下，這個營區是一個非常適合家庭和小孩的樂園。,3,1,0,700,,2020/05/18,0,中立
整體來說感覺還可以。營位非常寬敞，5*8的帳篷搭起來還有很多空間，但是打釘真的很困難，擔心風大時釘子會被拔起來。,3,1,0,722,,2019/03/14,0,中立
晚上使用浴室會感覺通風，感覺有點冷。,3,1,0,820,,2017/05/02,0,中立
整體環境還不錯，視野很開闊，而且附近有全聯可以購物，只是山路比較陡，開車要小心；另外，對老闆的誠信有所懷疑，讓整體感受有些打折扣。,3,1,0,859,,2023/05/07,0,中立
在D區女生只有一間蹲式廁所和一個淋浴間，對家長帶小孩來洗澡的時候，可能會需要等待。因此，我認為設計一個座式廁所或者安裝安全扶手將對年長者或者不習慣蹲廁的人更加方便。而在DE區共用一個冷凍庫的情況下，希望也可以考慮添加冷藏的功能。同時，若能設置一個大雨棚，將有助於大家在下雨時遮風避雨。,3,1,0,925,,2019/05/07,0,中立
這個地方很乾淨，視野也很開闊，空氣品質很好。,3,1,0,926,,2019/05/07,0,中立
附近交通便利，開車去三星鄉的味珍香或全家大概需要10-15分鐘。附近也有一些景點，像是松蘿和九寮溪步道。不過秋冬季節容易刮大風，可能會影響睡眠品質。,3,1,0,940,,2018/05/07,0,中立
天氣稍微涼一點的時候，去露營應該不錯吧，而且離市區近，夜景也不錯喔。,3,1,0,944,,2018/05/07,0,中立
在營地的碎石地面釘釘子時要小心點。,3,1,0,982,,2021/12/14,0,中立
在C區的草地上，中間擺滿了護草墊，小朋友根本無法奔跑，多次絆倒並擦傷皮膚。實際可供遊玩的空間僅剩下靠近沙坑的一小塊。優點是附近有熱水水槽和獨立的衛浴區，但衛浴清潔水平一般。,3,1,0,1042,,2024/02/07,0,中立
記得要從內灣那邊上去，雖然車子有點多，但路程較短。,3,1,0,1062,,2023/05/07,0,中立
整齊有序，爬坡小路上長滿雜草和樹枝，需要修剪才能獲得3.5顆星。,3,1,0,1080,,2023/05/07,0,中立
看了大家的評論後，我很期待，所以我也向老闆確認了是否有開放所有的飄飄河，結果只有A區有飄飄河，其他區根本沒有開放，真的讓人很失望。雖然沒有什麼特別的，但還算貼心的是水廁裡有防蟲紗網。,3,1,0,1273,,2023/10/07,0,中立
下午下了一場大雨，地面變得泥濘，明顯缺乏足夠的砂石鋪設，其他地區鋪設了更多的石頭，就沒有這麼大的問題，感覺比較乾爽。其他設施還不錯，有小孩的話可以在水裡嬉戲，水感覺像是從山上直接流出來的。這個季節水裡有青蛙蝌蚪會跑出來，晚上很多昆蟲和各種蛾類。,3,1,0,1287,,2023/06/07,0,中立
新營主非常熱情，衛浴和廁所保持乾淨並協助消毒，每區各有一間衛浴和廁所，是很好的防疫措施。此外，衛浴還提供沐浴乳和洗髮乳。唯獨A區（營本部）提供了一座冰箱、一台飲水機和一台脫水機。全區包括A到F區，僅一座冰箱真的太少了，建議增加。營地有許多流浪貓狗，睡前要把食物收好，否則貓貓可能會跳上桌子找食物。晚上11點遇到熱水器沒電，幸好老闆值班幫忙更換電池，但熱水器水壓不穩的問題需要改善。在C區包區露營，發現4個營位過於擁擠，幾乎沒有活動空間，不過感謝老闆提供水球和可樂給小朋友。遇到連續3天的大雨，C區積水不退，變成爛泥坑，很容易滑倒，需要改善環境。雖然A、B、D區沒有積水問題，但C區真的狀況很糟。營主承諾會改進。,3,1,0,1347,,2023/05/07,0,中立
營主人很友善，只是營位分布不夠完善，先到先搭。,3,1,0,1377,,2022/05/07,0,中立
總的來說還算可以，營區評價可能不太高，我們選擇了C區，如果再多一個帳篷可能會有點擁擠。冬天去沒有蚊蟲，只看到一隻小蟑螂，衛浴設備不錯，但需要自己保持清潔，否則沒有看到管理人員清潔。旁邊就是大馬路，有時會有重型機車隊經過很吵。可能也因為馬路旁有一隻大野狗進入了我的帳篷。,3,1,0,1382,,2022/05/07,0,中立
這個營地似乎曾經用心經營，但現在卻顯得荒廢了。也許因為大家都在補班或補課，所以我們包下整座山。營區沒有門，感覺安全性不是很好，會有過路客直接開車進來參觀或使用廁所。只有在收費時，營地主人才會現身。浴室的水溫有些房間會時冷時熱。,3,1,0,1388,,2021/05/07,0,中立
洗澡時瓦斯不足，晚上洗澡感覺很冷，但草莓價格很便宜。,3,1,0,1389,,2021/05/07,0,中立
A區旁邊有一條小溪，而營位旁邊則是一個充滿蝌蚪、青苔和水草的生態池。可惜玩水的水源不太乾淨，小孩戲水時需要特別注意。營區的設施有其優缺點。缺點包括：1. 廁所經常很髒，每天只清潔一次，需要遊客提醒才會打掃。2. 營區的排水速度慢，沒有提供護草墊，但可以提供帆布。3. 營位空間不大，而且相鄰的帳篷很接近。4. 水槽旁邊沒有垃圾桶，而且垃圾桶也沒有蓋子，使得半夜流浪狗會翻垃圾。然而，也具有一些優點：1. 浴室的水流量大且溫度穩定，提供洗髮精和沐浴乳。2. 還提供冰箱、飲水機和脫水機，且泡湯有優惠。,3,1,0,1401,,2020/05/07,0,中立
建議未來前往漂漂河 top 區之前先詢問是否開放，因為整潔狀況可能不佳且沒有人在維護。此外，門票一千元有些貴，另外，當下雨時排水狀況可能會不好，也許還需要向隔壁借用護草墊。,3,1,0,1410,,2020/05/07,0,中立
腹地空間很狹小，搭好帳篷後幾乎沒有活動空間，但環境整潔度還不錯。,3,1,0,1412,,2020/05/07,0,中立
希望營地蹲式廁所能夠更加整潔，一打開門就看到一些不乾淨的痕跡，實在讓人不太舒服。,3,1,0,1413,,2020/05/07,0,中立
D區位子空間狹小，我們四個營位的人勉強將車子停進營區，否則就得把車子停到路邊。營區位於路旁，需留意小朋友是否有於馬路上跑動。考量到以上因素，若要前來露營的話，最適合租借整個區域。,3,1,0,1453,,2022/10/12,0,中立
C區的排水系統和水壓需要改善，新的營主很熱心，保持衛浴和廁所乾淨有幫助消毒。晚上要注意收好食物，因為貓貓可能會跳上桌子找食物。建議營主改善C區的排水系統和衛浴水壓。,3,1,0,1457,,2022/06/27,0,中立
與預期有些微差距。,3,1,0,1472,,2021/03/03,0,中立
C區的浴室和廁所都很髒，而且有許多蟑螂。可能是因為營地的營主沒有居住在現場。這次去的時候，被隔壁區的吵到無法入眠！一群年輕人從晚上10點開始唱卡拉OK，一直唱到半夜12點！第二天跟營主抱怨了，但營主似乎找不到解決辦法，這讓我不太想再去那個營地了⋯⋯,3,1,0,1475,,2020/08/21,0,中立
總的來說還是可以考慮推薦。雖然在路邊可能會有些吵。,3,1,0,1478,,2020/03/04,0,中立
營區位於山谷中，在夏天可能感到有點悶熱，廁所的衛生狀況欠佳且缺乏清潔。因此，我不太想再去第二次了。,3,1,0,1479,,2019/12/23,0,中立
"B區露營區在夜晚特別適合普通週六一晚不想自己煮飯時的簡便露營。該地點環境乾淨，位於北埔市區附近，提供便利補給。這裡適合輕裝偷閒，但有些事項需要特別注意：
1. 更新的營區照片顯示原先A區附近的一些遊具（例如鞦韆、水池、沙坑）已經消失，只剩下草皮區，請自備遊具。
2. 洗澡時可能會遇到熱水供應不足（晚上8:30左右），這可能是尖峰時段的關係。另外，沐浴用品的按壓裝置可能會有故障。
3. 雖然規定晚上10點後要保持安靜，但第一晚隔壁區的人喧鬧到深夜，第二晚則有小孩比賽發出喧嘩直到晚上11點30分，營地管理人員並未及時規勸。",3,1,0,1524,,2023/12/07,0,中立
下雨的時候最好不要來，碎石區就變成了泥濘區，地面很容易積水；衛浴沒有乾濕分離，但希望至少可以加蓋垃圾桶，不影響氣味和美觀，從衛浴到營地的排水系統也需要改善。碎石區的大斜坡下雨天很危險，成年人和小孩都跌倒好幾次，務必加強安全措施。,3,1,0,1526,,2023/11/07,0,中立
營地主人很友善，但缺少了親子浴室。,3,1,0,1574,,2020/05/07,0,中立
這個營區雖然小巧，但停車空間有些狹窄。遊戲區的設施很吸引小朋友，玩得不願意離開。可惜蚊子實在太多太可怕，全家人都被叮咬得不輕，每個人至少被咬了200包。因為小朋友被咬得太多，只好強迫地帶他回家。整體來說，這是一個方便的營區，只是蚊子太多了。,3,1,0,1578,,2020/05/07,0,中立
在北埔市集附近，營區很小，靠近營區的道路好走且清晰，但要注意小黑蚊。,3,1,0,1581,,2019/05/07,0,中立
車道和場地的安排還可以，適合中小型團體使用。設備狀況也還可以接受。,3,1,0,1592,,2019/05/07,0,中立
在十字路口的地方應該要設置更清楚的路標，這樣會更容易讓人找到方向。,3,1,0,1711,,2018/03/20,0,中立
營地人潮眾多，鄰近區域嘈雜不已，而且營區內的道路相當狹窄，車輛的底盤不小心被刮傷了。,3,1,0,1753,,2023/11/07,0,中立
這看起來像是有太多收納空間，就像是一間隔間劃分的租屋套房一樣。如果收納滿了，就沒有空間可以活動了。浴室內倒是挺乾淨的，但數量相對比例來說可能有點少。,3,1,0,1767,,2023/05/07,0,中立
營地的設施還可以，但共用的兩處電箱和洗菜枱不太夠用。另外，廁所和浴室還可以，但屋頂是透光罩，夏天裡面很熱，像在烤箱裡一樣。廁所前只有一個小洗手枱，不太好用也不夠用。,3,1,0,1780,,2023/05/07,0,中立
營區各區域不大，平常日只有一輛車時感覺不會擁擠，但唯一能看見夕陽的方向常被樹木阻擋，位於最上層的露營區靠近馬路可能會有點吵雜，整體環境乾淨整潔。不過入住時先跟管理者講好車輛露營的費用後，第二天竟然又告知無法提供電源，需要額外收費！付了相同的費用，為何露營可以使用電源，而停車卻不行？看來營區對於停車露營的設施較不友善，若是喜歡車宿露營的朋友們，入營前需三思而後行。,3,1,0,1787,,2022/05/07,0,中立
我找朋友載我來和家人露營，雖然朋友是訪客，但不到一小時，每人還是要付100元的費用。我沒有被要求支付100元，因為我是參加露營的人之一。如果是參加露營的人就不需要支付費用嗎？如果早早告知要一起露營就可以省去這筆費用。並不是說不能收費，只是覺得100元有點太貴了。建議可以按照時間收費，入場一小時內不收費，超過一小時收50元，超過兩小時再收100元。限定每人收費不超過100元。不應該是司機載我們進去後連一杯茶都要收100元的。,3,1,0,1796,,2022/05/07,0,中立
這個地方環境很不錯，徒步大約30分鐘就可以看到360度的風景。參觀營地每人要付100元，而最上面靠路邊的營地是磚地，不太容易釘帳篷。,3,1,0,1800,,2022/05/07,0,中立
留言中提到風景很美，但是浴室的熱水會有冷有熱的問題。,3,1,0,1830,,2020/05/07,0,中立
今天天氣很濕潤，能見度受影響較大，曬衣服需要花費更多時間~,3,1,0,1831,,2020/05/07,0,中立
夜晚第一次前往露營遇到濃霧，頭燈照亮的景物都看起來像水滴，還有一些小黑蚊，營地很大且充滿斜坡，雖然有一台大冰箱，但位置相當遙遠。營地主人會帶露營者到附近散步，但要搭貨車載著大小露營者坐在車斗內，有些安全疑慮。建議提供地圖，讓露營者自己開車前往。,3,1,0,1834,,2020/05/07,0,中立
草地很美，營地主人也很親切，但晚上蚊蟲太多了真是讓人受不了，另外衛浴設施也太少了。,3,1,0,1858,,2019/05/07,0,中立
老闆很熱心提供夏日清涼茶飲，並且對種植樹木和經營露營區非常用心。,3,1,0,1859,,2019/05/07,0,中立
這裡的風景很美，但遺憾的是沒有提供沐浴用品和吹風機，方便性稍嫌不足。,3,1,0,1861,,2019/05/07,0,中立
五月天的白天很熱，中午後天氣轉涼，晚上清爽；露水比較重，草木綠意盎然。不過蒼蠅和蚊子比較多，衛浴間可能需排隊洗澡。建議在中午前搭營，第二天早收營，減少炎熱。,3,1,0,1864,,2019/05/07,0,中立
露營地的管理者沒有關心露營者的需求，半夜還有人在打麻將，大聲聊天喧鬧，洗澡時沒有熱水。孩子洗澡也沒熱水，孩子硬著頭皮洗完，我們趕緊向管理者反映情況，管理者後來換了瓦斯，可仍沒有熱水供應，管理者並沒有給予任何關心或回應，當我們告知孩子在冷水中洗澡時，管理者卻置之不理！另一位在洗澡時也遇到沒熱水的問題，等了十多分鐘換瓦斯也沒有解決。到最後，孩子星期日晚上發燒了！請問管理者為何不巡查一下瓦斯供應情況？夜晚溫度低，卻要等其他人洗完冷水之後才通知，這樣做並不合適！管理者也沒有管教露營者，半夜兩點依然有人打麻將，另一區則大聲聊天喧鬧，感覺真的很糟糕！,3,1,0,1879,,2024/04/23,0,中立
這個地方有點擁擠。住在G區，共用一組水槽和兩張床（旁邊的床沒有棧板，不然就是三張床共用）。有一間廁所和一間淋浴間，不太方便，但整體算是乾淨。插座位置有點遠，需要用了兩條延長線（10米+15米）。活動空間有限，只有營區的基本部分才有冰箱。,3,1,0,1907,,2022/04/13,0,中立
營區有些擁擠，會有狗狗來咬鞋子的問題。,3,1,0,1942,,2020/08/12,0,中立
這次預定的是在七號草地區，場地是狹長型的，非常狹小，根本容納不下七個帳篷。我已向營主反映，但得到的回應是無法同意。,3,1,0,1956,,2019/08/03,0,中立
營區空間比較狹窄，洗手台的數量不足，不太方便。廁所明顯人數不夠，其他部分都還可以，營區的管理者很友善。,3,1,0,2035,,2018/05/01,0,中立
營主在2017年12月30日至31日到2018年1月1日包A區了10個帳，但由於不明原因，多擠了三個帳。營主稱這是因為app訂位系統出問題，但他又不願確認對方app的訂位信息。營主對人很和善，不想得罪任何人，卻讓我們吃了虧。雖然只是一個晚上，但我們五個多月前就預訂了，這樣算什麼？其實我們很不滿，但也只好自娛自樂了三天。希望下次營主能夠有主見，不要再推說問題是誰的錯，該解決問題就要果斷解決。,3,1,0,2060,,2018/01/08,0,中立
營位的大小和網站上標示的不同。進去後發現未看到營位就被問尾款⋯感覺很糟糕。當我們準備搭方形天幕時，才發現太小無法搭建。我們在草皮一區，單帳那邊。方形天幕的大小是440*550，而營位在網站上標示為5*5。供大家參考，無其他意思。,3,1,0,2116,,2017/07/14,0,中立
很多小蟲蟲。洗澡時，浴室裡也有許多小蟲蟲。很容易在身上看到Dior標誌的蟲子。水很少，沒有提供飲用水。而且上山的路很難開，甚至要二十五分鐘才能到達轉進的地方。只有G1區有景觀，但夜晚的景色並不是宜蘭市的夜景。可能不會再前去了。用一千元可以去很多其他地方。,3,1,0,2175,,2023/05/07,0,中立
這次在宜蘭露營，因為下整個周末的雨，G區又起霧又黑，地面布滿水坑，搭建帳篷很困難，而且景色也看不到，所以決定以後不再去露營。,3,1,0,2176,,2023/05/07,0,中立
因營釘釘不下去很生氣，而且上山的路還沒有整理好，開起來很困難。,3,1,0,2187,,2022/05/07,0,中立
廁所的數量太少，排隊時不太方便。,3,1,0,2222,,2020/05/07,0,中立
這個地方的風景很美麗，從尚未開放的G區可以看到龜山島和蘭陽平原的夜景。晚上如果關燈的話，可以欣賞滿天繁星，甚至有機會看到銀河。孩子們會非常開心在中間的草皮玩遊戲，玩沙有遮陽設施，旁邊也可以玩水。不過需要留意水池邊緣較高並沒有上下處，並且要留意天氣的涼爽。管理員非常友善和熱心，衛浴設施很乾淨。不過AB區離浴廁較遠，如果營區人數多的話衛浴可能不夠，而且控制冷熱水有點困難。他們提供了水桶，但這次碰到了很多蒼蠅，沒有小黑蚊。,3,1,0,2225,,2020/05/07,0,中立
剛好碰到營區的住客素質很差，學生晚上開趴得很晚，老人清晨五點起床聊天、上廁所，浴廁的清潔也很差... 熱水還不太穩定... 來這個營區可能要看看運氣了。,3,1,0,2229,,2020/05/07,0,中立
營地雖然不算太大，但海拔相當高，晚上天氣晴朗時能欣賞到星空美景。在炎熱的天氣裡，不建議在中午時分上山露營，因為缺乏遮蔽物擋住陽光。水電供應良好。,3,1,0,2236,,2019/05/07,0,中立
G區的夜景很漂亮，但是衛浴設施還有可以改善的地方，並且在環境衛生方面需要更多注意！,3,1,0,2244,,2019/05/07,0,中立
生日要去的地方也太難找了，從台七甲上去轉段路完全沒有路燈，至少還要開20分鐘。晚上要注意安全，因為營區的蟲實在太多了，而且還沒有飲水機。入住的朋友們要特別注意哦！看起來露營樂的照片可能已經很久了，一張帳篷收費1000，應該還有更好的選擇。,3,1,0,2278,,2022/12/08,0,中立
G區的白天和晚上風景真的很美，感覺完全不一樣！草皮的營位已經長到膝蓋了，環境看起來很久沒有整理了！不時會有虎頭蜂飛來飛去！營位附有衛浴設備、冰箱和冷凍櫃，非常方便。洗澡間和廁所是分開的，但衛浴卻不太乾淨！總的來說，G區的風景是這個營地最值得一去的地方，可以欣賞到夜景和龜山島！,3,1,0,2281,,2022/08/01,0,中立
雖然下雨了，但沒有泥濘。孩子們還是玩得很開心。,3,1,0,2285,,2022/04/08,0,中立
普通。工作環境比較雜亂，設備也不太好。,3,1,0,2288,,2021/11/22,0,中立
第二次去了G區營地，發現帳篷區域非常狹小，整體規劃不佳。車輛停放混亂，公共空間不足，甚至有車停在了別人的帳篷前面。營地共設有18個帳篷區，可是只有2間衛浴和4間廁所，洗澡水溫不穩定。雖然提供了兩台冰箱，但卻無法保持冷藏效果，導致食材都酸掉了。洗菜、洗手等設施都集中在廁所區，使用不太方便。晚上更是頻繁跳電，甚至清晨5:30也發生跳電情況！夏天沒有電扇吹，早上只好無奈地起床離開。唯一的優點是風景真的不錯，晚上睡覺很涼爽！總結來說，千萬不要選擇G區預訂！,3,1,0,2303,,2020/06/29,0,中立
草地保護墊需要加強、營區內的樓梯需要維修、衛浴區的蚊蟲問題需要解決。,3,1,0,2311,,2020/02/22,0,中立
即使下雨，連假去的人還是很多。營地設備似乎不足以應付如此多的人潮，另外原本的冰箱看起來有點髒，希望可以加裝一個冷凍式分離式冰箱。,3,1,0,2315,,2019/07/17,0,中立
"1. 營位與車道的距離太接近，對小孩來說有危險性。
2. 浴室的熱水時冷時熱。
3. 不確定是放置在冷藏室還是冷凍庫？溫度不夠低。
4. 在這次露營中遇到一對夫妻（喝醉酒）大吵，半夜的激烈爭吵打擾到了其他露友，建議在營區設立夜間管理員或營主值班，以便在出現問題時及時處理。",3,1,0,2368,,2018/04/09,0,中立
元旦下雨真讓人感到不舒服。上層區域規劃得不夠完善，浴室設施也很一般，與去年比起來感受大不相同。,3,1,0,2377,,2018/02/12,0,中立
天氣不太理想，沒辦法享受美麗風景，期待下次再來! 沙坑區的遮雨棚有破洞，讓小朋友玩耍稍受阻礙，建議儘快進行修復，營位的洗手檯沒有清理乾淨，上面有很多污垢，有些令人不太舒服。,3,1,0,2379,,2018/01/05,0,中立
營主態度親切。這個營地很不錯，營主非常有禮貌。,3,1,0,2452,,2016/12/30,0,中立
這個地方環境整潔，草坪保養得很好。,3,1,0,2528,,2021/05/07,0,中立
不建議參加週五的露天派對，因為主辦人半夜才回家，食物得等到他才能冷藏，結果第二天的雞肉就爛掉了。不過值得一讚的是，浴室很乾淨，主辦人也很勤於維護每個區域的公共清潔。,3,1,0,2542,,2021/05/07,0,中立
營地整潔，衛生條件良好，風景還可以。離瀑布相當近，大概要走40分鐘。,3,1,0,2549,,2020/05/07,0,中立
這個地方有很多自然之美，蟲鳴鳥叫，離瀑布很近，溪水清涼，還有小池可以玩水，整體營區也很棒，只是螞蟻比較多。,3,1,0,2550,,2020/05/07,0,中立
這個地方非常自然。毛蟲很多，夜晚可能會有各種昆蟲出現，對昆蟲害怕的人要考慮清楚。空氣清新，但沒有景觀。營區管理人員辛苦地清理垃圾和清潔衛浴設施。,3,1,0,2582,,2022/12/08,0,中立
在C區有些露友似乎缺乏公德心。當天晚上十點半，有人在那裡大聲聊天，甚至有人還在彈吉他。晚上十一點時，C區浴室也有人在用吹風機的同時邊聊天，而聊天的聲音還比吹風機更大聲。儘管詢問了老闆，得知原則上晚上十點後應禁止大聲喧嘩，但在這些情況下，老闆似乎沒有出來管理營地，也沒有宣導入住的露友應遵守秩序。結果只能看露友的運氣了。,3,1,0,2622,,2019/08/20,0,中立
環境好，營地主人很用心維護品質，可惜車道狀況較差，底盤磨損嚴重，泳池磁磚需要補修，兒童被磁磚刮傷。營地主人提供保險，負責任。,3,1,0,2746,,2023/05/07,0,中立
沒有提供飲水機和沐浴用品，需要自己準備；景色普通且附近有農地，蒼蠅很多；上山路窄且路況不佳，底盤太低不建議前往，而且遇到其他車輛會很辛苦，個人不建議去。,3,1,0,2787,,2021/05/07,0,中立
營區的開門時間是早上10點，不必太早到，以免打擾到營地管理者，抱歉造成不便。,3,1,0,2793,,2021/05/07,0,中立
草地區和洗澡堂之間的距離有點遠呢！,3,1,0,2797,,2021/05/07,0,中立
位置是挺新的，你可以來這裡玩，空氣也很清新。,3,1,0,2801,,2021/05/07,0,中立
基本設施還不錯，但從傍晚到隔天一直傳來一股雞糞肥味，相當不讓人愉快；此外，還有一種令人厭煩的情況，蜜蜂會一直黏在你身邊，即使在其他遇到很多不同種類昆蟲的營地，也沒有這種蜜蜂一直纏著你，讓人相當困擾。,3,1,0,2812,,2020/05/07,0,中立
營地規定明確寫著不允許唱卡拉OK，但是現在卻有兩組人在同時唱卡拉OK，這真令人困擾。我本以為來到山上露營，可以享受藍天白雲、美麗的山景和清新的空氣，但卻不希望被喧囂的聲音打擾。因此扣除一星。不過，營地其他部分的衛生狀況良好，整體環境乾淨，真是一個不錯的地方！,3,1,0,2834,,2019/05/07,0,中立
周遭都開發了，視野還算寬闊！,3,1,0,2842,,2018/05/07,0,中立
營地老闆很貼心，提供了地下噴水池，孩子們玩得非常開心。,3,1,0,2855,,2023/02/16,0,中立
在白蘭部落旅行時，路況較容易通行，但在營區內的道路較陡峭，需要特別注意。冰箱只有冷藏區，沒有冷凍區，而且只有在營區本部，取東西得走相當遠的距離。浴廁區的四區和六區浴室和廁所是合在一起的，沒有乾濕分離，地板因潮濕長時間有點青苔。考慮到分區營位使用，若大家都在熱門時段使用，浴室和廁所可能會不夠用。浴室使用瓦斯，同行的朋友洗澡時熱水常常中途斷掉，得換到別間使用，幸運地，隔壁間當時沒有使用。熱水控制有問題，容易著涼，且浴室內部沒有紗門，有時會有很多蟲。唯一的小便斗有漏水問題，使用起來不太舒適。營位較寬敞，空間充足，土質適合釘植物。然而，營地有些地方不平，桌子或床位可能會受到影響。供電跳電時造成一些不便，其他區域也都無法用電，等待營主維修後才恢復供電，對於用電需求少的我們影響不大，不過其他區域的使用者可能受影響。,3,1,0,2964,,2024/01/07,0,中立
營地8區有7個帳篷和2個天幕，地方很寬敞，還有大概可以容納兩個帳篷的空間。8區的草地維護狀況不是很理想，有些地方有坑洞，尤其因為下雨導致泥濘情況相當嚴重。營地備有垃圾桶和回收桶，插座也很充足，洗碗台保持乾淨並且足夠大。前往8區的低底盤車輛要小心，因為路途有兩個大坑洞和石頭，轉彎時要保持角度靠左側以免擦到底盤，希望能改善這個情況。草地上的坑洞在下雨時積水嚴重，且缺乏護草墊，希望能針對這個問題進行改善。至於廁所則是與7區共用，整體環境算是乾淨，垃圾也有定期清理，提供熱水但可能第二天就沒有了。營地風景包括雲海和螢火蟲，然而冰箱設於入口處很遙遠，有點不方便。晚上夜間前往露營地的露友們，要留意道路上的坑洞和水溝，並注意霧氣影響視線。,3,1,0,2986,,2022/05/07,0,中立
第一區營地風景不錯，但兩隻雞一直輪流叫，24小時不停，真的太吵了。更奇怪的是，十月二十六日，區雞竟然神秘消失，變成貓了。而且浴室的熱水器也異常，洗澡時突然冷水淋身，還好你選擇了三星的裝置。,3,1,0,3000,,2022/05/07,0,中立
個人較難適應廁所與浴室合在一起的情況，特別是當它看起來古舊、有許多蟲子，並有異味。除了這些問題，戶外風景及草地景致令人讚嘆。,3,1,0,3008,,2021/05/07,0,中立
在露營時碰到吵鬧的人可能算是一種運氣，但營地管理者也應該要及時制止，有一群人吵到凌晨兩點，雖然營地管理者很友善熱心，整體露營體驗還是受影響。廁所和浴室的設施還算可以使用。,3,1,0,3011,,2021/05/07,0,中立
櫻花的景色很美，特別是在風吹拂下更是迷人。不過這裡的衛生間有點不夠用，洗澡時水溫易時冷時熱，而且插座供電稍嫌不足，連接兩台吹風機就容易跳電。,3,1,0,3014,,2021/05/07,0,中立
場地有些狹小，我建議去天湖露營區。,3,1,0,3018,,2021/05/07,0,中立
營位安排比較彈性，但廁所沒有天花板，晚上容易有昆蟲飛進來，對小孩洗澡或上廁所可能造成困擾。此外，冰箱在營區主樓裡，若營主不在或休息時間就會鎖上，對想要把食材放進去冷藏的露營朋友來說有些不方便。,3,1,0,3036,,2021/05/07,0,中立
在這個時候，4區的樹比較少，太陽很熱。山景還不錯，只是設施有點不夠完善（不是在花季的時候，可能會有些無聊）。需要付費才能見到營地負責人。,3,1,0,3052,,2020/05/07,0,中立
2區的包裹全部有電力供應，但跳電超過8次，感覺很困擾，同時也需要加強衛生。,3,1,0,3064,,2019/05/07,0,中立
景色很美，但設備有些陳舊。,3,1,0,3072,,2019/05/07,0,中立
2015年時和一群去露營的朋友一起，我們選擇了一個靠近大自然的露營區。當時露營區的浴室是共用熱水器，所以水溫取決於隔壁是否在使用。晚上我們還一起烤了麻糬，現在回想起來還覺得很美好。,3,1,0,3077,,2019/05/07,0,中立
晚上的景色很美，但是衛浴設備有點簡陋。,3,1,0,3096,,2018/05/07,0,中立
如果櫻花滿開的話，營區應該很漂亮。我們的帳篷被樹木遮擋著，無法直接看到山景，有點可惜。廁所還行，但熱水溫度稍微不穩定。幸運的是我們遇到了友善的營友，他們和我的兒子玩得很開心。希望沒有給他們帶來困擾。,3,1,0,3111,,2022/01/23,0,中立
第8區的位置很遙遠，離營區本部相當遠，而且到浴室需要走一條稍微陡峭的樓梯，不太方便。此外，浴室沒有天花板，很容易進入許多蚊蟲。,3,1,0,3125,,2020/12/14,0,中立
這個營地設施不太完善，廁所少而且條件很差。,3,1,0,3141,,2019/09/20,0,中立
廁所沒有衛生紙，有些不方便，建議增加供應。此外，草地上有乾掉的狗大便，十分髒亂，並且垃圾桶沒有裝上垃圾袋。若垃圾桶沒有磚块重壓，晚間可能會有野狗野貓來翻垃圾。整體而言，有待改善。,3,1,0,3156,,2018/11/26,0,中立
如果沒有像喪屍般的蒼蠅，這個營區就會達到100分的完美程度了～,3,1,0,3184,,2023/05/07,0,中立
這個營區雖然很乾淨，但是價格漲得過分了，可能不會再考慮前往了。,3,1,0,3189,,2022/05/07,0,中立
共用大草地，洗手間設計美觀，營區中央有販售冷飲的地方。,3,1,0,3217,,2021/05/07,0,中立
這個營區的草地柔軟舒適，兩棵落雨松之間有個營位，帳篷搭在變色的落雨松下感覺特別獨特。車與帳篷分開擺放，即使營區滿了也不會感到擁擠。乾濕分離的衛浴設施讓洗澡更加舒適，路況算是順暢，但進入營區的田間小路比較狹窄，周圍被果園農園環繞。上午的時候可能會有些零星蒼蠅出現，下午則看到農民戴口罩在噴灑霧狀液體，希望那不是農藥！,3,1,0,3237,,2020/05/07,0,中立
水龍頭的水是溫的，非常適合冬天露營。然而，包營區的營位主人沒有提供完整的草地給露營者使用，因為他們需要保留中央走道給高爾夫球車通行，這樣也許算是一種特別的商業策略。,3,1,0,3238,,2020/05/07,0,中立
整體環境算不錯，但周遭都是果園，所以有些許蒼蠅。,3,1,0,3243,,2020/05/07,0,中立
我覺得這裡非常適合遠離城市的喧囂，可以在這裡露營或住宿，來這裡旅遊是不錯的選擇。,3,1,0,3258,,2019/05/07,0,中立
這個地方環境很好，草地很舒服，而且廁所保持乾淨，定期有人打掃，還提供乾濕分離的衛浴設備。但是人流稍嫌擁擠，需要排隊結帳。,3,1,0,3263,,2019/05/07,0,中立
可以看出您很用心維護環境，浴廁保持得很乾淨，只是小朋友的活動空間稍嫌不足。,3,1,0,3279,,2018/05/07,0,中立
包棟民宿外的營地可以新增電源供應。,3,1,0,3282,,2018/05/07,0,中立
優點是有一大片草地；缺點是有太多帳篷擋住觀景，使小朋友沒有足夠的空間玩樂。,3,1,0,3289,,2018/05/07,0,中立
這個地方的優勢是衛浴設備很棒，草地美麗，設施更新。但缺點是有太多蒼蠅，營區規劃過於擁擠，而且孩子們玩樂的空間有限。,3,1,0,3301,,2018/05/07,0,中立
這次活動雖然遇到風雨，但是營主的用心經營讓我們感受到了，還有免費的草莓可以採摘。雖然在車上吃飯讓人感到有點無奈，但這將會是一個難忘的回憶。,3,1,0,3305,,2017/05/07,0,中立
這個地方有很廣闊的空間，分為許多區域。A區是用來放行李的，停車的話要去停車場集中。這裡有民宿，風格設計獨特但可能舒適度有待考量。營地很大，適合小朋友奔跑，絕大部分都是平地並沒有危險，但缺少景觀，周圍只有果園，有點可惜。,3,1,0,3315,,2017/05/07,0,中立
只能說草地不錯，其他地方沒有其他優點！,3,1,0,3323,,2017/05/07,0,中立
環境看起來很整潔漂亮，但居然有跳蚤，被咬到很糟糕，結帳時開始發癢，簡直難受至極～,3,1,0,3327,,2022-04-28T17:04:37+08:00,0,中立
各區的腹地都有點狹窄，滿帳都感覺有點擁擠，而且路程的最後十幾分鐘有好幾處非常陡峭的彎道和斜坡，對引擎、輪胎的性能和駕駛技術都是一大挑戰，所以強烈建議不要在夜間開車前往。,3,1,0,3396,,2022/05/07,0,中立
路面顛簸。接近目的地時，道路非常陡峭，不容易駕駛。,3,1,0,3471,,2023/10/23,0,中立
那段路確實很危險，在快到營區大概5分鐘左右時，會經過一段超難開的路。,3,1,0,3472,,2023/10/23,0,中立
營地的噪音很吵，有鄰居的狗叫、羊叫，還有凌晨4點公雞打鳴。,3,1,0,3568,,2023/12/07,0,中立
營區裡有許多小昆蟲和蒼蠅，貓狗時常進入翻垃圾桶，孩子也被跳蚤叮咬。此外，附近有許多野狗晚上和清晨亂吠，隔壁鄰居的鵝叫聲也很大。雖然營區沒有飲水機，但衛浴設備很乾淨。營主人很友善，只是有些不太方便。,3,1,0,3592,,2022/05/07,0,中立
帳包區的位置相對安靜，很不錯。射箭區雖然小，但很有趣，可能是因為沒有人搶著玩，不用排隊（那天滿滿的）。營區裡還有沙坑和戲水池。當天有活動可以搗麻糬，營地主辦人會逐一通知體驗時間。,3,1,0,3609,,2021/05/07,0,中立
"1. 浴廁保持乾淨，並附有浴盆、水瓢，建議攜帶D形掛鉤更方便掛東西。
2. 設備包括Wifi、防護墊、吹風機、離心式甩乾機、冷藏與冷凍冰箱、以及衛生紙。
3. 上層營區下雨時排水良好。
4. 蚊蟲較多，特別是小黑蚊叮咬情況嚴重，建議攜帶防蚊用品，尤其是有小朋友同行。
5. 營區有小貓出沒。
6. 營位設有洗手台並備有遮陽傘，但照明器具只有暗淡的太陽燈，亮度不足。",3,1,0,3610,,2021/05/07,0,中立
營地的入口附近風景非常漂亮，特別是在寮望台的底部，景色也相當迷人，很適合休閒放鬆，那裡風景優美，還有很多樹蔭。營地舉辦的搗麻糬和其他活動深受小朋友喜愛，不過要注意冰箱較小、坡道很陡。端午節時被小黑蚊叮到小腿都起了紅豆冰，而且營地飼養的雞夜裡兩三點就開始打鳴直到天亮。另外還有水池可以讓小朋友嬉戲玩水。,3,1,0,3617,,2020/05/07,0,中立
進入營區的道路比較狹窄，開車要小心，不要完全依賴導航。傍晚的景色很美，也可以參加各種活動，到了晚上可能會有些潮濕，早上太陽升起後可能會需要尋找遮蔭處。雖然有些遠離公路，但因為在山區，常常能聽到汽車的聲音，尤其是跑車。總體來說，這個營區的體驗值得一試。,3,1,0,3620,,2020/05/07,0,中立
可以眺望石門水庫湖面的美景，微風吹過感覺很舒適喔，喜歡露營的朋友可以考慮前往試試看，不過請注意，那裡蚊子很多，請做好防蚊措施。,3,1,0,3627,,2020/05/07,0,中立
這個地方的風景真的很美！不過我參加的搗麻糬和竹筒飯DIY活動感覺有些草率，射箭區也沒有整理好，有點荒涼的感覺。另外，淋浴間僅有三間，但水流很足，熱水也很夠。,3,1,0,3630,,2020/05/07,0,中立
廁所雖然乾淨，但間數太少了！其他方面則普通。,3,1,0,3634,,2019/05/07,0,中立
營區位置優越，空氣清新。,3,1,0,3635,,2019/05/07,0,中立
這個地方有很好的衛浴設備和電源插座，停車位也很充足！但是如果夏天來的話，因為在山上，可能會有點熱和曬。整個營區算是稍微擁擠但還是舒適的！然後停車方式很重要，有可能因為停車的方式會影響到小朋友玩球和飛盤的空間變小一點（但還是有空間）。整體環境算是乾淨，衛浴設備和廁所都很整潔。建議小朋友的家長要陪同在水池附近（水池很淺沒有危險，要注意滑倒之類的情況）。營區主人的態度很親切健談。如果真的要說一個缺點的地方，大概就是比較難找到路。,3,1,0,3651,,2019/05/07,0,中立
對於我們住在台北市區的人來說，這個營區其實有點遙遠呢！這個營區比較新，有四層樓的「階梯式」設計，我們這次住在最底層，靠近衛浴區。原本可以搭八個帳篷，但因為大家都用了大型或巨型帳篷，再加上客廳帳篷，最後只用了六個帳篷。營區有一個「營棧」，可以在那裡買飲料。另外還有瞭望台、兒童戲水池和射箭區，是一個很適合小朋友玩耍的地方！,3,1,0,3653,,2019/05/07,0,中立
這個露營區位於緊鄰石門水庫的地方，靠近羅馬公路，交通便利。山路較曲折可能會讓暈車的乘客感到不適，停車空間有限。如果到達時太晚，搬運裝備可能不太方便，但營區提供推車。空間設計為梯田式，小孩活動區域有限，有小水池和沙坑。帳篷之間距離較為緊密。附近景色優美，可以看到石門水庫、新溪口吊橋和角板山形象商圈。盥洗設施方面，雖然只有四間浴室、四間廁所和兩座小便斗，但尚未出現排隊情況，清潔狀況不錯，但沒有提供衛生紙。老闆和員工都很友善，這是一個可以再次造訪的露營區！,3,1,0,3656,,2018/05/07,0,中立
這個地方已經很久沒人照顧了，設施都已經年久失修，沒人再來顧了。路況很差，而且營地的管理者也不太確定是誰。,3,1,0,3668,,2023/05/14,0,中立
衛生設備需要改善。如果對環境要求不高的話，這裡還可以接受，但是晚上可能會有一些小黑蚊。,3,1,0,3670,,2023/04/05,0,中立
我意外地去了第二次的營區。,3,1,0,3687,,2021/03/20,0,中立
手機訊號很差，只有一格中華電信的訊號。營區內有WIFI，但不提供熱水，所以在洗澡時突然沒熱水，只好等30分鐘才能再繼續洗澡。,3,1,0,3769,,2024/04/07,0,中立
這裡的風景普通，衛浴設施有點老舊，而且有一隻兇狠的黑螞蟻叮人，雨棚區1300感覺性價比不太高。,3,1,0,3798,,2023/05/07,0,中立
車子在這裡開起來難度很高，需要突然轉彎又需小心下坡，相當考驗技術。A區前的草地很短乾淨，讓小朋友玩得很盡興。廁所十分乾淨，洗手台的溫水很舒適，冬天裡的好處。這裡地理位置在山谷，沒有風，晚上很涼但不會刺骨。有條小溪，不過要走一段路才能到，但釣魚的感覺很愉快。唯一需要幫忙的事情就是和營地主人提及，當我在11點就想睡覺時，隔壁鄰居竟然三點還在大聲講話，真是讓人難以入睡。,3,1,0,3807,,2023/05/07,0,中立
退休老闆細心經營，設備逐步完善，每個活動平台空間都很充足。建議在有廁所的平台設置帳篷，方便使用，廁所旁還有熱水洗手台，非常貼心，特別適合冬天使用。營地位於山谷之中，相對清涼，早晨的陽光照射時間較晚，可以晚一些起床。另外要留意防範蚊蟲！導航App可能會導錯路，請注意營地主人發送的指引訊息！,3,1,0,3875,,2020/05/07,0,中立
營區活動範圍有限，進入的道路比較狹窄。道路盡頭是靠近溪流，晚上溪水聲音較大，不建議設立帳篷靠近溪邊。每個區域的洗手台位置設計不太理想。廁所和淋浴間較寬敞，但可能會有熱水供應不足的問題。,3,1,0,3876,,2020/05/07,0,中立
洗澡時總是要等30分鐘才有熱水，這點有些不方便。可能是因為浴室設備不夠，導致熱水供應不足。,3,1,0,3905,,2022/09/19,0,中立
浴室和洗手間的數量太少了。C、D、E區的共用浴室真的太少，而且即使調到最熱，淋浴的水溫也只有溫水，不是我們露營的朋友所期望的。封鎖我們的浴室讓人感到不太合理，而且營區經常停電是因為申請的電力不足，只要有人開啟暖氣等高用電設備，整個營區就會斷電。可不可以在公約中訂立不要使用高耗電設備的規定？此外，D區只放置了三個水龍頭，其中兩個在後方，一個在廁所前方，這讓我們必須搶著用。因為廁所前的洗手台有熱水，其他區的露營友看到後也都前來使用，造成了我們的困擾。我們需要用其他區的設施時也常常受到搶佔，非常不方便。連上完廁所洗個手都必須用自己攜帶的茶水洗，實在是不便。,3,1,0,3922,,2022/01/03,0,中立
跟露友們打招呼感覺很舒服。,3,1,0,3940,,2021/03/20,0,中立
排水系統不良，下雨天最好不要前往。第一次造訪草地時景色優美，但第二次再訪卻發現草地消失無蹤，再加上下雨，整個地面泥濘不堪，是相當糟糕的體驗。,3,1,0,3952,,2020/10/13,0,中立
"1. 特1區的房間很整潔，但1樓客廳和2樓之間的通道很奇怪。
2. 特1區的廚房靠近廁所，有時會有尿味。
3. 其他還算可以。",3,1,0,3989,,2023/05/08,0,中立
這家營區的老闆很健談，熱情且樂於交談。整體來說，這個營區不算大，但大部分營位都有五葉松樹可以遮蔭，算是個小而美的營區。夏天造訪時，可能會遇到一些小黑蚊，這點可以扣分。除了戲水池的清潔度有待加強外，主要問題在於管理方面沒有嚴格執行夜間禁止進出的規定。晚上11點還有人進出營區，甚至到半夜12點還有露營者在敲打營釘、充氣床墊。在這個營區停留的兩夜中都遇到了一些素質低劣的露營者，雖然這不是營區主人的錯，但營區管理有責任確保秩序，避免造成惡劣觀感。,3,1,0,3997,,2023/05/08,0,中立
這個營區非常寬敞，旁邊還有湖泊可以欣賞。洗手間沒有時間限制，營區內有多種露營模式可供選擇，例如遮陽篷區、松樹下、以及竹林和碎石區。不足之處是洗手間和冰箱相對較少。,3,1,0,4019,,2022/05/08,0,中立
老闆很客氣，但是蚊子實在太多了，回來後癢了好幾天。,3,1,0,4026,,2022/05/08,0,中立
寒流來了，I區的空地擠滿了帳篷，我覺得有點擁擠。沒有人帶家用電暖器，整晚跳電數次，營主處理得很快，但半夜跳電時就要等到天亮才能使用。浴室有男生和女生各兩間，另外還有男生和女生各一間蹲式廁所。吹風機只能在女生廁所那邊使用，冰箱則是只有在浴室旁邊。另外，步道可以走到石秀灣。,3,1,0,4027,,2021/05/08,0,中立
B區不太適合，因為容易受干擾，浴廁數量也太少。每個區域應該再減少一些。也有些小蚊子和跳電的問題。不過五葉松林很漂亮。,3,1,0,4037,,2021/05/08,0,中立
現在是八月份，小黑蚊雖然不客氣地不停叮人，每個人平均被叮超過20個包。我建議大家趕快準備強效防蚊液，否則你們就會跟我們一樣，蚊子叮了也不怕。,3,1,0,4043,,2021/05/08,0,中立
增加雨棚區的面積會更方便！,3,1,0,4071,,2019/05/08,0,中立
蚊子很多，另外營地管理人員正在維修水管，但不小心造成水管膠未處理妥當而在洗澡時發出惡臭。帶著兩歲小孩，擔心誤喝可能受到水管膠污染的水源。報告給營地管理人員後，只得到一句抱歉，並未意識到可能影響他人健康。台灣在環境教育仍有許多改進空間，這樣的事件在國外可能會招致法律追究。,3,1,0,4081,,2019/05/08,0,中立
風景美麗，老闆友善，只是有些小黑蚊。,3,1,0,4086,,2019/05/08,0,中立
廁所是流動式的，裡面有很多蚊子。,3,1,0,4099,,2018/05/08,0,中立
營地的設施很完善，提供免費的地面防水隔板，水槽的水量充足，供電也很方便，廁所和浴室也很乾淨，草地寬闊。唯一的問題是附近有很多竹林小黑蚊，它們叮咬有點痛。,3,1,0,4100,,2018/05/08,0,中立
蚊子實在太多了，夏天去的話要格外小心，最好避免穿短褲。,3,1,0,4178,,2024/03/07,0,中立
這次露營遇到的是老闆娘，態度很好。因為我們禮拜日才去，所以老闆娘也讓我們自由選擇營位。為此我們給了一顆額外的星星。可惜的是：1. 蒼蠅超級多，一不小心就會從小縫縫飛進帳篷裡，整個帳篷都是蒼蠅。2. 螞蟻也超級多，感覺像是螞蟻會直接把蟻窩搬進帳篷裡，整個帳篷都是螞蟻。3. 有會飛的蟑螂，和一堆其他蟲子在帳篷外徘徊。4. 營區的設施可能缺乏維護，有些發霉和生鏽，真的很令人遺憾，不然應該會很美觀。5. 營區的照明很少，夜間有點昏暗。值得一提的是，營區實際上算是蠻漂亮的（如果不考慮發霉的部分）。有湖畔和溪流，晚上可以聽著河水聲入眠，挺讓人心情愉悅的。,3,1,0,4199,,2023/05/07,0,中立
起初以為離台北很近，看照片看起來不錯，而且有雨棚應該會很舒適放鬆。恰好碰上下雨天，雨棚內積水，從帳篷到廁所走，到處都是水坑和泥巴，腳永遠是髒的，是露營過最痛苦的一次！再者，蚊蟲很多，不過在戶外這點很難避免！建議設施需要更新翻議一下，排水要再做好一點。若改善了的話，我相信這將會是一個非常棒的營地！,3,1,0,4217,,2021/05/07,0,中立
小黑蚊很多，洗澡時紅水不夠穩定，女廁所馬桶經常會下水。,3,1,0,4228,,2021/05/07,0,中立
這個地方最初是一個魚池，後來變成了婚攝場地。,3,1,0,4234,,2021/05/07,0,中立
這個地方的熱水穩定，廁所也很乾淨。但營地主人不太親切，也不會定期巡邏。若有訪客來訪可能會另外收取費用，而且晚上的照明不足，某些區域有坑洞，比較危險。,3,1,0,4238,,2020/05/07,0,中立
這個地方適合各個年齡層的遊客來半日遊，但是交通不太方便。,3,1,0,4266,,2019/05/07,0,中立
只有地理位置靠近市區方便，其他方面還可以。,3,1,0,4268,,2019/05/07,0,中立
這次我們選擇到這個露營區，因為網路上的照片看起來很美，所以才特地前來，但是到了現場卻感到相當失望，許多景點都顯得年久失修，狀況並不如照片上展示的那樣。希望管理單位可以更新網站的照片，讓遊客能夠更真實地了解當前狀況。,3,1,0,4269,,2019/05/07,0,中立
出去露營最重要的是什麼？1. 心情。 2. 夥伴一起在現場空間逗留，老闆熱情地引導，夜晚聽著蟲鳴鳥叫，偶爾能看見螢火蟲點綴，靜謐清幽的短程露營區就很值得了，即使網上傳言園內的景點已顯現時間的痕跡(湖上還有可以彈鋼琴的地方)。,3,1,0,4271,,2019/05/07,0,中立
在台北近郊的露營地，營位是碎石地，河岸附近有雨棚區，下雨時不用擔心。營區的水槽設施設計良好，可平均分配使用。每兩個帳篷共用一組設備。靠近小溪的地方可以下水玩水，但請注意要先把廢水處理好再排進溪裡。,3,1,0,4277,,2018/05/07,0,中立
總體來說，環境還算不錯，浴廁也很乾淨。不過要注意的是，附近沒有路燈，所以有點暗。另外，住的地方距離營區本部較遠，且沒有飲水機，需親自到營區本部取水，有些不太方便。,3,1,0,4282,,2018/05/07,0,中立
這個露營地適合家庭出遊，有山有水，適合全家大小一起玩互動，可以燒烤、戲水還可以爬山。,3,1,0,4285,,2018/05/07,0,中立
環境還可以，浴室設施都齊全，只是在平地露營時有點熱...,3,1,0,4290,,2018/05/07,0,中立
營地的周邊設施維護得不好，沒有更新。,3,1,0,4302,,2017/05/07,0,中立
這個美的不太自然，1000元有點貴。,3,1,0,4304,,2017/05/07,0,中立
這個營地雖然很好，但似乎有點過於商業化了！,3,1,0,4305,,2017/05/07,0,中立
風景很美，只是門票稍微貴了些！,3,1,0,4308,,2015/05/07,0,中立
環境設備稍微老舊，有點可惜。如果能進行景觀提升，湖的周邊就會更加完美。另外，由於附近有果園，可能會有一些小黑蚊。,3,1,0,4502,,2017/12/03,0,中立
這次真是有點可惜... 因為27號中午之前就開始下大雨了。打電話去詢問後得知無法延期或退款。本以為雨勢會在下午停歇，結果卻愈下愈大。在過去等了一會兒後，最終還是決定不露了。不想讓自己難看，也擔心小朋友感冒濕透或損害裝備。雖然花了1000塊，但這次算是上了一課。下次確實應該訂雨棚區，比較保險。,3,1,0,4561,,2017/05/29,0,中立
看來因為下雨天，景觀可能沒有人預想的美，但最重要的是回到家後多了一份紅豆冰可以品嘗...><,3,1,0,4562,,2017/05/28,0,中立
浴廁設施不錯，但有改進的空間。,3,1,0,4569,,2017/05/14,0,中立
在台北地區的交通非常便利。,3,1,0,4611,,2017/02/28,0,中立
帳帳相連讓人感到擁擠，浴室數量太不夠。,3,1,0,4642,,2016/12/03,0,中立
營地的廁所和浴室都很豪華，浴室更是採用了乾濕分離的設計，非常不錯！整個營區都有設置雨篷，但周圍的設施比較少。可能位於山谷中，風勢來自四面八方，讓人有些不太舒適。周圍景觀較為散亂，但有庫志溪可以釣魚和撈蝦。,3,1,0,4708,,2021/05/07,0,中立
營地長和夫人關係很融洽！,3,1,0,4715,,2021/05/07,0,中立
臨溪，山嵐，這是一個很適合露營的地方！,3,1,0,4741,,2019/05/07,0,中立
這個營地有雨棚搭設的帳篷，地面是水泥，上面有四個金屬排水孔。而且附近有小溪，可以近距離接觸水。營地空間不大，並沒有專門的客廳區域規劃。,3,1,0,4754,,2019/05/07,0,中立
環境整潔。營位的水龍頭位置稍微影響了其他人的活動空間。,3,1,0,4846,,2018/09/25,0,中立
11月18日在竹雞區，評價先扣兩顆星，剩餘三顆星是給還算可以的草坪和方便釘營帳的地板。1. 靠斜坡的排水管斷裂沒有維修，導致上層洗手台的水直接流到草地上，造成積水問題。2. 九帳共用兩間浴室，浴室算乾淨，但其中一間的熱水器在週六傍晚故障，卻沒有人來修理或設立告示，導致冷天洗冷水澡很不舒服。3. 廚餘桶的放置方式不好，沒有考慮到營地內可能有貓狗出沒，果然半夜廚餘桶就被貓翻倒了。4. 營位寬度只有五米，大型帳篷難以進入，而且整體視野只有老鷹區稍微有風景，其他區域有些被遮蔽，竹雞區更是完全看不到景色，整體視野比旁邊的烏嘎彥獨立區或C區差。,3,1,0,4868,,2023/12/08,0,中立
環境很不錯，但浴室的數量明顯不夠，而且開車在山路上要小心，因為路又窄又陡。要特別注意如果開低底盤的車。,3,1,0,4929,,2020/05/08,0,中立
路小有幾段路會車有問題，風景不錯 → 這條路段有一些交通困難，但風景很美。,3,1,0,4930,,2020/05/08,0,中立
營區的服務很好。廁所和浴室都很乾淨，但數量較少，有時需要排隊等候。建議增加更多廁所、浴室，使遊客分散就位，避免擁擠。此外，場地大，但進出的路比較狹窄，夜間行走較不方便，應考慮改善。,3,1,0,5152,,2017/10/23,0,中立
前往營地的路很好開，設施豐富，提供親子設施、冰箱、飲水機，草地活動空間寬闊。整體環境舒適，營主熱情友善。然而，洗澡時間有限，白天無熱水。裝備放置在狹窄的柏油路旁，下裝備時有壓力。騎腳踏車只能在狹窄的柏油路上。撤營時間較嚴格，並未彈性。夜晚能看到星星，但有光害問題。距離護草墊放置區稍遠，不方便。整體而言，是一個不錯的營地，但下裝備不能在草地下放，這是個硬傷。希望營主能考慮解決這個問題。,3,1,0,5231,,2023/12/08,0,中立
這段文字大概在描述一個露營地的優缺點。它提到冰箱和冷凍設備充足、有草地可以讓孩子打棒球和籃球場提供運動設施，還有腳踏車、玩沙區和戲水區，以及飲水機。營地主人被讚揚勤奮打掃、處理垃圾並分類，定時清潔環境，還指導著超車注意孩子的安全。廁所雖然不多，但保持定時清理。至於硬體問題是女廁浴室的冷水流太小，水溫不穩，只有5間淋浴間，可能因為太多人用水。洗澡時比較不方便，可能需要增加水壓馬達。最後提到要依季節選擇來訪，因為今天風大，所幸不會有小黑蚊，因為它們太輕，怕風吹走。,3,1,0,5253,,2023/05/08,0,中立
這個地方的優勢是海拔不高，開車很方便，還有許多兒童設施讓小朋友玩得很開心。不過缺點是蚊子非常多，即使噴了防蚊液仍然被叮滿腳，特別是傍晚時分還有大隻的斑蚊，叮起來很痛。或許下次在冬天來會比較合適。,3,1,0,5259,,2022/05/08,0,中立
這個營地對於個人習慣要求較高，需喜歡大雜燴料理、不怕吵雜環境，相鄰帳篷距離較近，晚上10點前要保持安靜。營位擁擠，帳幕搭建方位需依照主辦者指示，區域標示不清晰，水、營釘位置需準確，廁所設施無法應付人潮，熱水供應限時尖峰時段排隊，電力供應不穩，冰箱食材擠滿亂糟糟，營位電源不穩可能關係到使用人數，夜晚建議10點前抵達，否則無法進入。清潔營區維持良好，但不適合想要享受簡單樂趣的人。提醒參加前先閱讀營地規定，以免違規受罰。,3,1,0,5283,,2021/05/08,0,中立
冬天時電力供應不穩，必須改善以確保提供友善的露營環境品質。,3,1,0,5284,,2021/05/08,0,中立
A區和CD區是不同的，A區停車場在另一邊，CD區則比較靠近帳篷，可是共用廁所和浴室。如果帳篷滿了，洗澡可能要等很久，而且洗澡的時候會有點冷。廁所很乾淨，有拉門和準備衛生紙。如果在CD區靠近後方的位置，要注意離廁所有一段路。12月前往可能會遇到一些蒼蠅和難以避免的螞蟻問題，甚至可能會侵襲到帳篷和車子。建議選擇靠近前面的營位。不過營地主分配的位置不太會有帳篷相連的問題。小孩應該會喜歡這裡，有沙坑、籃球場、腳踏車和溜滑梯，是適合放生小孩的地方。此外，還有冰箱和飲水機。建議先準備好食物和飲品再開車，下山需要10到20分鐘才會有便利商店。,3,1,0,5288,,2021/05/08,0,中立
沒有供應全天候熱水，孩子們洗澡後稍嫌不方便。,3,1,0,5331,,2023/12/28,0,中立
老闆可以不要每時每刻都監控我嗎？這種感覺真的很不舒服。,3,1,0,5341,,2022/05/16,0,中立
我不能控制鄰居清晨六點割草的噪音。應該請老闆加強鄰里關係，試著讓鄰居知道不要在清晨使用大型割草機。如果清晨被吵醒，那還能算是美好的露營嗎？即使無法控制鄰居的割草時間，至少應該掌握鄰居農作的時間表，提前告知露營者，什麼時候會進行割草，這樣露營者就可以自行決定是否要忍受清晨的噪音。向老闆反映這個問題，但老闆只懂得說空話。,3,1,0,5353,,2020/11/30,0,中立
對方的聯繫不夠主動。因為近日持續下大雨，於出發當天一早我已主動聯繫營地主人，詢問是否建議取消露營行程。直到晚上七點半才收到回覆說不用前往，然而大家早已出發...而露營地蚊蟲密集至令人心生疑慮。草地積水嚴重，儘管有提供防水墊，但仍泥濘不堪！雖然整體設施中浴室算是不錯，但若再改進排水速度就更理想了！,3,1,0,5376,,2019/06/10,0,中立
草地需要修剪一下比較好。在A區的三層帳篷裡，若有多組朋友同時到達，收帳子和搭帳子可能會變得非常混亂，因為營位空間有限，幾乎沒有活動空間。而且因為車輛無法開到營位附近，即使先收拾好行李，離開仍然會變得困難，因為停車場和營位之間距離遠，無法使用推車，只能靠人力搬運，這點很容易造成家庭成員之間的緊張氣氛。在春夏季節，加上附近有果園，所以蚊蟲非常多。浴室和廁所還算相對乾淨整潔。垃圾桶只有在入口處有（這部分還好），但如果有很多帳篷，垃圾桶可能會爆滿。大雨時，草地排水有問題，容易積水。,3,1,0,5426,,2024/05/05,0,中立
11月18日至19日進行露營時，雖然環境優美，但早上洗澡時突然變成冷水，讓我差點感冒。打了三四次電話都沒人接。,3,1,0,5434,,2023/12/08,0,中立
整體來說都還不錯，不過有一點小問題是棧板。,3,1,0,5435,,2023/11/08,0,中立
廁所設施布局不錯，但只有營本部有冰箱。在C區的位置很遠，對B區的大草地而言不太方便。B區有適合孩子玩水的草地和衛浴設施，但沒有冰箱，有些不方便。A區的營位形狹長，如果帶大帳篷可能會有點擁擠。草地也不太平整，有些地方有窟窿。搭帳篷時要留意地形。營位缺乏洗手台，依照預訂網站資訊是三個洗手台。營主將我們四帳位安排在同一區。這個季節附近有許多螢火蟲，但也有許多小黑蚊、螞蟻和蜘蛛（大小都不小）。白天也會有一些蒼蠅，最讓人害怕的是還有大蟑螂，生態相當豐富。,3,1,0,5440,,2023/05/08,0,中立
來自香港的這位小哥很友善又熱情，但每個房客之間的距離相當近。晚上十點過後，其他房客很吵而且不聽勸。業者並未有效地加以約束，桌遊玩家大聲喧嚷、喝酒的人放音樂和大聲講話，直到深夜才漸漸安靜下來，讓人得以入睡。,3,1,0,5450,,2023/05/08,0,中立
這次我們來到的地方人數約20位左右，透過網路找到，整體感覺還不錯。環境優美，廁所乾淨，設備也很齊全便利，營地主人也很熱情。不過讓我們感到不悅的是，有幾位營地主人的朋友過來打招呼。起初我們覺得很熱情，稍微交流一下也還好，但後來他們卻越來越過分，一直來我們營位，強迫我們喝酒聊天，還要找我們其中一位女生。我們已經委婉地拒絕了，但他們卻死皮賴臉不肯走。(我們多次說明情況不方便) 離開後不久又回來，甚至直接在我們的營位待著，拒絕離開。當時時間已晚，還有小孩在睡覺，這嚴重侵犯了我們的私人空間。我們是來這裡放鬆享受的，為什麼要浪費時間應付營地主人的朋友？我們完全沒興趣知道他們的職業和經歷。這次是我們第一次遇到這種狀況，雖然這個地方還不錯，但這次經驗讓我們對於再次造訪產生疑慮。,3,1,0,5468,,2022/05/08,0,中立
抵達時大約是兩點左右，營主才開始搭帳篷給借用，直到傍晚才搭好。最糟糕的是到半夜時氣墊床漸漸失氣，並且不只一個床@@第一天廁所氣味很重，小孩一直抱怨很臭，隔天清潔後環境好了很多。建議在廁所外放置洗手台以提供洗手乳，特別是在疫情期間，這真的很重要！,3,1,0,5477,,2022/05/08,0,中立
人潮眾多時會感到擁擠，建議前往其他區域，廁所外觀不錯，但清潔方面還需加強，此外，長興國小附近是個不錯的玩樂場所。,3,1,0,5500,,2021/05/08,0,中立
廁所的衛生狀況不錯，只是小黑蚊比較多。,3,1,0,5519,,2020/05/08,0,中立
有些營位地地勢不平坦，各帳篷之間距離過於狹窄，需要仔細考慮，與照片中所看到的不太一樣。,3,1,0,5524,,2019/05/08,0,中立
環境雖然不錯，但帳篷太擁擠，廁所的數量有點少。D區附近的廢水味道很臭。早上有狗在帳篷旁吵鬧，起床後發現有狗留下的糞便在附近，心情大受影響。,3,1,0,5527,,2019/05/08,0,中立
有小沙坑和小水池，很適合嬉戲玩耍。,3,1,0,5540,,2018/05/08,0,中立
營地的草坪保持得很好，但是營地的費用有點貴，人潮也有些擁擠。,3,1,0,5541,,2018/05/08,0,中立
浴室很乾淨，但現場才被告知需要支付額外的搭帳費，這讓人感到不太好。優點是浴室很乾淨，服務人員態度也很好。缺點是帳篷之間距離太近容易碰撞，地面不平整。 到達現場後才告知需要多付300元的搭帳費，並無法自行選擇搭建位置。當詢問為什麼事先沒有說明時，被告知網站不允許註明，這讓人感到不滿。,3,1,0,5562,,2023/02/13,0,中立
營區人多時應該將垃圾處理加強。,3,1,0,5610,,2019/03/02,0,中立
營地的環境相當吵雜，不僅有狗狂吠，還有露營者大聲聊天、小孩尖叫，甚至連蚊蟲都多得讓人受不了。這種狀況讓夜晚和白天都無法好好休息，營主也沒有出來管理這些吵雜的情況。,3,1,0,5663,,2018/04/06,0,中立
老闆很熱心，但不太擅長聊天，並且不會主動回訪。除了兔子以外，沒有其他特別的事情。,3,1,0,5719,,2024/04/08,0,中立
湖畔區的風景很美，感覺很愜意。大樹前這兩個位置更棒呢。,3,1,0,5786,,2019/05/08,0,中立
景觀看起來不錯，但是營位擁擠又收費過高...露營一晚要價1500元。,3,1,0,5791,,2019/05/08,0,中立
這個地方的環境還可以，它分為三層，最上層只有一間浴室稍嫌不足，二樓空間雖小但有4間浴室，需與三樓共用。如果有很多人使用時，希望浴室的垃圾能更頻繁地清理。,3,1,0,5793,,2019/05/08,0,中立
每個房間都提供床板，讓睡眠品質非常好！每天早上醒來都能欣賞美麗風景！可惜營區較小，但有販賣部提供飲料和生活用品！,3,1,0,5844,,2018/05/08,0,中立
設施不錯，景色也很美，但收費稍微高一些。,3,1,0,5845,,2017/05/08,0,中立
清新的空氣，樸實的環境。,3,1,0,5955,,2021/05/08,0,中立
到山上遠離城市，欣賞風景，暫時抛開塵世，讓自己放鬆，為了重新出發！,3,1,0,5968,,2020/05/08,0,中立
前往露營地的山路較為崎嶇，開車時需謹慎。不過露營地的風景很美，有稜有角的感覺。,3,1,0,6031,,2021/04/26,0,中立
這個地方的設施很好，有舒適的雨棚和寬敞的空地。營主的寵物非常親人可愛，但小黑蚊實在是太多了。接近20個大人和小孩都被叮咬，可能需要考慮在天涼點再來比較適合。,3,1,0,6072,,2023/08/08,0,中立
七月時在櫻花區包了五帳，但只有一間廁所和兩個洗手台（其中一個已經有點老舊而且使用起來不太方便）。對於五個帳篷來說可能有點不夠，而且小黑蚊很多。但營主提供大塊的蚊香。櫻花區要去使用對面營區的冰箱，但那冰箱是營主私人使用的，櫃子裡擺滿了各種醃漬食品等，味道像阿嬤家的冰箱。建議有需要的人還是使用自己的冰箱。有時候會碰到營主的朋友來喝酒，除了冰箱裝滿了兩箱啤酒，他們還整天唱歌直到晚上十點，氣氛很熱鬧。營地有親人的貓狗，性格穩定又不怕小孩。走路四分鐘左右就有冰涼的溪水可以玩。營主太太也會提醒帶蚊香去溪邊。總而言之，營地空間有點小，建議增強設備，但天然環境還不錯。,3,1,0,6092,,2023/05/08,0,中立
這個營地狀況真的很糟糕，因為小黑蚊、蒼蠅和大雨一起讓整個營地都被水淹了。可能是因為碎石頭鋪設不夠，所以地面都變成爛泥。洗澡和上廁所的地方也不夠，只有五個營位只有一間可以使用，電源供應也要拉太長，相當危險。,3,1,0,6093,,2023/05/08,0,中立
營區的主人非常友善，有任何需求都會立刻幫忙，這點真的不錯。而且離老街不遠，露營完還可以去老街逛逛找美食，挺輕鬆舒適。但是營區有幾個問題，第一是浴廁與廚房共用，需要等待；第二是營區有飼養的貓咪，它們常常跑到營位上，甚至跳上餐桌咬破帳篷，而且不怕人不好趕；第三是半夜沒有路燈，造成很多露友在深夜四處走動、探險、聊天，建議增加一些路燈；第四是水槽不夠，洗碗洗菜都要排隊，尤其在煮食時間更是困難。,3,1,0,6105,,2022/05/08,0,中立
這個露營區的設施非常糟糕：雨棚區場地狹小且沒有燈光，洗澡水壓不穩容易弄濕衣物。浴廁都是用鐵皮建造，洗澡時還得忍受隔壁的異味，相當讓人反感。此外，5個帳篷要共用2個洗手枱，而且價格高達$1200，實在太貴了。在這個價格下，有許多景色更好、設施更佳的露營區可供選擇。,3,1,0,6114,,2021/05/08,0,中立
營地有點大，而且太分散了，感覺有點小。,3,1,0,6133,,2019/05/08,0,中立
進到營區的第一感覺是坡度很陡，讓我擔心起我家的小黑，後來老闆娘很親切地介紹，並說晚上會有螢火蟲。待到晚上關燈後，果然看到很多螢火蟲，可惜沒有拍照。營區採用梯田式布局，每區不算太大，衛浴設施只有一間，插座也不太多。不過，蒼蠅偏多是我比較不滿意的地方，風景還好。唯一優點是營區下方有乾淨的溪水可以讓小孩戲水，很適合家庭出遊，算是比較安全的地方。總的來說，我沒有很推薦這個營區。,3,1,0,6143,,2018/05/08,0,中立
廁所和浴室合併在一起，因此當到了晚上洗澡的時間，需要上廁所的人必須等待。,3,1,0,6146,,2018/05/08,0,中立
各地區的配置都很好，但出租的帳篷裡沒有鋁箔墊。,3,1,0,6148,,2018/05/08,0,中立
雅房不太適合想要輕鬆露營的家庭，有點讓人感到失望。,3,1,0,6214,,2019/10/21,0,中立
這個地方的場地算可以，有隻狗會追著人跑。草坪也還算不錯，路程好開，但主辦人沒有太多互動，重點是那隻狗會一直追著人喔！,3,1,0,6217,,2019/09/17,0,中立
廁所需要改善！1. 最好將廁所和沐浴間分開，否則會感覺很髒！2. 網路上的浴廁分配圖與實際情況有些出入，實際廁所數目較少，10-11帳篷需共用兩間浴廁。這簡直讓人快瘋了！3. 營區的規劃有待加強，因為每次需要到營區中心取東西幾乎都得經過其他人的營地（我的營區是五葉松區）。如果不經過其他營地的話，坡度太陡而且階梯設計也不夠好，小孩們總是在那裡摔倒擦傷。4. 遇到一些沒禮貌的露營朋友，連續兩天都在唱卡拉OK！5. 營區的位置還不錯，離附近景點都很近。,3,1,0,6230,,2019/01/07,0,中立
老闆十分親切，場地維護良好，草皮也呈現出色。老闆會主動提供蚊香，關心露台上的朋友。露台區域主要提供小型包廂，景觀較為有限。衛浴設施普通。值夜時有狗會翻垃圾，整晚都能聽到狗叫聲。,3,1,0,6245,,2018/11/26,0,中立
小區環境優美，是個放鬆的好去處。,3,1,0,6266,,2017/08/21,0,中立
我們這次的柚子區包區有些浴室水流量變化大，水溫也不太穩定，希望可以改進一下。,3,1,0,6267,,2017/07/23,0,中立
這家店的服務態度非常好，老闆娘們都十分親切，服務也很周到。,3,1,0,6284,,2017/03/12,0,中立
在制高點，沿路可以看到雲霧在四周飄移，可惜森林區的形狀比較扁平，帳篷只能橫著架設，無法直接面對著外面風景，只能看著旁邊的帳篷。地面有些傾斜。夜景區風景很美，但很遺憾地人潮太多，帳篷也只能橫著架，相鄰的帳篷很近，不能直接從客廳帳中看外面的景色。浴室的燈光較暗，熱水量充足但水壓不夠穩定。如果沒有人潮過多的問題，可以考慮選擇夜景區，否則下次可能不會再來；老闆娘的態度很好，這是個加分。,3,1,0,6335,,2022/05/09,0,中立
森林區的風景很美，可以遠眺關西的夜景。不過由於東北季風增強，森林區的風很強，建議前往者注意。此外，森林區內沒有浴室，建議攜帶一個。,3,1,0,6340,,2022/05/09,0,中立
Google Maps顯示可以通往竹62，但可惜大門被封鎖，也不確定是否有其他通路。,3,1,0,6354,,2021/05/09,0,中立
高地盤路況艱險，建議使用適合的車輛，但沿途風景和夜景非常漂亮。,3,1,0,6373,,2020/05/09,0,中立
石子地的景觀不多，缺少護草墊。老闆態度親切，但員工經常愛碎碎念。,3,1,0,6634,,2021/05/09,0,中立
營區最大的優勢就是旁邊有溪流和清幽環境！每一區都有超出預期的風景！營位稍嫌狹小，帳帳相連，讓人感到擁擠不舒服！建議每區減少一帳可能更合適。,3,1,0,6665,,2020/05/09,0,中立
老闆很熱心、浴廁非常乾淨、空間不大,3,1,0,6667,,2020/05/09,0,中立
四月後是個很好的時候，可以叫上朋友家人一起來欣賞螢火蟲和露營。,3,1,0,6678,,2019/05/09,0,中立
使用電暖爐容易跳電，就算功率調低也會出現供電不足的情況。在B1區只有一個插座，接上兩台380瓦的電暖爐就會跳閘。老闆建議使用煤油暖爐，因此冬天如果沒有煤油暖爐，建議不要前來。,3,1,0,6696,,2022/12/22,0,中立
A2區的景觀空間有限，浴廁小且無法容納碟型天幕。早上醒來時，我們發現帳篷前面有其他狗的大便，差點中獎 ^_^,3,1,0,6702,,2022/09/12,0,中立
深夜狗狗的叫聲太吵了嗎？能否請您控制一下呢？,3,1,0,6715,,2021/10/17,0,中立
邱先生和邱太太人很親切。,3,1,0,6744,,2019/03/05,0,中立
這次我們的營位在A2區，帳與帳之間的空間非常擁擠，完全沒有空間感。事先雖然知道營地增加了新的位置，但沒想到會變得這麼擁擠。一個帳位大約只有5*8尺的大小（不建議帶這麼大的帳篷），人多的時候廁所又髒又臭，營地管理者也不夠勤於清潔及處理垃圾。除了景色還可以之外，其他真的讓人相當失望。,3,1,0,6754,,2024/04/09,0,中立
這次在騰雲露營的經驗，雖然景色非常美麗，給予五顆星評價。但在結帳的最後一天遇到了一些不愉快的事情。露營區洗澡沒有熱水，讓人感到相當冷，需要等其他房間有熱水才能洗澡。另外，撤收時間是在中午12點前，下一組客人是在下午1點進場，但11點左右就有其他客人進來參觀，並在附近遊走，讓人感到困擾，管理人員似乎沒有好好控制。這次的經驗讓人感到不愉快，希望下次能有改善。,3,1,0,6767,,2024/03/09,0,中立
這個營地的環境真的很好，設施也很完善！感覺管理得非常用心！我們預訂了三天兩夜的平日行程。第一晚遇到的營友都很友善，讓人能夠好好入眠！不過第二天營地管理員告訴我們，晚上有三組露營者在凌晨一點設立帳篷，就在我們附近的營位！是的，凌晨一點！我詢問營地管理員，你們凌晨一點還允許露營者搭帳篷，不怕影響其他露營者嗎？因此我們當天下午便收拾行李離開了！對半夜有人在安裝帳篷、敲打營釘的情況我們並不介意！如果想要挑戰運氣的話，這裡或許是個不錯的選擇！,3,1,0,6772,,2024/01/09,0,中立
第一次來這個營地，路標指示還不錯。但營地浴室的設施稍嫌不足，只有衣物掛架，沒有沐浴乳的放置架，洗澡起來很不方便！另外，電壓也不穩定，昨晚居然斷電兩次，真的很麻煩！,3,1,0,6778,,2023/12/09,0,中立
營區的風景很美，不過管理有待加強，晚上十點多才到，半夜一點還有人大聲打釘，有點像夜市一樣喧鬧。台灣人真的太有活力了！,3,1,0,6784,,2023/11/09,0,中立
前一晚臨時訂的露營區位置不佳，沒有好的視野；營區活動平台很大，但落雨松區樹木長得不夠茂盛；浴廁分區有，但數量和空間待改進；感覺營地在擴張，有些區域像是工地；至高點視野不錯，其他地區普普；營位密度高，有點擁擠；路上經過九份二山紀念園區，是不錯的遊憩點；總體來說，營地有改善的空間。,3,1,0,6788,,2023/10/09,0,中立
"優點：
1. 營區的道路都是柏油路，很好開。
2. 特區視野很棒，特別是特2面對大景。
3. 天氣好的時候可以看到滿天星星。

缺點：
1. 營位太小，只有落羽松區位置比較大，其他都是相鄰的帳篷。
2. 廁所和浴室不夠，男女公用，尖峰時刻需要排隊，而且沒有固定的清潔時間。
3. 飲水機、冰箱也沒有整理。
4. 晚上休息時間沒有管理，有些露營的朋友聊天聊到凌晨2-3點。
5. 可能隨時會吸入二手煙。

其實營區管理者感覺不錯，但對於不守規矩的露營者似乎束手無策。",3,1,0,6795,,2023/09/09,0,中立
這個地方的優點是夏天的景色不錯，溫度適宜，避開中午時段曝曬，找個通風處還算舒服。 浴室沒熱水時處理迅速，草地排水性佳且營釘易打。 然而，飲水機及馬桶水箱蓋等多處平台未定期清潔，露營區有許多大螞蟻，停在樹附近的車子很快就會爬滿。 此外，民眾在露營區內抽菸或吵鬧，管理方並未明文禁止或勸阻，對於重視露營品質的人來說，需加強留意。,3,1,0,6796,,2023/09/09,0,中立
整體環境還算可以，但晚上的管理疏忽了，例如晚上10點後仍有人開始唱KTV、大聲播放音樂，大家講話也沒有注意音量大小，客人的行為缺乏尊重。儘管客人的行為是個人行為，但管理不周導致讓人感到不舒服。,3,1,0,6810,,2023/05/09,0,中立
帳篷的位置很靠近冰箱，所以較缺乏整理且有異味。區域3的露營空間有異味，浴廁空間較小且沒有明確的分隔，需要加強清潔。營區主人很友善並樂於幫忙。往上走有觀景平台，景色很美。,3,1,0,6811,,2023/05/09,0,中立
"這個地方的優點是夜景很美，山景和夜晚星空也不錯。衛浴設備的熱水穩定，清潔度也可以。如果人數沒滿的話，可以跟營地管理者協調營位。草地的狀況還算不錯。

缺點方面，最後一段到營區的路比較狹窄，開車不太方便。假日時營區的冰箱可能會擠滿，建議自行攜帶冰箱。晚上10點後缺乏管理，一直到半夜2點才比較安靜。半夜會有野狗來翻垃圾桶，早上地面上會有一堆垃圾。此外，營位之間的距離較近，不太適合設置大型帳篷或天幕。",3,1,0,6841,,2023/05/09,0,中立
第一次體驗到露營就像在市集一樣熱鬧，帳篷之間幾乎沒有距離，再加上滿滿的車子。我真心建議營地管理者應該只開放營位的60%到70%才能保有品質。,3,1,0,6851,,2023/05/09,0,中立
我真心推薦這個露營區，但在7/3~7/5的日期我們紮營時遇到了些問題。由於C區的露客較少，我們被轉到特別區，但在這幾天的經驗非常糟糕。希望露營區能設定宵禁時間，因為一些露友們在夜深人靜時還在大聲喧譁不休，聊天、喝酒、唱歌，尤其還有人唱卡拉ok。這樣的行為讓人感到困擾且難以入眠，我們來露營是為了享受大自然，希望其他露客也能尊重這個環境，不要打擾到他人，特別是已經有小孩在這裡露營的情況下。謝謝你們的合作。,3,1,0,6852,,2023/05/09,0,中立
這句話可以改寫為：「視野很好，水電供應充足，有浴廁設備，但清潔不夠仔細。」,3,1,0,6871,,2022/05/09,0,中立
營區的面積相當寬敞，有專人負責清理，空氣清新，風景宜人，唯一的缺點是道路有些狹窄，開車時要特別注意安全，上山行駛請緩慢。,3,1,0,6899,,2022/05/09,0,中立
這個地方風景優美，只是上山的路太窄，開車有點困難。,3,1,0,6921,,2021/05/09,0,中立
這個地方的景色很漂亮，草地也很棒，但帳篷太靠近了，有點擁擠。可惜的是衛浴設施太少，排隊等候時間比較長。,3,1,0,6955,,2021/05/09,0,中立
洗澡的時候遇到一些困難，但最後成功找到可以正常洗澡的地方。在露營區的環境很漂亮，有夜晚的美景和豐富的生態，但假日的帳篷區可能過擠滿，小朋友活動空間稍有不足。建議營區主人在衛浴設施和活動空間上多用點心思。,3,1,0,6965,,2020/05/09,0,中立
風景很美，夜景更是令人驚艷，可惜衛浴設施設施較不足，當客滿時需等待時間較久，且熱水供應不穩定，時冷時熱，甚至燙傷了我老公的手。希望營主能夠重視此問題。,3,1,0,6967,,2020/05/09,0,中立
洗澡時熱水溫度難以調整，需要注意熱水器的穩定性，有可能需要改善水壓以確保熱水器正常運作。,3,1,0,6974,,2020/05/09,0,中立
這個地方的設施比較簡單，浴室只有兩間，廁所也只有兩間，如果想要趕早洗澡的話最好提前去，不然可能要等很久。,3,1,0,6980,,2020/05/09,0,中立
景色不錯，只是空氣污染很嚴重，露營地方很寬敞，也保留了一些公共空間，孩子們玩得很開心，廁所設施真的太少了，好在沒有小黑蚊，但傍晚卻有幾隻大蚊子。,3,1,0,6989,,2020/05/09,0,中立
衛浴設施有限，每個區域只有一台吹風機，營位是由營地管理者分配的，當天有濃霧，沒有看到好的景色，但提供了飲水機。,3,1,0,6990,,2020/05/09,0,中立
營區的路線普通，但風景很美！僅是營區價格有點高！,3,1,0,7011,,2019/05/09,0,中立
景色很美，空氣清新，唯一的問題是廁所太少。,3,1,0,7013,,2019/05/09,0,中立
在台中、埔里、草屯和彰化地區的景觀很美，但缺點是這些地方沒有遊戲場。,3,1,0,7026,,2019/05/09,0,中立
下方的帳篷區地面不平且有水溝蓋凹洞，搭帳時不太方便。旁邊的大鐵皮雨棚看起來有些荒廢。如果要選擇在這個露營地搭帳的話，建議選擇上方的類森林區域，比起下方的區域來說會較整潔。,3,1,0,58,,2023/05/06,0,中立
這裡的收訊不太好，不過其他方面還可以。,3,1,0,72,,2023/05/06,0,中立
覺得規劃不佳，容易斷電，衛浴清潔度有待加強，但是空間很寬敞。,3,1,0,117,,2022/05/06,0,中立
這個地方很適合家庭聚會露營，老闆很nice，而且交通方便，離市區也近。但假日會很多人，可能會有廁所不足的問題。如果想欣賞風景，這裡可能不夠滿足你，因為海拔比較低，天氣也會比較熱。,3,1,0,134,,2022/05/06,0,中立
熱水溫度變化大，夏天還可忍受，但冬天就會讓人冷到發抖。建議老闆應該解決這問題，另外廁所需要定期清潔打掃，以免尿騷味太重。此外，跳電情況嚴重，老板應儘速處理以上三個問題，畢竟如此多的支出卻得不到良好的使用感受。,3,1,0,138,,2022/05/06,0,中立
營地的位置很寬敞，但衛浴設施太少，洗澡時水流時大時小，而且溫度不穩定！,3,1,0,146,,2021/05/06,0,中立
場地還可以，只是沒有提供飲水設施。,3,1,0,150,,2021/05/06,0,中立
路況通暢，衛生環境還有改善的空間。廁所很少打掃，垃圾桶堆滿了還沒清理。,3,1,0,169,,2021/05/06,0,中立
四個月前，朋友們安排了一場露營活動。昨天早上，十九個家庭分別從北區的基隆和南區的台南出發。大約11:30，所有朋友都聚在一起，總共有93人，包括小孩在內。從午餐開始，我們開始享受美食、美酒和歡樂，一直持續到現在！根據現場情況，未來兩天的中秋連假肯定會更加熱鬧！,3,1,0,175,,2021/05/06,0,中立
浴室廁所有點距離遠，沒有飲水機，但環境還算可以。,3,1,0,201,,2020/05/06,0,中立
這個地方空間很大，草地和樹木都維護得很好，開車前往營區的路徑很容易。,3,1,0,218,,2019/05/06,0,中立
在寧靜區的一些地方有很多落葉，雨後空氣潮濕，且洗澡時水壓不穩定。,3,1,0,243,,2022/03/01,0,中立
營主人很友善，但管理上稍有問題。在晚上7點多的時候，還未到8點，但被指責太吵了。後來營主來跟我說要小聲一點，這讓我感到非常生氣，因為那時還不到晚上10點。,3,1,0,303,,2023/05/06,0,中立
露營地方整潔，光源不多，環境寧靜，只有昆蟲和動物的聲音，是很適合露營的地方。,3,1,0,335,,2023/05/06,0,中立
營區靠近馬路，若擔心車聲，建議選擇靠近釣魚池的地方，那裡離馬路較遠。營本部和雨棚區相連，若不想在別人家門口睡覺，就不要訂雨棚區。營本部有兩台冰箱，在雨棚區露營，晚上會聽到冰箱壓縮機一直運作，聲音非常吵。營區路況很好，導航設備可準確引導到目的地。五星級衛浴設施非常大間，一家四口一起洗澡也不會擁擠，提供洗髮精和沐浴乳。釣魚池要看老闆的開放時間，並非隨時都可以釣魚。,3,1,0,378,,2020/05/06,0,中立
"優點：露營場地寬敞，營位大且維護良好，設施豐富，風景優美。

缺點：有許多野貓，可能影響食物存放，例如星期五晚上放置牛肉被野貓吃掉，星期六早上放置雞肉被野貓偷吃，需留意食材的保管方式。另外，早上約7:00可能有猴群在帳篷附近覓食，需要注意食物安全。",3,1,0,470,,2024/01/06,0,中立
優點是園區保持得很乾淨，園主非常認真在進行維護。缺點是地面很堅硬，難以插營釘。每個營位都有被砍伐過的樹幹，在高度和平整度上都有所不同，有些不到三十公分高，並且沒有警示燈，因此必須在夜間注意避免碰撞。此外，樹木周遭可能有蜜蜂和虎頭蜂，務必要注意安全。,3,1,0,473,,2023/11/06,0,中立
這個營地整理得很好，裡面設備齊全，地面特別堅固。還有許多寬敞的大帳篷，是一個很熱鬧的地方。,3,1,0,497,,2023/05/06,0,中立
這個營區非常大，約有120個帳篷，步行到盡頭大約300公尺。整體來說，路況評分是4.5星。上山的最後一段路比較不好開，要特別留意。Google導航會建議你提前左轉，但營區的立牌指示要再開150公尺左轉才是正確上山的道路。水電設施裡的冰箱評分是4顆星，兩個帳篷共用一個洗碗台。晚上洗澡時容易出現電壓不穩定的情況。4到5區共用一個營業用冰箱和一個冷凍櫃，所以丟垃圾要先到垃圾桶丟。回收、廚餘和一般垃圾桶只有在廁所外面，需要走一段路才能去丟，相當不方便。浴廁的評分是3.5顆星，4到5區共用4到5間廁所和浴室，尖峰時段需排隊。水壓穩定，全天供應熱水。營地的評分是4顆星，不太好釘釘子，如果釘子不夠粗，容易歪掉。營區足夠大且停車方便，環境在群山環繞中，屬於梯田式佈局。活動區設施基本上人多就會排隊，因為是大營區，建議自備一些小玩具給小朋友玩。,3,1,0,510,,2023/05/06,0,中立
"1. 洗澡時水溫比較難掌握，要小心不要被燙到或凍到，記得調整好水溫。
2. 碎石區的石子很鋒利，要小心跌倒造成多處傷口，釘下帳篷時地面硬又難鑽。
3. 廁所整潔是一個重要的優點，值得注意與肯定。",3,1,0,522,,2022/05/06,0,中立
這個營區環境宜人，有提供冰箱設施，但地面鋪滿石子，插釘困難且易鬆脫，建議使用較長且粗的營釘。晚上常受強風侵擾，許多帳篷被吹倒，造成驚呼連連。建議挑選良好天氣前往，不太適合新手露營者。部分遊客選擇在車內過夜。,3,1,0,526,,2022/05/06,0,中立
營區的環境還不錯，雖然沒有很壯觀的景色，但整體整理得還算不錯。唯一比較讓人困擾的是洗澡時水溫時高時低，讓人無法好好沐浴，其他方面表現都還可以。,3,1,0,527,,2022/05/06,0,中立
營地風很強，碎石草皮不易釘營！廁所設施稍嫌不足，若能分區提供衛浴服務會更佳。不過小朋友們在遊戲設施的玩得很開心！,3,1,0,545,,2022/05/06,0,中立
營區環境清幽但缺點是露營者和孩子很多，有點吵。他們沒有時間觀念，在晚上11點還在大聲說話，營主也沒有管制。,3,1,0,547,,2022/05/06,0,中立
環境整體還可以，只是碎石比草皮多，走路像在健康步道。廁所設備較多，但位置有點遠，不過每小時都有人清潔，環境算是乾淨。,3,1,0,550,,2022/05/06,0,中立
前往營地的路幾乎都是雙線道可會車，路線行車順暢。營地本身碎石非常多且有點尖銳，建議攜帶不銹鋼營釘或增加營釘數量。這裡風景優美，可以讓人心曠神怡！遊戲區位於最底部那一區。需要走一小段下坡路段，在入住當天晚上整晚至少停電5次以上。不清楚導致此情況的原因，建議攜帶多一點非插電式照明用品。廁所的熱水不太穩定，有時候會忽冷忽熱。營地沒有飲水機，記得攜帶足夠的水。,3,1,0,560,,2021/05/06,0,中立
營區的空間很寬敞，非常適合讓小孩盡情活動，而且營區的主人很細心，水上遊樂區有遮陽傘可以讓家長和小孩玩水時不會曬傷。雖然有一些地方還需要改進才能讓人更舒適！例如：1. 垃圾桶的位置有點遠，不方便。2. 廁所內外照明不足，在晚上很危險。3. 熱水器有時冷有時熱。4. 營區的營釘不好用，地面有太多碎石，很容易踩到石頭。,3,1,0,573,,2021/05/06,0,中立
地板很硬，還有水在漏。,3,1,0,575,,2021/05/06,0,中立
"1. 石頭地雖然不適合釘子，但至少沒有泥地那麼髒。  
2. 帳篷租借沒有提供搭建服務和教學，但好在有朋友一起合作研究。  
3. 進來後沒有見到營地負責人，也不清楚他在哪裡，缺乏其他營地的熱情接待。  
4. 需要自行辦理收費（相對於外面租賃來說價格較高）。  
5. 充氣墊的充電器沒電，幸好有朋友可以合力充電，否則不知道要踩多久。  
6. 洗澡水溫度難以調節，要不是致命的熱或冷，幾乎無法清潔。  
7. 沒有讓孩子玩樂的區域，也沒有容易看到孩子的安排，落實初次露營體驗。  
這些都造成了一些不便，希望這些問題能夠改善。",3,1,0,583,,2020/05/06,0,中立
路上塞車。導航指向內灣老街，週末常塞車。營地地面硬，有很多石頭，普通的營釘難敲進去。衛浴設備算不錯。,3,1,0,592,,2020/05/06,0,中立
這塊碎石地真的很難釘營，加上強烈的東北季風吹斷了帳篷，好在有部分露友趕在夜幕中撤營，總算度過了這場痛苦的經驗。,3,1,0,613,,2019/05/06,0,中立
這個地方很寧靜，但需要更多的宣傳和投資。,3,1,0,625,,2019/05/06,0,中立
露營地的環境很棒；但是碎石地營釘很難釘进去。,3,1,0,634,,2019/05/06,0,中立
希望可以增加獨立的廁所數量。,3,1,0,636,,2019/05/06,0,中立
土壤裡有太多岩石和泥土，所以難以打入營釘。,3,1,0,658,,2018/05/06,0,中立
碎石地硬過頭，導致營釘插不進去。另外廁所太少了，垃圾桶也不夠用。,3,1,0,687,,2020/11/28,0,中立
這個營區在好天氣下非常適合小孩，但它的排水系統非常不理想，一下雨就會積水，淹水的現象比營釘還高。雖然我們在過去三年露營經歷過風暴雨，但從未遇過像這樣排水極差的營地。地面砂石尖利，草地顯得不平整，排水速度緩慢。雖然有各種大小的蚊蟲、蒼蠅和蟑螂，但這是自然界的一部分。總的來說，這個營區在良好天氣下是一個非常適合兒童遊樂的地方。,3,1,0,700,,2020/05/18,0,中立
整體來說感覺還可以。營位很寬敞，有足夠的空間可以搭建 5*8 天幕，但是打釘真的很難，且當風大時可能會有拔釘的風險。,3,1,0,722,,2019/03/14,0,中立
晚上在浴室使用時會很冷，通風效果太好。,3,1,0,820,,2017/05/02,0,中立
整體環境還不錯，視野也很棒，附近有全聯方便購物，不過山路有點陡，開車要小心一點。另外，關於老闆的誠信問題讓整體感受有些差。,3,1,0,859,,2023/05/07,0,中立
D區女生只有一間蹲式廁所和一間淋浴間，覺得有些不夠，當媽媽們帶小孩洗澡時，就需要等候很久，認為還是應該考慮設置坐式廁所或者安裝安全扶手，對於老年人或者不習慣蹲廁的人來說會更加方便。在D區共用一個冷凍庫，希望也能提供冷藏的功能。另外希望能有一個大雨棚，讓大家在需要時可以遮風避雨。,3,1,0,925,,2019/05/07,0,中立
這個地方環境衛生良好，視野開闊，空氣清新。,3,1,0,926,,2019/05/07,0,中立
距離三星鄉的味珍香和全家便利商店開車大約需要10至15分鐘的路程。附近也有許多景點，例如松羅和九寮溪步道。然而，在秋冬季節容易有大風，所以半夜可能會感覺有點不穩定。,3,1,0,940,,2018/05/07,0,中立
天氣稍微涼爽一點的時候，去露營應該挺不錯的，因為離市區近，晚上的夜景也很美。,3,1,0,944,,2018/05/07,0,中立
營地的碎石地比較硬，釘下釘時要小心。,3,1,0,982,,2021/12/14,0,中立
在C區草地排水問題嚴重，中間擺滿了護草墊，導致小朋友們無法奔跑，多次摔倒受傷，遊戲空間僅限靠近沙坑一小區域。好處是有熱水水槽以及獨立的衛浴區域，但衛浴清潔情況一般。,3,1,0,1042,,2024/02/07,0,中立
記得要經過內灣那邊上山...雖然有些車輛，但路程比較短。,3,1,0,1062,,2023/05/07,0,中立
這句話的意思是：這條小路有很多雜草和樹枝，需要修剪後才能給予3.5顆星的評分。,3,1,0,1080,,2023/05/07,0,中立
看了大家的評論後很期待，也向老闆確認了是否所有區域都有開放飄飄河。結果只有A區有飄飄河，其他區域根本沒有開放，令人感到失望。除此之外，沒有其他特別的事情，不過水廁裡有防蟲紗網，這點挺貼心的。,3,1,0,1273,,2023/10/07,0,中立
下午一場大雨過後，地面變得泥濘不堪，很明顯鋪在這裡的砂石不夠，其他區域鋪滿了石頭的地方倒是沒有這個困擾，感覺干爽許多。其他設施表現不錯，尤其是有小孩的話可以盡情在水裡嬉戲，水源似乎是直接從山上流下來的。這個季節，水管裡還會出現蝌蚪，而到了晚上則是出現了許多各種昆蟲和蛾子。,3,1,0,1287,,2023/06/07,0,中立
新營主非常熱情地經營，提供良好的衛浴設施並保持乾淨，每區都有專屬的廁所和衛浴，非常適合防疫。此外，他們也提供沐浴乳和洗髮乳。但是只有A區提供1座冰箱、一台飲水機和一台脫水機，其他區沒有這些設施，建議增加。營區內有許多浪貓浪狗，晚上要特別注意不要讓食物暴露。晚上電池沒電時，幸好有闆娘值班幫忙更換，但熱水器水壓不穩是個問題，希望能改進。在C區包區露營時，感到四個營位有點擁擠，幾乎沒有活動空間，不過感謝老闆提供水球和可樂給小朋友。遇到大雨時C區積水不退，地面泥濘滑，磨損拖鞋，雖然營主努力排除問題，但C區狀況真的很糟，希望能改善。,3,1,0,1347,,2023/05/07,0,中立
營主人很親切，但營區劃分不夠完善，原則是先到先搭。,3,1,0,1377,,2022/05/07,0,中立
總的來說還算可以，可能是由於營區評價不太高，設施也不是很完善，我們兩人住在C區，如果有四個人可能會有點擠。冬天去的話沒有蚊蟲，只看到一隻小蟑螂，衛浴設備不錯，但需要自我保持乾淨，否則看不到營主打掃，而且旁邊就是馬路，有時會有很吵的機車隊經過。可能也是因為在馬路旁，有一隻大野狗闖進我的帳篷。,3,1,0,1382,,2022/05/07,0,中立
這個營地似乎是曾經經營得很用心，但現在已經荒廢。可能因為大家都在補班補課，所以我們包場了。營區沒有大門，這讓人感到不太安全，有時會有過路客直接開車進來參觀大觀園或使用廁所。營地主人似乎只在收費時出現。另外，浴室的水溫有時會忽冷忽熱。,3,1,0,1388,,2021/05/07,0,中立
洗澡時瓦斯不夠了，晚上洗澡感覺很冷，但草莓價格很便宜。,3,1,0,1389,,2021/05/07,0,中立
A區旁邊有一條小溪，營位旁有一個生態池，裡面長滿了蝌蚪、青苔和水草。水池裡的水不太乾淨，比較滑，小朋友玩水要小心。該地方有一些不足之處，例如廁所很髒，每天只定時清潔一次，需要遊客提出要求或提醒才會清潔。同時，營區的排水速度較慢，沒有提供護草墊，但可以提供帆布。另外，營位空間不算很大，每個帳篷都連在一起。周圍沒有垃圾桶，而且垃圾桶也沒有蓋子，半夜可能會有流浪狗來翻垃圾。優點是浴室的水量豐富且溫度穩定，有提供洗髮乳和沐浴乳。此外，還有冰箱、飲水機和脫水機，湯池泡湯時還有優惠。,3,1,0,1401,,2020/05/07,0,中立
建議在前往之前先詢問漂漂河的頂層區域是否開放，因為整潔狀況不佳且沒有人在清潔維護，加上票價有點貴。當下雨時排水系統表現不佳，還需向隔壁借用護草墊。,3,1,0,1410,,2020/05/07,0,中立
房間空間狹小，裝好帳幕後幾乎沒有活動空間，但是整體環境整潔度還可以。,3,1,0,1412,,2020/05/07,0,中立
希望營地的蹲式廁所能夠更乾淨些，一進去就看到一些不太好的痕跡，實在不太雅觀。,3,1,0,1413,,2020/05/07,0,中立
D區的停車位比較狹窄，我們四個車位的人勉強將車子停進去，否則就得停在路邊。營地靠近馬路，必須留意小朋友有沒有跑到馬路上去。或許真的應該來時考慮包區比較適合。,3,1,0,1453,,2022/10/12,0,中立
C區的排水系統和水壓有問題。新的營主很友善，衛浴和廁所保持得很乾淨，也有幫忙消毒。睡覺時要記得收好食物，不然貓會爬上桌子尋找食物。建議營主改善C區的排水系統和衛浴水壓。,3,1,0,1457,,2022/06/27,0,中立
跟預期稍微有些差距。,3,1,0,1472,,2021/03/03,0,中立
C區的浴室和廁所很髒，有很多蟑螂。可能是因為營地主人沒在營區內居住，這次去被隔壁區的人吵得無法入睡！一群年輕人晚上10點開始唱卡拉OK，一直唱到半夜12點！第二天向營地主抱怨，但營主也無法解決這個問題，可能不會再去那個營地了⋯⋯,3,1,0,1475,,2020/08/21,0,中立
整體來看還是可以推薦的。即使在路邊，整體來說不會太吵。,3,1,0,1478,,2020/03/04,0,中立
營區環境悶熱且廁所衛生狀況不佳，讓人感到不舒適，因此不打算再去第二次。,3,1,0,1479,,2019/12/23,0,中立
B區營位在夜晚很受歡迎，優點是環境乾淨、距離北埔市區近，補給很方便，也不用自己煮飯。適合想要短暫放鬆的露營者。但要注意的是，營區照片可能有些不太準確，有些設施像鞦韆、水池、沙坑可能已經不見了。另外，洗澡時有可能沒有熱水，在晚上10:30左右可能會比較忙，也要注意洗浴用品有些可能會出現故障。此外，營區規定晚上10點後要安靜，但有可能會有其他區域的嘈雜聲，甚至有小孩比賽的喧囂，這是比較需要注意的問題。,3,1,0,1524,,2023/12/07,0,中立
下雨天的碎石區非常泥濘，建議不要前來。營區內的衛浴設施雖然沒有乾濕分離，但希望至少可以增加垃圾桶的覆蓋，以減少氣味和美觀上的影響。此外，衛浴到營地的排水系統也需要加強改善。碎石區的陡坡在下雨天非常危險，成年人和小孩都有跌倒的風險，請務必加以處理。,3,1,0,1526,,2023/11/07,0,中立
營地主人熱情有禮，只是沒有親子浴室。,3,1,0,1574,,2020/05/07,0,中立
這個露營區雖然地方不大，但遊戲區設施相當豐富，孩子們在那裡玩得不亦樂乎，只可惜蚊子太多了，每個家庭都無一倖免，每個人至少被叮了200次！小孩被叮得太誇張，只好趕快把他們拉回家去。總的來說，這個營區還是挺不錯的，只是被蚊子搞得有點嚴重。,3,1,0,1578,,2020/05/07,0,中立
在北埔市集附近，營區很小，靠近營區的道路很容易走，只是要注意小黑蚊。,3,1,0,1581,,2019/05/07,0,中立
車道和場地的布置還不錯，比較適合中小型團體。設備保持得還蠻乾淨的。,3,1,0,1592,,2019/05/07,0,中立
在路口設置更清晰的路標會更有助於引導方向。,3,1,0,1711,,2018/03/20,0,中立
營區人潮眾多，隔壁營區很吵，而且營區內的道路很狹窄，導致車子的底盤被刮傷了。,3,1,0,1753,,2023/11/07,0,中立
你的描述是說規劃了太多隔間和租房帳搭滿沒空間了，不過浴廁還挺乾淨，只是數量略顯不足。,3,1,0,1767,,2023/05/07,0,中立
營地的設施還可以，但共用電箱及洗菜枱的數量有點不夠。另外，廁所和浴室還可以，但屋頂是透光罩，夏天裡面很熱，感覺像在烤箱裡一樣。另外，廁所前的洗手枱只有一個小小的，不太好用也不夠用。,3,1,0,1780,,2023/05/07,0,中立
營地各區面積不大，僅一輛車時並不感到擁擠，但夕陽風景常被樹木擋住。頂層營位靠近馬路可能有些吵雜，整體環境算是蠻乾淨的。但有些不滿的地方是，入住時討論好了停車不打折，但第二天卻告知露營車不能充電，需要額外支付！付了一樣的錢，為什麼露營可以充電，停車卻不行？看來營主對停車設施不太友善，喜歡停車露營的人要三思而後行。,3,1,0,1787,,2022/05/07,0,中立
我請朋友開車載我去跟家人露營，雖然朋友是訪客，但不到一小時就要收取一百元的費用。然而我並沒有被收取一百元，因為我是要一起參加露營的人。如果是一起露營的就不需要付費嗎？如果早知道這規矩，我應該提前說我是要一起露營的，而不必支付費用。並不是說不可以收費，只是一百元可能稍微偏高。建議可以考慮以時間為基準收取費用，例如入場一小時內免費，超過一小時收取五十元，超過兩小時再收取一百元，每人收取一百元為上限。畢竟司機載我們來後，甚至進去喝一杯茶也要付一百元，感覺有點不合理。,3,1,0,1796,,2022/05/07,0,中立
這個地方的環境相當宜人，走上去可以俯瞰360°的美景。這個營地每人入場費100元，而最上面靠路邊的營地地面是用磚鋪成的，不容易釘植物。,3,1,0,1800,,2022/05/07,0,中立
風景美麗，只是浴室的熱水有時冷有時熱。,3,1,0,1830,,2020/05/07,0,中立
今天濃霧潮濕，看不太清楚，晾衣服可能要多等一會兒。,3,1,0,1831,,2020/05/07,0,中立
第一次夜行遇到超濃的霧，頭燈照到的景物像水滴一樣，還有一些小黑蚊。營地非常大，有很多斜坡，冰箱很大但離得很遠。營地主人會帶露營者到附近走走，但要坐在貨車斗裡有些不太安全。建議提供地圖，讓露營者自己開車前往。,3,1,0,1834,,2020/05/07,0,中立
草地環境很好，營區管理員也很親切。不過晚上蚊蟲實在太多了，讓人有點不敢靠近。另外，衛浴設施也有點不夠用。,3,1,0,1858,,2019/05/07,0,中立
老闆很貼心地提供夏日解暑的茶飲，同時也很用心種植樹木並經營露營區。,3,1,0,1859,,2019/05/07,0,中立
雖然風景優美，但很遺憾未提供沐浴用品和吹風機，方便性有所減分。,3,1,0,1861,,2019/05/07,0,中立
五月的氣候白天比較炎熱，午後過後變涼爽，露水比較濃，植物長得茂盛；不過蒼蠅和蚊子多了些，衛浴設施有點不足，洗澡時常得排隊等候。建議在中午之前搭好營帳，第二天早點離開，這樣比較不會遇到太陽下得太熱。,3,1,0,1864,,2019/05/07,0,中立
露營地的管理者並沒有處理露營客的問題，半夜甚至還有人在打麻將，大聲聊天嬉鬧，而且洗澡時沒有熱水。孩子洗澡時完全沒有熱水，他們只好忍著冷水洗完澡，我們趕緊向管理者反映，管理者後來來換瓦斯，但結果仍是沒有熱水，無法使用，管理者毫無關心，當我們告訴他孩子在冷水中洗澡時，他直接不理不睬！另一個露營區洗澡時一半就沒熱水了，等了十幾分鐘換瓦斯，孩子星期日晚上就因此發燒了！我想問，管理者為什麼不巡視一下瓦斯的問題？晚上溫度低，大家都要忍受冷水才通知，這樣也不太對吧！而且管理者都不關心露營客，半夜兩點還有人打麻將，另一區則是大聲聊天嬉鬧，感覺真的很糟糕！,3,1,0,1879,,2024/04/23,0,中立
住在G區的水槽是兩間帳篷共用一組，旁邊的棧板沒有另外搭帳篷，不然就是三間帳篷共用一組。這裡只有一間廁所和一間淋浴間，有點不太方便，但還算乾淨。插座位置有點遠，我接了兩條動力線（10米和15米）。活動空間有點不足，只有營本部才有冰箱。,3,1,0,1907,,2022/04/13,0,中立
營區有點擁擠，總是有狗狗來咬鞋子.....,3,1,0,1942,,2020/08/12,0,中立
這次預定的是在七號草地區，場地型狹長，非常小，根本無法擺放七個帳篷。我向營地管理反映後，得到的回應也是一樣，無法接受這樣的安排。,3,1,0,1956,,2019/08/03,0,中立
蟑螂很多，場地太小，不建議露營！,3,1,0,2024,,2018/06/20,0,中立
營區空間有點擋，洗手間比較不夠方便。廁所量明顯不足，其他條件還不錯，營地負責人人還蠻好的。,3,1,0,2035,,2018/05/01,0,中立
包A區原本預訂了10個帳篷，但因不明原因被擠了三個帳篷。營地老闆表示是因為app訂位系統出錯，但又不願確認對方的訂位資訊。雖然營地老闆是友善的，不想得罪人，卻要我們承受損失。我們提前五個多月預訂，卻被這樣處理，讓人很生氣。雖然我們三天來也自得其樂，但希望下次營地老闆能夠有決斷，不再把問題怪罪他人，應該堅決解決問題。,3,1,0,2060,,2018/01/08,0,中立
總結一下這段內容，主要是在描述營區網站上標示的營位大小與實際情況不符，造成了一些困擾。希望大家在選擇營位時能更注意實際大小，以免造成不便。,3,1,0,2116,,2017/07/14,0,中立
有很多蟲蟲。浴室裡有很多蟲。很容易身上出現 Dior 標誌的蟲。沒有水，也沒有提供飲用水。上山的路很難開。轉進來後還需要二十五分鐘才能到達 G 區，只有 g1 有景觀。但晚上的景色並非宜蘭市夜景。可能不會再去那裡了。一千塊可以去很多地方。,3,1,0,2175,,2023/05/07,0,中立
這次在宜蘭露營的經驗不太理想，因為週末一直在下雨，整個營地都起了霧，G區的燈光昏暗，地面還有許多水坑，搭帳篷的困難度大增。而且因為風雨影響，沒有欣賞到美麗風景。總結起來就是，下次應該不會再選擇宜蘭露營了。,3,1,0,2176,,2023/05/07,0,中立
營釘釘無法釘上去很焦急，山路未維護難以通行。,3,1,0,2187,,2022/05/07,0,中立
廁所太少，容易造成排隊不便利。,3,1,0,2222,,2020/05/07,0,中立
G區的景色很棒，可以看到龜山島和蘭陽平原的夜景；晚上關燈後，滿天星空，有機會看到銀河。小孩們會在滑草區玩得超開心，中間的草皮很適合遊戲。玩沙有遮陽，旁邊也可以玩水，但要注意水池邊緣有點高，沒有上下處。管理員很親切熱心，廁所衛浴打掃得很乾淨。AB區離浴廁比較遠，如果帳篷多的話，衛浴可能會不夠用。冷熱水溫度不好控制，有提供水桶。雖然沒有小黑蚊，但這次確實碰到了很多蒼蠅。,3,1,0,2225,,2020/05/07,0,中立
剛巧碰到營區的住戶素質不佳，學生開趴派對到半夜，老人清晨五點起身，造成噪音且浴廁清潔不佳。而且熱水供應也很不穩定。或許在這個營區住宿就要看看運氣了。,3,1,0,2229,,2020/05/07,0,中立
這個營地大小不算太大，但海拔相對較高。在晴朗的夜晚，可以欣賞到星星點點的美景。建議在炎熱的天氣避免中午時分上山紮營，因為山上缺乏遮蓋物遮擋陽光。另外，水電設施良好。,3,1,0,2236,,2019/05/07,0,中立
G區的夜景很美，不過衛浴設備還需要改善，環境衛生方面也需要更加注意！,3,1,0,2244,,2019/05/07,0,中立
這裡真的很糟糕。生日少有的去那個地方過，從台七甲往上開一段路完全沒有路燈，至少還需要再開20分鐘。晚上前往的人請注意，營區的蟲真的多得令人無法抵抗，而且也沒有飲水機。入住的朋友們請留意，露營樂上的照片應該是N年前的了吧，1000塊一帳還有許多更好的選擇。,3,1,0,2278,,2022/12/08,0,中立
Ｇ區營位白天和晚上的美景截然不同！草皮已經長到膝蓋了，看起來好像很久沒有修剪了！還有不時有虎頭蜂在附近飛來飛去！營位裡有衛浴設施和冰箱/冷凍櫃，非常便利。洗澡間和廁所是分開的，但衛浴設施的清潔程度有待提高！不過最值得一去的地方是Ｇ區的風景，因為可以看到夜景和龜山島！,3,1,0,2281,,2022/08/01,0,中立
雖然是雨天，但地面沒有變得泥濘。孩子們仍然玩得非常開心。,3,1,0,2285,,2022/04/08,0,中立
這裡的環境有點凌亂，設施也有些老舊。,3,1,0,2288,,2021/11/22,0,中立
第二次造訪G區，發現營地的設施跟規劃真的很糟糕。車子亂停、公共空間受限，還有帳蓬前擋住其他人的車子。整個營地只有2間衛浴和4間廁所，而洗澡時水溫時冷時熱。雖然提供了兩台冰箱但都不冷，食材容易酸掉。洗手台都設在廁所區，洗食材很不方便。晚上跳電5、6次，早上5:30還會跳電！夏天沒電扇吹，只能早點起床收帳。唯一的優點是風景很美，晚上的涼風讓人能好好入眠。總結一句話，千萬別去G區！,3,1,0,2303,,2020/06/29,0,中立
草地保護墊需要增加、營區內的樓梯需要修整、衛浴空間的蚊蟲需要處理。,3,1,0,2311,,2020/02/22,0,中立
儘管下雨，連假期間還是爆滿，營地設施似乎無法應付這麼多人的需要。此外，冰箱看起來有點骯髒，希望可以換成冷凍式分隔式冰箱。,3,1,0,2315,,2019/07/17,0,中立
"1. 營位距離車道太近，可能對小孩造成危險，尤其在 D 區和 F 區。
2. 浴室的熱水可能會有忽冷忽熱的情況。
3. 不確定是放在冷藏還是冷凍庫？溫度似乎不夠低。
4. 這次露營不巧遇到一對夫妻喝醉後吵架，他們半夜大聲爭吵，擾亂了其他露營者的睡眠。建議營區在夜間能有管理人員或營地負責人當值，以便及時處理任何問題。",3,1,0,2368,,2018/04/09,0,中立
元旦下雨真的令人感到不舒服。上層區域的規劃不太理想，浴廁也很一般，和去年的體驗差很多。,3,1,0,2377,,2018/02/12,0,中立
天氣不太好，無法享受美景，期待下次再來。沙坑區的雨棚有些破損，小朋友沒辦法好好玩耍，建議儘快修復。而營區內的洗手檯看起來都沒有清潔過，上面有許多污垢，有點噁心。,3,1,0,2379,,2018/01/05,0,中立
營主非常熱情。這個營地很不錯，而且營主很親切。,3,1,0,2452,,2016/12/30,0,中立
周遭環境清潔，草地修剪得很整齊,3,1,0,2528,,2021/05/07,0,中立
不建議去週五的露營活動，因為營地主人半夜才會到家，導致冰箱裡的食物必須等到營地主人回來才能冷藏，不幸的是，隔天我們的雞肉就爛掉了。但值得稱讚的是，衛浴設施很乾淨，而且營地主人也很勤於維護每個區域的公共清潔。,3,1,0,2542,,2021/05/07,0,中立
營地整潔，衛浴設施乾淨，周圍風景還不錯。距離瀑布相當近，大約需要40分鐘路程。,3,1,0,2549,,2020/05/07,0,中立
這個地方的自然環境很優美，蟲鳴鳥叫，靠近瀑布、清涼的溪水和小池塘讓小朋友可以盡情玩水。整體營區環境很好，只是要注意可能較多螞蟻。,3,1,0,2550,,2020/05/07,0,中立
這個地方很自然。毛蟲很常見，晚上可能會看到各種昆蟲，對昆蟲感到害怕的人要小心。空氣很新鮮，但沒有太多景色。營地的管理人員很辛苦地處理垃圾和保持浴廁乾淨。,3,1,0,2582,,2022/12/08,0,中立
在C區要看看露營的朋友們有沒有公德心。當天晚上十點半有人在C區大聲聊天，還有人在彈吉他。而且晚上十一點還有人在C區浴室使用吹風機時邊邊聊天，聊天的聲音比吹風機還要大聲。詢問過老闆後得知晚上十點後原則上是禁止大聲喧嘩的，但是仍然有以上的情況發生，老闆也沒有出來管理營地，也沒有宣導露友應遵守的規定。在這種情況下，只能希望能碰到運氣好的露友了。,3,1,0,2622,,2019/08/20,0,中立
這個地方環境還不錯，營主很注重品質，但可惜的是出入口的道路狀況不太好，底盤被刮了好幾條。泳池的磁磚也需要改善，有小朋友被磁磚划傷了，好在營主提供了保險，算是負責任了。,3,1,0,2746,,2023/05/07,0,中立
設施不完善，需要自備飲水和沐浴用品。周邊景色普通，附近有農地吸引蒼蠅。上山路窄且路況不佳，建議底盤高一點的車輛前往。交通情況艱困，個人不推薦。,3,1,0,2787,,2021/05/07,0,中立
營區早上10點開門，大家不必太早到，以免打擾到營主，請多包涵。,3,1,0,2793,,2021/05/07,0,中立
草地區距離洗澡堂有點遠！,3,1,0,2797,,2021/05/07,0,中立
可以來玩啊，這裡的空氣很清新。,3,1,0,2801,,2021/05/07,0,中立
基本設施不錯，但從傍晚到隔天都會持續散發著雞屎肥的異味，相當令人不安，且這種氣味會一直纏繞在身邊，很難受。在其他蟲蟲很多的露營地也待過，但從沒有這麼多蜜蜂總是黏在你身邊，讓人相當困擾。,3,1,0,2812,,2020/05/07,0,中立
營地規定明確禁止卡啦OK，但是現在卻有兩組在同時唱歌。我原以為來到山上露營，可以享受藍天白雲和清新空氣，卻沒想到會有這麼吵的噪音。扣一星。不過廁所很乾淨，營地整潔，是個真的不錯的地方！,3,1,0,2834,,2019/05/07,0,中立
周邊都開發了，視野還算廣，還不賴！,3,1,0,2842,,2018/05/07,0,中立
營地老闆很友善，提供地下噴水池，讓孩子們玩得很開心。,3,1,0,2855,,2023/02/16,0,中立
路況：在白蘭部落的道路蠻好開的，但在營區內的路比較陡峭，需要特別留意。冰箱：只有冷藏區，沒有冷凍區，而且冰箱只能在營區的主要區域使用，取東西需要走一段距離。浴廁區：四區和六區的浴室和廁所是合併的，沒有乾濕分離，地板因潮濕長期易長青苔。考慮到營區使用者眾多，若在高峰時段使用，廁所和浴室可能會不夠用。浴室使用瓦斯，友人沖澡半途中就沒熱水，得換間使用，幸好隔壁間還沒有人使用。熱水控制有問題，容易感冒，而且浴室缺乏紗網，有時候會有很多蟲。最後，唯一的小便斗漏水，使用上感受不佳。營位：營位蠻大的，使用空間充裕，土質也方便插釘。不過營地有些地方有點傾斜，桌子或床位可能會受影響。供電：晚上突然停電，其他區域也無法使用電力，營區主人修好後才恢復供電，我們用電量不多並不太受影響，其他區可能情況就不一定了。,3,1,0,2964,,2024/01/07,0,中立
8區的露營地，總共有7個帳篷及2個天幕的空間，地方很寬敞。草地上有些坑洞且因為下雨變得泥濘嚴重，8區的地勢維護看起來不太理想。營地提供垃圾桶、回收區、充足的電源插座，以及乾淨寬敞的洗碗台。要注意，低底盤和轎車要進入8區時要小心，必須右轉進入的彎道上有兩個大坑洞和石頭，要靠左邊行駛以免碰到底盤，希望這個地方可以改善。草地上的坑洞會積水，營地沒有護草墊，好天氣可能沒有太大問題，但下雨時就會有感覺。使用的廁所是與7區共用，樓梯可以通往廁所，感覺相對乾淨，看到定期有人清理垃圾，熱水很足夠但隔天可能會沒熱水。風景有雲海以及螢火蟲。冰箱位置在營區入口處，對8區的露友來說有些遙遠，建議在各區之間增加冰箱。夜晚開車出去的露友，路面比較好開，但中途會有幾個比較大的坑洞和水溝要小心，霧氣比較大。,3,1,0,2986,,2022/05/07,0,中立
第一區營地風景還可以，但是兩隻雞輪流一直叫不停，實在太吵了。更奇怪的是，十月份二號露營區的雞突然消失，變成了貓。而且還發現浴室熱水器出了異常，洗澡時會聞到瓦斯味，很糟糕。到底是三星造成的問題。,3,1,0,3000,,2022/05/07,0,中立
個人較不喜歡廁所和浴室在同一空間。尤其是當空間有些老舊、蟲蠻多、還有異味。但除了這一點，風景和草地都很美。,3,1,0,3008,,2021/05/07,0,中立
遇到露營時碰上吵鬧的人有點倒楣，不過露營管理者也應該要及時制止。有一群人吵到半夜兩點，雖然管理者很熱心友善，但整體露營感受可能會受影響。至於廁所浴室的部分，算是還可以接受。,3,1,0,3011,,2021/05/07,0,中立
櫻花非常美麗，在微風中更是迷人，不過缺點是浴室設施有些不足，同時使用時可能會出現水溫忽冷忽熱的情況，並且電壓稍微不穩，使用兩台吹風機可能會造成跳電。,3,1,0,3014,,2021/05/07,0,中立
場地有點狹窄，我建議你去天湖露營區。,3,1,0,3018,,2021/05/07,0,中立
營地的營位安排比較寬鬆，只是其中的廁所沒有封頂，晚上常常會有昆蟲亂飛，這讓小孩洗澡或上廁所時感到害怕。另外，冰箱放在營地的辦公室裡，在營主不在或休息時間會被鎖起來，這讓帶食材需要冰的露營者覺得有些不便。,3,1,0,3036,,2021/05/07,0,中立
這個時候在4區樹叢下真的很炎熱，雖然山景不錯但設施稍嫌不足（不在花季時有些乏味），需要付費才能見到營地主人。,3,1,0,3052,,2020/05/07,0,中立
2區電路全區限制供電到30安培，發生跳電超過8次，造成困擾。同時也提到廁所衛生需要加強。,3,1,0,3064,,2019/05/07,0,中立
2015年的時候，我和一群朋友一起去露營，選了一個靠近大自然的營區。那時浴室的熱水器是共用的，所以水溫取決於隔壁是否有人在使用。當晚我們還煮了麻糬，味道非常好。,3,1,0,3077,,2019/05/07,0,中立
夜景很棒，但是衛浴設備有點簡單。,3,1,0,3096,,2018/05/07,0,中立
營區應該很美，因為櫻花已經盛開。不過有些可惜的是，帳篷被樹擋住，看不到山景。廁所的設施還算堪用，只是水溫不太穩定。幸好我們遇到了好的露營夥伴，孩子也跟他們玩得很開心，希望沒有給他們添麻煩。,3,1,0,3111,,2022/01/23,0,中立
第8區的房間離營區很遙遠，要到浴室需要走下一條稍微陡的樓梯，不太方便。浴室沒有天花板，容易有很多蚊蟲。,3,1,0,3125,,2020/12/14,0,中立
這個營地設施比較簡陋，廁所的數量也不多。,3,1,0,3141,,2019/09/20,0,中立
廁所缺少衛生紙有些不方便，建議補充衛生紙；草地上有乾掉的狗糞，不衛生；垃圾桶未裝垃圾袋，且無固定，容易遭野狗野貓翻垃圾。整體環境有待改善。,3,1,0,3156,,2018/11/26,0,中立
如果沒有像喪屍一樣的蒼蠅，這個營區就可以打100分了～,3,1,0,3184,,2023/05/07,0,中立
這個地方環境整潔，但價格上漲的太過誇張，應該不太想再造訪了。,3,1,0,3189,,2022/05/07,0,中立
草地很大，廁所設計得很漂亮，營地中心有售冷飲。,3,1,0,3217,,2021/05/07,0,中立
帳篷搭在兩棵變色的落雨松下真是別有一番感覺，草地柔軟舒適。即使車帳分開，如果遇到滿營位可能還是會覺得有些擁擠。衛浴設施乾濕分離的設計讓洗澡更加舒適。路況還算順利，進入營區的田間小路相對比較窄，周邊環境是果園和農地。上午時候有些零星蒼蠅出現，下午看到農民戴口罩在噴灑霧狀液體，希望不是農藥。,3,1,0,3237,,2020/05/07,0,中立
水龍頭流出的水是溫的，非常適合在冬天露營。不過包區的營位營主並沒有讓我們使用完整的草地，因為中央的走道要給他開高爾夫球車通行，來行銷他的產品。這也算是一種特別的商業手法。,3,1,0,3238,,2020/05/07,0,中立
整體來說環境算不錯，但四周都是果園，所以蒼蠅比較多。,3,1,0,3243,,2020/05/07,0,中立
我認為這個地方很不錯，適合逃離都市的喧囂，來這裡旅遊可以選擇住宿或露營。,3,1,0,3258,,2019/05/07,0,中立
這個地方環境舒適，草地很舒服，廁所保持乾淨並有定期清潔，甚至還提供乾濕分離的衛浴設施。不過因為人潮比較多，有點擁擠。,3,1,0,3263,,2019/05/07,0,中立
你可以從浴廁的乾淨看出主人很用心維護環境，只是小朋友的活動空間有點不足。,3,1,0,3279,,2018/05/07,0,中立
包棟民宿外的露營區可以增加電源設備。,3,1,0,3282,,2018/05/07,0,中立
優點是有一個大草地；缺點是帳篷太多，小朋友沒有足夠的空間玩耍。,3,1,0,3289,,2018/05/07,0,中立
這個地方的優點是衛浴設施很好，草地風景優美，設施新穎。但缺點是蒼蠅很多，營地規劃過於擁擠，小孩的遊樂空間不多。,3,1,0,3301,,2018/05/07,0,中立
這次活動真是雨雖落但風未至，我們都能感受到主辦方的用心。還有免費的草莓可供採摘，置身於天候的變幻中吃飯確實讓人感到無奈。這將是一個難忘的經驗，即使是在車上睡覺。,3,1,0,3305,,2017/05/07,0,中立
這個地方有許多區域，當你將行李放在A區後，車輛需集中停放在停車場。這裡有一些民宿，擁有設計感但舒適度不明。營地很寬敞，適合小朋友奔跑，主要是平地且沒有危險性，但沒有美景可觀賞，只有旁邊的果園，這點有些可惜。,3,1,0,3315,,2017/05/07,0,中立
這個地方除了草地好之外，難以想到其他優點！,3,1,0,3323,,2017/05/07,0,中立
環境看似整潔美觀，卻發現有跳蚤，被叮咬得很嚴重，結帳時竟開始發癢，真是困擾～,3,1,0,3327,,2022-04-28T17:04:37+08:00,0,中立
各地區的空間都稍嫌狹窄，營地都有些擁擠，最後十幾分鐘的路程有許多非常陡峭的上坡和急轉彎，對引擎、輪胎的表現以及駕駛技術都是一大挑戰，強烈建議不要在晚上開車前往。,3,1,0,3396,,2022/05/07,0,中立
路顛波。快到時，路非常陡峭，不好開。,3,1,0,3471,,2023/10/23,0,中立
進入營區前約5分鐘左右的那段路很艱險。,3,1,0,3472,,2023/10/23,0,中立
營地很吵，有鄰居的狗叫、羊叫，還有凌晨4點公雞的啼叫。,3,1,0,3568,,2023/12/07,0,中立
在營區裡有許多不便之處，比如小黑蚊、蒼蠅和跳蚤，還有貓狗會翻垃圾桶。夜晚和清晨時分附近野狗會亂吠，鄰居的鵝叫聲也很吵。儘管營區缺乏飲水機，草地上有較多碎石，但衛浴設施保持得很乾淨。營主人很友善，唯一的問題是有些不便利。,3,1,0,3592,,2022/05/07,0,中立
一個帳篷包的位置比較安靜，很不錯。射箭區雖然小，但仍然很有趣，也許是因為沒有其他人與我們爭搶，不用排隊（那天人滿為患）。營區內有沙坑和戲水池。當天還有搗麻糬的活動，主辦單位會依次通知每個帳篷體驗的時間。,3,1,0,3609,,2021/05/07,0,中立
"1. 浴廁很乾淨，有提供浴盆和水瓢，建議自行攜帶D型扣環以便懸掛物品。  
2. 提供WiFi、草墊、吹風機、脫水機、冷凍和冷藏冰箱、以及衛生紙。  
3. 上層營區在下大雨時排水良好。  
4. 蚊蟲較多，尤其是小黑蚊，同行的親友和小朋友被叮咬了不少。  
5. 營區常有小貓出現。  
6. 營位上的洗手台有遮陽傘，但只有亮度不足的太陽燈，照明效果不佳。",3,1,0,3610,,2021/05/07,0,中立
營地入口附近的景色非常漂亮，位於寮望台的風景也很迷人，可以在那裡乘涼並享受樹蔭。營地主辦的搗麻糬和其他活動深受小朋友歡迎。冰箱很小，坡道很陡，而在端午節時被小黑蚊叮得滿腿都是紅豆冰。營地養的雞半夜兩三點就開始啼叫，有個水池可以讓小朋友玩水。,3,1,0,3617,,2020/05/07,0,中立
進入營區的道路比較狹窄，開車要小心，不要完全依賴導航系統。傍晚的景色很美，也有各種活動可以參加，到了晚上氣氛有點潮濕，早上太陽升起時需要找個遮陰處。儘管離公路有些距離，但因在山區，總是能聽到汽車的聲音，尤其是跑車。總括而言，這個營區是值得一試的地方。,3,1,0,3620,,2020/05/07,0,中立
可以欣賞到石門水庫湖面的美景，微風吹過感覺很舒適呢。喜歡露營的人可以考慮一下，不過要提醒大家，那裡蚊子很多，記得做好防蚊措施哦。,3,1,0,3627,,2020/05/07,0,中立
風景很漂亮！搗麻糬跟竹筒飯DIY活動比較簡單，射箭區缺少整理，給人荒廢的印象。淋浴間只有三間，但水流很大，熱水也很充足。,3,1,0,3630,,2020/05/07,0,中立
廁所雖然乾淨，但是太少了！其他方面就很普通。,3,1,0,3634,,2019/05/07,0,中立
沿著河流的營區，空氣質量很好。,3,1,0,3635,,2019/05/07,0,中立
設施完善，有充足的衛浴設備和插座，停車位也很充足！夏天來可能會有點熱，因為位置在山上，整個營區有點擁擠但還算舒適。停車方式很重要，可能會影響小朋友丟球和飛盤的空間(但還算有空間)。整體環境乾淨，衛浴和廁所都很好。水池很淺，建議父母陪同小朋友，主人服務親切，健談。如果要說缺點的話，路比較難找。,3,1,0,3651,,2019/05/07,0,中立
對於我們居住在台北市區的人來說，營區距離有點遠了！這個營區是比較新的，區域不算太大，設計成了四層的「階梯式」營地。我們這次使用的是最底層（靠近衛浴區）的帳篷空間，原本可以搭建八個帳篷，但由於大家都使用大型或巨型帳篷，再加上客廳帳篷，所以最後我們只搭了六個帳篷。營區還有提供「營棧」服務，可在那裡購買飲品。此外，還有瞭望台、兒童戲水池和射箭區，對小朋友來說是個打發時間的好去處！,3,1,0,3653,,2019/05/07,0,中立
這個露營區靠近石門水庫，位置在羅馬公路旁，交通方便，但山路可能會讓暈車的人不太舒服。停車位有限，晚到的話裝備不太方便，但營區提供推車。營區是梯田式的，小孩活動區域有限，有小水池和沙坑，帳篷間距較近。風景優美，有石門水庫、新溪口吊橋和角板山商圈。浴室和廁所數量有限，但整潔良好，沒有排隊情況，只是沒有提供衛生紙。老闆和工作人員態度友善，是值得再次造訪的露營區！,3,1,0,3656,,2018/05/07,0,中立
設施已經因年久失修而無法使用，並且營地管理狀況也不佳，開車進入也相當困難。此外，營地管理者身分不明確。,3,1,0,3668,,2023/05/14,0,中立
衛生設備需要改善。如果對環境要求不高的話這裡還可以，但傍晚會有一些小黑蚊。,3,1,0,3670,,2023/04/05,0,中立
手機訊號只有一格，中華電信訊號不太穩定。我所在的地方有WIFI，但沒有熱水，洗澡的時候突然斷熱水，還得等30分鐘才能重新開始。,3,1,0,3769,,2024/04/07,0,中立
這個地方沒有風景，浴室很舊。還有一隻惡狠狠的黑色螞蟻咬人。1300號的雨棚區感覺性價比不夠高。,3,1,0,3798,,2023/05/07,0,中立
這段描述中提到，開車在這個地方很困難，因為道路極為陡峭，這使得開車變得非常困難。此地區前方有一片短短的草地，非常整潔，孩子們在這裡盡情地玩耍。廁所也很乾淨，洗手台提供了溫水，非常舒適，尤其適合冬天使用。由於地處山谷，風很小，晚上會有點冷但不會感到刺骨寒冷。這裡有一條小溪，不過我們位於A區，需要走一段路才能到達，不過釣魚的感覺卻令人感到非常愜意。唯一需要營主幫忙處是，我們在11點便入睡了，而隔壁鄰居卻一直聊天到了三點，這實在讓人難以入眠。,3,1,0,3807,,2023/05/07,0,中立
退休老闆非常用心地經營，設備逐步更加完善。每個平台都提供充足的活動空間，建議在設有廁所的平台上增加帳篷，提升便利性。廁所旁還有提供熱水的洗手臺，尤其貼心適合冬天。營地位於山谷中，相對清涼，早上陽光照射時間較晚，可以睡個懶覺。同時要提防蚊子！用谷歌導航容易帶偏路，要特別留意營主提供的谷歌導引訊息！,3,1,0,3875,,2020/05/07,0,中立
營區的活動範圍有限，並且進入道路狹窄。道路的盡頭是靠近溪流，晚上溪水聲音很大，不建議搭帳篷靠近溪邊。每個區域的洗手台位置設計不太理想。廁所和淋浴間空間很大，但熱水供應可能不足。,3,1,0,3876,,2020/05/07,0,中立
洗澡時遇到熱水供應不穩定的問題，因為廁所設備較少，每30分鐘才能使用到熱水，有些不太方便。,3,1,0,3905,,2022/09/19,0,中立
浴室設施不足，尤其C、D、E區共用浴室太少。另外，洗澡只有溫水而非熱水，且營區跳電可能是因為電力供應不足，只要有人開高用電設備就會跳電。可以考慮訂立不使用高用電產品的公約。此外，D區只有三個水龍頭，其中一個在廁所前面，因此需要搶才能使用。洗手台設有熱水，吸引許多人使用，導致其他區域無法方便地取水，使用廁所後必須使用自己攜帶的水洗手，非常不便利。,3,1,0,3922,,2022/01/03,0,中立
感覺不錯的是和露友們打招呼。,3,1,0,3940,,2021/03/20,0,中立
排水效果很差，下雨天最好不要去啦。第一次去草地時很美麗，但第二次再去時草都消失了，然後又下雨了，整個地方變成爛泥，真是一次糟糕的經驗。,3,1,0,3952,,2020/10/13,0,中立
"1. 特1區的房間整潔無比，但特1區的客廳位於1樓，2樓的客人也可進入，這點有些奇怪。
2. 特1區的廚房緊鄰廁所，可能偶爾會有尿味。
3. 其他方面還算可以。",3,1,0,3989,,2023/05/08,0,中立
這家營區的老闆健談熱情，整體環境不算大，營位大多樹下有五葉松可以遮蔭，算是個小而美的營區。夏天到訪時會有小黑蚊，這點扣分。除了戲水池的清潔度需要改善之外，主要問題在管理方面，未能嚴格執行夜間限制，晚上11點仍有人進入露營區，甚至到了12點還有人在安裝帳篷、充氣床墊。在這個營區兩晚都遇到了一些缺乏規範、無禮的露營者。雖然這不是營主的過失，但營區管理端責無旁貸，已經給人留下了不良印象。,3,1,0,3997,,2023/05/08,0,中立
這個營區的空間非常寬廣，旁邊還有一個湖泊可以欣賞。洗漱設施沒有時間限制，營區裡面有多種露營模式可供選擇，包括雨棚區、松樹下、竹林和碎石區。不足之處則是洗漱設施和冰箱都較為少見。,3,1,0,4019,,2022/05/08,0,中立
老闆很客氣，但是蚊子太多了，回來之後癢了好幾天。,3,1,0,4026,,2022/05/08,0,中立
冷空氣來襲，I區的空地擠滿了帳篷（我覺得擁擠）。沒有人帶家用電暖器，整晚跳電數次，營區主人處理得很迅速，但半夜跳電時就要等到天亮才恢復。浴室有男女分開的兩間，還有男女各一間使用蹲式廁所。吹風機只能在女生側使用，冰箱則只有在浴室旁邊，附近有步道可以通往石秀灣。,3,1,0,4027,,2021/05/08,0,中立
B區不是個好的選擇，因為那裡受到太多干擾，浴廁的數量也太少。其他區域也應減少一些人數，因為有些小蚊子和電力問題，不過五葉松林真的很美。,3,1,0,4037,,2021/05/08,0,中立
現在是八月，蚊子特別猖獗，每個人都被咬的滿身都是包，建議準備好強效的防蚊液，否則很容易被蚊子叮咬。,3,1,0,4043,,2021/05/08,0,中立
希望雨棚區的位置可以再寬敞一些！,3,1,0,4071,,2019/05/08,0,中立
蚊子很多，另外營地剛好在修水管，但沒有注意到水管膠的排水問題。洗澡時突然聞到出水管膠的惡臭，尤其帶著兩歲小孩，很擔心會誤喝到含有水管膠的水。向營地主持反應只得到抱歉回應，卻不了解可能會有人誤食到有毒物質的問題。台灣在環境教育仍有很大的改進空間。這樣的情況在國外肯定會被告上法庭。,3,1,0,4081,,2019/05/08,0,中立
風景還不錯，老闆態度也不錯，只是有些小黑蚊。,3,1,0,4086,,2019/05/08,0,中立
這個營地的設施非常完善，免費提供地面防水隔板，水槽水量充足，並且用電也很方便。廁所浴室也保持乾淨，草地寬廣。唯一的缺點是鄰近竹林，小黑蚊比較多，而且叮咬的程度蠻嚴重的。,3,1,0,4100,,2018/05/08,0,中立
蚊子很多，夏天的時候最好要注意防蚊，可能要避免穿短褲。,3,1,0,4178,,2024/03/07,0,中立
這次露營遇到的老闆娘態度很好，因為是禮拜日去，老闆娘讓我們自由選擇營位，所以給多一顆星。可惜的是：1. 蒼蠅超級多，容易從小縫飛進帳篷，帳篷外更是滿滿的蒼蠅。2. 螞蟻超級多，感覺它們直接搬家到帳篷裡，整個帳篷都是螞蟻。3. 還有可飛的蟑螂和其他蟲類在帳篷外徘徊。4. 營區設備可能缺乏照顧，有發霉和生鏽的情況，真的很可惜。5. 營區照明不足，夜間有點昏暗。優點是營區算美（若忽略發霉部分），有湖岸和溪流，晚上可以聽著河流聲入睡，心情蠻愉悅的。,3,1,0,4199,,2023/05/07,0,中立
原本以為離台北很近，看照片覺得不錯，而且有雨棚應該很放鬆。剛好碰到下雨，雨棚內積水了，而且從帳篷走到廁所，到處都是水坑和泥巴，腳永遠是髒的，是露營過最痛苦的一次！再來就是蚊蟲很多，不過在戶外這很難要求！建議設施需要翻新一下，排水要做好一點。整改完善後，我相信這會成為一個非常棒的營地！,3,1,0,4217,,2021/05/07,0,中立
小黑蚊氾濫，淋浴時熱水波動，女廁馬桶經常積水。,3,1,0,4228,,2021/05/07,0,中立
這地方原本是一個魚池，後來變成了婚攝場地。,3,1,0,4234,,2021/05/07,0,中立
這家民宿的熱水很穩定，廁所也很乾淨。不過營主的人情味有所不足，也沒有定期巡視，如果有訪客要求特別服務可能會另外收費。晚上幾乎沒有路燈，有些地方有坑洞可能會很危險。,3,1,0,4238,,2020/05/07,0,中立
這地方適合各個年齡層前來半日遊，但交通不太方便。,3,1,0,4266,,2019/05/07,0,中立
只有距離市區近，其他方面還可以。,3,1,0,4268,,2019/05/07,0,中立
這次來露營是因為在網上看到照片很漂亮，但實際現場讓人很失望，許多景點看起來都破舊不堪，可能是長年沒有維護修整的緣故。我建議他們應該更新一下網站的照片了。,3,1,0,4269,,2019/05/07,0,中立
出門露營最重要的是放心情。不管是夥伴狀況如何，只要老闆熱情帶路，晚上聽蟲鳴鳥叫，偶爾見到螢火蟲點綴，享受在短程近城的靜謐、清幽露營區，就已經超值了。即使網路上流傳的園內景點已經稍顯歲月痕跡，不過還是可以彈彈湖上的鋼琴喔。,3,1,0,4271,,2019/05/07,0,中立
在台北近郊的露營地，營位是碎石地，河岸上有雨棚區可以避雨，水槽是共用的，兩個帳篷會共用一組。靠近小溪邊的地方可以玩水，但在排放水槽的時候要注意處理好汙水再排到溪裡。,3,1,0,4277,,2018/05/07,0,中立
這裡的環境還可以，浴廁保持乾淨，唯一不方便的是沒有路燈，有點昏暗。另外，住的地方距離營區本部有點遠，也沒有飲水機，需到營區本部取水，相當不便。,3,1,0,4282,,2018/05/07,0,中立
場地規劃沒問題，但是沒有特別的景觀。,3,1,0,4283,,2018/05/07,0,中立
這個露營地很適合全家大小的聚會，因為有山有水，適合大家互動。不僅可以燒烤，還可以嬉水和爬山。,3,1,0,4285,,2018/05/07,0,中立
環境還不錯，衛浴設備齊全，只是在平地露營有點熱...,3,1,0,4290,,2018/05/07,0,中立
營地的景觀看起來有些荒涼，設施都沒有得到維護更新。,3,1,0,4302,,2017/05/07,0,中立
1000元一晚有點貴，而且房間裝潢太過裝飾。,3,1,0,4304,,2017/05/07,0,中立
這個營地雖然很漂亮，但似乎有點過於商業化了！,3,1,0,4305,,2017/05/07,0,中立
風景很漂亮，但是門票貴了有點可惜！,3,1,0,4308,,2015/05/07,0,中立
環境設備稍微老舊，有些可惜。如果湖周邊的景觀再加強一下的話，就會更完美了。而且可能因為附近有果園，所以會有些小黑蚊在附近。,3,1,0,4502,,2017/12/03,0,中立
很可惜，沒有露天活動。27號中午前就下起大雨了，打電話詢問後得知沒有延期或退款的規定。原本以為下午雨會停，但雨勢越來越大。在現場等了一段時間後，最終決定取消活動，避免變得很尷尬，也擔憂小朋友感冒或濕掉財物。雖然花了1000塊，但至少學到一課，未來不穩定天氣時還是訂雨棚區比較保險。,3,1,0,4561,,2017/05/29,0,中立
可能是因為下雨的關係，造成景觀沒有想像中那麼優美。不過最重要的是回到家後發現手腳上被灑滿了紅豆冰...><,3,1,0,4562,,2017/05/28,0,中立
浴室有它的優勢，但還有改進的空間。,3,1,0,4569,,2017/05/14,0,中立
帳帳相連讓人感到擁擠不舒服，浴室的數量太少。,3,1,0,4642,,2016/12/03,0,中立
這個營區的廁所和淋浴間設備很好，淋浴間更是有乾濕分離的設計，整體營區都有雨棚，但周邊設施比較少。營區可能位於山谷中，風向各不同，有時會讓人感到不太舒適。營區周邊看起來比較凌亂，有一條庫志溪可以釣魚和撈蝦。,3,1,0,4708,,2021/05/07,0,中立
營地長與夫人關係非常融洽，氣氛很好！,3,1,0,4715,,2021/05/07,0,中立
臨溪、山嵐是露營的絕佳地點！,3,1,0,4741,,2019/05/07,0,中立
這個營地有篷帳搭設在水泥地上，地面上有四個金屬排水孔。附近有溪流，可以玩水。但營地空間不大，並沒有提供客廳帳篷。,3,1,0,4754,,2019/05/07,0,中立
房間很乾淨整潔，但是水龍頭的位置有點影響到其他人的活動方向。,3,1,0,4846,,2018/09/25,0,中立
"11/18日在竹雞區，客人先給予兩顆星評價，剩下的三顆星則是為了該區尚算不錯的草坪及易於釘營物的設施。
1. 該區靠斜坡處的排水管斷裂未有修復，導致上層洗手臺的水直接排入下方草地，致使積水問題。帳篷完營後都有積水的困擾。
2. 九帳共用兩間浴室，雖整潔但其中一間熱水器在周六傍晚故障，卻未有人前來修理或告知使客人頓感不悅。
3. 廚餘桶擺放方式欠佳，未考量營區內可能有貓狗出入，果然半夜被貓翻倒的狀況發生。
4. 營區寬度僅五米，大型帳篷難以容納，而且視野只能看見老鷹區，其他區域有些被遮擋，竹雞區幾乎看不到景色，整體而言景觀不及旁邊烏嘎彥的獨立區或C區。",3,1,0,4868,,2023/12/08,0,中立
這個地方的環境很好，但浴室的數量明顯不夠，另外開車在山路上要小心因為路徑狹窄且陡峭，低底盤的車輛更要格外注意駕駛。,3,1,0,4929,,2020/05/08,0,中立
有幾段路上可能會遇到車輛故障，但風景不錯。,3,1,0,4930,,2020/05/08,0,中立
營地的服務很好。廁所和浴室很乾淨，但數量有限，需要排隊等候，建議增加更多廁所和浴室不要超過收費，進入的路太狹小，夜間前來會比較困難，需要想辦法改善。,3,1,0,5152,,2017/10/23,0,中立
總體而言，營地的交通便利，提供了豐富的親子設施和活動空間，讓人感到舒適愉快。然而，洗澡時間有限且白天無熱水，裝備須在狹窄的柏油路下放置可能造成壓力與阻礙後方車輛通行，腳踏車騎行空間受限於柏油路的狹窄，撤營時間較為嚴格，海拔低雖可觀星，但受道路燈影響光害；另外，A區3帳後到護草墊放置區距離雖短，但步行會感到疲勞。總括而言，雖然還會考慮再次造訪該營地，但希望營主能考慮解決裝備放置的問題。,3,1,0,5231,,2023/12/08,0,中立
這個地方有許多優點：冰箱和冷凍庫都很充足，提供了足夠空間讓孩子們打棒球，還有籃球場可以運動。此外也有腳踏車、玩沙區、戲水區和飲水機。我很欽佩營地主人家的勤勞，他們總是努力清潔環境、收拾垃圾並做分類。雖然廁所和浴室的數量有些少，但他們會定時巡視並清理。此外，營地主人也提供了撤帳和開車的指導，讓大家注意孩子的安全。廁所門上還有櫃子，可以感受到他們用心經營的態度。不過，硬體方面還是有一些需要改善的地方：女廁浴室的冷水流太小，需要多久才能填滿水桶？水溫也不夠穩定，有時會太燙。只有5間淋浴間，營主回應是因為使用水的人太多了嗎？洗澡變得相當困難，也許可以考慮安裝加壓馬達。最後，建議在適合的季節來訪，今天風很大，幸好沒有遇到小黑蚊。小黑蚊很輕，容易被風吹走。,3,1,0,5253,,2023/05/08,0,中立
這個地方的優點是海拔不高，開車路況很好，兒童設施豐富，草皮非常適合小孩玩耍。缺點是有非常多的小黑蚊，即使已經噴了防蚊液也難以避免被叮咬，全天都有，而且傍晚還出現大隻的斑蚊，被咬到會非常痛，相當可怕。或許下次可以考慮在冬天去比較適合。,3,1,0,5259,,2022/05/08,0,中立
這個營地適合那些喜歡熱鬧、無拘束的人，相鄰帳篷距離很近，晚上遵守寧靜時間。營地擁擠，帳篷搭建要注意方位，營位劃分不太清晰，須注意插釘位置。設施應付不了週末的人潮，熱水只在夜間6-12供應，期間排隊擠滿，水壓不穩定。插座電壓不穩，夜間10點後無法進入，環境保持乾淨，不太適合需要安靜的人。來前應仔細閱讀注意事項和規定，以免違規。,3,1,0,5283,,2021/05/08,0,中立
冬天供電不穩，需要改進才能提供更好的露營體驗。,3,1,0,5284,,2021/05/08,0,中立
A區和CD區的不同之處在於它們位於不同的位置。A區的車輛需要停放在停車場，而CD區則可以靠近帳篷前方停放，這樣可以更容易看到。但它們都會共用廁所和浴室。如果帳篷滿了...洗澡可能要等很長時間，而且在淋浴時，可能會感到有些冷。廁所很乾淨，有拉門，也提供衛生紙。如果選擇CD區靠近後方的位置，需要注意離開廁所需要走一段路，而十二月份去還會遇到一些蒼蠅，甚至很難避免的...螞蟻問題。嚴重時，它們可能會入侵到帳篷和車內。建議選擇更靠前的營位，但營位的分配可能不太會將相鄰的帳篷連接在一起。這是一個小孩可能會喜歡的地方，有沙坑、籃球場、腳踏車和溜滑梯。喜歡放生小孩的家庭應該會喜歡這裡，而且還附有冰箱和飲水機。建議準備好食物和飲料再上山，因為需要開車下山十幾到二十分鐘才會有711便利商店。,3,1,0,5288,,2021/05/08,0,中立
孩子們戲水後要沖洗時，只能用沒有24小時熱水的水來沖洗，不太方便。,3,1,0,5331,,2023/12/28,0,中立
老闆可以不要那麼強烈地監督我嗎？感覺很不舒服。,3,1,0,5341,,2022/05/16,0,中立
鄰居清晨六點割草的噪音讓您感到困擾，您希望鄰居能尊重和不要清晨使用機具。您提到露營的過程被打擾，可能不是最理想的體驗。建議與鄰居溝通，也可以提前了解鄰居的工作時程，讓您能有所準備。向老闆反映問題，但老闆的回應讓您感到無奈。,3,1,0,5353,,2020/11/30,0,中立
對方沒有足夠的主動性，在出發當天一早因為大雨主動聯繫露營場地負責人，詢問是否建議取消露營活動。直到晚上七點半才回覆說不用前往，但大家早已出發... 蚊子非常多，讓我對人生產生懷疑。草地積水非常嚴重，雖然有提供草地墊但仍然泥濘不堪！整體設施中，或許浴室算是比較不錯的，如果改善排水速度會更好！,3,1,0,5376,,2019/06/10,0,中立
草坪需要修剪整理。A區的營位空間狹小，若有多層帳篷同時到達，將會造成混亂和空間限制。停車距離營位有段距離，無法將車子靠近帳篷，也沒有推車可使用，需要依賴人力搬運，容易造成家庭間的不和。春夏季節蚊蟲很多，因為附近有果園。浴室和廁所算是乾淨整潔。垃圾桶只有帳篷區入口處有，當帳數增加時可能會爆滿。而且在大雨天草坪可能會積水，有排水漏水的問題。,3,1,0,5426,,2024/05/05,0,中立
11月18日到19日的露營地點環境不錯，只是早上洗澡時洗到一半熱水變成冷水，幾乎感冒了，打了三四通電話卻沒人接。,3,1,0,5434,,2023/12/08,0,中立
整體來說都不錯，只是有個小問題是棧板。,3,1,0,5435,,2023/11/08,0,中立
廁所設計得很不錯，但只有營本部有冰箱。在C區走很遠對B區不太方便。B區有個大草地，適合孩子在水邊玩樂，並有衛浴設施，但缺少冰箱有些不便。A區的營位形狹長，放大帳篷可能會較擁擠，地面也不是很平整，有一些坑洞，搭帳篷時需留意。營位洗手台不足，官網寫明有3帳，但其實只有三個洗手台。我們四帳被營主安排在同一區域。這季節附近有很多螢火蟲，但也有不少小黑蚊、螞蟻和蜘蛛（體型都不小）。白天有些蒼蠅，令人擔心的是還有大蟑螂，生態多樣繁茂。,3,1,0,5440,,2023/05/08,0,中立
來自香港的朋友非常友善熱情，但每一個帳篷之間都很靠近。晚上過了晚間十點後，其他帳篷非常吵雜，即使多次勸說也沒有改善。營地業者未能有效引導，玩桌遊的人大聲喧囂，喝酒的團體播放音樂和大聲談笑......直到深夜才漸漸安靜下來，我才得以入睡。,3,1,0,5450,,2023/05/08,0,中立
這次我們來的地方是一個人數約20人左右的團體，透過網路找到的。整體來說，這個地方環境優美，廁所也算乾淨，設備齊全，而且營地主人也很熱情。但令我們感到困擾的是，有幾位營地主人的朋友來打招呼，一開始是友善的小聊，但後來他們的行為讓我們感到不舒服，不斷來找我們喝酒聊天，甚至還要找我們其中一位女士，儘管我們委婉拒絕，他們卻死纏不放。尽管我們多次表示不方便，他們仍不斷打擾，直到在相當晚的時間還依然纏著我們不走，這已經嚴重侵犯了我們的私人空間。我們是來這裡放鬆享受的，花了錢特地來這裡並不是為了應酬營地主人的朋友。我們對營地本身是有好感的，但因為這次的經歷讓我們對二次造訪顯得猶豫。,3,1,0,5468,,2022/05/08,0,中立
到達時已經兩點左右，營區主人才開始搭起我們租借的帳篷，直到傍晚才完成。最糟糕的是，半夜睡在氣墊床上時漸漸漏氣。更糟糕的是第一天廁所裡的異味很濃，小孩一直抱怨臭。第二天早上清潔後好多了。建議在廁所外放洗手台和洗手乳，尤其在疫情期間，這真的很重要！,3,1,0,5477,,2022/05/08,0,中立
在多人使用時可能會很擁擠，建議分區使用。廁所外觀看起來不錯，但清潔方面還有待改善。附近有長興國小，是個不錯的遊玩選擇。,3,1,0,5500,,2021/05/08,0,中立
廁所雖然還蠻乾淨的，但小黑蚊還蠻多的。,3,1,0,5519,,2020/05/08,0,中立
一些營位地不夠平坦，各帳篷之間的距離太近，需要仔細考慮，跟照片上看到的不太一樣。,3,1,0,5524,,2019/05/08,0,中立
環境算是不錯，但帳數太多，有點擁擠，廁所間也較少，D區附近的廢水散發出難聞的氣味。早上被狗吵到在帳篷邊鬧著，起床後發現附近有狗留下的糞便，心情都變差了。,3,1,0,5527,,2019/05/08,0,中立
營地的草皮保持得很好，但營地費用略顯昂貴，人也相對較多擁擠。,3,1,0,5541,,2018/05/08,0,中立
浴廁方面維持得相當整潔，但不足的地方在於到了現場才被告知要额外支付300元的搭帳費，這對整體印象造成不佳的影響。優點方面，浴廁整潔且服務人員態度良好；缺點則是帳與帳之間距離過近易碰撞，地面不平整。詢問為何事先沒有被告知，收到的回應是網站無法更新資訊，這也讓人感到不悅。,3,1,0,5562,,2023/02/13,0,中立
營區人數增加時需要加強垃圾處理。,3,1,0,5610,,2019/03/02,0,中立
營地比較小，帳篷擺放過多，造成非常吵雜，無論是晚上還是白天，我們無法分辨是營地裡的狗還是附近住戶的狗不停地吠叫，讓人很困擾。晚上十點以後仍有其他露營者大聲交談，小孩尖叫，但營地管理者並未出來管理，吵雜的聲音、狗叫聲、蚊蟲又特別多⋯⋯,3,1,0,5663,,2018/04/06,0,中立
除了兔子之外，沒有其他特別的動物。老闆很熱心，但不太善於聊天，也不會回訪。,3,1,0,5719,,2024/04/08,0,中立
湖畔區的風景很美，讓人感到很舒適。在大樹下的這兩個位置更加棒。,3,1,0,5786,,2019/05/08,0,中立
這個地方的風景不錯，但是露營區有點擁擠，而且收費太高…露營一晚要價1500元。,3,1,0,5791,,2019/05/08,0,中立
這個地方的環境還可以，它有三層樓，最上層只有一個浴室，稍嫌不足；二樓的空間不大，但有四個浴室，是與三樓共用的。如果有很多人的時候，希望能更頻繁地清理廁所垃圾，這樣會更好。,3,1,0,5793,,2019/05/08,0,中立
每個房間幾乎都有陽台，所以很適合休息！清晨起床可以看到美麗的風景！可惜營區比較小...不過這裡有便利商店，可以補充一些飲料或生活用品！,3,1,0,5844,,2018/05/08,0,中立
設備不錯，景色也算美麗，只是收費稍微有點高。,3,1,0,5845,,2017/05/08,0,中立
空氣清新，地方寧靜。,3,1,0,5955,,2021/05/08,0,中立
離開城市，登上山巒，欣賞美景，暫時遠離塵囂，放空自己，為了再次啟程！,3,1,0,5968,,2020/05/08,0,中立
營地的山路比較難走，開車要小心。不過營地的風景很棒，讓人感覺很有坡度。,3,1,0,6031,,2021/04/26,0,中立
場地舒適，雨棚設置良好。前方空地不小，營主的狗狗貓咪很親人超可愛，但小黑蚊實在是太多太多。近20位大人小孩無一幸免，人體成了捕蚊工具。可能要考慮在天涼一點的時候來比較適合。,3,1,0,6072,,2023/08/08,0,中立
七月時租了五帳的櫻花區，只有一間廁所、兩個洗手台（其中一個洗手台較老舊、使用不太方便），對於五個帳篷來說有點不夠。櫻花區有很多小黑蚊，但營主提供大隻的蚊香。櫻花區的遊客需使用對面營區的冰箱，但那是營主私人使用的冰箱，櫃裡塞滿了醬菜罐等物品，有點像阿嬤家的冰箱。建議有需要冰箱的遊客還是使用自己的冰箱。適逢營主的朋友上山喝酒，除了冰箱被兩箱啤酒塞爆外，他們整天唱歌，一直唱到晚上十點，很熱鬧。櫻花區有親人的貓咪跟狗狗，他們很穩定不怕小孩。距離營區走路四分鐘有一條冰涼的溪，可以玩水。營主夫人也提醒可以把蚊香帶到溪邊。總的來說，櫻花區場地有點小，設備建議增加改善，但天然環境還算不錯。,3,1,0,6092,,2023/05/08,0,中立
營地充斥著小黑蚊和無數的蒼蠅，加上倉促的大雨，導致整個營區淹水。或許是因為碎石頭鋪設不足，導致地上滿是爛泥，相當不舒適。洗澡和上廁所的空間不足，只有一個營位有這樣的設施。電源供應也不足，必須拉長線，極具危險性。,3,1,0,6093,,2023/05/08,0,中立
營區的主人非常友善，隨時願意幫忙解決問題，這一點確實很不錯。而且離老街也不遠，露營完可以到老街散步找食物，感覺非常輕鬆舒適。不過營區也存在幾個問題，首先，浴廁是共用的，多個區域共用一間，所以上廁所時需要排隊。其次，營區有貓咪，牠們常常跑到營位，甚至跳上餐桌，咬破營帳，而且牠們不怕人，難以趕走！有些露友甚至在半夜尖叫，說貓咪在咬帳篷的拉鍊。再者，半夜沒有路燈，所以在深夜兩三點時，仍有許多露友走動、探險、聊天！建議增加一些路燈或者進行管制，會更好一些。最後，水槽不足，跟浴廁的情況相同，所以洗碗洗菜時需要排隊，尤其在煮食時間更是擁擠。,3,1,0,6105,,2022/05/08,0,中立
這裡的浴室設施很不方便，房間小又暗，而且價格太高。在同樣價位下，其他營區的設施和景色都比這裡好很多。,3,1,0,6114,,2021/05/08,0,中立
營地有些太擴散了，太小就是了。,3,1,0,6133,,2019/05/08,0,中立
進到營區時，我印象最深的是陡峭的坡地，讓我對家裡的小黑感到有點緊張。老闆娘非常親切地介紹了營區，並告訴我晚上可以看到很多螢火蟲。晚上關燈後果然看到了許多螢火蟲，可惜沒有拍照留念。營區的佈局採用梯田式，每個區域都不算很大，設有獨立的廁所和浴室，插座數量不多。不過，我有點不滿意的是蒼蠅比較多，風景普通，唯一令人滿意的地方是營區下方有一條溪流讓小孩玩水，水質很清澈，大人陪同也相當安全。在那裡，小孩可以玩上半天。總的來說，我並不特別推薦這個營區。,3,1,0,6143,,2018/05/08,0,中立
廁所和浴室合併在一起，所以晚上洗澡的時候，需要排隊等待使用。,3,1,0,6146,,2018/05/08,0,中立
各個區域的配置良好，只是出租的帳篷沒有附帶鋁箔墊。,3,1,0,6148,,2018/05/08,0,中立
雅房不太適合想要輕鬆露營的家庭，可能有些失望。,3,1,0,6214,,2019/10/21,0,中立
場地還可以，有狗會追人。草地狀況還不錯，路途輕鬆，但營地主人沒什麼互動，重點是狗會跟著人跑喔！,3,1,0,6217,,2019/09/17,0,中立
廁所需要改善！1.最好將廁所和浴室分開設計，否則會感覺很髒！2.網路上的浴廁配置圖和實際情況有出入，實際的廁所數量較少，10-11個帳篷共用兩個浴廁。這簡直讓人快要發瘋！3.營區的規劃需要加強，因為每次要到營地辦公室拿東西都得經過其他營位(我訂在五葉松區)。如果要避開別人的營地，另一條路坡度太陡，而且階梯設計不良，小孩們都在那裡跌倒擦傷。4.碰到一些素質不好的露營朋友，連續兩天都在唱卡拉ok!5.營區位置不錯，離附近的景點都很近。,3,1,0,6230,,2019/01/07,0,中立
老闆非常貼心，場地維護得很好，草皮也美麗。老闆會主動提供蚊香並關心戶外朋友。該地區主要是以小包區為主，因此景色有限。衛浴設備很普通。半夜可能會有狗翻垃圾，整晚狗叫聲不斷。,3,1,0,6245,,2018/11/26,0,中立
小區獨具特色，是個放鬆的好地方。,3,1,0,6266,,2017/08/21,0,中立
我們這次包的浴室水壓時大時小，水溫也不穩定，希望能有所改善。,3,1,0,6267,,2017/07/23,0,中立
這家店的服務真是一級棒，老闆娘們待人親切，服務也很好。,3,1,0,6284,,2017/03/12,0,中立
在制高點沿著路上，可以看到雲霧飄移的景象，可惜森林區地勢較為平坦，帳篷只能橫放，無法直接欣賞外面的風景，而必須透過旁人的帳篷觀看，而且營地的地面有些傾斜。雖然夜晚的風景區美不勝收，但卻過於擁擠，帳篷也只能橫放，與旁人的帳篷相距太近，無法直接從帳篷中向外觀看。浴室的照明不足且昏暗，熱水供應穩定但水壓稍弱。如果能避免過度擁擠的情況，考慮再次入住夜景區，否則下次不太會選擇此處，值得一提的是老闆娘的服務態度非常良好，這是一大加分。,3,1,0,6335,,2022/05/09,0,中立
在森林區的夜景不錯，可以遠觀關西的夜景。不過最近東北季風加強，所以森林區風較大，且沒有浴室，建議在進入前先做好準備。,3,1,0,6340,,2022/05/09,0,中立
Google 地圖顯示可以走竹62路，但是可能因為大門封閉，我也不確定是否會通行。,3,1,0,6354,,2021/05/09,0,中立
這段路比較適合高地盤的車輛行駛，因為雖然路況不佳，但風景和夜景非常美麗。,3,1,0,6373,,2020/05/09,0,中立
這條路被封閉，無法通往竹62。,3,1,0,6633,,2021/05/09,0,中立
這個地方風景平淡，地面鋪著石子，沒有提供草地護膜。老闆很友善，但我覺得員工有點喋喋不休…,3,1,0,6634,,2021/05/09,0,中立
營區最大優勢就是旁邊有溪流和清幽環境！每個區域都供應充足的食物！營位偏小，帳篷相連，讓人感到擁擠不舒服！建議每區應該再減少一個帳篷才是最適合的。,3,1,0,6665,,2020/05/09,0,中立
老闆很熱心，浴室很乾淨，店面空間不大。,3,1,0,6667,,2020/05/09,0,中立
四月後是一個很適合的時候，可以邀請朋友一起來欣賞螢火蟲，或者帶家人露營。,3,1,0,6678,,2019/05/09,0,中立
使用電暖爐冬天容易跳電，即使功率低也可能無法承受霸王級寒流。在B1區只能開一臺380瓦的暖爐，如果再開第二臺就會跳電。老闆建議使用煤油暖爐，所以如果沒有準備煤油暖爐的話，不建議在冬天來這裡。,3,1,0,6696,,2022/12/22,0,中立
A2區的景觀空間有限，浴廁較小，無法安裝碟型天幕。早上起床後發現帳篷前有其他狗的大便，幾乎中獎了^_^,3,1,0,6702,,2022/09/12,0,中立
可以請你控制一下你的狗，半夜狗叫聲很吵。,3,1,0,6715,,2021/10/17,0,中立
邱先生和邱太太人很友善呢。,3,1,0,6744,,2019/03/05,0,中立
這次我們設營在A2區，帳篷之間的空間太擁擠了，完全沒有空間感。 雖然之前聽說營地增加了位置（位置不同於之前的），但我並不知道會這麼擁擠...一個營位大約是5*8米（不適合攜帶5*8米的天幕），人多的時候廁所就變得又髒又臭，營地管理者也沒有勤於打掃和清理垃圾...除了景色還算不錯外，其他真的讓人相當失望。,3,1,0,6754,,2024/04/09,0,中立
這段句子大致描述了過年去露營的體驗，雖然環境美好且營區設施維護良好，但在收帳、洗澡熱水缺乏以及其他客人在撤營時間早早進入並沒有受到管理等問題，讓人感到不愉快。總的來說，雖然選擇了包區，但總體感受並不如第一次來時好。,3,1,0,6767,,2024/03/09,0,中立
這個地方環境很好，設施也很完善！感覺管理非常用心！我們預定了平日三天兩夜！第一晚和我們同營的露友都很不錯，讓我們睡得很舒服！但第二天營主告訴我們，晚上出現了三個露友凌晨一點搭帳，就在我們附近的營位！是的！凌晨一點！！請問營主，你怎麼能允許凌晨一點還有人搭帳，不擔心影響其他露友嗎？當天我們選擇提前離開，下午就把帳單結了！我們不會在意半夜有人搭帳、敲打營釘的情況！這裡確實是碰運氣的好地方！,3,1,0,6772,,2024/01/09,0,中立
第一次到這個營地，路標指示還算清楚，但是營地浴室設施有點不夠完善，只有衣物擺放架，卻沒有沐浴乳的置物架，洗澡時很不方便！另外，電壓也不足，2023/11/18晚上竟然發生了兩次跳電，真的很討厭！,3,1,0,6778,,2023/12/09,0,中立
營區的風景很美，很不錯，但管理不夠周全，露營者夜晚睡前很晚還有人打釘聲音很大，有些不太適合。,3,1,0,6784,,2023/11/09,0,中立
前一晚臨時訂的露營區位置有點沒有視野，因為我們晚到了。營區依不同台地分布，主建築頂蓋的活動平台很大。整體而言，松樹區的樹木還不夠茂盛，浴廁雖然分區有，但數量和空間都還需改進。感覺營區在擴建，有些地方看起來像是工地。最高點的視野不錯，其他地區則普普。營位密度有點高，感覺有點擁擠。路上經過九份二山紀念園區，是個不錯的遊憩點。總的來說，這個露營地可以勉強過夜，但仍有很多地方需要改進。,3,1,0,6788,,2023/10/09,0,中立
這個營區的優點是路面都是柏油，視野很好，可以看到美景和滿天星空。不過，缺點是營位很小，只有落羽松區比較大，其他位置都是相連的帳篷。廁所和衛浴設施太少，男女共用需排隊，而且清潔不及時。飲水機和冰箱也沒有整理。晚上沒有管制休息時間，有些露營者會聊天到深夜。另外，隨時可能會遇到二手菸。雖然管理者表現看起來不錯，但對於不守規矩的露營者似乎束手無策。,3,1,0,6795,,2023/09/09,0,中立
這個地方夏天的景色不錯，溫度也宜人，只要避免中午時段曝曬，找個通風的地方還算舒適。浴室沒熱水時，處理得很快，令人印象深刻。草地維護得很好，不僅排水良好，釘子也好釘。不過，飲水機和馬桶水箱等地方的平台和平面明顯未定期清潔，需要加強。露營區有很多大型螞蟻，尤其要注意停在樹附近的車輛，否則不久就會爬滿整輛車。另外，和多數露營區一樣，對於露營區內抽煙和在深夜早晨吵鬧的人，缺乏勸導或明文禁止，希望重視露營品質的人多加留意。,3,1,0,6796,,2023/09/09,0,中立
整體環境看起來還可以，不過晚上的管理似乎不夠嚴格，例如晚上十點後還在KTV唱歌、播放音樂聲音過大、講話聲音不受限制等，客人之間也沒有很好地互相尊重。儘管客人的行為雖然是個人的，但管理不善的確給人不好的感受。,3,1,0,6810,,2023/05/09,0,中立
冰箱附近的空間距離太近，造成整理困難且有異味。三個包廂區域的浴廁也有異味問題，而空間較小且浴室與廁所沒有分隔。清潔度需要改善。房東非常友善並協助我們安排住宿。另外，往上走有觀景平台，風景很美。,3,1,0,6811,,2023/05/09,0,中立
"優點：1. 夜景優美 2. 山景和夜晚星空很不錯 3. 衛浴熱水穩定且乾淨 4. 若營位沒滿，可與營主協商 5. 草地還算舒適

缺點：1. 營區最後一段路較狹窄，車輛不易通過 2. 假日營區冰箱容易擠滿，建議自備冰箱 3. 晚間10點後管理不嚴格，直到半夜2點較安靜 4. 夜間有野狗翻垃圾桶，早上留下一堆垃圾 5. 營位間距較近，不適合搭建大型天幕或帳篷",3,1,0,6841,,2023/05/09,0,中立
第一次去露營的感受是，露營區的帳篷都擠在一起，彷彿像是在市集一樣，而且車子也擺得滿滿的。我覺得應該建議營區主人只收取目前營位的60至70%，才能保證品質。,3,1,0,6851,,2023/05/09,0,中立
我們在這個營區露營，雖然原本是推薦的，但因為需要整理C區而轉到特區，過程中遇到了一些糟糕的體驗。希望營區能夠設立宵禁，避免晚上過度喧囂，影響到其他露營者的休息。露營應該是享受大自然的樂趣和寧靜，而不是破壞他人的樂趣。希望管理單位能夠重視這個問題。感謝您的關注。,3,1,0,6852,,2023/05/09,0,中立
這句話的意思是「空間寬敞又有充足的水電設備，但是打掃不夠周到」。,3,1,0,6871,,2022/05/09,0,中立
營區面積相當寬廣，有專人負責整理，空氣清新，景色優美，唯一缺點是道路有些狹窄，開車時需特別注意安全，上山時請駕駛放慢速度。,3,1,0,6899,,2022/05/09,0,中立
這地方視野開闊，景色優美，唯獨上山的路較狹窄，容易造成車輛困難。,3,1,0,6921,,2021/05/09,0,中立
這個地方風景很優美，草地也很棒，可惜帳篷都擠在一起，感覺有點擁擠。另外衛浴設施也太少了，導致等待的時間有點久。,3,1,0,6955,,2021/05/09,0,中立
熱水器故障了2-3台，其中兩間營位只剩下一個可以使用。想去其他洗澡間洗澡，但熱水溫度無法控制，曾經被燙了兩次。最後換到第三間解決問題。此外，有人攜狗到營區露營，假日營位擁擠。小朋友活動空間不足，但風景很美，夜景超美，生態豐富，螢火蟲很多。草皮保持得很好，營區規劃也不錯。建議營主多關注衛浴設施和活動空間的問題。,3,1,0,6965,,2020/05/09,0,中立
這個地方的夜景真的很漂亮，不過收到的反饋是衛浴設施太少，造成在滿房的時候要等的時間比較長，而且熱水的穩定性也有問題，時熱時冷，還燙到了我老公的手。希望營地管理者能夠關注這個問題。,3,1,0,6967,,2020/05/09,0,中立
洗澡時，熱水溫度難以調控，需要檢查熱水器的穩定性，可能要改善水壓以確保正常運作。,3,1,0,6974,,2020/05/09,0,中立
設施有限，衛浴只有兩間，廁所也只有兩間，如果要滿意地洗澡，最好提早去，否則就要等很久。,3,1,0,6980,,2020/05/09,0,中立
這個地方的風景不錯，但空氣污染很嚴重。營區的設施很豪華，同時也保留了許多公共空間。小朋友玩得非常開心，只是衛浴設施真的太少了。好在沒有小黑蚊，但傍晚卻出現了幾隻大蚊子。,3,1,0,6989,,2020/05/09,0,中立
這個地方的浴室設備比較不足，每個浴室區只有一台吹風機，營位是由營主分配的。當天有濃霧，沒有看到什麼美景，但有提供飲水機。,3,1,0,6990,,2020/05/09,0,中立
營區的路線普通，不過風景真的很美！營區的價格略微有點高！,3,1,0,7011,,2019/05/09,0,中立
環境美好，空氣清新，唯一不足之處就是廁所不夠。,3,1,0,7013,,2019/05/09,0,中立
景觀在台中的埔里、草屯和彰化都很不錯，但缺少遊戲場是一個缺點。,3,1,0,7026,,2019/05/09,0,中立
在2022年2月的第48露營地，下方的帳篷區域地勢不平，有水溝蓋凹洞，可能造成設置帳篷困難。而旁邊的大鐵皮雨棚看起來有些荒廢。如果要選擇在這個露營地搭帳，建議選擇上方的類森林營位，比較整潔。,3,1,0,58,,2023/05/06,0,中立
這裡的台灣大哥大信號不好，其他方面都還可以。,3,1,0,72,,2023/05/06,0,中立
覺得設計不佳，容易斷電，浴室清潔不夠完美，不過空間很寬敞。,3,1,0,117,,2022/05/06,0,中立
老闆人很親切，體貼周到，地點交通便利，離市區很接近。如果是想要辦家庭聚會露營的話，這地方非常適合，強烈推薦。不過假日會非常熱鬧，可能會有廁所不夠用的問題。如果是期望欣賞美景，這裡可能不是最理想的選擇，而且由於海拔較低，較容易感到炎熱。,3,1,0,134,,2022/05/06,0,中立
熱水溫度時冷時熱，夏天也許能忍受，但如果冬天遇到這樣情況，可能會讓人感到寒冷。建議老闆應該處理這個問題，另外廁所也應該定期清潔並處理垃圾，因為尿騷味相當嚴重！再者，跳電問題也需要嚴肅處理，老闆應該改善這三個問題。花了這麼多錢，卻得到如此的感受，確實令人困擾。,3,1,0,138,,2022/05/06,0,中立
營位空間很寬敞，但衛浴設施太少，洗澡時水流時大時小、時冷時熱！,3,1,0,146,,2021/05/06,0,中立
這個地方環境不錯，但是沒有提供飲水設備。,3,1,0,150,,2021/05/06,0,中立
路況良好，還有改善的空間。廁所很少清潔，回收桶滿了還沒清空。,3,1,0,169,,2021/05/06,0,中立
四個月前，朋友們安排了一個露營計畫。昨天早上，十九個家庭分別從北區基隆和南區台南出發，約莫11:30時大家齊聚一堂，總共有93位參加者，包括小孩在內。從午餐開始，我們開始享受美食、美酒和歡樂的時光，一直持續至現在。據現場情況顯示，連續假期的中秋節將會持續狂歡兩天！這是我現在的期許！,3,1,0,175,,2021/05/06,0,中立
這個地方很寬敞，草地和樹木都被整理地很漂亮，開車到營區的路也很順暢。,3,1,0,218,,2019/05/06,0,中立
宿舍區有很多落葉，洗澡時水壓不穩定。宁静区的一些地方也有很多落叶，在下雨後会感到很潮湿，而且洗澡时水压也不稳定。,3,1,0,243,,2022/03/01,0,中立
營主很友善，但管理方式有些問題。那天晚上7點多，還沒到8點時，鄰居抱怨我太吵了。後來營主提醒我要小聲一點，但還沒到晚上10點，我已經生氣到打算離開了。,3,1,0,303,,2023/05/06,0,中立
露營地的環境整齊，不過於明亮，並且非常寧靜，在昆蟲和動物的聲音之外，是一個很好的露營地點。,3,1,0,335,,2023/05/06,0,中立
建議在預訂時選擇靠近釣魚池的位置，這樣就可以避開馬路的車聲。避免在雨棚區露營，因為那裡的冰箱壓縮機聲音會很吵。如果不喜歡在別人家門口睡覺，也不要訂雨棚區。另外，營區的路況很好，導航設備可以正確引導到目的地。衛浴設備很大間，一家四口同時洗澡也不會擁擠，並提供洗髮精和沐浴乳。釣魚池的開放時間需要看老闆的安排，不是隨時都可以釣魚哦。,3,1,0,378,,2020/05/06,0,中立
"優點：露營地區寬敞，營位規模大，管理者用心維護，提供豐富親子設施，且風景優美。
缺點：野貓密度高，星期五晚上野貓竟偷走放在水糟退冰的牛肉，星期六早上整隻雞也被偷，就算蓋上鍋蓋仍無效，眼見三隻野貓打開鍋蓋偷吃雞肉，食物被咬到混亂不堪，最後雞肉只好丟進垃圾桶不敢吃。另外，早上七點左右會有猴群出沒在帳篷附近覓食，需留意食材。",3,1,0,470,,2024/01/06,0,中立
優點：這個園區保持得相當乾淨，園主很用心在維護。缺點：地面硬度較高，不方便釘營釘。各帳篷區的樹木情況各不相同，有些被砍伐的樹幹高低不一，有的高度不到三十公分；缺乏警示燈，夜間活動需格外注意以免碰撞。此外，園區的樹木有時會有蜜蜂和虎頭蜂，安全要放在第一位。,3,1,0,473,,2023/11/06,0,中立
這個營地很整潔，備品充足，地面的石頭特別堅硬。複雜的巨型帳篷很多，是一個相當熱鬧的地方。,3,1,0,497,,2023/05/06,0,中立
這個營地的規模相當宏大，共有約120個帳篷，整體長度約為300公尺。綜合評分為4.5顆星，其中路況良好，但最後一段上山路不易通過，請留意營地主張貼的指示牌，在150公尺後再左轉才是正確通往水電和冰箱的道路。冰箱評分為4顆星，兩帳篷共用洗碗台，晚上使用時可能會發生電壓不穩情況。垃圾桶評分為1顆星，回收、廚餘和垃圾桶只能在廁所外面找到，對於需要走很遠的帳篷而言相當不便利。浴廁評分為3.5顆星，缺點為4至5區需共用多個廁所和浴室，在尖峰時段可能需排隊，地板漏水情形需要注意；然而水壓穩定，24小時提供熱水。整體營地評分為4顆星，停車便利，但釘子可能不易釘進地面，建議自行攜帶玩具以應對設施需排隊的狀況。,3,1,0,510,,2023/05/06,0,中立
"1. 洗澡時請特別小心水溫，以避免被燙傷或受凍。注意，水溫可能有些不穩定，請注意調節。  
2. 碎石區的石子十分銳利，要留心避免跌倒造成多條傷口，操作釘錘時需格外小心以免傷及手部。  
3. 廁所的清潔度很值得讚賞，這是一大優點。",3,1,0,522,,2022/05/06,0,中立
這個營區雖然空間寬敞，也看起來很漂亮，而且還有冰箱可以使用。但是地面多石子，安裝營釘困難且容易鬆動，需要使用30公分以上且較粗的營釘才能固定。晚上經常有強風，造成許多帳篷被吹倒，導致驚呼聲不斷。建議選擇良好的天氣前往此營區，並不適合新手露營者，提供參考。也看到有人睡車上露營。,3,1,0,526,,2022/05/06,0,中立
營區的環境算是相當不錯，雖然沒有特別壯觀的景色，但整個營區還算整齊清潔。唯一比較令人困擾的是洗澡時水溫一直忽高忽低，讓人無法好好洗澡，其他方面表現還算可以。,3,1,0,527,,2022/05/06,0,中立
營地的風很強，而且地面都是碎石和草皮，釘營帳篷很困難！另外廁所設施不夠，如果可以有分區衛浴會更好。但是小孩很喜歡遊戲設施，玩得很開心！,3,1,0,545,,2022/05/06,0,中立
營區的環境雖然清幽，但唯一的缺點是露營的人和小孩很多，所以有點吵，他們似乎沒有意識到晚上11點了還在很吵，而且營區的管理者也似乎沒有在管理這個情況。,3,1,0,547,,2022/05/06,0,中立
環境還算不錯，只是碎石子比草皮多，走起來有點像健康步道。衛浴廁所的數量多，但彼此之間有點遠。不過每個小時都有人來清理垃圾和整理廁所環境，整體打掃算是乾淨的。,3,1,0,550,,2022/05/06,0,中立
這個地方的路幾乎都是兩條車道並且可以雙向行駛，路線通暢。營地本身的碎石非常多也稍微尖銳，建議攜帶不銹鋼營釘或多帶幾支營釘。風景非常美麗，讓人心曠神怡！遊戲區位於最下面的區域，需要走一小段下坡路段。當天露營整晚至少有5次以上跳電的情況不知原因，建議攜帶非插電式的照明燈。廁所的熱水不太穩定，會有忽冷忽熱的情況。這裡沒有飲水機，請務必攜帶足夠的水。,3,1,0,560,,2021/05/06,0,中立
營區很大，非常適合小孩玩耍放電的好地方。營區的營主很用心，水上遊樂區有提供遮陽傘，讓家長陪同小孩玩水時不會曬傷，但還有一些地方需要改善讓營區更加舒適！具體來說，1.垃圾桶位置離得有些遠，需要調整；2.廁所內外的照明有待加強，尤其夜晚較危險；3.熱水器溫度忽冷忽熱；4.營區的營釘不太好釘，且地面碎石較多，容易讓人踩到。,3,1,0,573,,2021/05/06,0,中立
被咬的地方又痛又硬，還在積水。,3,1,0,575,,2021/05/06,0,中立
"1. 雖然石頭地不適合紮釘，但也沒有泥，相對還算乾淨。  
2. 租借的帳篷難以搭建，沒有提供幫助或教學，好在有朋友一起合作解決。  
3. 進來後沒看到營地主人，也不清楚他在哪，缺乏其他營地熱情接待的感覺。  
4. 需要自行處理付款問題，但價格卻比外面租借的帳篷還要貴。  
5. 充氣墊無法充電，幸好有朋友一同前來，不然不知道何時才能完全充飽。  
6. 洗澡水溫難以調節，讓人又熱又冷，後來選擇不洗澡，調溫時總是過熱。  
7. 孩童娛樂設施缺乏且距離遠，附近也沒有可以看到小孩玩耍的地方。  
環境雖然安靜，且離老街較近，但希望能夠改進這些問題，否則可能僅會是一次的體驗。",3,1,0,583,,2020/05/06,0,中立
路況不太好。導航要經過內灣老街，假日時常塞車。營地地面很硬，有很多石頭，普通的營釘難以敲入。衛浴還算可以。,3,1,0,592,,2020/05/06,0,中立
這次露營真是遇到了一些挑戰，碎石地太硬，插釘很困難，再加上強烈的東北季風吹斷了帳篷，讓露友們不得不半夜撤營，真的是一次不愉快的經驗。,3,1,0,613,,2019/05/06,0,中立
場地雖然寧靜，但仍需要加強宣傳和投資。,3,1,0,625,,2019/05/06,0,中立
露營地的環境真的很棒，只是碎石地不太容易釘營釘。,3,1,0,634,,2019/05/06,0,中立
希望有更多的獨立廁所。,3,1,0,636,,2019/05/06,0,中立
因為泥土石頭太多的關係，所以很難把營釘打進去。,3,1,0,658,,2018/05/06,0,中立
碎石地太硬了，營釘打不進去。廁所太少了，垃圾桶也太少了。,3,1,0,687,,2020/11/28,0,中立
這個營區非常適合小孩，但排水問題很嚴重。雖然露營會遇到下雨，但是雨水下不到5分鐘，就會積水淹過營釘。營主在下半小時的雨後才來關心，而且只是一下子就離開了。在三年裡有30次露營經驗，碰到過很多暴雨，但從未有遇到過像這個無法排水的淹水營地。地面有碎石尖、草地不平，有明顯的高低起伏，再加上排水慢。蚊蟲蒼蠅蟑螂和大小螞蟻多，大自然就這樣啦，我想在100%好天氣下這個營區應該是個非常適合兒童的歡樂天堂。,3,1,0,700,,2020/05/18,0,中立
整體來看還算不錯。營位很大，5*8的帳篷搭起來還有多餘空間，但是打釘實在有點困難，而且風大的時候恐怕會有拔釘的風險。,3,1,0,722,,2019/03/14,0,中立
晚上使用浴室的時候，會感覺通風，感覺很冷。,3,1,0,820,,2017/05/02,0,中立
整體來說，這個地方環境不錯，視野很開揚，附近也有方便採購的全聯，只是山路較陡，開車時需小心，而且對老闆的誠信有些疑慮，讓整體感受打了折扣。,3,1,0,859,,2023/05/07,0,中立
"D區女生只有一間蹲式廁所與一間淋浴間，覺得不足，媽媽們帶小孩洗澡，就要等很久，真心覺得還是要設計座式廁所或裝設安全扶手，對老年人或不習慣蹲廁的人比較方便。DE區共用一個冷凍庫，希望也能有冷藏優點~有大雨棚方便大家遮風避雨

D區的女生廁所只有一個蹲式廁所和一個淋浴間，感覺不足。當媽媽們帶著小孩去洗澡時，得等很長一段時間，我真心認為最好還是增加坐式廁所或安裝安全扶手，這對老年人或不習慣蹲廁的人來說會比較方便。DE區共用一個冷凍庫，希望也可以具備冷藏的功能。另外希望有設置大雨棚，方便大家遮風避雨。",3,1,0,925,,2019/05/07,0,中立
環境清幽衛生良好，視野開揚，空氣清新。,3,1,0,926,,2019/05/07,0,中立
位置很方便，離三星鄉的味珍香和全家大概開車只需要10-15分鐘。附近也有很多景點，像是松蘿和九寮溪步道。不過秋冬季節容易刮大風，所以半夜睡覺可能會有點不穩定。,3,1,0,940,,2018/05/07,0,中立
這種天氣去露營應該很舒適，離市區又近，夜景也很美。,3,1,0,944,,2018/05/07,0,中立
在營地上搭帳篷時要小心，因為碎石地比較硬。,3,1,0,982,,2021/12/14,0,中立
這次在C區，草地排水的問題是因為中間擺放了許多護草墊，導致小朋友們無法好好奔跑，甚至多次因此絆倒受傷。實際可供遊戲的空間只剩下靠近沙坑的一小塊，優點是有提供熱水水槽和獨立區域可供使用洗手間，不過衛生狀況一般般。,3,1,0,1042,,2024/02/07,0,中立
記得要經過內灣那邊的路口上去... 路上會有一些車子，但總體來說路程還算短。,3,1,0,1062,,2023/05/07,0,中立
這句話的意思是「平平淡淡，爬山小徑上杂草和樹枝需要修剪，給予3.5顆星評價」。,3,1,0,1080,,2023/05/07,0,中立
看了大家的評價後很期待前往，也向老闆確認飄飄河是否都有開啟，結果只有A區有開放飄飄河，其他區根本沒有開放，令人感到失望。不過發現水廁有防蟲紗網這點挺貼心的，沒有太特別的。,3,1,0,1273,,2023/10/07,0,中立
下午下了一場大雨，導致場地泥濘不堪。顯然，部分區域的砂石鋪設不足，而其他區域鋪設更多的石頭，卻相對乾爽許多。其他設施狀況尚可，家有小孩的遊客可以在水域玩水放電，水質似乎是直接從山上流出。今年這個季節，水管內時常會有蝌蚪跑出來。到了晚上，則是昆蟲和各式各樣的蛾類出沒的時候。,3,1,0,1287,,2023/06/07,0,中立
新營主非常熱情款待，並且衛浴及廁所的清潔保持得很好，也定期消毒。每個區域都有獨立的衛浴設施，是良好的防疫選擇，而且提供沐浴乳和洗髮乳。儘管只有A區提供1座冰箱、1台飲水機和1台脫水機，但對於A～F區的總共一座冰箱來說，確實有點少，建議增加更多設備。營地附近有許多流浪貓狗，晚上睡覺前要注意保管食物，因為貓貓可能會跳上桌子找食物，請溫柔地讓牠離開。在晚上11點熱水器沒電時，幸好有值班老闆娘協助更換電池，但熱水器的水壓穩定性讓人有些困擾，時冷時熱，希望能加以改善。另外，這次在C區露營，發現四個營位擁擠，活動空間有限，但感謝老闆提供小朋友水球和可樂。遇到連續三天大雨，C區積水無法排出，變成爛泥坑，踩到就會黏住拖鞋或摔倒，雖然營主盡力排除問題並提供草墊，但這次狀況相當狼狽。毫無疑問，C區的情況需要改善。營主已承諾會有所改進。,3,1,0,1347,,2023/05/07,0,中立
營主很友善，但營位區域劃分不夠清晰，先到先得。,3,1,0,1377,,2022/05/07,0,中立
整體來說還可以，但營區評價不太高，也沒有滿足我們的期望。我們佔據了C區兩個帳篷，如果再有四個帳篷的話可能會比較擁擠。冬天去的時候沒有蚊蟲，只看到一隻小蟑螂。衛浴設備很不錯，但需要自己保持乾淨，否則就沒有看到營區主人清潔。我們的帳篷旁邊就是一條大馬路，有時機車隊經過會很吵。也許是因為馬路旁還有一隻大野狗闖進了我的帳篷。,3,1,0,1382,,2022/05/07,0,中立
這個營地似乎曾經經營得很用心，但現在荒廢了。可能是因為大家都在補班補課，所以我們把這個山區包下來了。營區沒有門，這讓人感到有些不安全。有時會有過路客直接開車進來參觀，甚至使用洗手間，而營地主人只會在收錢時出現。浴室的水溫有幾間會忽冷忽熱。,3,1,0,1388,,2021/05/07,0,中立
洗澡時瓦斯不足，晚上洗澡很冷，但草莓很便宜。,3,1,0,1389,,2021/05/07,0,中立
A區旁邊有一條小溪，營位附近有一個生態池，裡面長滿了青苔、水草和蝌蚪，但遊玩水道的水質不太乾淨，小朋友要小心一點。缺點是：1. 廁所很髒，每天只固定打掃一次，需要遊客要求或提醒才會打掃；2. 營區排水慢，沒有提供草坪保護墊，但可以提供帆布；3. 營位空間不大，帳篷相連；4. 水槽旁沒有垃圾桶，垃圾桶也沒有蓋子，半夜流浪狗可能會來翻拾。優點是：1. 浴室水流充足、溫度穩定，有提供洗髮乳、沐浴乳；2. 提供冰箱、飲水機、脫水機，並提供泡湯優惠。,3,1,0,1401,,2020/05/07,0,中立
建議事先詢問漂漂河 top 區是否開放，因為這區域可能沒有人維持整潔，門票可能稍貴且下雨時可能排水不良，也許需要向隔壁借用護草墊。,3,1,0,1410,,2020/05/07,0,中立
空間非常狹小，搭完帳幾乎沒有活動的空間，但環境整潔度還算可以。,3,1,0,1412,,2020/05/07,0,中立
希望營地的坐式廁所能保持乾淨，有些不清潔的痕跡讓人感到不雅觀。,3,1,0,1413,,2020/05/07,0,中立
D區的停車位很小，我們四個營區的人勉強把車停進去，不然就得停到路邊。營區就在路邊，所以要特別注意小朋友有沒有亂跑到馬路上。如果想要來的話，包區可能比較適合。,3,1,0,1453,,2022/10/12,0,中立
C區的排水系統和水壓有些問題。新營主非常熱心，他很注意衛浴和廁所的清潔，也幫忙消毒。請注意睡前將食物妥善收藏，貓咪可能會跳上桌子尋找食物。建議營主改進C區的排水系統和衛浴的水壓。,3,1,0,1457,,2022/06/27,0,中立
期待與現實有些落差。,3,1,0,1472,,2021/03/03,0,中立
C區浴室和廁所很髒且有許多蟑螂，可能是因營主未住在營地。這次前往時被隔壁區的吵到無法入眠！一群年輕人晚上10點開始唱卡拉OK，一直持續到半夜12點！隔天向營主抱怨，但營主並未找到解決辦法，令人對日後再次前往該營地感到不太確定⋯⋯,3,1,0,1475,,2020/08/21,0,中立
整體而言，我覺得還是可以推薦。雖然在路邊，整體上來看並不會太吵。,3,1,0,1478,,2020/03/04,0,中立
營區位於山谷中，夏天有些悶熱，廁所十分骯髒，清潔狀況糟糕，這讓我決定不會再去第二次了。,3,1,0,1479,,2019/12/23,0,中立
B區的露營地點，晚上有一些特別活動，普通的週六晚上有好處，因為環境很乾淨，離北埔市區很近，所以方便補給。如果不想自己烹煮食物也沒問題，這個地方適合想要輕裝露營放鬆的人。需要注意的是：1. 營地的照片可能不是最新的，原來A區旁邊的遊戲設施消失了，所以記得自己帶遊具。2. 洗澡時可能會遇到沒有熱水的情況（大約在晚上8:30左右），可能是因為尖峰時段的問題，而且沐浴用品的按壓器也有故障。3. 雖然標示晚上10點後要安靜，但第一晚隔壁區很吵到深夜，第二晚有小孩比賽一直持續到晚上11:30，營地主人都沒有出來制止。,3,1,0,1524,,2023/12/07,0,中立
雨天不宜前來，碎石區變成泥濘區，地面多水；衛浴設施雖未有乾濕分離，但若能增加蓋子垃圾桶可減少異味並提升美觀，衛浴到營地的排水系統也需加強。在碎石區的陡坡上，雨天時成人和小孩都曾多次跌倒，相當危險，請務必加以處理。,3,1,0,1526,,2023/11/07,0,中立
營地主人很友善，但缺少了家庭友善的浴室設施。,3,1,0,1574,,2020/05/07,0,中立
這個營區很迷你，但停車位有點不夠用。有很多有趣的遊戲區，小朋友玩得不想離開，只是可惜蚊子太多了，全家都被叮咬，每隻腳至少被咬了200個包。小孩被叮得太多，只好強拉回家，不然這個營區本來是個很方便的地方。,3,1,0,1578,,2020/05/07,0,中立
北埔市集附近的營區空間不大，靠近營區的道路交通便利，只是需要注意小黑蚊的存在。,3,1,0,1581,,2019/05/07,0,中立
車道和場地的安排很不錯，比較適合中小型團體。設備也維護得相當不錯。,3,1,0,1592,,2019/05/07,0,中立
在路口設置明確的路標將會有所幫助。,3,1,0,1711,,2018/03/20,0,中立
營區人潮眾多，隔壁營區噪音很大。營區內的道路狹窄，導致車底刮損。,3,1,0,1753,,2023/11/07,0,中立
這句話可以轉換為：帳單太多了，就像是分租套房一樣充滿了隔間感。如果帳單都付滿了，就沒有空間可以活動了。浴廁還蠻乾淨的，但數量上比例來說也有點少。,3,1,0,1767,,2023/05/07,0,中立
營地的設施還算可以，但共用的兩個電箱和洗菜枱有點不夠用。另外，廁所和浴室還好，但屋頂是透光罩，夏天待在裡面很像在烤箱裡一樣太熱了。廁所前的洗手池只有一個小小的，不太好用也不夠用。,3,1,0,1780,,2023/05/07,0,中立
營地各區空間不大，平日只有一輛車不會感到擁擠。唯一可觀賞夕陽的方向常被樹木遮擋，最上層營位毗鄰馬路，稍嘈吵。整體環境保持相當乾淨！然而，入住時雖已確認車輛停泊費用不打折，照原價計費，一夜後告知露營車不可使用電力需額外支付！？！？同等費用，露營卻可使用電力，車輛卻不行？？？看來營區偏向不友善對待車輛住宿的遊客，考慮車輛住宿者請慎重考慮...,3,1,0,1787,,2022/05/07,0,中立
我請朋友載我來和家人一起露營。雖然朋友是訪客，不過不到一小時後就要收取一人100元。我沒有被收費，因為我是和家人一起露營的。那如果是和家人一起的話就不需要支付了嗎？早知道就說要和家人一起露營就好了。不是說不能收費，只是覺得100元有點偏多。建議可以按照時間收取費用，入場一小時內免費，超過一小時收50元，超過兩小時就收取100元，每人最多收100元。不然司機載我們進去就連喝一杯茶都要收100元，有點不太合理。,3,1,0,1796,,2022/05/07,0,中立
這個地方的環境挺好的，登上風景台大約需要30分鐘，可以360度欣賞風景。參觀這個營地每人需要付費100元，如果選擇最上面靠路邊的營地，地面是鋪設磚瓦的，不太容易釘搭帳篷。,3,1,0,1800,,2022/05/07,0,中立
浴室的熱水溫度有時候會變化很快，是吧。,3,1,0,1830,,2020/05/07,0,中立
今天濛濛霧氣，潮濕的天氣影響了視野，曬衣需要更多時間~,3,1,0,1831,,2020/05/07,0,中立
第一次夜晚前往露營地遇到非常濃密的霧，車燈照射出去的景物都看起來像水滴，還有一些小黑蚊。露營地很大，有很多斜坡，冰箱放得很遠。露營主人會帶著露營者到附近散步，但是使用貨車載著大小不一的露營者坐在車斗裡，這些並不算太安全。建議提供地圖給露營者，讓他們可以自己開車前往。,3,1,0,1834,,2020/05/07,0,中立
草地看起來舒服，營區的主人也很友善。不過晚上有很多螞蟻，讓我有些困擾。另外衛浴設備有點不太夠用。,3,1,0,1858,,2019/05/07,0,中立
老闆很熱心地準備夏日消暑茶品，並且非常細心地在種植樹木和經營露營區。,3,1,0,1859,,2019/05/07,0,中立
雖然風景不錯，但遺憾的是沒有提供沐浴用品和吹風機，便利性有所折扣。,3,1,0,1861,,2019/05/07,0,中立
五月的氣候特色為：白天中午過後會變得相當炎熱，但到了晚上則變得涼爽。此時露水較為潮濕，植物都長得茂盛。不過，蒼蠅和蚊子出現得比較多。另外，衛浴間可能會比較擁擠，洗澡時常需要排隊。因此建議在中午之前搭營，並在隔天早一些時間離營，以避免天氣過熱。,3,1,0,1864,,2019/05/07,0,中立
營地管理不當，半夜有人在打麻將，大聲聊天鬧事，還有熱水沒熱。孩子洗澡沒熱水，自己硬撐。跟管理反映後換了瓦斯，仍無效，管理毫不關心，對孩子洗冷水的情況置之不理。另一區也是洗到一半沒熱水，換瓦斯等了超過10分鍾，導致孩子星期日晚上發燒。請問管理不應該定期巡視瓦斯供應情況嗎？晚上氣溫低，為何要等到洗完冷水才通知，這不太合理吧！營地管理應該關注露營者的需求，半夜打麻將和大聲喧鬧的情況也應得到處理。,3,1,0,1879,,2024/04/23,0,中立
位置很擁擠。住在G區，廚房的水槽是兩間帳篷共用一組（旁邊的帳篷沒有參與共用，否則將是三間帳篷共用）。只有一間廁所和一間淋浴間，並不是非常方便，但整體還算乾淨。插座位置較遠，因此需要使用兩條動力線（一條長10公尺，另一條長15公尺）。可活動空間有限，冰箱只有在營地的本部才有。,3,1,0,1907,,2022/04/13,0,中立
營區有點擁擠，有些狗狗會來舔鞋子.....,3,1,0,1942,,2020/08/12,0,中立
這次預定在七號草地區，這個場地很狹長而且非常小，根本無法容納七個帳篷。跟營地負責人反映後，得到的回應是無法接受。,3,1,0,1956,,2019/08/03,0,中立
蟑螂太多也太嚇人了。7號區場地真的太局促了，小朋友玩得不開心，不建議露天活動！,3,1,0,2024,,2018/06/20,0,中立
營位空間較狹小，洗手台不夠而不太方便。廁所明顯不夠，其他方面都還可以，營地主人很友善。,3,1,0,2035,,2018/05/01,0,中立
營地管理不當。原本預訂的A區10個帳篷，卻因某些原因被擠到13個帳篷。營地主人說是因為訂位系統出錯，但又不願確認對方的訂位資訊。雖然營地主人很友善，不想得罪任何人，但卻讓我們吃了虧。我們提前五個月訂的房間又算什麼？雖然最後三天我們也玩得開心（不然要怎麼辦），但很不爽。希望下次營地主人可以主動有所行動，不要再歸咎於任何一方，該解決問題就應該果斷解決。,3,1,0,2060,,2018/01/08,0,中立
營位的實際大小跟網站上標示的不同，進入後發現營位尺寸不符，立即詢問關於尾款的問題，這讓感覺很不好。當我們準備搭建方形天幕時，才發現營位太小無法搭建（我們在草皮區，單帳範圍）。方形天幕的尺寸是440*550，而營區網站上標示營位為5*5。以上僅供參考，無其他意思。,3,1,0,2116,,2017/07/14,0,中立
有很多蟲蟲。洗澡的時候會看到很多蟲蟲，另外也容易被Dior標誌顯示在身上。浴室沒有水，也沒有提供飲用水。另外，上山的路很難開。即使跟著標誌轉進來，還需要二十五分鐘才到G區，而且其中只有g1提供景觀，但夜景並非宜蘭市的夜景。也許不會再去造訪了。一千元可以去很多其他地方。,3,1,0,2175,,2023/05/07,0,中立
這次在宜蘭露營住在草地第G區，整個週末都在下雨，到達時因為雨霧瀰漫，G區十分昏暗，只有一盞小燈照亮廁所和浴室前，加上營地水排不暢，到處都是深淺不一的水坑，搭起帳篷的難度大增。由於天氣惡劣，也看不到任何風景，總結起來：今後不打算再去宜蘭露營了。,3,1,0,2176,,2023/05/07,0,中立
營地裡面釘釘找不到位置很困惑，上山的小路沒有被整理過，開起來很困難。,3,1,0,2187,,2022/05/07,0,中立
廁所的數量不夠，排隊時很不方便。,3,1,0,2222,,2020/05/07,0,中立
風景相當美麗的G區尚未開放，可欣賞到龜山島及蘭陽平原的夜景。夜晚關燈後，星空璀璨，甚至有機會看到銀河。草皮中央非常適合孩子遊玩，周圍設有沙坑和水池，但需留意水池邊緣較高且無明顯出入口。天氣稍涼爽，管理員熱心且衛浴設施保持乾淨。然而，AB區與衛浴設施相距較遠，在營區人數較多時，衛浴設施可能不足。並且，冷熱水控制不便，提供了水桶，但此行碰巧遇到許多蒼蠅，卻沒有遇到小黑蚊。,3,1,0,2225,,2020/05/07,0,中立
這次在營區碰到的宿客素質真的有些差，學生開趴開得很晚，而老人則清晨五點就起床聊天去廁所，浴廁的清潔也不怎麼樣。更糟糕的是，熱水還時常不穩定。或許在這營區住宿就得看看運氣了。,3,1,0,2229,,2020/05/07,0,中立
營地空間有限，但海拔高，晚上天氣好時能看到星空。炎熱時最好避免中午上山紮營，因沒遮蔽物可遮擋陽光。有水電供應。,3,1,0,2236,,2019/05/07,0,中立
G區夜景很美，但衛浴設施需要改善，環境衛生要多加留意！,3,1,0,2244,,2019/05/07,0,中立
聽起來狀況真的不太好。生日罕有機會去那個地方過，從台七甲上去後再轉段路，完全沒有路燈，至少還要開20分鐘。夜間前往的人一定要格外小心。在營區裡的蟲類真的超級多，而且沒有提供飲水機。有計劃入住的朋友們請留心。照片上的露營設施看起來應該是N年前的了，而且每個帳篷要價1000元，還有許多更好的選擇可供選擇。,3,1,0,2278,,2022/12/08,0,中立
Ｇ區的營位白天和晚上的風景真的很迷人，感覺截然不同！草皮已長到膝蓋高度，環境看起來很久沒有整理！而且時不時會看到虎頭蜂在四處飛來飛去！營位裡提供衛浴設備、冰箱和冷凍櫃，非常方便，但洗澡間和廁所是分開的，只是衛浴清潔度稍有待改進！總括而言，Ｇ區的風景是這個營地中最吸引人的地方，特別是夜晚時可以欣賞到龜山島的美景！,3,1,0,2281,,2022/08/01,0,中立
雖然下著雨，但地面不泥濘，孩子們依然玩得開心。,3,1,0,2285,,2022/04/08,0,中立
這裡的環境亂亂的，而且設備也不太好。,3,1,0,2288,,2021/11/22,0,中立
這次在G區的營地體驗並不盡如人意，營區內容設計不佳。車子停放雜亂，公共區域受限，甚至有人停車擋住帳篷。營地收18個帳篷，但只有2間衛浴和4間廁所，洗澡水溫不穩。雖然提供了兩台冰箱，但溫度不佳，導致食材腐敗。洗手台只能在廁所區使用，不方便食材處理。晚上多次停電，早上5:30也跳電！夏天無電扇，只能早起離開。優點在於景觀優美，夜晚清涼宜人！絕對不推薦訂G區！,3,1,0,2303,,2020/06/29,0,中立
草地保護墊需要補充、營區內的樓梯需要維修、衛浴空間的蚊蟲需要清理。,3,1,0,2311,,2020/02/22,0,中立
即使下雨，連假期間的營地仍然爆滿。營地的設施似乎無法應付高客流量，而原本的冰箱也有點髒。希望能增加更多冷藏（冷凍）式分離冰箱。,3,1,0,2315,,2019/07/17,0,中立
"1. D和F區的營位靠近車道，可能對小孩造成危險。
2. 浴室的熱水溫度時冷時熱。
3. 不確定是冷藏櫃還是冷凍櫃，溫度不夠低。
4. 在露營期間不幸碰到有夫妻（喝醉酒）爭吵，深夜的大聲吵鬧吵醒了許多露營的朋友。希望在營區夜間能有管理員或營主當值，在任何問題發生時可以立即處理。",3,1,0,2368,,2018/04/09,0,中立
新年那天下雨真不舒服。上面的設計規劃得不夠完善，浴室也很普通，和去年來的感覺相去甚遠。,3,1,0,2377,,2018/02/12,0,中立
天氣不太好，無法享受美景，希望下次再來!。沙坑區的遮雨棚已經有破洞，讓小朋友沒法玩，建議盡快修理，營位的洗手檯也沒有清潔，上面沾滿了黑色污垢，有點噁心。,3,1,0,2379,,2018/01/05,0,中立
營主非常熱情，這個營地不錯，營主也非常親切。,3,1,0,2452,,2016/12/30,0,中立
環境清潔，草坪看起來很整齊,3,1,0,2528,,2021/05/07,0,中立
我不建議參加週五的露天夜市，營地負責人半夜才會回家，而且必須等他回來才能使用冰箱冷藏食物，很不幸的結果是第二天我們的雞肉都壞了。不過值得一提的是，浴室設施很乾淨，且營地負責人也很勤於維護各個區域的公共衛生。,3,1,0,2542,,2021/05/07,0,中立
營地整潔，衛浴乾淨，景觀還不錯。距離瀑布很近，大概需要40分鐘的路程。,3,1,0,2549,,2020/05/07,0,中立
這個地方環境優美，能更親近大自然。附近有瀑布、清涼的溪水，還有安全的游泳池讓孩子們玩水。整體露營區環境不錯，只是螞蟻比較多。,3,1,0,2550,,2020/05/07,0,中立
這個地方處於自然環境豐富。毛蟲數量稀多，夜晚可能出現各種昆蟲，對昆蟲感到害怕的人要注意。空氣清新，但景色缺少。負責營地管理的人會辛苦地清理垃圾和維護廁所的清潔。,3,1,0,2582,,2022/12/08,0,中立
在C區有些露營友人沒有公德心。當晚有人大聲聊天，還有人在十一點還在浴室使用吹風機並且大聲聊天。雖然問過老闆，晚上十點後應該不大聲喧嘩，但情況還是持續。老闆也沒出來管理，也沒宣導其他露友，只能碰運氣了。,3,1,0,2622,,2019/08/20,0,中立
環境算是不錯，營區主人很用心管理，但可惜出入口的道路條件不佳，車底被刮了好幾條，泳池的磁磚需要改善，有小朋友被磁磚刮傷。主人提供了保險，勉強算是盡責。,3,1,0,2746,,2023/05/07,0,中立
沒有提供飲水機也沒有準備沐浴用品，必須要自行準備。附近的景色一般，四周是農地，所以蒼蠅很多。上山的路很狹窄且路況不好，車底太低不建議前往，加上遇到車輛會很辛苦，個人不建議前往。,3,1,0,2787,,2021/05/07,0,中立
大家請注意，營區的開門時間是早上10點，不必提前太早來，以免打擾到營主，造成不便請見諒。,3,1,0,2793,,2021/05/07,0,中立
草地區和洗澡堂之間的距離稍微有點遠！,3,1,0,2797,,2021/05/07,0,中立
地方很新，你可以來這裡玩，空氣很清新。,3,1,0,2801,,2021/05/07,0,中立
基本設施還不錯，但從傍晚到隔天一直有濃濃的雞糞肥臭味散發出來，讓人感到有點困擾，特別是這異味總是纏繞在周圍。之前去過很多種類的營地，都沒有遇到過這種蜜蜂總是黏在身上的情況，讓人感到相當困擾。,3,1,0,2812,,2020/05/07,0,中立
營地裡明確規定『禁止卡拉OK』，但現在卻有兩組人在同時唱卡拉OK，我原本以為來山上露營可以享受藍天白雲、優美山景和清新空氣，但沒想到會有這麼吵的噪音。因此給予一顆星的評價。不過，廁所很乾淨，整個營地環境也很整潔，是一個真不錯的地方！,3,1,0,2834,,2019/05/07,0,中立
這裡的環境變化很大，但視野還蠻開闊的。,3,1,0,2842,,2018/05/07,0,中立
營區管理者非常熱心，提供了地下噴水池，讓孩子們玩得很開心。,3,1,0,2855,,2023/02/16,0,中立
路況：白蘭部落的道路相當好駕駛，但營區內的路較爲陡峭，請特別注意。冰箱：僅有冷藏空間，沒有冷凍區，且唯一的冰箱在營地中心，所以拿東西需要走一段路。浴廁區：四區和六區的浴室廁所合併，沒有乾濕區分隔，地板因潮濕而有些微青苔。考慮到分區帳篷使用情況，若在熱門時段同時使用，廁所和浴室可能會不夠用。浴室使用瓦斯，有些同行朋友沖洗到一半就沒熱水了，必須中途更換浴室使用，幸運的是隔壁浴室剛好沒人在使用。熱水供應控制問題嚴重，一不小心就可能感冒，且浴室內沒有安裝蚊網，內部有時會有許多蟲。最後必須提到，唯一的小便斗有些漏水問題，使用起來感覺不太好。營位：營位相當寬敞，使用空間足夠，土質也適合釘機。然而，營地有些地方稍傾斜，桌子或床位可能會受影響。供電：夜間突然斷電，其他區域也都無法使用電力，直到主辦單位修復後才得以恢復，我們用電較少所以影響不大，但其他區使用者情況就不得而知。,3,1,0,2964,,2024/01/07,0,中立
營地：8區有7個帳篷和2個天幕，空間很大，剩餘約兩個帳篷的位置。8區的草地維護情況不佳，有一些坑洞，因為下雨天泥濘嚴重。營地提供垃圾桶和回收設施，電源插座充足，洗碗台很乾淨也很大。提醒露營者，低車盤和轎車進入8區時要特別注意，右轉上坡有兩個大坑洞和石頭，需貼近左邊通過，否則可能擦到車底板，希望可以改善這點。另外因為草地上有坑洞積水嚴重，營地沒有鋪上護草墊，下雨天影響較大。廁所與第7區共用，走樓梯下去，環境算乾淨，垃圾定期清理，熱水充足，但第二天用同一間廁所發現沒有熱水。風景包括雲海和螢火蟲。冰箱在營區入口處，對於8區最上層的露友很遙遠，建議在兩個區域之間增加冰箱。晚上夜深人靜時開車進出路總體來說容易，但中途有幾個較大的坑洞和水溝要小心，霧氣較大。,3,1,0,2986,,2022/05/07,0,中立
第一區營地風景雖然美麗，但兩隻雞不停輪流叫了整整24小時，實在太吵了。更讓人意外的是，10月份二露六區的雞竟然突然消失，變成了貓。另外，在浴室使用時熱水器出現異常，還帶有瓦斯味，洗了一半就變成冷水了。最後，是否選擇使用三星品牌的產品呢？,3,1,0,3000,,2022/05/07,0,中立
我個人比較不太喜歡廁所和浴室合併在一起，特別是當廁所比較老舊、有很多蟲、有異味時。不過除了廁所和浴室以外，這個地方的風景和草地都很美。,3,1,0,3008,,2021/05/07,0,中立
在露營時碰到吵鬧的人可能是運氣不好的一面，但營地管理者也應該及時解決問題。某區的人吵鬧到半夜兩點，雖然營地管理者很友善熱心，整體露營體驗仍稍許受影響。廁所和浴室功能還算可以。,3,1,0,3011,,2021/05/07,0,中立
櫻花盛開時景色宜人，風一吹更添美感，不過公共設施稍嫌不足，同時使用熱水設備時，水溫可能忽冷忽熱，另外電力供應也稍顯不足，如使用兩臺吹風機可能會造成跳電困擾。,3,1,0,3014,,2021/05/07,0,中立
場地有點狹小，我建議你去天湖露營區。,3,1,0,3018,,2021/05/07,0,中立
營位安排比較寬敞，但廁所沒有天花板，晚上會有很多昆蟲飛來飛去，讓小孩上廁所洗澡時感到不安。另外，冰箱在營地管理處，如果營主不在或是休息時就會鎖起來，讓攜帶需要冷藏的食材的露友有一些不便。,3,1,0,3036,,2021/05/07,0,中立
在這個時間點，四處樹影稀少，陽光炙熱，山景不錯但設施稍嫌不足（非花季有點無聊），必須付費才能見到營地主人。,3,1,0,3052,,2020/05/07,0,中立
2區的供電容量為30安培，頻繁超過8次的跳電情況讓我感到不舒服，同時也需要增強廁所的衛生環境。,3,1,0,3064,,2019/05/07,0,中立
景色美麗，只是設施稍顯陳舊。,3,1,0,3072,,2019/05/07,0,中立
2015年的時候和一群朋友去露營，選擇了靠近大自然的營區。那時候浴室是共用的熱水器，所以水溫取決於隔壁是否有人在使用。當時晚上還一起煮了麻糬，味道真的很美味。,3,1,0,3077,,2019/05/07,0,中立
夜景美不勝收，但是衛浴設備有點簡陋。,3,1,0,3096,,2018/05/07,0,中立
如果櫻花全部盛開，營區應該非常美麗。但寢帳前被樹木遮擋，無法直接看到山景有點可惜。廁所設備尚可，但熱水不太穩定。幸運的是，我們遇到了友善的營友，我的兒子和他們一起玩得很開心，希望沒有給他們帶來困擾。,3,1,0,3111,,2022/01/23,0,中立
第8區的位置與營地本部相距很遠，下樓梯到浴廁的路有些陡，不太方便。另外，浴廁並沒有天花板，容易進入許多蚊蟲。,3,1,0,3125,,2020/12/14,0,中立
這個營地並不是很理想，廁所設施有限，而且很簡單。,3,1,0,3141,,2019/09/20,0,中立
廁所內沒有備有衛生紙，有些不太方便，建議增加衛生紙的供應。此外，草地上有乾掉的狗大便，十分不衛生；垃圾桶也沒有套上垃圾袋。若不在垃圾桶上加重物，可能會吸引野狗和野貓在半夜翻找垃圾。總體來說，還有一些地方需要改進。,3,1,0,3156,,2018/11/26,0,中立
營區裡沒有像喪屍一樣的蒼蠅，那就是個很棒的營區了～,3,1,0,3184,,2023/05/07,0,中立
這個營區環境很好，但是物價上漲得有點過分，或許不太會再去了。,3,1,0,3189,,2022/05/07,0,中立
大家一起使用草地，廁所和浴室設備看起來很漂亮，營地辦公室裡有冷飲可以購買。,3,1,0,3217,,2021/05/07,0,中立
這個地方的環境真是優美，草地柔軟舒適，營位就在兩棵落雨松之間，帳篷搭在色彩斑斕的落雨松下格外有趣。車帳分開使用，但倘若遇到滿營的情況可能會覺得擁擠。乾溼分離的衛浴設施讓洗澡變得舒適，路況不錯，雖然進入營區的田間小路比較狹窄，周遭是果園和農園。上午有些零星蒼蠅，下午看到農民戴口罩在噴灑霧狀液體，但希望那不是農藥啊！,3,1,0,3237,,2020/05/07,0,中立
水龍頭的水是溫的，很適合冬天露營。但是包營區的營位卻沒有提供完整的草地給露營者使用，因為中間的通道要保留給營主開高爾夫球車行銷產品，這算是一種特別的商業手法。,3,1,0,3238,,2020/05/07,0,中立
環境整體不錯，但缺點是四周都是果園，所以蒼蠅較多。,3,1,0,3243,,2020/05/07,0,中立
我認為這個地方很不錯，適合離開都市的喧囂，來這裡旅遊可以選擇住宿或露營。,3,1,0,3258,,2019/05/07,0,中立
草地很舒服，廁所保持乾淨且定期清潔，甚至有貼心的乾濕分離衛浴設備。不過人多時稍顯擁擠。,3,1,0,3263,,2019/05/07,0,中立
這裡的環境看得出來有在用心維護，浴廁保持得相當乾淨，只是小朋友的活動空間可能稍嫌不足。,3,1,0,3279,,2018/05/07,0,中立
可以在包棟民宿外的營地增加電源。,3,1,0,3282,,2018/05/07,0,中立
優點是有一個大草地，但缺點是帳篷太多，空間不足給小朋友玩耍。,3,1,0,3289,,2018/05/07,0,中立
這個地方的優點是衛浴設施很好，草地風景優美，設施也很新穎。不過缺點是蒼蠅很多，營地規劃過於擁擠，而且小孩的娛樂空間不夠。,3,1,0,3301,,2018/05/07,0,中立
這次活動真是個驚喜，雖然不能延期，但主辦方的用心感受得到。我們還有機會免費採草莓，只是吃飯時要看天色，有點無奈，但這將是一個難忘的回憶，特別是在車上入睡。,3,1,0,3305,,2017/05/07,0,中立
這個地方的設施很完善，有很多不同區域，區域A專門用於停放行李並集中停車。那裡有一些民宿，看起來很有設計感，不過尚不清楚舒適度如何。整個營地相當寬敞，適合小朋友奔跑玩耍，地勢平坦且安全。但可惜的是，這裡沒有景觀，周圍只有果園，有些可惜。,3,1,0,3315,,2017/05/07,0,中立
這片草地確實不錯，其他地方好處真難說。,3,1,0,3323,,2017/05/07,0,中立
環境雖然看起來很整潔漂亮，但竟然有跳蚤，我被咬得很糟糕，結帳時開始癢起來，真是痛苦啊～,3,1,0,3327,,2022-04-28T17:04:37+08:00,0,中立
各地區的腹地都有點狹窄，滿營地都有些擁擠，最後十幾分鐘的路程有好幾處超級陡坡和髮夾彎，會考驗引擎、輪胎性能和駕駛技術，非常不建議在晚上衝車。,3,1,0,3396,,2022/05/07,0,中立
路顛波。接近目的地時，路面非常陡峭，不易行駛。,3,1,0,3471,,2023/10/23,0,中立
前方道路非常危險。距離營區大約還有5分鐘路程，但那段路很難開。,3,1,0,3472,,2023/10/23,0,中立
這個營地有很多噪音，鄰居的狗叫聲、羊叫聲，甚至凌晨4點還有公雞叫。,3,1,0,3568,,2023/12/07,0,中立
營區裡有小黑蚊和蒼蠅，貓狗經常進來翻垃圾桶，孩子常被跳蚤叮咬，附近有許多野狗晚上和清晨亂吠，隔壁鄰居的鵝叫聲很大！營區沒有飲水機，雖然說是草地，但裡面有很多碎石，不過衛浴設備很乾淨，營區主人很友善，只是有點行動不便。,3,1,0,3592,,2022/05/07,0,中立
位置很好，射箭區不太受干擾，很有趣。即使射箭區不大，但因為沒有其他人搶場地，所以還蠻好玩的，不用排隊（那天滿滿的）。營區裡還有沙坑和戲水池。當天還有製作麻糬的活動，營主會一個一個帳篷地告知體驗時間。,3,1,0,3609,,2021/05/07,0,中立
"1. 浴室很乾淨, 備有浴缸和水杯, 可自行攜帶掛鉤更方便掛東西。
2. 有提供WiFi、護理墊、吹風機、脫水機、冷凍和冷藏冰箱、衛生紙。
3. 在上層營區下大雨時排水還不錯。
4. 蚊蟲較多，尤其是小黑蚊很多，同行的親友和小朋友都被叮咬不少。
5. 營區經常有小貓出現。
6. 營位上的洗手台有遮陽傘，但只有不太明亮的太陽燈，照明不足。",3,1,0,3610,,2021/05/07,0,中立
靠近入口的營地景色特別美，寮望台上的景色也很漂亮，那裡風景優美，有樹蔭涼爽。營地主辦了很多活動，小朋友們都很喜歡。不過要注意的是，那裡的冰箱很小，坡道很陡，小黑蚊可能會在端午節的時候叮咬到小腿。還有，在深夜時分可能會聽到營地飼養的雞啼叫。另外，那裡有水池可以讓小朋友玩水喔！,3,1,0,3617,,2020/05/07,0,中立
這個營區的入口道路比較狹窄，開車時要特別小心，不能完全依賴導航。傍晚時候的景色相當美麗，也有很多活動可以參加，但到了晚上會變得有點潮濕，所以在早上太陽升起時需要尋找有遮蔭的地方。雖然營區離公路有點遠，但由於位置在山區，總是能聽到車輛的聲音，特別是跑車的聲音。總體來說，這是一個可以一試的營區。,3,1,0,3620,,2020/05/07,0,中立
石門水庫湖面風景美麗，微風吹拂令人心曠神怡。喜歡露營的朋友不妨來此一遊，但請注意，蚊蟲相當多，務必做好防蚊措施。,3,1,0,3627,,2020/05/07,0,中立
這個地方的風景真的很漂亮！不過我覺得搓麻糬跟竹筒飯的DIY活動有待改進，感覺有點粗糙。而且射箭區似乎沒有整理，有點荒廢的感覺。另外，淋浴間只有三間，但水量充足，熱水也很足夠。,3,1,0,3630,,2020/05/07,0,中立
廁所的清潔做得不錯，但是數量有點少！其他的就很普通了。,3,1,0,3634,,2019/05/07,0,中立
營區的空氣清新，位置靠近河流。,3,1,0,3635,,2019/05/07,0,中立
這個地方的衛浴設備很足夠，提供電源插座，停車位也很多！但是夏天來可能會有點熱，因為在山上，陽光也比較強。整個營區稍微擁擠，但還算舒適！停車方式很重要，可能會因為停車讓小朋友丟球玩飛盤的空間變小一點（但還是有空間）。整個環境算是乾淨，衛浴設備和廁所都很不錯。水池的部分建議小朋友的父母要陪同（因為水池很淺，無危險性，但要注意滑倒等事情）。營區的主人態度親切、健談。如果要說有什麼地方稍微有點不足，大概就是路比較難找吧。,3,1,0,3651,,2019/05/07,0,中立
對於我們住在台北市區的人來說，這個營區其實有點遠。這是一個相當新的營區，共有四層，我們這次使用的是最底層，原本可以容納八個帳篷，但由於大家都用大型或巨型帳篷，加上客廳帳篷，最後我們只搭了六個。此外，營區還有一個賣飲料的地方叫做「營棧」。這裡也有觀景台、兒童戲水池、射箭區，對小朋友來說，是一個很適合消磨時間的地方喔！,3,1,0,3653,,2019/05/07,0,中立
這個露營區位於緊鄰石門水庫的地方。交通方面，靠近羅馬公路，路況良好，但山路可能讓暈車的人感到不適。停車位較小，若太晚到可能會不太方便裝備。營區提供推車。空間設計類似梯田，小孩活動區域有限，有小水池和沙坑，帳篷間距離較近。風景宜人，面對石門水庫，附近有新溪口吊橋和角板山商圈，湖光山色美不勝收。盥洗設施方面，儘管只有四間浴室和廁所以及兩座小便斗，卻沒有出現排隊現象，清潔狀況良好，不過未提供衛生紙。老闆和員工皆親切，是一個值得再次造訪的露營區！,3,1,0,3656,,2018/05/07,0,中立
這個地方很久沒有維護了，設施都已經年久失修，看起來沒有再受到照顧的感覺。例如戲水池、沙坑、射箭場等等。而且前往的路況也很糟糕，而且不確定營地的負責人是誰。,3,1,0,3668,,2023/05/14,0,中立
這裡的衛生設備需要改善。如果對環境要求不高的話，這裡還算可以，但傍晚會有一些小黑蚊。,3,1,0,3670,,2023/04/05,0,中立
我去了第二次的營區，原本並沒有特別注意到。,3,1,0,3687,,2021/03/20,0,中立
手機訊號只有一格，可能不太穩定。雖然營區有WIFI，但不能確保熱水供應穩定，洗澡可能要等30分鐘。,3,1,0,3769,,2024/04/07,0,中立
這裡的環境沒有那麼美，衛浴設施有些老舊，而且還有一隻兇狠的黑螞蟻會咬人。整個雨棚區看起來覺得1300的性價比不夠高。,3,1,0,3798,,2023/05/07,0,中立
開車的路況非常挑戰，需要進行極端的轉彎，又很難駕駛，非常具有挑戰性。A區前的草地很短，也很整潔，小朋友在這裡非常盡興。廁所很乾淨，洗手台的暖水非常舒適，在冬天裡非常適合。由於地理位置在山谷，沒有風，晚上很冷但不會有大風。有一條小溪，但因為我們在A區，需要走一段路才能到，不過釣魚的感覺很舒服。需要請營主幫忙的是，我是個晚上11點就要睡覺的人，但隔壁鄰居居然到三點還在聊天，真的讓我難以入眠。,3,1,0,3807,,2023/05/07,0,中立
這位退休老闆很用心經營，每個平台都有充足的活動空間。我建議提供帶廁所的平台以便客人使用，而且廁所旁還有熱水洗手台，非常貼心特別適合冬天。這個營地位於山谷中，比較涼爽，早上陽光晚出現，可以晚一點睡。另外要注意防蚊咬！另外，請注意不要完全依賴谷歌導航，營地主人提供的指引訊息可能更準確。,3,1,0,3875,,2020/05/07,0,中立
營區活動範圍有限，內部道路狹窄。道路盡頭靠近溪邊，晚上溪水聲音較大，建議不要露營靠近溪邊。每個區域的洗手台位置設計不佳。廁所和淋浴間空間較大，但熱水供應可能不足。,3,1,0,3876,,2020/05/07,0,中立
洗澡時每30分鐘才有熱水真的很不方便，因為廁所的熱水設備不夠強。,3,1,0,3905,,2022/09/19,0,中立
洗手間和浴室的數量太少了。C、D、E區共用的浴室實在是太少了，而且就算把熱水轉到最高，也只有溫水，這樣的狀況對我們露營的朋友來說不太理想。而且，將我們的浴廁鎖起來也不太合理，營區跳電是不是因為電力供應不足，只要有人開了暖氣等耗電產品就會造成整個營區跳電呢？能不能在公約中訂立不使用高耗電量產品的規定？另外，D區只設置了三個水龍頭，兩個在後面，一個在廁所前面，我們幾乎要搶著用，因為廁所前的洗手台有熱水，所以大家都會前來使用，造成我們的不便。因為要用時別的區域的客人也會使用，真的很不方便，洗完廁所後連洗手都得自己攜帶水來清潔。,3,1,0,3922,,2022/01/03,0,中立
和露友們打招呼感覺不錯。,3,1,0,3940,,2021/03/20,0,中立
排水系統很不好，下雨時最好不要前往那裡。第一次造訪時草地很美，但第二次去時草都枯萎了，再加上下雨，整個地方都變成泥濘，是相當糟糕的體驗。,3,1,0,3952,,2020/10/13,0,中立
"1. 特1區的房間很整潔，但客廳在一樓，客人需要穿過二樓，有些奇怪。
2. 特1區的廚房在廁所旁邊，偶爾會有尿味。
3. 其他方面還可以。",3,1,0,3989,,2023/05/08,0,中立
這個營區有很多五葉松樹可提供陰影，是個小巧而美麗的地方。夏天遊玩時要增加小黑蚊的防禦措施。除了需要改善泳池清潔狀況外，主要問題在於管理方面，晚上11點還有人進出，12點還有人在營區裡發出聲響，以及在充氣床墊的問題上。在這個營區停留兩晚都遇到一些不守秩序、缺乏公德心的露營者，雖然這不是營區主辦方的過失，但管理單位要負起相應的責任，以改善整體形象。,3,1,0,3997,,2023/05/08,0,中立
這個營區很寬廣，旁邊還有湖可以觀賞。洗澡的地方沒有時間限制，營區裡面有很多露營的模式可以選擇，例如有雨棚區、松樹下範圍，還有竹林和碎石區域。缺點是洗澡的地方和冰箱都比較少。,3,1,0,4019,,2022/05/08,0,中立
老闆太客氣了，但是蚊子實在太多了，我回來後癢了好幾天。,3,1,0,4026,,2022/05/08,0,中立
因為I區的寒流來襲，導致空地上擠滿了帳篷，我覺得這有點擁擠。由於沒有人帶家用電暖器，整晚跳電數次，營區管理者處理得相當快速，但半夜跳電時就得等到天亮才恢復電力。浴室有兩間，分別供男女使用，另外也有男女各一間的蹲式廁所，女生側可以使用吹風機。冰箱只有在浴室旁有，而且有一條河口步道可以通往石秀灣。,3,1,0,4027,,2021/05/08,0,中立
B區因為干擾較多，浴廁數也較少，建議避開。其他各區的環境也應該再改進，其中有小蚊子飛來飛去，還有跳電的情況。不過，五葉松林的景色非常美麗。,3,1,0,4037,,2021/05/08,0,中立
現在八月份，小黑蚊實在太活躍了，每天叮來叮去，平均每個人都有20個以上的蚊咬包，建議大家隨身攜帶高效防蚊液，否則可能跟我們一樣，無論怎麼噴蚊子都無效。,3,1,0,4043,,2021/05/08,0,中立
希望雨棚區位置能夠更寬敞些！,3,1,0,4071,,2019/05/08,0,中立
蚊子很多，而且營地維修水管時沒有注意水管膠的排水問題。當洗澡時，突然聞到水管膠的惡臭，特別是我有兩歲的小孩，很擔心會誤喝到含有水管膠的水。當我向營主反應時，只得到了一句抱歉，但他們卻沒有意識到誤食毒物的風險。台灣在環境教育方面仍有很大的進步空間。在國外這種情況很可能會被起訴吧。,3,1,0,4081,,2019/05/08,0,中立
風景美麗，老闆親切，只是有些小黑蚊。,3,1,0,4086,,2019/05/08,0,中立
營地設施很完善，包括免費提供地面防水隔板、水槽水量充足、用電方便，廁所浴室也保持乾淨。草地廣闊美麗，但接近竹林附近有較多的小黑蚊，叮咬相當兇猛。,3,1,0,4100,,2018/05/08,0,中立
蚊子真的很多，夏天去的話要小心被咬，最好穿長褲。,3,1,0,4178,,2024/03/07,0,中立
這次露營遇到的是老闆娘，她態度很親切。雖然禮拜日才去，老闆娘也讓我們自由選擇營位，因此我們多給了一顆星。不過可惜的是：第一、蒼蠅超級多，一不小心就會飛進帳篷，出門整個都是蒼蠅。第二、螞蟻也超級多，感覺它們會直接搬進帳篷裡，整個帳篷都是螞蟻。第三、有會飛的蟑螂，和其他蟲子在帳篷外徘徊。第四、營區設備可能缺乏照顧，有發霉的、生鏽的，真的很可惜，不然應該會很美。第五、營區的燈很少，夜晚有點昏暗。優點是營區其實算美的（如果不看發霉的部分），有湖岸也有溪流，晚上可以聽著河水聲入睡，感覺心情蠻愉悅的。,3,1,0,4199,,2023/05/07,0,中立
最初以為離台北很近，看照片感覺不錯，而且有雨棚應該很放鬆。可惜碰巧遇到下雨天，雨棚內積水，走到廁所時處處是水坑和泥巴，腳永遠髒不淨，是露營經驗中最痛苦的一次！還有就是蚊蟲很多，不過在戶外這難免吧！建議設施需要更新一下，排水也要改善。如果改善得更好一些，我相信這會成為很棒的露營地！,3,1,0,4217,,2021/05/07,0,中立
小黑蚊太多了，洗澡時熱水時常不穩定，女廁馬桶常常會漲水。,3,1,0,4228,,2021/05/07,0,中立
這個地方原本是個魚池，後來改建成了婚攝場地。,3,1,0,4234,,2021/05/07,0,中立
這地方的熱水穩定，廁所也維持得很乾淨，不過營地的主人態度有點冷淡，沒有太多熱情，而且如果有訪客的話可能會加收費用。晚上照明不足，有些地方地面凹凸不平容易造成危險。,3,1,0,4238,,2020/05/07,0,中立
這個地方可以讓老年人、中年人和年輕人半日遊，但交通不太方便。,3,1,0,4266,,2019/05/07,0,中立
這個地方就是離市區很近，其他方面還好。,3,1,0,4268,,2019/05/07,0,中立
這次來露營是因為看到網路上的照片很吸引人，所以特地前來，但到了現場卻感到非常失望。許多景點看起來年久失修，破破爛爛的，讓人有些困惑。也許是因為照片與實際場景有些落差。建議管理單位應該更新網站的照片，讓遊客能更真實地了解景點的情況。,3,1,0,4269,,2019/05/07,0,中立
在露營中，最重要的是心情。夥伴和現場的環境都很重要，尤其是有熱情的老闆帶路，晚上蟲鳴鳥叫，偶爾還可以看到螢火蟲點綴，這種靜謐清幽的短程近城露營區真的很值得體驗。即使網上流傳的園內景點已經有些老舊，但還是值得一遊，因為在湖上還能彈奏鋼琴呢！,3,1,0,4271,,2019/05/07,0,中立
台北近郊有個露營地，營位是碎石地，雨天靠近河岸的雨棚區可以不用擔心。水槽可以平均分享，兩個帳篷共用一組。靠近小溪的地方可以下水玩水，但應該要考慮將水槽的污水處理妥當後再排放到溪裡。,3,1,0,4277,,2018/05/07,0,中立
這個地方的環境不錯，浴廁也很乾淨，只是缺少路燈，晚上有點暗。另外，住的地方離營區本部有點遠，也沒有飲水機，需要走到營區本部取水，有些不便。,3,1,0,4282,,2018/05/07,0,中立
場地規劃不錯，但沒有特別的景色。,3,1,0,4283,,2018/05/07,0,中立
這個露營地非常適合家庭，因為有山有水，適合大家一起互動，可以烤肉、玩水、爬山。,3,1,0,4285,,2018/05/07,0,中立
環境還算不錯，衛浴設備完備，只是平地露營有點熱…,3,1,0,4290,,2018/05/07,0,中立
營地設施有點老舊，需要進行維護和更新。,3,1,0,4302,,2017/05/07,0,中立
這個美的太貴了，1000元有點太貴了～,3,1,0,4304,,2017/05/07,0,中立
這個營地很不錯，只是有點過於商業化了！,3,1,0,4305,,2017/05/07,0,中立
風景很美，只是門票貴了有點可惜！,3,1,0,4308,,2015/05/07,0,中立
設施稍嫌老舊，有些可惜。希望能進一步美化湖周邊景色，那就更完美了。或許因為附近有果園，所以會有些小黑蚊。,3,1,0,4502,,2017/12/03,0,中立
很遺憾...沒有露天活動。27號還沒到中午就開始下大雨，我打電話去詢問，可惜他們規定活動沒辦法延期或退費。本以為下午會停，結果雨勢越來越大。到達後等了一會兒，最終決定取消露天活動。我不想讓自己看起來很狼狽，也擔心小朋友淋濕感冒或者濕帳篷。雖然花了1000塊，但這就當做是上了一堂課吧，未來若天氣不穩定還是應該預訂有雨棚的區域比較保險。,3,1,0,4561,,2017/05/29,0,中立
或許是因為下雨天的影響，風景並沒有如預期般美麗，但最重要的是回到家後，手腳上多了一點紅豆冰...><,3,1,0,4562,,2017/05/28,0,中立
浴廁環境已經不錯了，但還有改進的空間。,3,1,0,4569,,2017/05/14,0,中立
帳帳相連會讓人感到不舒適，浴室的數量也太少了。,3,1,0,4642,,2016/12/03,0,中立
這個地方的廁所和淋浴設施看起來相當豪華，淋浴間還有乾濕分離功能非常不錯！整個營區都建有雨棚，不過周邊的景點較少。營區可能位於山谷之中，風向也比較雜亂，有點令人感到不太舒適。營區周圍也較為凌亂，但附近有條庫志溪可以釣魚捉蝦。,3,1,0,4708,,2021/05/07,0,中立
營地長和夫人很親切！周圍的空氣也很清新。,3,1,0,4715,,2021/05/07,0,中立
臨溪、山嵐是個很適合露營的好地方！,3,1,0,4741,,2019/05/07,0,中立
搭建帳篷在水泥地上，四周有金屬固定孔，附近有溪流，可以戲水。營地空間不算大，沒有規劃客廳或帳篷空間。,3,1,0,4754,,2019/05/07,0,中立
營位稍小，水龍頭位置影響其他人的便利性。,3,1,0,4846,,2018/09/25,0,中立
11/18日在竹雞區住宿的評價是扣掉兩顆星，剩下的三顆星是給予還算可以的草坪和好釘營位。1. 靠斜坡的排水管斷裂且沒有及時處理，導致上層洗手台的水直接流到草地上，造成積水問題。2. 九帳共用兩間浴室，雖然浴室保持乾淨，但其中一間熱水器週六傍晚故障並無人前來維修或標示，冬天洗到冷水澡讓人感到十分不舒服。3. 廚餘桶的擺放方式不太理想，沒有考慮到營地內可能有貓狗，果然半夜廚餘桶就被貓翻倒了。4. 營位的寬度為五米，大帳篷要慎入，視野範圍中只有老鷹區稍可見風景，其他區域有些遮擋，而竹雞區則幾乎看不到什麼景色，整體而言視野不如旁邊的烏嘎彥獨立區或C區。,3,1,0,4868,,2023/12/08,0,中立
環境很棒，只是浴室數量不夠，另外山路很狹窄且陡峭，低底盤車要謹慎開車。,3,1,0,4929,,2020/05/08,0,中立
"路小有幾段路會車有問題，風景不錯
可以理解為：""這條路段有些地方車流量較大，但是風景很優美""",3,1,0,4930,,2020/05/08,0,中立
營地的服務很好，廁所和浴室很乾淨，但數量少，集中在一起需要排隊等待。建議增加廁所和浴室的數量，避免過度擁擠。另外，入場的道路也許可以考慮擴寬，以便晚上到達時更方便。要想辦法改進這些問題。,3,1,0,5152,,2017/10/23,0,中立
營地的交通便利，提供多樣親子設施，環境舒適，營主很友善。然而，洗澡時間有限、白天無熱水，裝備放置空間狹小，只能在柏油路上，且空間窄，不適合騎腳踏車。撤營時間較為嚴格，海拔低能見到星星，但光害影響。部分區域步行距離雖短但有壓力。總體來說，這個營地還算不錯，但不能在草地下放裝備是一個缺點，希望營主可以考慮解決辦法。,3,1,0,5231,,2023/12/08,0,中立
這段句子可以這樣重新說：這個地方的優點是冰箱和冷凍設備齊全，還有足夠的空間讓孩子打棒球，籃球場供運動使用，還有腳踏車、玩沙區、戲水區和飲水機。營地主家勤勞打掃，處理垃圾並進行分類。雖然廁所和浴室較少，但他們會定期巡視清理環境，並提供車輛協助撤離和指導，特別注重孩子的安全。廁所門上有櫃子，營地經營用心。該改善的地方是女廁浴室的冷水流太小，水溫不穩且燙得厲害，僅有5間淋浴間，營地回應為使用水量太大。因此洗澡時很不方便，建議增加加壓馬達改善狀況。最後，要選對季節來，因為今天風勢較大，所幸沒有遇到小黑蚊，小黑蚊很輕且怕風吹。,3,1,0,5253,,2023/05/08,0,中立
好的，這段內容的意思是：這個露營營區有一些優點和缺點。優點是海拔範圍不高，開車到達的路況良好，且這裡有很多適合小孩玩樂的設施和草皮。然而，缺點是有非常多的小黑蚊，即使已經使用防蚊液還是會被叮滿腳，尤其從中午到傍晚更嚴重，傍晚還有叮人會痛的大隻斑蚊，相當恐怖。下次可能會考慮在冬天來，因為比較適合。,3,1,0,5259,,2022/05/08,0,中立
這個營地對於習慣整潔安靜的人來說很合適，相鄰的帳篷很靠近，晚上十點就要保持安靜。營位擁擠，帳篷和天幕的搭建需按規定，否則會被營區管理者指正。廁所和浴室難以應付周末的人潮，熱水供應時間有限，水壓不穩定。營位旁的插座電壓也不穩定，夜間建議在十點前到達，以免門被鎖。如果喜歡整潔安靜的營地，建議事先熟悉營地規定，以免觸犯規定。,3,1,0,5283,,2021/05/08,0,中立
冬天電力供應不穩定，需要改進以確保提供良好的露營環境品質。,3,1,0,5284,,2021/05/08,0,中立
A區和CD區是不同的，A區停車位在另一側，而CD區的車可停在帳篷前方，更容易看到。兩者共用浴室和廁所，但如果帳篷滿了，洗澡可能需要等很長時間，且在冬天洗澡時會感到寒冷。廁所很乾淨，有拉門和衛生紙。選擇CD區靠近尾部位置時，需注意離廁所有一段路，且12月時可能會有一些蒼蠅和難以避免的螞蟻。建議選擇靠前位置的營位，但由營區分配的位置可能不會讓帳篷連接到天際。對於小孩來說，這裡有沙坑、籃球場、腳踏車和溜滑梯，是一個適合他們放生的地方。此外，還提供冰箱和飲水機。建議準備好食物和飲品再上山，下山需10至20分鐘才會到711。,3,1,0,5288,,2021/05/08,0,中立
熱水供應沒有全天候，孩子們玩水後沖洗不太方便。,3,1,0,5331,,2023/12/28,0,中立
老闆可以不要那麼緊追著大家嗎，讓人感覺很不自在。,3,1,0,5341,,2022/05/16,0,中立
鄰居每天早上六點割草的噪音很吵，讓露營的環境不太好。建議和老闆溝通，希望能請鄰居避免在這個時間使用大型割草機。如果無法控制，至少希望能事先知道鄰居的工作時程，讓露營的人可以提前做好準備。希望老闆能夠理解這個問題，不只是口頭上的回應。,3,1,0,5353,,2020/11/30,0,中立
主動性不足！因連日大雨，出發當天早上已主動聯繫營主，詢問是否建議取消露營。直到晚上七點半才回覆說不用前往，但大家早已出發...小黑蚊太多了，讓我對人生產生質疑。草地積水相當嚴重，雖有提供草坪保護墊，但仍然泥濘不堪！整個營地設施，大概只有浴室算是不錯，如果排水速度再改進一下就更好了！,3,1,0,5376,,2019/06/10,0,中立
草地需要修剪才能更好看。如果有三組朋友一起到達 A 區，同時搭建帳篷和結帳可能會變成災難，因為營位狹小，搭完帳篷後幾乎無法活動空間。停車位置和營位相距甚遠，沒有推車可用，需要靠人力搬運，這可能會導致家庭成員間的矛盾。可能因為春夏季節並且附近有果園，蚊蟲非常多。浴室和廁所相對算乾淨整潔。垃圾桶只有在入口處，當帳篷增多時可能爆滿。下雨時，草地排水有問題，容易積水。,3,1,0,5426,,2024/05/05,0,中立
11月18日到19日露營的地方環境很棒，但早上洗澡時突然變成冷水，差點感冒。我打了三四次電話，可惜都沒人接聽。,3,1,0,5434,,2023/12/08,0,中立
整體來說都蠻不錯的，但有個問題是棧板。,3,1,0,5435,,2023/11/08,0,中立
廁所設計得很不錯，只是冰箱只有在營本部，對於我們在C區的人來說要走得有點遠，有點不方便。B區的大草皮很適合孩子們玩水，而且附近還有衛浴設施。但是沒有冰箱對於A區的營位來說有些不方便，因為形狀比較狹長，如果是大帳篷可能會有點擠。草地不太平整，有些地方還有窟窿，所以在搭帳篷時要注意選擇位置。營位的洗手台數量不足，根據預訂網站上的信息，寫著有3個帳篷，但其實只有三個洗手台。另外，營地主人將我們安排在同一區，這個季節附近有很多螢火蟲，但同時也有很多小黑蚊、螞蟻和蜘蛛（都長得非常大隻）。白天還會有一些蒼蠅，最讓人驚恐的是還會出現大蟑螂，這裡的生態非常豐富。,3,1,0,5440,,2023/05/08,0,中立
香港回來的那位小哥很友善且熱情，但每個房間之間的距離很近。晚上10點過後，其他房間很吵，儘管受到多次勸告也沒有改善，業者也沒有有效引導。玩桌遊的人在大聲喧嘩，喝酒的團體在放音樂並大聲交談...直到快要12點，才漸漸安靜下來，得以入眠。,3,1,0,5450,,2023/05/08,0,中立
這次我們帶了大人和小孩一共約20人來到這裡，透過網路找到這個地方。整體來說，這裡算是不錯，環境很優美，廁所也算乾淨，設備齊全且方便使用，營主也很熱情。不過我們只給了3顆星是因為有些營主的朋友來找我們，一開始覺得還好，可以稍微聊一下，但後來他們行為越來越誇張，一直來我們營位要我們一起喝酒聊天，還一直要找我們其中一位妹妹，我們委婉拒絕了但他們死皮賴臉，離開後不久又再度來，甚至直接在我們營位等著，這已經嚴重侵犯到我們的私人空間。我們來這裡是為了放鬆享受，為什麼還要花時間應付營主的朋友？我們並不在乎他們的職業或經歷，這次遇到這種事情讓我們對再次造訪有所顧忌。,3,1,0,5468,,2022/05/08,0,中立
抵達露營地後，營主準備好開始設置租借的帳篷，但直到傍晚才搭建完成。最糟糕的是半夜時氣墊床漸漸地漏氣，造成困擾。第一天廁所的異味相當嚴重，小孩一直在抱怨臭味難忍，第二天清潔後好多了。建議在廁所外面增設洗手台及提供洗手乳，尤其在疫情期間，這點確實相當重要！,3,1,0,5477,,2022/05/08,0,中立
人多的時候會很擁擠，我建議選擇另一個區域。附近的長興國小是一個適合玩樂的地方，廁所的外觀看起來還不錯，只是清潔方面還有待加強。,3,1,0,5500,,2021/05/08,0,中立
廁所雖然蚊子多，但整體還蠻乾淨的。,3,1,0,5519,,2020/05/08,0,中立
有些營位地的地面不平坦，各帳篷之間的距離太過狹窄，需要仔細考慮，與照片所呈現的不太相同。,3,1,0,5524,,2019/05/08,0,中立
環境雖然算不錯，但帳篷數過多有些擁擠，且廁所數量較少，加上D區附近廢水飄散惡臭。早上遭到狗的吵鬧，起床後發現帳篷旁有狗排泄，心情大受影響。,3,1,0,5527,,2019/05/08,0,中立
有一個小沙坑和一個小水池，挺好玩的。,3,1,0,5540,,2018/05/08,0,中立
營地草坪保持得很好，但是營地的管理者收費過高，人也相對較擁擠。,3,1,0,5541,,2018/05/08,0,中立
浴廁很乾淨，但現場卻要再付300元的搭帳費讓人感到不悅。優點是浴廁整潔，服務人員態度良好。缺點是帳與帳之間距離太近，地面不平整。而且現場才告知需要額外付費，且無法自行挑選，詢問為何事先未告知，但只得到「網站不讓寫」的回覆，給人觀感不佳。,3,1,0,5562,,2023/02/13,0,中立
當營區人多時，應該更加注意垃圾處理的問題。,3,1,0,5610,,2019/03/02,0,中立
營地的環境吵雜，並且晚上尤其嘈雜。不僅有營地的狗和鄰近的狗亂吠，還有露營的夥伴在10點後仍大聲聊天，小孩尖叫，營地管理者也未能管理秩序。各種吵雜聲音、蚊蟲叮咬，讓人難以入眠。,3,1,0,5663,,2018/04/06,0,中立
除了兔子之外，沒有其他特別的事情。老闆對工作很熱心，但不太擅長閒聊，也不會主動回訪。,3,1,0,5719,,2024/04/08,0,中立
湖畔區的風景很美，讓人感到非常舒適。尤其是在大樹下的這兩個座位更是絕佳。,3,1,0,5786,,2019/05/08,0,中立
景觀不錯，但營位有點擠，而且收費也太貴了...露營一個晚上要求1500元。,3,1,0,5791,,2019/05/08,0,中立
環境還算可以，這個地方分成三層。第一層只有一間浴室，可能稍嫌不足；第二層空間不大，但有4間浴室，需跟第三層共用。若人多的時候，希望能更頻繁地清理浴室，會更好。,3,1,0,5793,,2019/05/08,0,中立
每個帳篷都有提供棧板，很平穩好睡！ 早上起床就可以欣賞美麗的風景！ 可惜營區比較小，不過有販賣部，可以補充一些飲料或生活用品！,3,1,0,5844,,2018/05/08,0,中立
設備不用擔心，景色還不錯，只是收費稍微高一點。,3,1,0,5845,,2017/05/08,0,中立
離開都市，在山上欣賞美景，暫時遠離塵囂，讓心靈放鬆，為了再次啟程！,3,1,0,5968,,2020/05/08,0,中立
前往露營地的山路較為崎嶇，請注意駕駛安全。但是露營地的風景很漂亮，帶有獨特的坡度感。,3,1,0,6031,,2021/04/26,0,中立
這個地方的環境很舒適，雨棚設施完善，前面有寬敞的空地。營地主人的寵物很友善，非常可愛，但小黑蚊實在太多了。近20位大人和小孩都無法倖免，可能需要考慮在天氣冷一點的時候選擇前來，以避免叮咬。,3,1,0,6072,,2023/08/08,0,中立
七月時在櫻花區包了五帳的露營區，發現只有一間廁所和兩個洗手台。其中一個洗手台較舊，使用起來不太方便。區內小黑蚊很多，不太夠用。幸好營主會提供大隻的蚊香。關於使用對面營本部的冰箱，需要留意因為那是營主私人使用的冰箱，裡面擺滿了醬菜罐等物品。冰箱內有濃濃的阿嬤家冰箱味，建議還是用自己的冰箱比較好。有一次碰到營主的朋友上山喝酒，冰箱裝了兩箱啤酒，還唱歌到晚上十點，熱鬧非凡。營區有親人的貓咪和狗狗，性格穩定不怕小孩，附近也有冰涼的溪水可以玩。營主夫人也友善提醒可以把蚊香帶到溪邊。總的來說，場地較小、設備可以加強，但天然環境還不錯。,3,1,0,6092,,2023/05/08,0,中立
營地的情況並不理想，小黑蚊和許多蒼蠅加上大雨，使整個地方淹在水裡。可能是因為碎石頭鋪設不足，所以地面全是爛泥，非常不舒適。洗澡和上廁所的地方也很擁擠，只有一個營位有設施。另外，電源供應過長也可能造成危險狀況。,3,1,0,6093,,2023/05/08,0,中立
營區的營主夫婦很親切，貼心地協助了我們許多。地點距離老街近，方便到老街逛逛尋找美食，十分輕鬆愜意。不過，營區也存在幾個問題：1. 浴廁設施共用，導致使用時需要排隊。2. 貓咪會進入營區，跳到餐桌上與咬營帳，因為不怕人難以驅趕。3. 半夜無路燈管制，有露友在夜間活動造成困擾，建議增設路燈。4. 水槽不足，洗碗洗菜時也需要排隊等待。,3,1,0,6105,,2022/05/08,0,中立
雨篷區場地狹小，沒有照明，洗澡水壓不穩容易濺濕衣服。浴廁都是用鐵皮搭建，洗澡時還得忍受隔壁間的異味，非常令人不舒服。此營區5帳共用2個洗手枱，收費高達 $1200，過於昂貴。同價位的營區，景色和設施都比這裡好太多了。,3,1,0,6114,,2021/05/08,0,中立
營地有點過大，空間有點分散，可以考慮將營地縮小一點。,3,1,0,6133,,2019/05/08,0,中立
進入營區時，第一眼看到的是一個很陡的坡，讓我擔心起我家的小黑，但後來老闆娘很親切地介紹說晚上會有螢火蟲。當晚我關燈後，確實看到很多螢火蟲，只可惜沒有拍照留念。營區採取梯田式佈局，每區地方不大，衛浴設備只有一間，而且插座也不多。我比較不滿意的是蒼蠅較多，風景一般般，唯一值得一提的是營區下方有一條溪，讓小孩子可以在乾淨的水中玩耍，有大人陪同感覺相對還算安全。總的來說，對這個營區沒有太大的推薦。,3,1,0,6143,,2018/05/08,0,中立
廁所與浴室是合在一起的，所以晚上洗澡時需要排隊等候上廁所的人。,3,1,0,6146,,2018/05/08,0,中立
各區分佈均勻，出租帳篷沒有附帶鋁箔墊。,3,1,0,6148,,2018/05/08,0,中立
雅房可能不太適合想要輕鬆露營的家庭，可能會有些失望。,3,1,0,6214,,2019/10/21,0,中立
這個地點還可以，有隻狗會追人。草坪還可以，路程好走，但主辦者缺乏互動，最重要的是那隻狗會追人喔！,3,1,0,6217,,2019/09/17,0,中立
廁所需要改進！1.最好將廁所和淋浴間分開，否則會感覺很髒！2.在網路上看到的浴廁配置圖和實際情況有些出入，實際的廁所數量較少，相當於10到11個帳篷共用兩個浴廁。這讓我快要發瘋！3.營區的規劃待加強，因為每次要到營地本部拿東西，幾乎都需要經過其他人的營地（我訂了五葉松區）。從五葉松區出發，不經過其他營地的話，坡度太陡，而且階梯沒有做得很好，小孩總是在那裡跌倒擦傷。4.碰到一些沒素質的露營友，連續兩天都在唱卡拉OK！5.營區位置還不錯，離附近景點都很近。,3,1,0,6230,,2019/01/07,0,中立
老闆非常周到！場地的維護和草皮都很漂亮，而且老闆還會主動提供蚊香，關心住客。雖然這裡以小包區為主且景色有限，浴室設施也很普通。不過半夜可能會有狗來翻垃圾，整晚狗叫聲不斷。,3,1,0,6245,,2018/11/26,0,中立
這裡環境清幽，是個放鬆的好去處。,3,1,0,6266,,2017/08/21,0,中立
我們這次要討論的是柚子區的包區問題。最近浴室的水量時大時小，水溫也不太穩定，希望能改善。,3,1,0,6267,,2017/07/23,0,中立
這個地方的服務很棒，老闆娘們都很親切熱情。,3,1,0,6284,,2017/03/12,0,中立
在制高點附近可以看到雲霧繚繞，可惜森林區是扁平形狀，帳篷只能橫著搭建，無法直接欣賞風景，只能看著別人的帳篷。地面稍微傾斜，夜景區風景優美，但空間過於擁擠，帳篷只能橫著建立，與鄰近帳篷相距很近，無法直接享受室外景色。浴室燈光昏暗，熱水供應充足但水壓不穩。如果不在乎擁擠情況，可以考慮夜景區，否則可能不會再光臨。老闆娘態度很好，這是一項加分項目。,3,1,0,6335,,2022/05/09,0,中立
森林地區風景優美，可以遠眺關西夜景。不過由於東北季風加強，森林區風勢比較強，且缺乏浴室設施。建議出遊前攜帶一個浴袍。,3,1,0,6340,,2022/05/09,0,中立
Google Maps顯示可以經由竹62通行，但不幸的是大門被封閉，也不確定是否會相通。,3,1,0,6354,,2021/05/09,0,中立
高地盤的路不容易走，那裡的車比較適合，但風景和夜景超美。,3,1,0,6373,,2020/05/09,0,中立
這條路被封閉，無法到達竹62。,3,1,0,6633,,2021/05/09,0,中立
這個地方景色平平，地面鋪滿石子，沒有提供草地保護墊。老闆態度親切，但我覺得員工有點愛唠叨。,3,1,0,6634,,2021/05/09,0,中立
營區的優勢是靠近溪流和環境清幽。每個區域都有超多人！營位稍微狹小，感覺帳篷連成一片，讓人感到擁擠不舒服。建議每個區域再減少一個帳篷可能更恰到好處。,3,1,0,6665,,2020/05/09,0,中立
老闆熱情、浴室乾淨、空間不大,3,1,0,6667,,2020/05/09,0,中立
四月是一個很適合的時候，可以邀請朋友家人一起來欣賞螢火蟲並露營。,3,1,0,6678,,2019/05/09,0,中立
這個地方使用電暖爐容易跳電，就算是低功率的也會有問題，尤其是在寒流來襲的時候。在B1區只能使用一台低功率的暖爐，要是再開第二台380瓦的暖爐就會跳電。所以老板建議使用煤油暖爐，如果沒有的話，就不建議在冬天來這裡。,3,1,0,6696,,2022/12/22,0,中立
A2區的景觀不佳，浴廁空間狹小，無法安裝碟型天幕。早上醒來時發現有其他狗在我們帳篷前方拉屎，差點中樂透。 ^_^,3,1,0,6702,,2022/09/12,0,中立
半夜狗狗叫聲太吵了，請問能否請主人控制一下呢？,3,1,0,6715,,2021/10/17,0,中立
邱先生和邱太太人非常友善。,3,1,0,6744,,2019/03/05,0,中立
這次我們的營位在A2區，帳篷之間的空間非常擁擠，失去了一點舒適感。雖然在出發前知道營主增加了營位數量（與之前不同），但沒想到會變得這麼擁擠。一個營位大約是5*8平方呎（不建議使用這麼大的帳篷），人多時衛生間變得又髒又臭，營主也沒有勤於清潔和處理垃圾……除了景色還算不錯外，其他方面真的讓人感到相當失望。,3,1,0,6754,,2024/04/09,0,中立
這次在騰雲露營的經驗，整體來說還算不錯，景色美麗。但最後一天在收帳的時候發生了一些讓人不太滿意的事情。洗澡時沒有熱水，讓人感到相當冷，而且其他客人在撤收時間之前就進來遊走，營地的管理似乎有些混亂。希望未來能夠改進，避免類似情況再次發生。,3,1,0,6767,,2024/03/09,0,中立
這裡的風景真的很美，而且設施也都很完善！看得出來他們對環境保護很用心！我們預定了平日三天兩夜的行程。第一晚遇到的營友都很不錯，讓我們睡得很舒適！但第二天營地主人告訴我們，晚上有三組露營者在凌晨一點時搭帳，就在我們附近！對，凌晨一點！我問營地主人，你還接受半夜搭帳的活動，不怕影響其他露營者嗎？當天我們決定提早離開，下午就結帳離開了！對於半夜有人搭帳、敲打地釘的事情，我們不會介意！這裡希望能靠運氣來碰碰看！,3,1,0,6772,,2024/01/09,0,中立
我第一次來到這個營地，雖然路標指示還算清楚，但是營地的浴室設備有點不足，只有衣物掛架，卻沒有沐浴乳的置物架，洗澡時很不方便！另外，電壓也不穩定，我們在2023年11月18日晚上竟然跳電2次，真的很煩人！,3,1,0,6778,,2023/12/09,0,中立
營區的風景很美，但是管理露營客的方式還有夜間安靜的規定似乎還有些問題。夜間超過十點還有露營者在吵鬧或打釘聲，造成了夜市的熱鬧氣氛，讓人有些不太適應。台灣人的素質值得稱讚，希望能夠互相尊重，共同營造良好的露營環境。,3,1,0,6784,,2023/11/09,0,中立
昨晚臨時訂的露營區位置不好，被安排在沒有視野的地方。營區有不同台地，上面有大的帶頂蓋的活動平台。整體來說，落雨松區樹木長得不夠茂盛，浴廁雖有分區但數量和空間有待改進。感覺營地在擴張中，很多地方看起來像是工地。最高點視野很好，其他地區普通。感覺營地營位太密集，有點超載的感覺。路上經過九份二山紀念園區，是不錯的遊憩點。大致上，這個營地可以勉強當過夜地，但仍有很多地方需要改進。,3,1,0,6788,,2023/10/09,0,中立
"優點：1. 營區的道路非常平整，全都是柏油路。2. 特區的視野很棒，特別是部分面臨大景觀的區域。3. 天氣好的時候，可以看到滿天繁星。

缺點：1. 營位太小，只有落羽松區的位置較大，其他地方則是緊密相連。2. 廁所和浴室太少，男女共用，尖峰時段需要排隊，而且沒有定期清潔。3. 飲水機和冰箱也沒有整理。4. 晚上沒有管理休息時間，一些露營者常常聊到深夜2-3點。5. 隨時可能會受到二手菸煙干擾。其實營地主人的態度似乎不錯，但對於不守規矩的露營者似乎束手無策。",3,1,0,6795,,2023/09/09,0,中立
"優點：首先是夏天的景色宜人，溫度適中，只要避開中午的陽光直曬，在通風處相當舒適。另外，遇到浴室沒熱水的問題，反映後能立即處理，值得讚揚。還有，草地維護得相當不錯，排水良好，也容易釘營。

缺點：首先是飲水機和馬桶水箱的蓋子等多處平臺未定期清潔，有明顯的髒污積聚。另外，露營區有很多大螞蟻，尤其停在樹附近的車會容易被蟻襲滿。最後，與其他露營區相似，對於露營者在區內吸煙或深夜吵鬧未作干預或明確禁止，對重視露營品質的人來說值得留意。",3,1,0,6796,,2023/09/09,0,中立
整體環境算不錯，可是晚上時沒有控制，十點後還在KTV唱歌，播放音樂聲音很大，講話聲音很小，客人彼此沒有尊重。雖然客人的舉動屬個人行為，但沒有管理真的讓人感到很煩惱。,3,1,0,6810,,2023/05/09,0,中立
帳篷之間的距離較近，冰箱整理不佳並帶有異味，D區3帳包浴廁有異味，空間狹小且沒有分開，需要加強清潔度。營區主人親切且樂於協助，帳篷往上走有觀景平台，風景優美。,3,1,0,6811,,2023/05/09,0,中立
"這個住宿的優點是夜景優美、山景和夜晚星空宜人，衛浴熱水穩定且清潔度良好，如未滿訂房，可與主辦單位協商營位。另外，草地環境也相當不錯。

然而，這個住宿的缺點包括到營區的最後一段路有些狹窄，並不容易開車。假日時冰箱可能會擠滿，建議攜帶個人冰箱。晚上10點後沒有管理控制，直到凌晨2點才比較安靜。半夜會有野狗來翻垃圾桶，導致清晨地面散落垃圾。此外，營位間距較近，不太適合搭建大型帳篷或天幕。",3,1,0,6841,,2023/05/09,0,中立
第一次去露營時感覺像是在市集一樣，大家的帳篷幾乎貼在一起，加上很擁擠的情況，我認為營地應該只使用60～70% 的設施才是最適合的。,3,1,0,6851,,2023/05/09,0,中立
營區的環境真的讓人失望，雖然推薦度很高，但我們在7/3到7/5紮營時遇到了一些問題。因為C區需要整理，我們被安排到特區，但這幾天的體驗非常糟糕。希望營區能夠設定宵禁規定，因為有些露友在深夜聊天、喝酒、唱歌並放很大聲的音樂，這影響了我們的休息品質。希望所有露友都能夠互相尊重，來享受大自然的美好。希望營長能夠留意這個問題，謝謝。,3,1,0,6852,,2023/05/09,0,中立
浴廁可以享有開揚的景觀，且水電供應充足，但打掃工作有些懈怠。,3,1,0,6871,,2022/05/09,0,中立
營區的面積相當寬敞，有專人管理整理，空氣清新，風景優美，只是道路有些狹窄，開車時要注意安全，尤其是在上山時要慢慢行駛。,3,1,0,6899,,2022/05/09,0,中立
這個地方有廣闊的空間和美麗的風景，但是上山的路太窄，開車很困難。,3,1,0,6921,,2021/05/09,0,中立
這個地方的景色很美，草地也很棒，但房間太擁擠了，而且衛浴設施太少導致等候時間較長。,3,1,0,6955,,2021/05/09,0,中立
熱水器有2至3台壞掉了，我住的營位裡有2間熱水器，其中一台也壞了，只剩下一個可以用來洗澡。當我到其他浴室洗澡時，發現熱水的溫度無法控制，有時會突然變得太熱，我被燙到了兩次。幸好只是用手試水溫，最後我換到第三間浴室才解決了洗澡的問題。此外，有人帶狗去營區露營，周末時帳篷營位太滿，小朋友活動空間變得較少。不過風景卻很漂亮，夜晚景色更是美不勝收，而生態環境也相當豐富，有很多螢火蟲。草皮也維護得很好，整個營區的規劃也相當不錯。建議營地主人在衛浴設施和活動空間方面多下點心思。,3,1,0,6965,,2020/05/09,0,中立
風景很美，眼前展現著壯麗的夜景，可惜的是，這裡的衛浴設施有點不足。住房滿了之後，輪候等待的時間相對較長，而且熱水供應非常不穩定，時冷時熱，甚至讓我老公的手被燙了。希望旅館管理者可以重視這個問題。,3,1,0,6967,,2020/05/09,0,中立
洗澡時熱水溫度難以掌握，需要調整熱水器，另外水壓也可能需要改善以確保熱水溫度穩定。,3,1,0,6974,,2020/05/09,0,中立
這地方設施有限，浴室只有兩間，廁所也只有兩間，如果想要享用，最好早點去，否則可能要等很久。,3,1,0,6980,,2020/05/09,0,中立
這個地方風景很美，但空氣污染嚴重。營區提供的設施很棒，同時也保留了公共空間。孩子們玩得很開心，唯一缺點是衛浴設施太少了。幸好沒有小黑蚊，但傍晚會有幾隻大蚊子。,3,1,0,6989,,2020/05/09,0,中立
浴室設施不太齊全，每個衛浴區只有一台吹風機，露營地分配由營地管理員安排，當日霧霾很嚴重沒有看到美景，但提供了飲水機。,3,1,0,6990,,2020/05/09,0,中立
營區的路線普通，但風景很漂亮！價位有點貴了！,3,1,0,7011,,2019/05/09,0,中立
風景美麗，空氣清新，唯一的問題是廁所不夠多。,3,1,0,7013,,2019/05/09,0,中立
在台中、埔里、草屯和彰化地區，景觀很美，但缺點是這些地方沒有遊戲場。,3,1,0,7026,,2019/05/09,0,中立
建議選擇上方的營位，比較整潔舒適。,3,1,0,58,,2023/05/06,0,中立
這裡收不到台灣大哥大的訊號，但除此之外都還不錯。,3,1,0,72,,2023/05/06,0,中立
覺得規劃不佳，容易斷電，衛浴清潔度有待加強，但空間很寬敞。,3,1,0,117,,2022/05/06,0,中立
這家店的老闆非常友善和細心，地點交通方便且離市區近。對於家庭露營聚會來說是很適合的地點，但假日可能人潮眾多，造成廁所不便。如果是為了欣賞景色，這裡可能不是最理想的選擇，因為海拔較低，也較炎熱。,3,1,0,134,,2022/05/06,0,中立
熱水溫度不穩定，現在夏天還可以忍受，但冬天遇到這情況，讓人冷到發抖。建議老闆應妥善處理，並確保廁所定期清潔，避免尿騷味。另外，頻繁跳電問題嚴重，老闆應改善這三個問題…花了這麼多錢，卻得到這樣的體驗真是…,3,1,0,138,,2022/05/06,0,中立
營位很寬敞，但衛浴廁所不夠多，而且洗澡水時大時小、冷熱不定！,3,1,0,146,,2021/05/06,0,中立
這個地方地方還可以，就是沒有提供飲水機。,3,1,0,150,,2021/05/06,0,中立
路況良好，但衛生環境有待改進。廁所缺乏清潔，垃圾桶滿了尚未清理。,3,1,0,169,,2021/05/06,0,中立
友人們四個月前安排好了露營計畫。昨天早上，十九個家庭各自從不同地區出發，北區的來自基隆，南區的從台南而來。約莫11:30，所有友人聚集在一起，總計有93人，包括小朋友。午餐後，我們開始暢談、暢食、暢飲、暢歡、暢喊，一直持續到現在。根據現場情況來看，中秋連假的後兩天，肯定會非常開心。,3,1,0,175,,2021/05/06,0,中立
浴室廁所有點遠，並沒有飲水機，但環境還算不錯。,3,1,0,201,,2020/05/06,0,中立
這個地方空間寬敞，草地和樹木都被打理得很好，開車去營區的路徑很順暢。,3,1,0,218,,2019/05/06,0,中立
在安靜區的某些地方有很多落葉，下雨後很潮濕，洗澡水壓也不穩定。,3,1,0,243,,2022/03/01,0,中立
營主人很親切，但管理方面似乎有些疏失。當晚7點多還不到8點的時候，鄰帳就抱怨我太吵。後來營主前來提醒我要保持安靜，但當時還沒到晚上10點。這件事讓我感到有些不悅。,3,1,0,303,,2023/05/06,0,中立
露營的好地方，營區環境整潔，光源適中，時刻安靜，只聽得到昆蟲和動物的聲音。,3,1,0,335,,2023/05/06,0,中立
在營區附近有馬路，如果擔心車聲的話，建議選擇靠近釣魚池的地方訂位，因為距離馬路會比較遠。營本部和雨棚區相連，如果在別人的家門口睡覺讓你介意的話，最好就不要選擇雨棚區。營本部有兩台冰箱，在雨棚區露營時，晚上會聽到冰箱的壓縮機一直運轉的聲音，非常吵。營區的路況很好，導航設備可以順利指引到目的地。五星級的衛浴設備很大間，一家四口一起進去洗澡也不會擁擠，還提供洗髮精和沐浴乳。要釣魚得看老闆每天的開放時間，所以不能隨時都可以釣魚。,3,1,0,378,,2020/05/06,0,中立
"優點：露營場地非常寬廣，營位大小適中，管理者用心維護，提供許多親子設施，且風景優美。

缺點：有大量的野貓出沒，星期五晚上我放置的牛肉被野貓全包帶走，星期六早上將整隻雞放在鍋子裡退冰，卻遭野貓搶食。我目睹三隻野貓把鍋蓋打開，啃食完全搗亂。最後我因此決定不敢食用這隻雞，直接丟進垃圾桶。PS: 早上7:00左右會有猴子群覓食，請留意您的食物備品。",3,1,0,470,,2024/01/06,0,中立
優點：園區環境清潔，園主非常用心維護。缺點：地面硬，不易釘營。每個營位都有不同高度的削減樹木，且未標示警示，夜間需格外小心以免碰撞。園區有蜜蜂和虎頭蜂，請注意安全。,3,1,0,473,,2023/11/06,0,中立
這個營地設施完善，石子地面很堅固，設有許多遮陽大帳篷，是一個相當熱鬧的地方。,3,1,0,497,,2023/05/06,0,中立
這個營區非常大，約有120個營位，走到底大約300公尺。總的感想是路況有4.5顆星，只是最後上山路段比較難駕駛，要特別注意。Google導航會讓你提前左轉，但營區主人有立牌指示要再開150公尺再左轉，才是正確的上山道路。水電和冰箱方面，給4顆星，兩個帳篷共用一個洗碗台，晚上洗澡時電壓可能會不穩定。而垃圾桶方面只給1顆星，回收和廚餘垃圾桶只有在廁所外面，不方便。浴室則給3.5顆星，缺點是4到5區共用廁所和浴室，需在尖峰時段排隊。營地整體給4顆星，停車方便且環境優美。活動區設施基本上人多就要排隊，建議自備一些玩具讓小朋友玩耍。,3,1,0,510,,2023/05/06,0,中立
"1. 洗澡時要小心水溫，要注意不要被燙到或太冷了，請留意一下。  
2. 石子區的碎石很鋒利，可能會擦傷皮膚，走在這區域時請小心，地面很硬也不易敲釘。  
3. 乾淨的廁所是一項優勢，讓人感到舒適。",3,1,0,522,,2022/05/06,0,中立
營區雖然很大，風景還不錯，而且有提供冰箱。但地上有很多石子，很難釘營，且營釘容易鬆脫，需要用30公分以上較粗的營釘才能固定好。尤其晚上很容易遇到強風，許多帳篷被吹垮，到處都是驚呼聲。這個營區要選擇好天氣，並不適合新手，可以作為參考。也有車宿的選擇。,3,1,0,526,,2022/05/06,0,中立
營區的環境還不錯，雖然沒有什麼特別的景色，但整體來說還算整潔整齊。唯一有點不方便的是洗澡時水溫時高時低，讓人洗澡沒辦法很舒適，其他方面表現還可以。,3,1,0,527,,2022/05/06,0,中立
營地的風很強，草地上的碎石難以釘營釘！廁所較為不足～若能有分區衛浴會更理想～不過遊戲設施讓小孩玩得相當開心！,3,1,0,545,,2022/05/06,0,中立
營區整體環境清靜，唯一的問題是露營的遊客和小孩比較多，造成了很大的噪音。他們似乎缺乏時間觀念，在晚上11點多仍然大聲喧嘩，而且營地的管理者也沒有積極處理這個問題。,3,1,0,547,,2022/05/06,0,中立
這地方的環境還可以，只是碎石比草皮多，走起路來像是健康步道。衛浴間雖然數量多，但是有點遠。不過每小時都有人來清潔垃圾和整理廁所，環境保持得算乾淨。,3,1,0,550,,2022/05/06,0,中立
前往的路幾乎都是雙線道可以相遇，交通流暢。營地本身碎石非常多且有點銳利，建議攜帶不鏽鋼營釘或多帶幾支營釘。周圍風景優美，心靈獲得寧靜！遊戲區在最下面的區域，需走一小段下坡路，當天露營整晚跳電至少超過5次。不清楚原因，建議攜帶非插電燈具。廁所熱水不穩定，有時冷有時熱。沒有飲水設施，請勿忘攜帶水。,3,1,0,560,,2021/05/06,0,中立
營區非常寬敞，非常適合小孩盡情玩耍的好地方。營區的營主非常細心，水上遊樂區也提供遮陽傘，讓家長在陪同小孩時不會曬傷，但還有一些地方需要改善才能讓環境更加舒適！1. 垃圾桶位置離遊客區太遠。2. 廁所內外照明不足，晚上有一定的危險性。3. 熱水器的冷熱調節不穩。4. 營區營釘固定不牢固，地面的碎石太多容易造成跌倒。,3,1,0,573,,2021/05/06,0,中立
地板很堅硬，還容易積水。,3,1,0,575,,2021/05/06,0,中立
"1. 石頭地雖然沒有爛泥，但是不容易紮釘。
2. 租借帳篷完全不會搭，也沒有提供幫助或教學，幸好有朋友一起研究。
3. 進來完全沒見到營主，也不知道他在哪，跟其他營地的熱情服務不太一樣。
4. 需自行結帳（完全自理，但價格比外面租還貴）。
5. 充氣墊沒有電源，幸好有朋友協助，否則不知道要踩多久才能充好。
6. 洗澡水溫度有點難掌握，一開始超燙或超冷，後來調整過頭就變得非常燙，只好決定不洗了。
7. 小孩的娛樂設施比較少也比較遠，無法在附近找到適合小孩玩樂的地方。雖然可能其他營地也是這樣，但習慣露營的朋友們都覺得這些情況很令人難以置信。

總體來說，環境很安靜，離老街也很近，希望能改善以上提到的問題，否則恐怕只會造訪一次。",3,1,0,583,,2020/05/06,0,中立
路上塞車嚴重，導航建議經過內灣老街，假日更是大塞車。營地地面非常堅硬，地上滿是石頭，普通營釘很難敲進去。但衛浴設備還算可以。,3,1,0,592,,2020/05/06,0,中立
這次露營經驗真的相當不順利，遇到了非常硬的碎石地，讓釘子很難插下去，還不幸遇上了強烈的東北季風，整個帳篷都被吹斷了。悲劇的是，部分露友在夜間不得不撤營收帳，真是相當痛苦的經歷。,3,1,0,613,,2019/05/06,0,中立
這個地方很安靜，只需要多宣傳和投資。,3,1,0,625,,2019/05/06,0,中立
露營地地形很棒，但碎石地的營釘很難釘进去。,3,1,0,634,,2019/05/06,0,中立
希望廁所可以增加獨立空間。,3,1,0,636,,2019/05/06,0,中立
周邊都是果園，缺少遊樂設施。,3,1,0,638,,2019/05/06,0,中立
就是地面有太多泥土和石頭，所以難以打入營釘。,3,1,0,658,,2018/05/06,0,中立
碎石地太硬了，營釘打不進去。廁所太少，垃圾桶也太少了。,3,1,0,687,,2020/11/28,0,中立
營區排水情況非常糟糕。這個營區很適合小孩；露營很可能會下雨，但是雨下不到5分鐘，水就會積起來，甚至淹到比營釘還高。當下心裡想著如果一下大雨下半小時營主終於來“關心”，可是卻轉身離開了。在過去3年裡，我們雖然只露營了30次，但也遇過不少風暴雨，卻沒遇過像這樣極度不排水的淹水營地。地面上有碎石尖、草地不平，高低起伏明顯，再加上排水慢。蚊蟲、苍蝇、蟑螂，大小螞蟻都沒事啦，因為這就是大自然。我想在100%好天氣的情況下這個營區應該是一個非常適合孩子們玩樂的樂園。,3,1,0,700,,2020/05/18,0,中立
整體感覺還算可以。營位很寬敞，5*8的天幕搭設空間還剩下一些，但是打釘真的有點困難，當風很大的時候可能會有把釘子拔掉的危險。,3,1,0,722,,2019/03/14,0,中立
晚上使用浴室時會感覺到通風，感覺太涼了。,3,1,0,820,,2017/05/02,0,中立
這個地方環境整體來說不錯，視野很開闊，而且附近有便利店（全聯），只是山路有點陡，開車要小心，而且跟老闆的誠信問題讓整體感受稍微打了折扣。,3,1,0,859,,2023/05/07,0,中立
在D區女生設施方面，只有一間蹲式廁所和一間淋浴間，對於媽媽們帶小孩洗澡而言可能會有些不方便，因為需要等待時間。建議考慮增加座式廁所或安裝安全扶手，這樣對於老年人或不習慣使用蹲式廁所的人來說會比較方便。至於DE區共用的冷凍庫，希望能考慮加裝冷藏功能，同時也建議在區內增設遮風避雨的大雨棚，方便大家在需要時遮風避雨。,3,1,0,925,,2019/05/07,0,中立
這裡環境清潔、衛生良好，地理位置視野開闊，空氣清新宜人。,3,1,0,926,,2019/05/07,0,中立
這個地方交通便利，離三星鄉的味珍香和全家大約開車10-15分鐘的距離。附近也有一些景點，例如松蘿和九寮溪步道。然而，秋冬季節容易刮大風，半夜可能會有些不安穩。,3,1,0,940,,2018/05/07,0,中立
由於天氣稍微涼爽，露營就成為一個不錯的選擇，因為它離市區近且有不錯的夜景景觀。,3,1,0,944,,2018/05/07,0,中立
在營地裡釘釘子要特別小心，因為碎石地比較硬。,3,1,0,982,,2021/12/14,0,中立
在C區有一個草地排水問題，中間擺放了很多護草墊，導致小朋友們根本無法自由奔跑，多次被絆倒造成擦傷。遊戲空間實際上只剩下靠近沙坑的一小塊，好處是有熱水水槽和獨立使用的衛浴，但衛浴清潔情況一般。,3,1,0,1042,,2024/02/07,0,中立
記得要從內灣那邊開過去...車子比較多但路程比較短。,3,1,0,1062,,2023/05/07,0,中立
這段句子的意思是：「按照規矩來說，上去爬坡小路有很多雜草和樹枝，需要修剪，我會給它3.5顆星。」,3,1,0,1080,,2023/05/07,0,中立
看了大家的評論後，對過去大家很期待，也向老闆確認了是否所有區域都有飄飄河，但結果只有A區有開放飄飄河，其他區域根本沒有開啟，讓人相當失望。雖然沒有特別的驚喜，但是在水廁設施中有防蟲紗網這一點相當貼心。,3,1,0,1273,,2023/10/07,0,中立
今天下午淋了場大雨，地面變得泥濘，現場砂石鋪設不夠充足。但其他區域的石頭鋪得比較多，所以沒有受到太大影響，相對比較乾爽。其他設施都還算不錯，對有小孩的家庭來說，可以讓孩子在水裡玩樂，水質感覺像是山上湧出來的。這個季節水管裡還有一些蝌蚪會不時蹦出來，而晚上則會看到許多昆蟲和各種不同的蛾類。,3,1,0,1287,,2023/06/07,0,中立
新營主服務熱情周到，衛生環境乾淨清潔，且有提供沐浴乳和洗髮乳。但只有A區有冰箱、飲水機、脫水機，其他區沒有，建議增加。營區內有很多流浪貓狗，晚上睡前要注意食物不要亂放。23:00沒熱水遇到問題，老闆協助換電池，但熱水器水壓不穩，需改善。露營遇到大雨，C區積水嚴重，建議改進。希望營主能夠改進營區設施，提升服務品質。,3,1,0,1347,,2023/05/07,0,中立
營主人很友善，只是營位區劃分不夠完善，所以先到先佔囉。,3,1,0,1377,,2022/05/07,0,中立
總體而言還可以，可能是營區的評價不高，我們沒有滿足我們的期望。我們待在C區，如果有四個人可能會有些擁擠。冬天去的話不用擔心蚊蟲，只看到一隻小蟑螂。衛浴設備不錯，但需要自己保持乾淨，有時看不到營區主人打掃。附近就是一條大馬路，有時會有重型機車隊經過，很吵。也許是因為馬路旁有一隻大野狗闖進我們的帳篷。,3,1,0,1382,,2022/05/07,0,中立
這個營地似乎曾經經營得非常用心，但現在已經荒廢了。也許是因為大家都在補班補課，所以我們包下整座山。營地沒有大門，這讓人感到有些不安全，會突然有過路的客人開車進來參觀和使用廁所。營地主人似乎只在收錢時出現。浴室的水溫有幾間會忽冷忽熱。,3,1,0,1388,,2021/05/07,0,中立
洗澡時瓦斯不夠了，晚上洗澡很冷，但草莓價格很便宜。,3,1,0,1389,,2021/05/07,0,中立
A區旁邊有一條小溪，而營位旁有一個生態池，裡面長滿了青苔、水草和蝌蚪。戲水的水道水有點骯髒，小朋友在玩水時要小心。不足之處有：1. 廁所髒亂，只有固定每天打掃一次，需要遊客要求/提醒才會清潔。2. 營區排水慢，沒有提供草地保護墊，但可以提供帆布。3. 營位空間不大，相鄰的帳篷連在一起。4. 洗手台旁邊沒有垃圾桶，垃圾桶也沒有蓋子，半夜時流浪狗可能會翻個不停。優點有：1. 浴室水量大且溫度穩定，提供洗髮乳、沐浴乳。2. 還有冰箱、飲水機、脫水機，且有特價優惠讓您可以泡湯。,3,1,0,1401,,2020/05/07,0,中立
建議事先詢問是否有開放漂漂河頂層，該區域整潔狀況如何，是否有人在管理。這樣的價格可能有點昂貴，而且在下雨時排水可能會出現問題，您可能需要向旁邊的人借用草坪保護墊。,3,1,0,1410,,2020/05/07,0,中立
空間有限，搭好帳篷後幾乎沒有太多活動空間，但環境整潔度還算可以。,3,1,0,1412,,2020/05/07,0,中立
營地的露營廁所希望能更加乾淨，一打開門就看到一些沾染的痕跡，實在令人不太舒服。,3,1,0,1413,,2020/05/07,0,中立
D區位子有點狹窄，我們四個營位的人勉強將車停好在營區內，否則就得停在路邊。營區緊鄰著馬路，需要特別留意小朋友是否會跑到馬路上去。如要來的話，最好預訂包區，這樣會更合適一些。,3,1,0,1453,,2022/10/12,0,中立
C區的排水系統和水壓有一些問題。新營主很熱心，保持衛浴和廁所的乾淨度並且助消毒。請注意把食物妥善收好，因為貓貓可能會跳上桌尋找食物。我建議營主改善C區的排水系統和衛浴水壓。,3,1,0,1457,,2022/06/27,0,中立
期待與現實有一點小小的差距。,3,1,0,1472,,2021/03/03,0,中立
C區的浴室和廁所很髒，有很多蟑螂。可能是因為營地主人沒在現場管理，這次造成前往的訪客被隔壁區域的人吵到無法入睡！一群年輕人從晚上10點開始唱卡拉OK，一直唱到半夜12點！第二天向營地主人投訴，但營地主人卻無法解決問題，這讓人很無法接受⋯⋯,3,1,0,1475,,2020/08/21,0,中立
整體而言仍然適合推薦。雖然在路旁可能會有些許吵雜。,3,1,0,1478,,2020/03/04,0,中立
營區位於山谷中，夏天稍嫌悶熱，廁所十分骯髒且缺乏清潔，不會再去第二次。,3,1,0,1479,,2019/12/23,0,中立
B區的露營地，夜晚的優點在於距離北埔市區近，環境乾淨，補給便利，也適合輕裝露營。然而，需要注意以下幾點：1. 營區照片未更新，原本的設施可能已消失，記得自備遊具。2. 洗澡時可能會遇到沒熱水的情況，也可能洗髮精有故障。3. 雖然營區規定晚上十點後要安靜，但有可能會有鄰區的喧困或小孩活動影響到休息品質，營主似乎也未規勸。,3,1,0,1524,,2023/12/07,0,中立
下雨天不建議前來，碎石區全變成泥濘，到處都是水坑；衛浴區沒有乾濕分離，但希望至少有蓋垃圾桶，以減少氣味和提升美觀，從衛浴區到營地的排水系統都需要加強。在碎石區的陡坡上，下雨天大人小孩都曾多次跌倒，相當危險，請務必加以處理。,3,1,0,1526,,2023/11/07,0,中立
營地主人親切有禮，只是缺少了親子浴室。,3,1,0,1574,,2020/05/07,0,中立
這個營區地方雖小，可惜停車空間不夠。有很多有趣的遊戲，讓小朋友樂此不疲，但可惜蚊子真的太多了，全家都遭殃，每隻腳被叮超過200包。因為小孩受不了蚊子叮咬，只好匆忙帶回家。總的來說，這個營區還是挺方便的。,3,1,0,1578,,2020/05/07,0,中立
在北埔市集附近，營區很小但交通方便，路況明確。唯一需要留意的是有些小黑蚊。,3,1,0,1581,,2019/05/07,0,中立
車道和場地的佈置還不錯，比較適合中小型團體。設備也算是維持得相當清潔。,3,1,0,1592,,2019/05/07,0,中立
在路口的地方，如果有更清楚的路標，會更方便辨識方向。,3,1,0,1711,,2018/03/20,0,中立
營區很擁擠，旁邊的區域非常吵；營區內的道路很窄，造成車子的車底被刮傷了。,3,1,0,1753,,2023/11/07,0,中立
看起來帳篷分隔得太多，像是隔間出租套房一樣，如果帳篷擠滿了，就沒有足夠的活動空間了。不過浴廁看起來還蠻乾淨的，只是數量與比例相比有點少。,3,1,0,1767,,2023/05/07,0,中立
營地還可以，但共用的電箱和洗菜枱不夠用。另外，廁所和浴室還可以，但屋頂是透光的罩子，在夏天裡面就像烤箱一樣太熱了。廁所前只有一個小洗手枱，不太好用而且不夠用。,3,1,0,1780,,2023/05/07,0,中立
營地各區空間較小，平日只有一輛車不會感到擁擠，但夕陽風景常被樹木擋住。最上層營位靠近馬路可能會有些吵雜，整體環境乾淨整潔。然而，入營時被告知不能使用電，需另外加費，讓人有點困惑。付了相同的費用，卻有不同的服務，顯示營地對車泊可能較不友善。若是車泊愛好者想在此露營，建議三思而後行。,3,1,0,1787,,2022/05/07,0,中立
我請朋友載我來與家人一起露營，雖然朋友是訪客，但不到一小時，一人還是要收100元。我沒有被收100元，因為我是要和家人一起露營的。那如果是一起露營的就不用嗎？早知道就說要一起露營的就好，不是說不能收，而是100元真的有點偏多。建議可以按照時間收費，入場一小時內免費，入場超過一小時收50元，超過兩小時以上再收100元。限制每人一次性收費100元，而不是司機載我們到達後就要收100元，連進來喝杯茶也要收費。,3,1,0,1796,,2022/05/07,0,中立
這個地方的環境還不錯，走上去遼望台約30分可以看到360°的風景。想參加營地探班的話，每人收取100元，最頂部靠近路邊的營地地面是磚石鋪成的，要小心不要扎到腳。,3,1,0,1800,,2022/05/07,0,中立
這地方風景雖好，但浴室的熱水時冷時熱。,3,1,0,1830,,2020/05/07,0,中立
今天濕氣重，能見度低，晾衣服需要較長時間。,3,1,0,1831,,2020/05/07,0,中立
夜晚第一次開車進入露營地時，遭遇到非常濃密的霧氣，車燈照射下看起來像水珠一般。周圍飛來一些小黑蚊，營地很大且地勢不平坦，冰箱雖然容量很大但位置卻相當遙遠。營地管理員會用貨車接送露營者到附近參觀，有時露營者會被載到貨車的車斗裡，這讓人感到有些不安全。建議提供地圖給露營者，讓他們可以自行開車前往目的地。,3,1,0,1834,,2020/05/07,0,中立
草地環境很優美，營區管理人員也很親切。只是晚上蚊蟲太多真讓人難受，且衛浴設施也有點不夠用。,3,1,0,1858,,2019/05/07,0,中立
老闆很貼心地準備清涼的夏日飲品，並且很用心地栽種樹木和管理露營區。,3,1,0,1859,,2019/05/07,0,中立
這個地方風景不錯，只是有點可惜沒有提供沐浴用品和吹風機，讓便利性打了折扣。,3,1,0,1861,,2019/05/07,0,中立
五月天的氣候特點是白天中午過後很熱，但晚上則變得涼爽。由於露水較為濕潤，植物長得茂盛，生態環境看起來相當不錯。然而蒼蠅和蚊子卻變得比較多，且衛浴間的數量有些不足，洗澡時需要排隊。建議在中午以前搭營，第二天清晨收營，這樣能避免過熱的情況。,3,1,0,1864,,2019/05/07,0,中立
露營地的管理者沒有管理紀律，晚間居民打麻將、大聲聊天喧鬧，沒有熱水供應，孩童只能忍著冷水洗澡，反映給管理者後仍未解決問題，導致孩童受涼發燒。管理者對此毫不在意，對於有人沒熱水洗澡也置若罔聞。另一處遇到相同情況，等待換瓦斯超過10分鐘所致。孩童星期日晚間發燒後，是否管理者應當檢查瓦斯供應情況？晚上溫度低，等待冷水洗完再通知管理者是否不當之舉？與此同時，管理者未監管居民，導致半夜2點仍有人打麻將聊天喧鬧，環境惡劣。,3,1,0,1879,,2024/04/23,0,中立
這個地方很擁擠。我住在G區，水槽兩間帳篷共用一組設施，旁邊的排水棧板沒有另外設帳篷，否則會是三帳共用。這裡只有一間廁所和一間淋浴間，不太方便，但還算乾淨。插座位置太遠，我接了兩條延長線(10米+15米)。活動空間有限，只有營區本部才有冰箱。,3,1,0,1907,,2022/04/13,0,中立
營區有點擁擠，總是有些狗狗會來啃鞋子.....,3,1,0,1942,,2020/08/12,0,中立
這次預定的是位於七號草地區的場地，它是一個狹長型的空間，非常小，根本無法容納七個帳篷。我已向營地主人反映，但得到的回應也是不能接受。,3,1,0,1956,,2019/08/03,0,中立
蟑螂太多 (蟑螂太多了)。7號區場地太小(場地很擁擠，小孩沒地方玩)，不建議露營!,3,1,0,2024,,2018/06/20,0,中立
營區空間有點狹窄，洗手臺位置不太方便。廁所明顯不夠，不過其他方面都還可以，營區管理者很友善。,3,1,0,2035,,2018/05/01,0,中立
包A區原本預定了10個帳篷，但因為不明原因多空出三個帳篷。營區管理者表示是因為訂位系統出了問題，但又不願確認對方訂位系統的訊息。他們想保持友好，但這卻讓我們蒙受損失。雖然這只是一個晚上，五個多月前的預訂算什麼？我們雖然三天來都玩得很開心（必須讓自己樂觀一下），但這件事讓我們感到非常不爽。希望下一次營區管理者能夠有主見，而不是再把問題推給他人。該解決問題就應該果斷解決。,3,1,0,2060,,2018/01/08,0,中立
營位位置大小跟網站上資訊不符，進去後發現營位並不如預期，卻被迅速要求支付尾款…經驗感覺相當差。當我們準備搭設方形天幕時才發現，營位根本太小無法搭建（我們位於草皮區域，靠近單帳範圍）。方形天幕尺寸為440*550，然而營區網站上標示營位為5*5……。供大家參考，無其他意思。,3,1,0,2116,,2017/07/14,0,中立
蟲蟲很多，浴室裡也有很多蟲蟲。容易讓人感到不舒服。住宿沒有提供飲用水，且上山路不好開，很不方便。前往G區只有g1景點很不錯，但夜景不如宜蘭市的美。總體而言，不會考慮再度造訪這裡。用一千塊的預算，有更多其他好選擇。,3,1,0,2175,,2023/05/07,0,中立
這次在宜蘭露營的經歷並不順利，住在草地第G區時整個周末都在下雨。由於起霧的影響，整個G區變得非常黑暗，只有浴室前的一盞小燈。再加上營地的排水不良，到處都是水坑，搭建帳篷變得非常困難。因為濃霧遮蔽了視線，也無法看到任何風景。總結來說，這次的露營經驗讓人留下不太美好的印象，之後可能不會再選擇在宜蘭露營了。,3,1,0,2176,,2023/05/07,0,中立
營地陷入矛盾，因為上山的路未經整修，難以通行。,3,1,0,2187,,2022/05/07,0,中立
廁所的數量有限，需要排隊有點不方便。,3,1,0,2222,,2020/05/07,0,中立
這個地方的風景真的很美，從尚未開放的G區可以看到龜山島和蘭陽平原夜景。晚上如果關燈的話，會有滿天的星空，甚至有機會看到銀河。在滑草區，小孩玩得非常開心。草皮中間很適合遊戲，旁邊有玩沙和玩水的地方。不過必須注意的是，水池邊緣相當高，沒有可以進出的地方。天氣涼爽時，管理員非常友善和熱心。廁所和衛浴設施打掃得很乾淨。AB區離浴廁較遠，如果營區人數眾多，衛浴可能會不夠使用。另外，冷熱水溫度也不太好控制。雖然提供了水桶，但這次確實碰到了許多蒼蠅，卻沒有小黑蚊。,3,1,0,2225,,2020/05/07,0,中立
剛好碰上住宿營區的客人素質不佳，學生聚會開趴到半夜，老人則在五點起床談話上廁所，浴室衛生狀況也很糟糕...... 熱水供應還不穩定.... 也許待在這個營區就要看運氣了。,3,1,0,2229,,2020/05/07,0,中立
營地雖然不大，但海拔相當高。夜晚天氣晴朗的時候，可以看到星空。當天氣炎熱時，不建議在正午時分上山露營，因為附近缺乏遮蔽物遮擋陽光。另外，水電都OK。,3,1,0,2236,,2019/05/07,0,中立
G區夜景很美，但需要改善衛浴設備，並且要更注意環境衛生！,3,1,0,2244,,2019/05/07,0,中立
這個地方真的有點糟糕。我生日時去那裡過，從台七線上去轉段路完全沒有路燈，至少還要開20分鐘。夜晚前往的人要小心，營區的蟲真的多到無法對抗，也沒有飲水機。入住的朋友請注意，露營樂上面的照片似乎是N年前的，一帳1000元的價格也有更好的選擇。,3,1,0,2278,,2022/12/08,0,中立
G區的營位白天和晚上的景色真的很漂亮，感受完全不一樣！草皮已經長到膝蓋高度，整個環境看起來已經有點久沒有修整了！不時會有虎頭蜂在附近飛來飛去！營位裡面提供衛浴設備，還有冰箱和冷凍櫃，非常方便。洗澡間和廁所是分開的，但衛浴清潔度稍嫌不佳。如果想欣賞美景的話，選擇Ｇ區是最好的選擇，可以看到夜景和龜山島的美景！,3,1,0,2281,,2022/08/01,0,中立
雖然是下雨天，但地面沒有泥濘。孩子們依然玩得很開心。,3,1,0,2285,,2022/04/08,0,中立
環境很一般，整理得不好，設備也不是很好。,3,1,0,2288,,2021/11/22,0,中立
第二次來到G區營地，發現帳篷空間狹小，營地規劃不佳。營地停車亂、公共區域受限，帳篷前擺滿了其他人的車。18個營帳只有2間衛浴、4間廁所，洗澡水溫冷熱不定。提供兩台冰箱但不冷，食材爛掉，洗菜洗手盆都在廁所裡，使用不方便。晚上頻繁斷電，早晨5:30也斷電！夏天無電風扇，早早就得起床離營。優點是風景不錯，晚上涼爽。建議不要選擇G區！,3,1,0,2303,,2020/06/29,0,中立
草地保護墊需要補充、營區內的樓梯需要整修、浴室空間裡的蚊蟲需要處理。,3,1,0,2311,,2020/02/22,0,中立
總體來說，儘管連續下雨，連假去營地的人潮依然擠滿，顯示營地吸引力十分高。然而，營地的設備似乎無法應付擁擠的狀況，冰箱也有些許髒污，希望可以考慮增加更多冷藏（凍）式分離冰箱。,3,1,0,2315,,2019/07/17,0,中立
"1. D和F區的營位距離車道太近，對小孩來說有危險。
2. 浴室的熱水時冷時熱。
3. 冷藏庫或冷凍庫的溫度不夠低。
4. 這次露營不巧碰到一對夫妻（喝醉）在吵架，半夜大聲吵架吵醒了很多露友，建議希望營區夜間有管理員或營主在場，在發生問題時能夠立即處理。",3,1,0,2368,,2018/04/09,0,中立
元旦下雨真的讓人感到不舒服。上層區域的設計規劃得不是很完善，浴廁的設施也很一般，跟去年相比感受差很多。,3,1,0,2377,,2018/02/12,0,中立
天氣不佳，無法享受美景，期待下次再來！遊樂區的遮雨棚損壞，使小孩無法遊玩，建議儘快進行維修。露營區的洗手台沒有清潔，堆積了許多污垢，相當令人不悅。,3,1,0,2379,,2018/01/05,0,中立
營主很友善，營地不錯，他對我很客氣。,3,1,0,2452,,2016/12/30,0,中立
環境整潔，草地保持得相當不錯,3,1,0,2528,,2021/05/07,0,中立
我不建議參加週五的露天夜市活動，因為活動主辦者通常會直到半夜才回家，導致我們無法使用冰箱來保存食物。不幸的是，第二天我們的雞肉因此腐壞了。但值得一提的是，浴室設施非常乾淨，而且主辦者也很勤於維持各區的公共清潔。,3,1,0,2542,,2021/05/07,0,中立
營地整潔，衛浴設施乾淨，周圍風景還不錯。距離瀑布較近，大約要走40分鐘。,3,1,0,2549,,2020/05/07,0,中立
這個地方雖然沒有太多設施，但讓人更貼近大自然。瀑布近在咫尺，溪水清澈，還有一個小池讓小朋友可以安心玩水。整體營區環境很棒，唯一的缺點是有些許螞蟻。,3,1,0,2550,,2020/05/07,0,中立
這個地方自然環境豐富。毛蟲數量相當多，在夜晚可能出現各種昆蟲，害怕昆蟲的人要注意了。空氣清新但景觀一般。營地主人辛苦地處理垃圾和清潔衛生設施。,3,1,0,2582,,2022/12/08,0,中立
在C區要看看露營友們有沒有公德心。入住當天晚上十點半，有人在大聲聊天，還有人在彈吉他。C區浴室晚上十一點還有人在用吹風機邊聊天，聊天聲音比吹風機還大聲。詢問了老闆後得知晚上十點後原則上是禁止大聲吵鬧的，但上述情況下老闆並未出來管理。入住時並沒有宣導露營友們應該注意這些情況，只能碰運氣了。,3,1,0,2622,,2019/08/20,0,中立
環境很好，營區主人很用心在照顧品質，可惜出入口的道路狀況很糟糕，底盤被刮了好幾條，泳池的磁磚需要改進，小朋友被磁磚刮傷了。主人提供了保險，算是盡了責。,3,1,0,2746,,2023/05/07,0,中立
沒有提供飲水機和沐浴用品，需自行準備。周圍景色普通，附近有農地，蒼蠅較多。上山路窄且路況不佳，適合車底較高的車輛前往，但萬一需要會車會很困難。總的來說，個人不推薦前往。,3,1,0,2787,,2021/05/07,0,中立
請大家注意，營區早上10點才開門，不必太早到，以免打擾到營地管理員，謝謝。,3,1,0,2793,,2021/05/07,0,中立
草地區距離洗澡堂有點遠啊！,3,1,0,2797,,2021/05/07,0,中立
這個地方很新，歡迎來玩，空氣很清新。,3,1,0,2801,,2021/05/07,0,中立
基本設施很好，但傍晚到隔天不斷散發出雞糞肥的惡臭味，並且讓人感到很不舒服，因為這個味道總是纏繞在你身邊。雖然在其他營地碰過許多不同種類的昆蟲，但卻沒有像這樣的蜜蜂一直黏著你，這種情況讓人感到很困擾。,3,1,0,2812,,2020/05/07,0,中立
營地明確寫著[禁止卡拉OK]，可是現在卻有兩組卡拉OK同時響徹整個營地。我原本以為來山上露營，能夠享受藍天白雲、美麗的山景和清新的空氣，卻沒想到遇到吵雜的噪音。扣一顆星。不過其他部分，廁所整潔，營地整潔，真的是個不錯的地方！,3,1,0,2834,,2019/05/07,0,中立
這個地方雖然已經有些開發了，但是周圍的景色還算寬闊。,3,1,0,2842,,2018/05/07,0,中立
營主非常熱心，提供了地下噴水池，讓孩子們玩得很開心。,3,1,0,2855,,2023/02/16,0,中立
旅程描述：白蘭部落的道路較為順暢，然而在營區內的道路較陡，需特別留意。冰箱方面則只有冷藏區，沒有冷凍區，且冰箱僅位於營地的總部，取物需要走一段蠻長的路程。浴廁區方面，四區和六區的浴室與廁所設於同一處，並無乾濕分離，水泥地板因長時間潮濕而長出些微青苔。考量到分區眾多的情況，若大家同時在熱門時段使用，浴室與廁所便會短缺。浴室採用瓦斯加熱，同行友人淋浴至半途即無熱水，需遷至其他浴室使用，幸好隔壁浴室當時未被使用。熱水管控問題嚴重，稍有疏忽即有機會感冒，且浴室未加裝紗網，有時隔間中會有許多昆蟲。最後，唯一的小便所存在一些漏水問題，使用體驗不佳。至於營位，空間相當寬敞，使用上並無問題，地質適合釘植。然而，部分區域稍微傾斜，可能會影響桌椅或床鋪的擺設。供電方面，晚上突然停電，其他區域也受影響，等待營地主人修復後才恢復正常，我們因用電少並未受太大干擾，但其他區域可能就令人擔憂了。,3,1,0,2964,,2024/01/07,0,中立
營地8區包括了7個帳篷和2個天幕，空間相當寬敞，還有空位可以搭建約兩個帳篷。然而，8區的草地狀況並不佳，有些地方有坑洞，尤其在下雨天，很容易變得泥濘。營地提供垃圾桶和回收區，並有充足的電源插座以及乾淨寬敞的洗碗台。前往8區時請注意，要小心轎車和低底盤車輛，因為路上有兩個大坑洞和石頭，需保持左側行駛以避免擦到底盤。另外，草地上的坑洞積水問題比較嚴重，營地也沒有提供草地保護墊，因此在下雨天會顯得特別潮溼。共用的廁所位於7區，乾淨程度算是不錯，定期有人清理垃圾，熱水供應充足，但第二天使用時可能會發現沒有熱水了。營地的風景包括了雲海和螢火蟲，不過冰箱設於營區入口處，對於8區的露營友來說可能較遠。建議可以考慮在兩區之間新增冰箱。夜間前往8區的露友需注意道路情況，途中有些較大的坑洞和水溝，並且霧氣較大。,3,1,0,2986,,2022/05/07,0,中立
第一區營地的風景很美，但兩隻雞輪流叫24小時實在太吵了。更令人驚訝的是，十月間二郎六區的雞突然消失，變成了貓。最後還遇到浴室熱水器異常的問題，洗澡過程中竟然變成冷水，真是不幸。,3,1,0,3000,,2022/05/07,0,中立
個人有點不太能接受廁所跟浴室合在一起，特別是那些老舊、充斥著蟲蟲、還有異味的。不過除了這個問題，這個地方的風景和草地倒是蠻漂亮的。,3,1,0,3008,,2021/05/07,0,中立
露營遇到吵鬧的人有點倒楣，但營地管理者也需要適時斡旋。有部分露營者在半夜兩點仍在吵鬧，雖然營地管理者很友善，整體露營體驗仍稍顯不滿意。廁所和浴室的設施還算可以。,3,1,0,3011,,2021/05/07,0,中立
櫻花看起來很美，當風吹來時真的很迷人。不過設施方面可能有些不足，洗澡時會感受到溫度的起伏，電壓也稍微有些問題。,3,1,0,3014,,2021/05/07,0,中立
這個地方空間有點狹小，我建議你可以考慮前往天湖露營區。,3,1,0,3018,,2021/05/07,0,中立
營區的佈置比較寬鬆，但廁所沒有天花板，晚上會有許多昆蟲在裡面飛舞，這讓小孩在洗澡或上廁所時感到不安。此外，冰箱放在營區的辦公室裡，如果營主不在或是休息時間，就會被鎖起來。對於帶食材需要冰的露營者來說，這點有些不太方便。,3,1,0,3036,,2021/05/07,0,中立
這個時間點在4區樹蔭下很炎熱，山景還算不錯但設施有點不足(不是花季有些無聊)，收了錢才遇到營區負責人。,3,1,0,3052,,2020/05/07,0,中立
2區的供電30安培，如果跳電超過8次，會影響使用舒適度，同時廁所衛生也需要加強。,3,1,0,3064,,2019/05/07,0,中立
風景很漂亮，不過設施有點陳舊。,3,1,0,3072,,2019/05/07,0,中立
2015年的時候我和一群露營的朋友一起去過，我們選擇了一個離大自然比較近的營地。那時候浴室的熱水是共用的，水溫得看隔壁是否在使用而定。晚上我們還一起做了麻糬，現在回想起來真的很好吃。,3,1,0,3077,,2019/05/07,0,中立
夜景很美，只是浴室設備有點簡陋。,3,1,0,3096,,2018/05/07,0,中立
營區應該很美，因為櫻花已經盛開了。帳篷被樹木擋住，看不到山景有點可惜。廁所設備不錯，水溫稍微不穩定。很幸運的是，這次遇到了很棒的露營夥伴，孩子們玩得很開心。希望他們沒有讓你們困擾。,3,1,0,3111,,2022/01/23,0,中立
位於第8區的搭棚離營本部相當遠，而且去浴室要走一條有點陡的樓梯，有點不方便。廁所沒有頂蓋，所以會有很多蚊蟲。,3,1,0,3125,,2020/12/14,0,中立
營地的設施比較簡陋，廁所也不夠多。,3,1,0,3141,,2019/09/20,0,中立
廁所缺少衛生紙，較不便利。建議安裝衛生紙。草地上有乾掉的狗糞，不衛生。垃圾桶未裝垃圾袋。垃圾桶無磚塊壓實，在深夜可能會招來野狗野貓翻垃圾。總括而言，仍有改善空間。,3,1,0,3156,,2018/11/26,0,中立
如果沒有像喪屍一樣的蒼蠅的話，營區就可以得到滿分了。,3,1,0,3184,,2023/05/07,0,中立
這個營區雖然很乾淨，但價格漲得太誇張了，我想應該不會再去了。,3,1,0,3189,,2022/05/07,0,中立
共用大草地，設備整潔，營區內有販賣冰涼飲品。,3,1,0,3217,,2021/05/07,0,中立
在草地上有兩棵落雨松樹，中間有一個適合搭建營位的地方。在變色的落雨松樹下搭建帳篷感覺特別。帳篷和車位分開，但如果遇到滿營區還是會感到擁擠。有乾濕分離的衛浴設施很舒適，路況不錯。進入營區的田間小路比較狹窄，周圍是果園和農地。早上有些許蒼蠅出沒，下午時看到農民戴口罩在噴灑霧狀液體，希望不是在作農藥防治！,3,1,0,3237,,2020/05/07,0,中立
水龍頭流出的水是溫的，這對於冬天露營來說非常貼心。然而，包場的營地營主不允許完全使用草地，因為中央的通道需要營地營主通過以推動高爾夫球車來行銷產品，這可以視為一種特殊的商業策略。,3,1,0,3238,,2020/05/07,0,中立
整體環境算是不錯，但因四周都是果園，所以有些許蒼蠅。,3,1,0,3243,,2020/05/07,0,中立
我認為這個地方很不錯，適合遠離繁忙的都市生活，來此遊玩可以選擇住宿或露營。,3,1,0,3258,,2019/05/07,0,中立
草地很舒適，廁所保持乾淨並定期清潔，甚至有分離的乾濕衛浴設備。唯一遺憾的是收據要排隊結帳稍微有些擁擠。,3,1,0,3263,,2019/05/07,0,中立
你說的是，環境看起來很整潔，但小朋友的活動空間似乎稍嫌不足嗎？,3,1,0,3279,,2018/05/07,0,中立
包場民宿外的露營區有電源插座可供使用。,3,1,0,3282,,2018/05/07,0,中立
優點：有大片草地可供使用；缺點：帳篷太多，小朋友沒有足夠的空間玩耍。,3,1,0,3289,,2018/05/07,0,中立
"優點：衛浴設施出色，草地風景優美，設施更新維護良好
缺點：蒼蠅太多，營地擁擠，小孩遊樂空間不足",3,1,0,3301,,2018/05/07,0,中立
這次活動真是辛苦，主辦方的用心我們都感受得到了，還可以免費採草莓。因為天氣不佳，吃飯的時候有點無奈。這將是一個難忘的回憶，在車上睡覺。,3,1,0,3305,,2017/05/07,0,中立
這個地方有很大的空間，分成很多區域。當在A區放下行李後，車子需要集中停在停車場。這裡有民宿，設計感很不錯，但不確定舒適度如何。營地很寬敞，小朋友可以盡情奔跑，地勢平坦主要沒有危險性，但缺少景觀，周圍只有果園，這一點有點可惜。,3,1,0,3315,,2017/05/07,0,中立
除了草地好之外，我真的很難想到其他優點！,3,1,0,3323,,2017/05/07,0,中立
環境雖然看起來很干凈漂亮，但竟然有跳蚤，我被咬得很慘，結帳時開始癢起來，真是苦不堪言。,3,1,0,3327,,2022-04-28T17:04:37+08:00,0,中立
各地方都覺得空間有點不夠，車內都有些擁擠，而且最後十幾分鐘的路程有好幾處超陡的彎道和坡道，對引擎、輪胎和駕駛技術都是一大考驗，建議不要嘗試夜間開車前往。,3,1,0,3396,,2022/05/07,0,中立
路顛波的意思是路面顛簸不平。在進入這段路時，會遇到坡度較大，開車不太方便。,3,1,0,3471,,2023/10/23,0,中立
在接近營區大概5分鐘左右的路段很危險，開車非常困難。,3,1,0,3472,,2023/10/23,0,中立
營地的噪音很吵~鄰居的狗一直叫~還有羊也在叫~凌晨4點公雞就開始叫了~,3,1,0,3568,,2023/12/07,0,中立
這個營區環境有些不方便，有小昆蟲和蒼蠅，也有貓狗翻垃圾桶。孩子可能會被跳蚤叮咬，周圍有許多野狗會晚上和清晨亂吠，還有鄰居家的鵝叫聲很大。雖然沒有飲水機，但衛浴設施很乾淨，營區主人待人也很友善，只是交通不太方便。,3,1,0,3592,,2022/05/07,0,中立
一個包含射箭區，沙坑和戲水池的營區，非常適合享受。射箭區雖然小，但相當有趣，因為沒有排隊的問題，可以盡情玩樂。同時，活動中也包括了搗麻糬的體驗，營主會詳細告知時間安排。整體來說，這是一個讓人放鬆且愉快的營區。,3,1,0,3609,,2021/05/07,0,中立
1. 浴室很乾淨，有浴缸和水勺，但建議自行攜帶掛衣掛，方便掛東西。2. 提供WiFi、草坪墊、吹風機、除濕機、冷凍和冷藏冰箱、衛生紙。3. 上層營區遇大雨仍有良好排水。4. 蚊蟲較多，尤其是小黑蚊，同行的親友和小朋友都被叮咬。5. 營區經常有小貓出現。6. 營位上的洗手台有遮陽傘，但只有些許淡光的太陽燈，照明不足。,3,1,0,3610,,2021/05/07,0,中立
入口附近的營地風景特別好，而且在寮望台上的景色也很漂亮，非常適合乘涼，有風又有樹蔭。活動營主辦的搗麻糬等活動小孩們都喜歡，不過冰箱較小，坡道很陡。端午節時小黑蚊咬到小腿都是紅豆冰，還有營地的雞半夜2到3點就開始啼叫，一直叫到天亮。還有水池可以讓小孩玩水哦。,3,1,0,3617,,2020/05/07,0,中立
進入營區的道路比較狹窄，開車時要小心，不要完全依賴衛星導航。傍晚的景色很美，也有許多活動可以參加，但到了晚上就會有些潮濕，早上太陽出來時，要找個有遮蔭的地方。雖然營區離公路有點遠，但因為位於山區，常常可以聽到車輛行駛的聲音，尤其是跑車。整體而言，這個營區是值得一試的。,3,1,0,3620,,2020/05/07,0,中立
石門水庫湖面風景很美，微風吹過感覺很舒服喔。喜歡露營的人可以考慮來這裡試試看，但要注意這裡蚊子很多，記得做好防蚊準備。,3,1,0,3627,,2020/05/07,0,中立
這個地方的風景真的很漂亮！不過搗麻糬跟竹筒飯的 DIY 活動有些簡陋，而且射箭區也沒有打掃，感覺有點荒廢的。另外，淋浴間只有三間，但水量很足，熱水也很足。,3,1,0,3630,,2020/05/07,0,中立
廁所雖然乾淨，但數量太少了！其他的普通。,3,1,0,3634,,2019/05/07,0,中立
這個營區的空氣很清新，而且還靠近河流。,3,1,0,3635,,2019/05/07,0,中立
衛浴設備充足，還有提供電源插座，停車位也很充足！不過如果夏天來的話，在山上可能會有點熱、曬。整個營地有點擁擠，但還算舒適！另外，停車方式很重要，可能會因為停車的方式讓小朋友玩球或飛盤的空間變小一點，但還是有空間。整個環境乾淨，衛浴設備和廁所都很好。至於水池部分，我建議小朋友的爸媽能陪同，因為水池淺，沒有危險性，主要要注意滑倒。營地主人態度親切、健談。不過，如果要說有什麼缺點的話，大概就是路比較難找。,3,1,0,3651,,2019/05/07,0,中立
對於我們住在台北市區的人來說，營區其實有點遠。這個營區是相當新的，並且不是很大，被設計成了四層的「階梯式」結構。我們這次住在最底層（靠近衛浴區），原本可以容納八個小帳篷，但因為大家都帶了較大或是巨型的帳篷，再加上有客廳帳篷，所以我們最後只搭了六個帳篷。此外，營區還設有供應飲料的「營棧」。這裡也有瞭望台、兒童戲水池、和射箭區，對於小朋友來說，是個很適合消磨時間的營區喔！,3,1,0,3653,,2019/05/07,0,中立
這是一個地理位置鄰近石門水庫的小露營區，位於羅馬公路旁，交通便利。虽然路况不错，但山路可能讓容易暈車的乘客感到不適。停車空間有限，如果晚到可能不太方便裝備，但營區提供推車。營區承載梯田式格局，小孩活動區域不大，有小水池和小沙坑。帳篷之間距離較近。風景宜人，可欣賞石門水庫及附近的新溪口吊橋和角板山形象商圈。盥洗設備設施有限，但整潔維持不錯。總體而言，老闆和員工態度親切，是值得再次造訪的露營區。,3,1,0,3656,,2018/05/07,0,中立
設施都已經年久失修，沒再被照顧過的感覺。道路狀況不佳，也不確定是誰是負責人。,3,1,0,3668,,2023/05/14,0,中立
這裡的衛生設備需要改善。如果對環境要求不高的話可以接受，但傍晚可能會有些小黑蚊出現。,3,1,0,3670,,2023/04/05,0,中立
我不知不覺間來到了第二次的營地。,3,1,0,3687,,2021/03/20,0,中立
手機訊號只有一格 (中華電信) 很不穩定，在營區有WIFI可使用，但沒有熱水，洗澡到一半要等30分鐘。,3,1,0,3769,,2024/04/07,0,中立
景色不佳且衛浴設施陳舊～另外還有兇猛的黑螞蟻出沒，1300雨棚區的整體感受可能不夠理想。,3,1,0,3798,,2023/05/07,0,中立
車子在開到極高處後突然轉彎，然後下降到極低處，變得難以控制，達到了極致。在A區前面的草坪很短，但很乾淨，小朋友在這裡玩得非常開心。廁所很乾淨，洗手台的溫水讓人感到舒適，特別是在冬天時效果更好。位置在山谷中，沒有風，夜晚很冷但風不大。有條小溪，但要走一段路才能到達A區，不過釣到魚的感覺很舒服。要找管理員幫忙是因為我原本要在11點睡覺，但隔壁鄰居卻到3點還在聊天，真的讓人難以入睡。,3,1,0,3807,,2023/05/07,0,中立
退休老闆的營地經營非常用心，在每個活動平台都提供充足的空間。建議在設有廁所的平台上增加帳篷以方便使用，另外廁所旁設有熱水洗手台，非常貼心，特別適合冬天。營地位於山谷中，比較涼爽，早晨陽光照射會比較晚，可以多睡一會兒，但要注意防蚊！另外，使用谷歌導航時可能會導錯路，建議關注營地主人提供的指引訊息。,3,1,0,3875,,2020/05/07,0,中立
營區活動範圍有限，進入的道路很窄。道路盡頭處靠近溪邊，晚上溪水聲音很響亮，因此不建議設置帳篷靠近溪邊。每個區域的洗手台位置安排不太方便。廁所和淋浴間的空間很寬敞，但熱水供應可能不足。,3,1,0,3876,,2020/05/07,0,中立
洗澡時洗澡間的熱水供應有問題，因為每30分鐘才有熱水，讓人感到不方便。,3,1,0,3905,,2022/09/19,0,中立
浴室和廁所的設施太少了。C、D和E區共用的浴室實在太少了，而且即使將熱水調至最高也只有溫水，這不是我們露營者能接受的問題。封鎖我們的浴室就有點不合理，而且營區跳電可能是因為電力供應不足。是否可以約定不使用高耗電產品呢？此外，D區只設置了三個洗手台，其中兩個在後面，一個在廁所前面。前面的洗手台有熱水，所以大家都湧來使用，這對我們造成不便。因為要使用的時候只能搶着用別的區域的設施，這實在是很不方便。就算是上完廁所想洗手也得靠自己攜帶的茶水。,3,1,0,3922,,2022/01/03,0,中立
跟露友們打招呼的感覺不錯。,3,1,0,3940,,2021/03/20,0,中立
看起來排水系統很不好，下雨的時候最好不要造訪那個地方。第一次去草地很美麗，但第二次去的時候草都不見了。而且又遇上下雨，整個地方都變成爛泥，真是一次糟糕的經驗。,3,1,0,3952,,2020/10/13,0,中立
"1. 特1區的房間保持得很整潔，但是有點奇怪的是，客廳可以被2樓的客人穿越。
2. 特1區的炊事區位於廁所旁邊，有時候會有尿味。
3. 其他方面還算可以。",3,1,0,3989,,2023/05/08,0,中立
這個營區的老闆健談熱情，整體來說算是個小而美的營區，大部分的營位有五葉松可以遮蔭。夏天造訪時可能會遇到小黑蚊，而且營區的戲水池清潔度有待加強。管理方面有些問題，例如未能嚴格執行夜間規定，有人在11點後進場，12點還有人敲營釘、充床墊。在這營區住了兩晚，都遇到了一些沒有素質的露友。雖然這不是營主的錯，但營區有管理的責任，已造成觀感不佳。,3,1,0,3997,,2023/05/08,0,中立
營區非常寬敞，旁邊還有湖可供觀賞。洗澡設施沒有時間限制，露營區內提供多種露營模式可供選擇，包括有雨篷區、松樹下和竹林碎石區。不足之處是洗澡設施和冰箱都稍嫌不足。,3,1,0,4019,,2022/05/08,0,中立
老闆很客氣，不過蚊子實在太多了，回來後癢了好幾天。,3,1,0,4026,,2022/05/08,0,中立
寒流來襲，I區的空地擠滿了帳篷，我認為帳篷擠得有點多了。沒有人帶家用電暖器，整晚跳電數次，營地主人處理得很快，但半夜跳電時就要等到天亮。浴室分成男女各兩間，還有男女各一間，浴室內有坐式馬桶。另外還有男女各一間蹲式廁所，吹風機只能在女生那邊使用。冰箱只有在浴室旁邊，河口步道可以通往石秀灣。,3,1,0,4027,,2021/05/08,0,中立
B區並不值得推薦，因為那裡受到干擾太多，浴廁的數量也太少。每個區域的營位數應該再減少一點。另外，這裡有很多小蚊子，還有跳電的情況。不過五葉松林是非常美麗的。,3,1,0,4037,,2021/05/08,0,中立
現在是八月份，小黑蚊真是太猖狂了，從早晨開始叮人一直到晚上。每個人平均被叮超過20個包以上，最後只能慌忙逃難的情況下才算完事。建議大家都攜帶頂級的強效防蚊液，否則就會像我們一樣，無論怎麼噴蚊子都不怕。,3,1,0,4043,,2021/05/08,0,中立
希望雨棚區的位置能再寬敞一點更好！,3,1,0,4071,,2019/05/08,0,中立
蚊子很多，營地主剛好在維修水管，但沒注意水管膠的排水問題，洗澡時突然聞到惡臭，很擔心小孩誤喝到有水管膠的水。向營地主反應後只能得到抱歉，卻未意識到可能產生危害。台灣在環境教育仍有很大進步空間，這樣的情況在國外一定會被起訴。,3,1,0,4081,,2019/05/08,0,中立
這裡的景色美麗，老闆人也很好，只是有些小黑蚊。,3,1,0,4086,,2019/05/08,0,中立
廁所是移動式廁所，裡面有許多蚊子。,3,1,0,4099,,2018/05/08,0,中立
營地的設施很齊全，免費有提供地面防水隔板，水槽的水量充足，用電也很方便，廁所和浴室保持乾淨，草地寬敞，唯一的問題是附近有很多竹林小黑蚊，而且叮咬力較強。,3,1,0,4100,,2018/05/08,0,中立
蚊子太多了，夏天去的話要小心不要被咬，最好穿長褲。,3,1,0,4178,,2024/03/07,0,中立
這次露營遇到的老闆娘態度很好，因為我們是在禮拜日去的，所以老闆娘讓我們可以自由選擇營位，為此我給了多一顆星。但可惜的是，1. 蒼蠅超級多，一不小心就會飛進帳篷裡，出去也都是蒼蠅；2. 螞蟻也超級多，感覺螞蟻會直接搬到帳篷裡，帳篷內到處都是螞蟻；3. 還有飛的蟑螂和一堆蟲子在帳篷外面；4. 營區設備可能缺乏照顧，有發霉和生鏽的地方，很可惜；5. 營區的燈不夠明亮，夜間有點昏暗。優點是，營區其實蠻美的（如果不看發霉的部分），有湖岸和溪流，晚上可以聽著河流聲音入睡，心情相當愉悅。,3,1,0,4199,,2023/05/07,0,中立
起初以為離台北很近，看照片印象不錯又有雨棚，應該很放鬆。剛好遇到雨天，雨棚內積水，而且走去廁所的路上到處都是水坑和泥巴，腳永遠都是髒的，是露營經驗中最痛苦的一次！另外就是蚊蟲很多，不過在戶外難免發生！建議將設施翻新一下，並改善排水系統。做到更好後，我相信這將成為一個非常棒的露營地！,3,1,0,4217,,2021/05/07,0,中立
小黑蚊真的很多，洗澡時熱水老是不穩定，女廁馬桶總是容易淹水。,3,1,0,4228,,2021/05/07,0,中立
這個地方以前是一個魚池，後來變成了婚攝場地。,3,1,0,4234,,2021/05/07,0,中立
這個地方的熱水穩定，廁所也很乾淨。但是營主態度欠佳，並且不注意安全巡視，甚至可能會向訪客額外收費。晚上幾乎沒有路燈，有些地方還有危險的坑洞。,3,1,0,4238,,2020/05/07,0,中立
這個地方適合各個年齡層來半日遊，但交通不太方便。,3,1,0,4266,,2019/05/07,0,中立
只有地點離市區近，其他都還可以。,3,1,0,4268,,2019/05/07,0,中立
這次來露營是被這個營區在網上的美照吸引，但到場後卻感到失望，許多景點看起來已經很久沒有維護了，變得殘舊不堪。是不是有什麼特別的原因呢？也許建議營區更新一下網站上的照片會比較好。,3,1,0,4269,,2019/05/07,0,中立
去露營最重要的是什麼呢？心情是最重要的！在有夥伴和良好空間的地方，老闆熱情地帶路，晚上有蟲鳴鳥叫，偶爾能看到閃爍的螢火蟲。靜謐、清幽的短程露營區近城市，即使網路上傳遞的園內景點已經稍微顯現時間的痕跡，但是還是值得一去！那邊甚至有湖上的钢琴可以彈奏喔！,3,1,0,4271,,2019/05/07,0,中立
在台北附近的露營地，露營區地面鋪設碎石，雨天時可以前往河岸的雨棚區避雨，水槽設備可供多組露營者共用，靠近小溪的地方適合玩水，但需注意將廢水排放到溪流前需先進行處理。,3,1,0,4277,,2018/05/07,0,中立
環境還可以，浴室乾淨，只是沒有路燈有些昏暗，住的地方離營區本部有點遠，也沒有飲水機，需要步行到營區本部，有些不方便。,3,1,0,4282,,2018/05/07,0,中立
"場地規劃不錯, 但缺乏特色風景。",3,1,0,4283,,2018/05/07,0,中立
這個露營地適合家庭一起去，有山有水，適合各年齡層的人一起互動，可以烤肉、玩水、爬山。,3,1,0,4285,,2018/05/07,0,中立
環境還可以，衛浴設備都齊全，只是在平地露營有點熱...,3,1,0,4290,,2018/05/07,0,中立
營地的設施看起來有些陳舊，沒有做好維護更新。,3,1,0,4302,,2017/05/07,0,中立
這個美的空調價格偏高了一點。,3,1,0,4304,,2017/05/07,0,中立
這個營地雖然很不錯，可惜看起來有點過於商業化了！,3,1,0,4305,,2017/05/07,0,中立
風景很美，只是有點可惜門票貴了一點！,3,1,0,4308,,2015/05/07,0,中立
這個地方的設施稍微有些老舊，有點可惜。如果能改善湖邊的景觀，將會更加完美。這裡可能因為靠近果園所以會有些小黑蚊。,3,1,0,4502,,2017/12/03,0,中立
很遺憾... 沒有露營的機會。27號前中午開始下起大雨，打電話詢問後得知無法延期或退款。原以為下午雨會停，但越下越大。到了目的地等了一會兒後，最終還是放棄露營計畫。不想讓自己陷入尷尬境地，也擔心小朋友淋濕感冒或濕帳。雖然花了1000塊，但可以當作一次經驗教訓。下次確實要考慮訂雨棚區，比較保險。,3,1,0,4561,,2017/05/29,0,中立
可能是下雨的關係，風景可能沒有如預期的美麗，但最重要的是回到家後手腳上沾滿了紅豆冰...><,3,1,0,4562,,2017/05/28,0,中立
浴廁有其優點，但還有改善的空間。,3,1,0,4569,,2017/05/14,0,中立
帳帳相連讓人感到不舒適，浴室的數量太少。,3,1,0,4642,,2016/12/03,0,中立
這個營區的廁所和淋浴間設備相當高級，尤其淋浴間還有乾濕分離的設計。整個營區都設有雨棚，不過周邊設施較少。營區可能坐落在山谷間，風勢強勁來自各個方向，有時候令人感到不太舒適。營區周遭也比較凌亂，但有一條庫志溪可以釣魚或撈蝦。,3,1,0,4708,,2021/05/07,0,中立
空氣很清新，營地長和夫人相處非常融洽！,3,1,0,4715,,2021/05/07,0,中立
在溪旁，有山嵐，這是個很適合露營的好地方！,3,1,0,4741,,2019/05/07,0,中立
在下雨天搭帳篷的時候，地面是水泥的，上面有四個金屬的固定孔，靠近小溪。雖然可以在水邊玩水，但營地空間不大，而且沒有專門的客廳帳篷空間設計。,3,1,0,4754,,2019/05/07,0,中立
環境整潔。房間有點小，水龍頭位置可能會影響到其他人的活動。,3,1,0,4846,,2018/09/25,0,中立
11/18日在竹雞區的營地，先扣除兩顆星，剩餘三顆星是給草坪還算可以和方便釘營幕的好處。1. 靠斜坡的排水管斷裂未處理，導致上層洗手台的水直接流向下層草地，造成積水問題。2. 九個營位共用兩間浴室，乾淨但其中一個熱水器週六傍晚故障無人處理，沒有通知，洗澡時感到很不滿意。3. 廚餘桶擺放方式不佳，未考慮營地內可能有貓狗出沒，果然半夜被貓翻倒。4. 營位寬度為五米，大帳難入，視野上只有老鷹區稍微有景觀，其他區域有些遮蔽，竹雞區更是看不到景觀，整體視野都不如旁邊的烏嘎彥獨立區或C區。,3,1,0,4868,,2023/12/08,0,中立
這個地方環境很好，但浴室的數量明顯不夠，而且開車時要小心，因為山路又窄又陡峭，底盤低的車輛要特別注意。,3,1,0,4929,,2020/05/08,0,中立
路小有幾段路可能有交通問題，但風景不錯。,3,1,0,4930,,2020/05/08,0,中立
營區的服務很好。廁所和浴室很乾淨，但數量少且集中在一起需要排隊等候，建議增加廁所和浴室的數量和分佈範圍，以減少等候時間。此外，進入營區的道路有些狹窄，夜間前往會比較困難，需要想辦法改善。,3,1,0,5152,,2017/10/23,0,中立
這個營地交通方便，提供許多親子設施和活動空間，整體來說很舒適。但是洗澡時間有限，白天無熱水。裝備放置僅限於狹窄的柏油路旁，可能造成壓力與擋車情況。騎腳踏車的空間也僅限於柏油路，且撤營時間較為嚴格。雖然能看到星星，但光害問題需要改善。距離放置區不遠，但容易累。總體而言，營地還是值得推薦，但裝備放置需找其他方式解決。希望營主能夠思考改進方案。,3,1,0,5231,,2023/12/08,0,中立
優點：這個營地的冰箱和冷凍庫都很足夠，還有寬敞的草地供孩子打棒球，籃球場供運動，還有提供腳踏車、玩沙區和戲水區，還有飲水機。這裡的營地主人一家人非常勤勞，經常清潔打掃，並且負責垃圾分類，定期巡視維護環境，並且提供撤銷指導。他們也很注重孩子的安全，廁所門上還設有櫃子，整體營地經營非常用心。待改善的地方：女廁浴室的冷水流太小，需要多久放水桶？水溫不穩，有時過燙，只有5間淋浴間，營主回應是因為人數太多？需要安裝加壓馬達解決問題。最後，建議在適合的季節造訪，今天風大，幸好沒遇到小黑蚊，因為它們太輕，怕被風吹走。,3,1,0,5253,,2023/05/08,0,中立
優點：營區海拔低、開車容易抵達，有許多兒童設施，草地適合小孩嬉戲。缺點：大量小黑蚊，即使噴了防蚊液仍被多次叮咬，從中午持續到傍晚，晚上還有特大號的斑蚊，被叮會很痛，相當可怕。也許下次選擇冬天來會比較適合。,3,1,0,5259,,2022/05/08,0,中立
對於我個人來說，在這個營區裡最適合習慣大雜燴和喜歡白天吵鬧的人，相鄰的帳篷靠得很近，晚上十點以後就要保持安靜，營地擁擠，帳篷和天幕搭建需要按照營主的規定，沒有明顯的區域標示，營釘安裝位置稍有偏移也會受到指正。廁所和浴室無法應付週末擁擠的情況，熱水僅供晚上六點到半夜十二點，尖峰時段排隊，水壓不穩定，冰箱擁擠，食材亂七八糟，常常找不到。營位旁的插座電壓不穩，可能和使用人數有關，夏天可能容易斷電。如果晚上十點後到達營地，大門已上鎖，建議最好在十點前到達。營區打掃維護得很乾淨，但我和朋友或許不太適合這個類型的營地。前往營地之前最好先熟悉營地須知和規定，以免不小心違規受到譴責。,3,1,0,5283,,2021/05/08,0,中立
冬天電力供應不穩，需改善以確保露營品質的舒適度。,3,1,0,5284,,2021/05/08,0,中立
A區和CD區分別位於不同的地方，A區停車需放在停車場，而CD區則可停在帳篷前面，但CD區和A區共用浴室和廁所。帳篷滿了的話，洗澡可能要等很久，而在淋浴時可能會感到有點冷。廁所有拉門，還有提供衛生紙。若在CD區靠近後方的位置，要注意離廁所有一段路要走。12月去的話，可能會有一些蒼蠅，而螞蟻難免會侵擾到帳篷和車子。建議選擇位於較前面的營位。小孩應該會喜歡這個地方，因為有沙坑、籃球場、腳踏車和溜滑梯，適合放生小孩。設施包括冰箱和飲水機，建議將食物和飲料準備齊全再開車。下山要花費10幾到20分鐘的時間才會有便利商店711。,3,1,0,5288,,2021/05/08,0,中立
沒有全天熱水供應，孩子們在戲水後洗澡不太方便。,3,1,0,5331,,2023/12/28,0,中立
老闆可以不要那麼緊迫地盯著我嗎？讓人感覺很不自在。,3,1,0,5341,,2022/05/16,0,中立
鄰居在清晨六點割草的噪音讓人難以忍受。應該與房東溝通，希望他能夠提醒鄰居不要在這個時間割草。如果無法改變鄰居的習慣，至少能請求提前告知割草時間，讓露營者可以有所準備。向老闆反映這個問題，希望他能夠處理。,3,1,0,5353,,2020/11/30,0,中立
"營地經營者未能及時回覆, 導致出發當日無法提供建議。再加上當晚才回覆不需前往，但已經出發。草地積水嚴重且蚊蟲眾多，讓人非常困擾。浴室算是唯一良好的設施，但排水速度仍有待改善。",3,1,0,5376,,2019/06/10,0,中立
草地很長，但應該修剪一下比較好。如果A區分三層的朋友同時到達，搭帳篷和付款可能會變成災難，營位很窄且客廳帳搭起後幾乎沒有空間活動。因為車子無法直接到達營區，即使提前收拾好也很難離開，停車場離營區有距離，沒有手推車可用，全靠人力搬運，這容易造成家庭間的不和。可能因為春夏季節加上旁邊有果園，蚊蟲和蒼蠅非常非常多。浴室和廁所還算乾淨整潔。垃圾桶只有入口處有（但這還好），只是如果帳數增加就會爆滿。下大雨時，草地的排水有問題，容易積水。,3,1,0,5426,,2024/05/05,0,中立
11月18日到19日的露營地點很不錯，環境舒適。但早上洗澡時卻遇到突然變成冷水的囧境，差一點感冒。打了三四次電話都沒有人接。,3,1,0,5434,,2023/12/08,0,中立
整體來說都還不錯，唯一的問題是棧板。,3,1,0,5435,,2023/11/08,0,中立
廁所設計很貼心，但只有主要區域設有冰箱，對C區的遊客來說不太方便。B區的大草地適合孩子玩水嬉戲，配有衛浴設施，但卻沒有冰箱，對遊客來說不太方便。A區的營位較為狹長，對於大型帳篷可能有些擠，而且草地並不平坦，有坑洞需要格外小心搭建帳篷。洗手台安排不足，網站預訂顯示3帳，實際提供三個洗手台。另外，營地主人安排我們四帳在同一區。這個季節附近有許多螢火蟲，但也有許多小黑蚊、螞蟻、大蜘蛛（體型不小）、白天也有一些蒼蠅，最令人恐懼的是還有大蟑螂，生態環境非常豐富。,3,1,0,5440,,2023/05/08,0,中立
來自香港的室友很友善和熱情，但每個房客的個人空間很接近，晚上超過十點後其他房客很吵，而且無論勸告多少次都沒用，業者也沒有有效地處理這個問題。玩桌遊的人大聲喊叫，喝酒的人放音樂和大聲談話…幾乎到了深夜十二點才漸漸安靜下來，才能入睡。,3,1,0,5450,,2023/05/08,0,中立
這次我們一群大人和小孩約20位左右，透過網路找到這個地方。整體而言，環境不錯，風景優美，廁所也算乾淨，設備齊全，很方便使用，營主也很友善。但是只給3顆星是因為讓我們感到困擾的事情是，有幾位營主的朋友來打招呼。一開始覺得熱情稍微說聲招呼還可以，但怎麼越來越過分，一直跑到我們的營位，還想我們去喝酒聊天，甚至想找其中一位女士聊天。我們有禮貌地拒絕，但他們死纏不放，不斷返回我們的營位，甚至直接杵在那裡。當時時間已晚，還有小朋友在睡覺，這侵犯了我們的私人空間。我們來這裡是為了放鬆享受，卻被要求和營主的朋友交際應酬，我們對此並不感興趣。這次經歷讓我們第一次遇到這樣的事情，雖然地方不錯，但因為這次經驗會讓我們在考慮是否再次前來。,3,1,0,5468,,2022/05/08,0,中立
抵達時已經兩點左右，營主才開始準備搭設租借的帳篷，直到傍晚才完成搭建。最糟糕的是，半夜睡覺時氣墊床漸漸漏氣，不只一個地方都漏氣了。第一天使用廁所時，味道相當重，小孩一直大喊很臭。第二天早上打掃乾淨後好多了。建議在廁所外放置洗手台並提供洗手乳，特別是在疫情期間，這真的非常重要！,3,1,0,5477,,2022/05/08,0,中立
多帳時會很擠，我建議您選擇包廂。廁所外觀看起來不錯，但清潔卻有待加強。另外，附近的長興國小是一個不錯的遊玩地點。,3,1,0,5500,,2021/05/08,0,中立
廁所還算乾淨，只是小黑蚊蠻多的。,3,1,0,5519,,2020/05/08,0,中立
一些營位地不太平坦，各帳篷間距過於狹窄，需要仔細考慮，跟照片中呈現的不同。,3,1,0,5524,,2019/05/08,0,中立
環境算是不錯，只是帳篷數量太多，有點擁擠，廁所的數量偏少，D區附近的廢水造成了惡臭。早上有隻狗在帳篷附近吵鬧，起床後發現那附近有狗留下的排泄物，心情都受到了影響。,3,1,0,5527,,2019/05/08,0,中立
營地的草皮看起來很整齊，但是收費有點貴，所以人有點多。,3,1,0,5541,,2018/05/08,0,中立
浴室清潔，但入住時卻被告知需要支付額外的搭帳費，這讓整體印象不佳。優點是浴室乾淨，服務人員態度友善；缺點則是搭帳之間距離太近容易碰觸到其他人，地面不平整。入住時才被告知需額外支付300元搭帳費並無法自行選擇搭帳位置，當詢問原因時對方卻表示網站無法載明，這使得入住體驗變得不太理想。,3,1,0,5562,,2023/02/13,0,中立
當營區有很多人時，應該加強垃圾處理。,3,1,0,5610,,2019/03/02,0,中立
這個露營地環境真的很吵，晚上超過10點還有其他露友大聲聊天，小孩尖叫，營地主人卻沒有管理。狗叫聲來自不知是營地或附近的狗，整個晚上都充滿了噪音，加上蚊蟲特別多，真的是不太舒適。,3,1,0,5663,,2018/04/06,0,中立
除了兔子以外沒有特別的，老闆很熱心但是不太擅長聊天，不會主動回訪,3,1,0,5719,,2024/04/08,0,中立
湖邊區的風景很美，感覺很舒適。在大樹旁邊的這兩個位置更棒呢。,3,1,0,5786,,2019/05/08,0,中立
景觀看起來不錯，但露營區有點擁擠且收費有點貴...露營一晚要價1500元。,3,1,0,5791,,2019/05/08,0,中立
這個地方的環境還可以，建築的樓層分為三層，最頂層只有一個浴室，有點不夠用；中間層空間不大，但有四間浴室，需與最下層共用；如果人口較多，建議可以更頻繁地清理廁所，會更好。,3,1,0,5793,,2019/05/08,0,中立
每個房間幾乎都有陽台，所以很適合休息！早上起床就可以欣賞美麗的景色！可惜營區有點小...不過有販賣部，可以補充一些飲料或生活用品！,3,1,0,5844,,2018/05/08,0,中立
這裡的空氣清新，這個地方相當寧靜。,3,1,0,5955,,2021/05/08,0,中立
到山上遠離城市，欣賞美麗的風景，暫時遠離世俗瑣事，讓心情放鬆，為了重新出發！,3,1,0,5968,,2020/05/08,0,中立
要注意小心開車，因為前往營地的山路比較難走。不過營地的風景很美，讓人感受到挑戰的坡度。,3,1,0,6031,,2021/04/26,0,中立
這個地方環境舒適，有設置雨棚，前面的空地不小。營地的狗狗和貓咪很友善，非常可愛，但小黑蚊實在是太多了。沒有一個大人或小孩能倖免，可能需要考慮在天涼些的時候來，這樣會比較適合。,3,1,0,6072,,2023/08/08,0,中立
七月時我租了五帳的櫻花區，但只有一間廁所和兩個洗手台，其中一個洗手台看起來有點老舊且不太方便。有些小黑蚊，稍微不夠用，但營主會提供大隻的蚊香。櫻花區要使用對面營本部的冰箱，但那是營主私人的冰箱，裡面擺滿了醃菜罐等等的物品，帶有阿嬤家冰箱的味道。建議有冰箱的人最好使用自己的。碰巧遇到營主的朋友在山上喝酒，不僅把冰箱裝滿兩箱啤酒，還整天唱歌直到晚上十點，很熱鬧。營區有親人的貓狗，個性穩定對小孩友善。步行約4分鐘還有冷清的溪水可以戲水，營主太太也提醒可以帶蚊香去岸邊。總括來說，場地較小，設備可以加強，但自然環境不錯。,3,1,0,6092,,2023/05/08,0,中立
營地的環境非常惡劣，小黑蚊和蒼蠅擾人不已，加上大雨讓整個營區淹水。地面由於碎石鋪設不足變成爛泥地，非常不舒適。洗澡和上廁所的空間也十分狹小，只有一間營位提供服務，電源供應過於拉長，相當危險。,3,1,0,6093,,2023/05/08,0,中立
營區的主人非常友善，對任何需求都樂意幫忙，這真的很不錯。另外位置離老街也很近，可以在搭完帳後步行到老街逛逛找食物，感覺十分輕鬆舒適。不過在營區也遇到了一些問題：1. 浴廁是共用的，需要排隊上廁所。2. 營區游蕩著幾隻貓，牠們常跑到營位、跳上餐桌，甚至咬營帳，並不畏懼人類，難以驅逐。有時甚至聽見露友在半夜喊著說貓在咬帳篷拉鍊。3. 半夜沒有路燈，造成很多露友在深夜走動探險、聊天，建議增設一些路燈，提供一點點的管制會更好。4. 洗碗洗菜的水槽不夠，也需要排隊，尤其在煮食時間更是擁擠。,3,1,0,6105,,2022/05/08,0,中立
這個露營區的設施不佳，並且價格過高，周遭有更多環境景觀優美、設施更完善且價格相同的露營區可供選擇。,3,1,0,6114,,2021/05/08,0,中立
營地太小，感覺有點擁擠並且分散。,3,1,0,6133,,2019/05/08,0,中立
進到營區的第一個感覺是山坡很陡，讓我擔心家裡的小黑，不過老闆娘非常親切地介紹，還提到晚上會有螢火蟲。到了晚上關燈後，確實看到很多螢火蟲，可惜沒有拍照留念。營區以梯田方式佈局，每個區域都不算太大，廁所和浴室各有一間，插座數量有限。另外，我比較不滿意的是蒼蠅較多，風景則還可以。唯一比較好的是營區下方有一條小溪可以讓小孩玩水，水質很清澈，有大人陪伴蠻安全的。小孩可以在那裡玩上半天，總的來說我並不是非常推薦這個地方。,3,1,0,6143,,2018/05/08,0,中立
廁所和浴室合併在一起，導致晚上洗澡時需要等待使用廁所的人。,3,1,0,6146,,2018/05/08,0,中立
各區位置都很方便，帳篷出租時沒有附帶鋁箔墊。,3,1,0,6148,,2018/05/08,0,中立
雅房對於想要輕鬆露營的家庭來說可能不太適合，讓人有些失望。,3,1,0,6214,,2019/10/21,0,中立
場地還可以，有隻狗會追人。草地還不錯，路程好開，但活動主辦人沒有太多互動，重點是那隻狗會追人哦！,3,1,0,6217,,2019/09/17,0,中立
廁所需要改善！1.最好將廁所和沐浴間分開，否則會感覺很髒！2.網路上的浴廁分配圖與實際有差異，實際廁所數量少，10-11個房間必須共用兩間浴廁。這簡直快讓人瘋狂！3.營區的設計需要改進，因為每次要到營地主要部分拿東西幾乎都要穿過其他人的營區(我在五葉松區)。如果要避開其他營區不通過的話，坡度太陡且階梯設計不良，小孩子經常在那跌倒擦傷。4.碰上一些沒禮貌的露營者，連續兩天都在唱卡拉ok！5.營區地點不錯，離附近景點都很近。,3,1,0,6230,,2019/01/07,0,中立
老闆很貼心，場地維護得很好，草皮也美麗。老闆主動提供蚊香，關心我們。主要是小包場地，景色不多，衛浴設備普通。半夜常有狗來翻垃圾，整晚狗叫聲不斷。,3,1,0,6245,,2018/11/26,0,中立
小區環境優美，是個放鬆的好地方。,3,1,0,6266,,2017/08/21,0,中立
我們的浴室在柚子區有些問題，水流時大時小，水溫也不太穩定，希望可以改善這個狀況。,3,1,0,6267,,2017/07/23,0,中立
這裡的服務態度非常好，老闆娘們也很親切，服務也是相當不錯的。,3,1,0,6284,,2017/03/12,0,中立
在制高點附近，可以看到雲霧飄移在周圍，但很抱歉森林區域比較扁平，所以帳篷只能横著架設，沒有辦法直接面對外面的風景，只能看著別人的帳篷，地面有點傾斜。夜景區風景雖美，卻因為過度擁擠，帳篷只能橫著架，與隔壁帳篷相距很近，無法直接朝外看。浴室的燈光比較昏暗，熱水可以，但水壓不穩定。如果避開超擁擠的話，夜景區也可以考慮，否則下次可能不再光顧了。值得一提的是老闆娘的態度很好，這也是個加分項目。,3,1,0,6335,,2022/05/09,0,中立
這個地方風景很漂亮，可以遠觀京都的夜景，不過因為東北季風增強，所以風比較大，還建議您走之前準備一件外套。,3,1,0,6340,,2022/05/09,0,中立
Google 地圖顯示可以到達竹62，但在試圖通過時發現大門被封鎖，並不確定是否通行。,3,1,0,6354,,2021/05/09,0,中立
高地盤的道路較不易通行，但適合有越野能力的車輛，而且這裡的風景和夜景非常美麗。,3,1,0,6373,,2020/05/09,0,中立
無法通行，無法到達竹62。,3,1,0,6633,,2021/05/09,0,中立
這個地方風景平平，地面鋪設了石子，並沒有提供草皮保護墊。老闆的態度很親切，但我覺得員工有些愛發牢騷。,3,1,0,6634,,2021/05/09,0,中立
營區的最大優勢就是旁邊有溪流和清幽。每個區域都擁有超棒的風景！但營位有點小，帳篷連成一片，有點擁擠讓人不太舒適。我建議每個區域再少放一些帳篷會更好。,3,1,0,6665,,2020/05/09,0,中立
老闆很熱情，浴室整潔，空間不大。,3,1,0,6667,,2020/05/09,0,中立
四月後是個很適合的時候，可以叫上朋友家人一起來欣賞螢火蟲，還可以露營哦。,3,1,0,6678,,2019/05/09,0,中立
冬天如果使用電暖爐很容易跳電，即便是低功率的也會受到強大的寒流影響，B1區只有一組電表，同時開啟兩台380瓦的設備就會跳電。老闆建議使用煤油暖爐，所以如果沒有準備煤油暖爐的話，不太建議在冬天來。,3,1,0,6696,,2022/12/22,0,中立
A2區的景觀空間小，浴廁無法容納碟型天幕。早上醒來時，發現有隻狗在我們帳篷前面大便，差點中樂透了^_^,3,1,0,6702,,2022/09/12,0,中立
晚上狗叫聲很吵，能否請你幫忙控制一下它呢？,3,1,0,6715,,2021/10/17,0,中立
邱先生跟邱太太真是友善的人。,3,1,0,6744,,2019/03/05,0,中立
這次我們在A2區露營，帳篷之間的空間非常擁擠。雖然在出發前知道主辦單位增加了營位數量，但沒想到會這麼擁擠。每個帳篷的面積大約只有5*8平方公尺（不建議攜帶這麼大的帳篷），人多時廁所變得又髒又臭，主辦單位也沒有勤於清潔和處理垃圾。除了風景還算不錯外，其他真的讓人相當失望。,3,1,0,6754,,2024/04/09,0,中立
這次的露營體驗在美景的配合下，不算太糟糕。雖然我們選擇了五帳的包區，但在最後一天收帳時遇到了一些不愉快的情況。首先，洗澡時沒有熱水，讓人感到寒冷並且有些不滿。穿著衣服到其他區等待有熱水的地方。其次，撤營的時間應該在12點前，但卻在11點就有其他客人進來觀看，營地管理人員並沒有有效控制這種情況。這樣的隨意讓人感到困惑。在離開時也碰到了交通擁擠的情況，營地管理人員似乎沒有很好地規劃和控制這些情況。這是我第二次來騰雲露營，但這次的感覺不如第一次好。雖然第一次時帳與帳之間擁擠，但這次在包區卻有其他不愉快的因素。,3,1,0,6767,,2024/03/09,0,中立
這個地方風景優美，設施完善！感覺他們很用心在維護環境！我們預定了平日三天兩夜！第一晚遇到的露營夥伴都很友善，入眠很舒適！但第二天營地管理員告訴我們，晚上有三位露友凌晨一點夜爬，就在我們附近的營位！是的，凌晨一點！請問營地管理員，你真的還允許半夜的夜爬活動，不怕打擾其他露營者嗎？當天我們決定提早離開，下午就結帳離開了！不會介意半夜有人搭帳、敲打營釘的情況！這裡或許可以去碰碰運氣看看！,3,1,0,6772,,2024/01/09,0,中立
這是我第一次來到這個營地，即使路標指示還算清楚，但發現浴室設施有點不足，只有衣物放置架，卻沒有沐浴乳的置物架，洗澡時很不方便！此外，電壓也不穩定，昨晚竟然斷電了兩次，真的很煩人！,3,1,0,6778,,2023/12/09,0,中立
營區的風景很美，但管理不夠完善，有些露營的人在半夜十點多才到，還在半夜一點搭起帳篷，搞得像夜市一樣吵鬧，台灣人的素質還真是令人讚嘆。,3,1,0,6784,,2023/11/09,0,中立
昨晚臨時訂了一個露營區，因為到達晚了，被安排在視野較差的位置。營區根據不同的地形分佈，主營區上還有一個蓋有頂棚的大型活動平台。總的來說，松樹區的樹木還不夠茂密，浴廁雖然劃分區域，但數量和空間都有待改進。感覺營區正在擴建中，許多地方看起來像是在整地。最高點的視野很好，但其他地方一般。有種感覺是，營區的營位密度太高，甚至有點過度擁擠的感覺。沿途經過了九份二山紀念園區，反而是一個很不錯的休憩點。這個露營地作為過夜地勉強可以接受。總的來說，有很多地方可以改善。,3,1,0,6788,,2023/10/09,0,中立
該營區的優點是道路平坦且全是柏油路。特區視野很棒，特別是面對大景時，在好天氣下可看到滿天星星。然而，營位有些太小，只有落羽松區位置較大，其他都是帳帳相連。廁所衛浴設施過少且男女共用，尖峰時刻需排隊等待，廁所也沒有定時清潔。飲水機、冰箱也沒有整理，晚上沒有管制休息時間，一些露友會聊天到很晚。此外，有可能隨時呼吸到二手菸。總體而言，營區管理者表現不錯，但對於一些不守規矩的露友可能束手無策。,3,1,0,6795,,2023/09/09,0,中立
"優點：首先，夏天來臨時景色宜人，溫度適中，只需避開中午曝曬，找個通風處就能感到舒適。其次，當浴室沒有熱水時，反映後立即處理，效率極高。草地保養得相當不錯，排水良好且易於釘植。  

缺點：然而，飲水機與馬桶水箱蓋等多處明顯平台未定期清潔。露營區大量螞蟻出沒，特別注意停放在樹旁的車輛，很快就會爬滿整輛車。與大多數露營區一樣，並未積極制止露營區內吸菸或在深夜清晨喧囂的人們，請備感露營品質需多加留意。",3,1,0,6796,,2023/09/09,0,中立
整體環境看起來還不錯，不過晚上沒有管制，十點後還有人在KTV唱歌，播放音樂聲音很大，講話聲音也很大，客人彼此間並沒有太多互相尊重。雖然每個人的行為都是個人的責任，但缺乏管理確實讓人感到不舒服。,3,1,0,6810,,2023/05/09,0,中立
帳帳的距離太近，冰箱較無整理且有異味。D區3帳包區的浴廁也有異味，搭帳空間較小且廁所與浴室未分開。清潔度還有待加強。然而，營主很親切且樂於協助。搭帳往上走還有觀景平台，風景相當優美。,3,1,0,6811,,2023/05/09,0,中立
這個地方的優點有：夜晚景色好，山景和星空漂亮，衛浴熱水穩定且清潔度佳，滿位時可以協調營位，草地整齊。缺點則有：入口道路狹小難以通行，假日時冰箱常爆滿建議自備，晚上10點後到凌晨2點比較吵雜，有野狗翻垃圾桶並留下垃圾，營位距離過近不適合設置大型帳篷。,3,1,0,6841,,2023/05/09,0,中立
第一次露營時，感覺就像是在市集一樣，帳篷之間幾乎貼在一起，而且營地滿滿的，我覺得建議營地管理者只收取目前營位的60到70%，這樣才能保持品質。,3,1,0,6851,,2023/05/09,0,中立
這段文字表示對露營區有些人的行為感到不滿，因為他們在晚上做出很吵的行為，例如聊天、唱歌、喝酒、甚至唱卡拉ok，讓其他露友無法休息好。希望管理單位能夠設立宵禁，以維持營區的安靜和品質。,3,1,0,6852,,2023/05/09,0,中立
這句話的意思是指環境空間很好，有充足的水電設備，但居家環境較為髒亂，缺乏打掃的習慣。,3,1,0,6871,,2022/05/09,0,中立
營區的面積相當寬廣，有專人負責維護整理，空氣清新，景色也十分優美，只是道路有些狹窄，開車時需要特別注意安全，上山行車要緩慢。,3,1,0,6899,,2022/05/09,0,中立
這個地方景色優美，唯一不足的是上山的路太窄，開車很困難。,3,1,0,6921,,2021/05/09,0,中立
風景很美，草地也很棒，但帳篷相連，感覺有點擁擠。可惜衛浴設施太少，排隊等候的時間比較久。,3,1,0,6955,,2021/05/09,0,中立
我的營位裡的熱水器有2間壞掉了，只剩下一個可以使用。當我換到其他洗澡間時，溫度無法控制，有時會冒出100度的熱水，讓我被燙了2次。幸好我只是用手試水溫。直到我去第三間才解決了洗澡的問題。另外，有人帶狗去露營，造成帳篷營位擁擠不堪，孩子們活動的空間變少了。但風景很美，夜景更是一百萬夜景，生態環境也相當豐富，螢火蟲很多，草皮保養得很好。營區的規劃也很完善。建議營區管理者多多關注衛浴設施和活動空間的問題。,3,1,0,6965,,2020/05/09,0,中立
風景很美，夜晚的百萬夜景讓人目不暇給。可惜的是，這裡的衛浴設施有點不足。當房間滿房時，等待時間比較長，而且熱水非常不穩定，時冷時熱。還曾經燙傷了我老公的手。希望旅館的經營者能夠關注這個問題。,3,1,0,6967,,2020/05/09,0,中立
洗澡的時候水溫難以掌握，需要調整熱水器的設定。對於這個問題，可以考慮改善水壓，以確保熱水器運作穩定。,3,1,0,6974,,2020/05/09,0,中立
設施較簡單，浴室只有兩間，廁所也只有兩間，如果想要趕早出門洗澡，最好提早一點，否則可能要等很久。,3,1,0,6980,,2020/05/09,0,中立
景色很美，但空氣污染很嚴重，營區提供了寬敞的設施，也保留了公共空間，孩子們玩得很開心，但衛浴設施不夠多，好在沒有小黑蚊，可惜傍晚出現了一些大蚊子。,3,1,0,6989,,2020/05/09,0,中立
衛浴設備較為缺乏，每個浴室只放了一台吹風機。營位是由營地負責人分配的，當天因為濃霧遮蔽了視線，沒有什麼美景可看，但有提供飲水機。,3,1,0,6990,,2020/05/09,0,中立
營區路線普通，但風景很漂亮！營區價格稍微有點貴！,3,1,0,7011,,2019/05/09,0,中立
這裡的風景真美，空氣好呼吸，只是廁所有點少。,3,1,0,7013,,2019/05/09,0,中立
這些地方的景觀很美，但是缺少遊樂場所可能是一個缺點。,3,1,0,7026,,2019/05/09,0,中立
搭設帳篷時，位於下方的碎石草地地面不平且有水溝蓋凹洞，不太適合。附近的大鐵皮雨棚看起來有點廢棄。建議選擇上方的類森林營位，比較整潔舒適。,3,1,0,58,,2023/05/06,0,中立
這裡除了台灣大哥大沒有訊號以外都還不錯。,3,1,0,72,,2023/05/06,0,中立
覺得規劃不妥，容易跳電，衛浴清潔不夠彻底，但空間很寬敞。,3,1,0,117,,2022/05/06,0,中立
這家老闆待人友善，細心照顧客人，交通便利且靠近市區。如果是辦家庭聚會露營，這裡是個很好的選擇，可以考慮。不過假日人潮眾多，廁所可能會不夠用。若是欣賞風景，這裡或許不合適，而且海拔較低，可能會感到熱一點。,3,1,0,134,,2022/05/06,0,中立
建議老闆應該處理熱水溫度的問題，現在夏天才能勉強接受，冬天要是也這樣就會讓人冷到發抖。另外，建議老闆專人定期清潔和整理廁所，因為尿騷味相當嚴重。此外，跳電問題也需要嚴肅面對，老闆應該儘快解決這三個問題，因為花了這麼多錢，得到的卻是不滿意的感受。,3,1,0,138,,2022/05/06,0,中立
營位的面積很寬敞，但衛浴廁所的數量太少，洗澡時水流時大時小、溫度時冷時熱！,3,1,0,146,,2021/05/06,0,中立
這個地方還可以，只是沒有提供飲水機。,3,1,0,150,,2021/05/06,0,中立
路況不錯，但還有改善空間。衛生環境可以加強，因廁所清潔不夠及垃圾未清理。,3,1,0,169,,2021/05/06,0,中立
四個月前，朋友們安排好了一個露營計畫。昨天早上，十九個家庭各自出發，北部來自基隆，南部從台南而來。大約11:30，所有朋友都聚在一起，總共有93人，包括小朋友在內。從午餐開始，我們開始暢談、暢食、暢飲、暢歡、暢喊，一直持續到現在。根據目前的情況來看，連續的中秋連假假期，接下來的兩天肯定會非常歡樂！我的心中充滿了期待！,3,1,0,175,,2021/05/06,0,中立
廁所離浴室有一點距離，沒有飲水機，但環境還算可以。,3,1,0,201,,2020/05/06,0,中立
這個地方地勢廣闊，綠意盎然，整理得相當宜人，且通往營區的道路非常順暢。,3,1,0,218,,2019/05/06,0,中立
營區裡有很多落葉，洗澡時水壓不太穩定。寧靜區的一些地方也有許多落葉，下過雨之後潮濕，同樣洗澡時水壓不太穩定。,3,1,0,243,,2022/03/01,0,中立
營主人相當友善，但管理上可能有些不夠周到。雖然尚未到晚上8點以前，別人已經抱怨我太吵，後來營主提醒我要小聲一點。令人感到不滿的是，這種情況發生在晚上10點前，逼得我決定離開。,3,1,0,303,,2023/05/06,0,中立
露營地方幽靜清潔，並沒有太多的燈光，感覺非常寧靜，除了聽到昆蟲和動物的聲音之外，真的是一個很棒的露營地點。,3,1,0,335,,2023/05/06,0,中立
如果擔心營區鄰近馬路的車聲，建議在訂位時選擇靠近釣魚池的位置，這樣會離馬路較遠。營區的營本部和雨棚區相連，如果不想在別人家門口睡覺，就不要選擇雨棚區。營本部有兩台冰箱，在雨棚區露營時，夜裡可能會聽到冰箱壓縮機運轉的聲音，非常吵。營區的路況良好，導航設備可以準確導航到指定位置。五星級衛浴設備非常宽敞，一家四口一起洗澡也不會擁擠，還提供洗髮精和沐浴乳。想要釣魚池要看老闆每天的開放時間，無法隨時都能釣魚。,3,1,0,378,,2020/05/06,0,中立
"優點：露營場地寬敞，營位舒適營地主人用心維護，提供許多親子設施，環境景色宜人

缺點：有非常多野貓，星期五晚上放在水糟裡冰鎮的牛肉被野貓整包咬走，星期六全雞放在鍋子裡冰鎮後被野貓打開鍋蓋偷吃，食材被咬過無法食用，只好丟進垃圾桶裡。早上7:00左右會出現猴群到帳篷附近覓食，需留意食材放置問題。",3,1,0,470,,2024/01/06,0,中立
優點是園區保持得很乾淨，園主非常用心維護。缺點是地面硬，難以插釘，各區的帳篷位置都有被砍伐的樹木殘株，高低不一，有些甚至不到三十公分高，並且缺乏警示燈，夜間需特別小心以免碰撞。同時樹木周圍可能有蜜蜂和虎頭蜂，要特別注意安全。,3,1,0,473,,2023/11/06,0,中立
這個營地整理得相當完善，設備齊全，地面特別堅硬。有許多遮陰的大帳篷，是個熱鬧的地方。,3,1,0,497,,2023/05/06,0,中立
這個營區非常大，約有120個營位，再往下走約300公尺。根據路況評價為4.5顆星。最後一段上山路較難開，注意Google導航會提前指示左轉，但營區主有標示，在再開150公尺後才左轉才是正確的上山路線。關於水電和冰箱方面：冰箱評價為4顆星，兩帳共用洗碗台，晚上洗澡時段容易有電壓不穩情形。4到5區共用一個商用冰箱和一個冷凍櫃，所以先到先贏。至於垃圾桶則評價為1顆星，回收、廚餘和垃圾桶只有在廁所外，不便利。至於浴廁部分：評價為3.5顆星，4到5區共用4到5間浴室和廁所，尖峰時段需排隊，当人多洗澡時，地板排水會溢出來；但水壓穩定，24小時有熱水供應。營地評價為4顆星，不好下釘，要小心釘到歪，但營地車位大且方便。整體營地環境在山中還不錯，是梯田式呈現。活動區設施基本上需排隊，建議自備玩具給小朋友。,3,1,0,510,,2023/05/06,0,中立
"1. 洗澡時要特別小心水溫，有時會又熱又冷的情況發生，大家要留心一下。
2. 碎石路面的石子很銳利，小心跌倒容易造成多處擦傷，安裝釘子時要格外小心，因為地面又硬又難鑽。
3. 乾淨的廁所是一個重要的優點。",3,1,0,522,,2022/05/06,0,中立
這個營區雖然營地空間寬敞，風景也不錯，還有提供冰箱。但是地面有很多石子，安裝營釘困難且容易鬆脫，需要使用較粗長的營釘才能穩固。晚上容易遇到強風，許多帳篷被吹倒，發出一陣驚呼聲。建議在這個營區選擇好天氣來露營，且不太適合新手露營者，供您參考。也有看見有人在車內露營的情況。,3,1,0,526,,2022/05/06,0,中立
營區的環境還算不錯，雖然沒有特別壯麗的景色，但整個營區還算整潔。唯一比較讓人困擾的是洗澡時水溫時高時低，讓洗澡有些困難，其他方面表現還算可以。,3,1,0,527,,2022/05/06,0,中立
營地風力很強，碎石和草皮不容易釘營！廁所設施有限，如果能分區設置衛浴會更方便。不過遊戲設施讓小孩們玩得很開心！,3,1,0,545,,2022/05/06,0,中立
營區的環境很幽靜，唯一的缺點是露營的人和孩子很多，有點吵。他們似乎沒有意識到時間，晚上11點多了還在大聲喧嘩，而且營地管理者也沒有在管理。,3,1,0,547,,2022/05/06,0,中立
整體來看，環境不錯，只是碎石比草皮多，走起路來像在健行步道。浴廁設施雖然數量多，但位置有點遠。不過每小時都有人來清理垃圾和整理廁所環境，算是維持得蠻乾淨的。,3,1,0,550,,2022/05/06,0,中立
這個露營地的道路大部分是兩車道，並且很順暢。露營地散佈著許多尖銳的碎石，建議攜帶不鏽鋼營釘或額外的營釘。周圍風景優美，讓人心曠神怡！遊戲區位於最底部，需走一小段下坡路段。整個露營期間至少有五次以上的跳電情況，建議攜帶非插電的照明工具。廁所的熱水不穩定，可能會有冷熱交替的情況。露營地沒有飲水機，請記得攜帶足夠的水。,3,1,0,560,,2021/05/06,0,中立
營區空間很大，非常適合小朋友放電，營主很體貼，水上遊樂區也有遮陽傘，讓家長和小朋友在戲水時不會曬傷。還有一些地方可以改進！首先，垃圾桶放得太遠了。其次，廁所內外的照明不夠，晚上很危險。再者，熱水器有時冷有時熱。最後，營區的營釘不好下，地面有太多碎石，很容易被石頭擦傷。,3,1,0,573,,2021/05/06,0,中立
地板又硬又滑，還淹水。,3,1,0,575,,2021/05/06,0,中立
"1. 雖然石頭地不適合紮釘，但不用擔心爛泥問題。
2. 帳篷租借時沒有提供搭建或教學，但有朋友一起研究，解決了這個問題。
3. 進入營地後沒有見到營主，也不清楚他去了哪裡，這點有些不像其他熱情款待的露營地。
4. 須自己處理帳務，有點麻煩，而且價格比外面租的還要貴。
5. 充氣墊沒電充，好在有朋友幫忙，否則可能會不知道該怎麼辦。
6. 洗澡水溫難以掌握，有一陣子又熱又冷，所以後來索性不洗了。
7. 兒童娛樂設施有限且遠離露營區，無法近距離看到孩子們玩耍。
總的來說，雖然這些問題不是太大，但希望能有改善。",3,1,0,583,,2020/05/06,0,中立
路上塞車，導航建議經過內灣老街，周末交通擁擠。營地地面堅硬，有許多石頭，一般的營釘難以插進去。浴室設施還算可以。,3,1,0,592,,2020/05/06,0,中立
這塊碎石地真的很困難走，釘營也超難，東北季風更是強勁，把帳篷都吹壞了，露天露友們只好趕在夜幕降臨前撤營，真是一次慘痛的經驗啊~,3,1,0,613,,2019/05/06,0,中立
場地環境優美，需要更多宣傳和投資。,3,1,0,625,,2019/05/06,0,中立
露營地的硬化地面很棒，但碎石地不容易釘營釘。,3,1,0,634,,2019/05/06,0,中立
希望獨立廁所的數量能增加一點。,3,1,0,636,,2019/05/06,0,中立
周邊沒有遊樂設施，只有果園。,3,1,0,638,,2019/05/06,0,中立
就是地上有太多泥土和石頭，所以難以擊入營釘。,3,1,0,658,,2018/05/06,0,中立
碎石地太硬，無法將營釘釘入。廁所不夠，垃圾桶也不夠。,3,1,0,687,,2020/11/28,0,中立
這個營區雖然非常適合小朋友，但排水情況非常糟糕。雨下不到5分鐘就會積水，還比營釘還高。當大雨來臨時，營主只是簡單來了解情況就離開了。這個營區碰巧是我們三年來遇過最糟糕的排水環境，地面又不平又多碎石，再加上蚊蟲蠅螞蟻，谷蟲等等。不過，天氣好的時候這個營區可能是個很棒的地方，特別是對兒童來說。,3,1,0,700,,2020/05/18,0,中立
整體來看還算不錯。營位很寬敞，5*8天幕搭建空間很充足，但是打釘實在是有點困難，而且在風大的時候可能會有釘子被拉出來的危險。,3,1,0,722,,2019/03/14,0,中立
晚上使用浴室時會感到通風，感覺有點冷。,3,1,0,820,,2017/05/02,0,中立
整體環境不錯，視野很好，而且附近有便利店（全聯），唯一要小心的是山路陡峭，對車輛有影響。另外也有些與老闆誠信有關的問題，讓整體體驗感覺打了折扣。,3,1,0,859,,2023/05/07,0,中立
D區女生只有一間坐式廁所和一間淋浴間，有些人認為這樣不太夠用。當媽媽們帶孩子去洗澡時，要等候的時間可能會很長。建議增加坐式廁所或者裝設安全扶手，這樣對老年人或不習慣使用蹲廁的人會更方便。同時，DE區共用一個冷凍庫，希望未來也能提供冷藏功能。此外，設置一個大雨棚可以讓大家在下雨時遮風避雨。,3,1,0,925,,2019/05/07,0,中立
環境和衛生狀況良好，地點風景優美，空氣非常新鮮。,3,1,0,926,,2019/05/07,0,中立
這個地方交通方便，開車到三星鄉的味珍香或全家大概需要10-15分鐘。周遭也有一些景點，像是松蘿與九寮溪步道。秋冬時節較容易刮大風，可能會讓夜間睡眠感覺不太穩定。,3,1,0,940,,2018/05/07,0,中立
這個地方適合涼爽的天氣露營，位置靠近市區，夜景也很美麗。,3,1,0,944,,2018/05/07,0,中立
在營地碎石地上釘釘子時要小心一點，因為地面比較硬。,3,1,0,982,,2021/12/14,0,中立
在C區草地排水問題嚴重，因為設置了過多的護草墊，導致小朋友們無法暢快奔跑，反而多次跌倒並受傷。整個遊戲空間中只剩下靠近沙坑的一小片地方可供利用。不過，這區域優點是設有熱水水槽和獨立的衛浴區，但衛浴清潔狀況一般般。,3,1,0,1042,,2024/02/07,0,中立
要記得從內灣那邊上去，雖然車子有點多，但路程比較短。,3,1,0,1062,,2023/05/07,0,中立
這句話的意思是“一般般，上坡小路上有雜草和樹枝需要修剪，評分是3.5顆星”。,3,1,0,1080,,2023/05/07,0,中立
看了大家的評論之後，對過去的行程很期待，也向老闆確認了飄飄河的開放情況，結果發現只有A區有開放，其他區根本沒有開放，讓我感到有些失望。不過，有一個貼心的地方是水廁裡有防蟲的紗網。,3,1,0,1273,,2023/10/07,0,中立
下午下了一場大雨，導致場地變得泥濘。可以觀察到砂石鋪設不夠多，而其他區域鋪上的石頭較多，相對乾爽。設施方面算是不錯，尤其對有小朋友的家庭來說，可以玩水和放電。水源感覺像是直接流出山上，這個季節可能會有蝌蚪從水管中跑出來。晚上則可以看到許多昆蟲和各種蛾類。,3,1,0,1287,,2023/06/07,0,中立
"新營主非常熱情且周到，保持衛浴和廁所的乾淨並加強消毒，每個區域都有專屬的廁所和衛浴設施，非常適合防疫。此外，衛浴也提供沐浴乳和洗髮乳。然而，只有A區（營本部）提供一座冷藏冰箱、一台飲水機和一台脫水機。在整個A到F區，僅設置一台冰箱實在太少了，建議增加數量。

營區內有許多流浪貓狗，睡前要注意保管食物，貓咪可能會跳上桌子找食物。如果遇到熱水器沒電的問題，幸好老闆娘當值提供協助更換電池，但是無法接受的是熱水器水壓不穩，時而太熱時而太冷。建議改善，以免在冬天遭遇問題。最近在C區包區露營，發現4個營位實在過於擁擠，幾乎沒有活動空間，但感謝老闆提供水球和可樂給小朋友。遇到3天大雨後發現C區積水不退，變成爛泥坑，容易滑倒，但其他區域如A、B、D區都沒有積水現象。營主承諾會改善這些狀況。",3,1,0,1347,,2023/05/07,0,中立
營主人很友善，但營區劃分不夠完善，所以先到先得。,3,1,0,1377,,2022/05/07,0,中立
總的來說還算可以，可能營區評價不太高，沒有充足的帳篷，我們兩個人共用同一個帳篷C區，如果有4個人可能會稍微擁擠。冬天去的話沒有蚊蟲，只看到一隻小蟑螂，衛浴設備還不錯，但需要自行保持清潔，否則如果營地管理人員沒有打掃過，旁邊就是大馬路，有時會有重型機車隊經過很吵。可能也因為馬路旁邊有一隻大野狗闖進我的帳篷。,3,1,0,1382,,2022/05/07,0,中立
這個營地似乎以前管理得很用心，但現在已經荒廢了。可能因為大家都在補班補課，所以我們包下了整個山。營地沒有大門，讓人覺得安全性不高，會有過路客直接把車開進來參觀大觀園或上廁所。營地主人似乎只在收錢時才現身。另外，浴室的水溫時冷時熱不穩定。,3,1,0,1388,,2021/05/07,0,中立
洗澡時瓦斯不足，晚上洗澡感覺很冷，不過草莓價錢很便宜。,3,1,0,1389,,2021/05/07,0,中立
A區旁邊有一條小溪，而營位旁有一個生態池，裡面長滿了蝌蚪、青苔和水草。裡面的水道水質不太清潔，感覺很滑，小朋友在玩水時要格外注意。這個地方有一些缺點：1. 廁所很髒，每天只固定打掃一次，需露營者提出要求/提醒才會清潔。2. 營區排水慢，沒有提供護草墊，但可以提供帆布。3. 營位不大，而且帳篷必須相連。4. 水槽旁邊沒有垃圾桶，垃圾桶也沒有蓋子，半夜時會有流浪狗來翻垃圾。而這個地方也有一些優點：1. 浴室的水量大、溫度穩定，有提供洗髮露和沐浴露。2. 提供冰箱、飲水機、脫水機，泡湯有特價優惠。,3,1,0,1401,,2020/05/07,0,中立
建議在前往漂漂河前先詢問是否有開放；區域整潔度需要改善，現體驗和價格不成比例；排水系統有待改善，下雨後可能會有積水；建議攜帶自己的護草墊，以免需要向他人借用。,3,1,0,1410,,2020/05/07,0,中立
腹地面積很小，搭完帳後幾乎沒有活動空間，但環境整潔度還可以。,3,1,0,1412,,2020/05/07,0,中立
希望營地的蹲式廁所能夠更加乾淨，當我打開時看到一些沾染的痕跡，真的不太雅觀。,3,1,0,1413,,2020/05/07,0,中立
D區的車位較小，我們四個營位的人勉強將車停進去，否則就得停到路邊。考慮到營區位於路邊，我們需要特別注意小朋友是否會跑到馬路上去。如果要來真的比較適合包區。,3,1,0,1453,,2022/10/12,0,中立
C區的排水系統和水壓需要改善。新的營主很熱情，衛浴和廁所保持乾淨，也有幫忙消毒。請留意睡覺時食物收好，因為貓貓可能會跳上桌子找食物。建議營主改進C區的排水系統和衛浴水壓。,3,1,0,1457,,2022/06/27,0,中立
期待與實際有些許落差。,3,1,0,1472,,2021/03/03,0,中立
C區的浴室和廁所真的很髒，還有很多蟑螂呢。可能是因為營地的營主沒有在現場，所以這次去的時候被隔壁區的人吵到無法入睡！一群年輕人晚上10點開始唱卡拉OK，一直唱到半夜12點！第二天和營主抱怨，但營主好像也無法解決問題，或許要考慮下次選擇其他營地了⋯⋯,3,1,0,1475,,2020/08/21,0,中立
總的來說還是可以推薦的。儘管在路邊，整體來說還算不算太吵。,3,1,0,1478,,2020/03/04,0,中立
這個營區位置在山谷裡，夏天有點悶熱，而且廁所非常髒，沒人打掃，我不會再去第二次了。,3,1,0,1479,,2019/12/23,0,中立
B區營位的夜晚體驗優點是環境乾淨，靠近北埔市區，補給十分方便，且不想自行烹飪也不成問題。適合短期放鬆的輕裝露營。然而，需要留意的事項有：1. 營區照片未更新，A區的設施（鞦韆、水池、沙坑）可能已消失，只剩下草皮區域，需自備遊具。2. 洗澡時可能會遇到顯示無熱水（大約在2030左右），可能是尖峰時段的原因，洗澡用品的按壓可能會故障。3. 標榜2200後需保持安靜，但第一晚鄰區晚上喝酒導致喧囂到深夜，第二晚則有小孩比賽和奔跑聲音一直到2230，營區管理員未有實際出來規勸。,3,1,0,1524,,2023/12/07,0,中立
雨天不適合前來，碎石區變成泥濘地，水患嚴重；衛浴雖然沒有乾濕分離，但希望至少能增設垃圾桶，減少氣味和美觀受影響，從衛浴到營地的排水也需要加強。碎石區的大斜坡在雨天變得非常危險，成人和孩童都跌倒過幾次，務必處理。,3,1,0,1526,,2023/11/07,0,中立
營地主人親切有禮，但少了親子浴室。,3,1,0,1574,,2020/05/07,0,中立
這個營區雖然小巧，但停車空間明顯不足。遊戲區非常有趣，孩子們玩得不願離開。但遺憾的是，蚊子實在太多了，全家人都無法幸免，每個人至少被咬了200個包。因為孩子被叮得太多，只好強行帶回家。除此之外，這其實是一個很方便的營區。,3,1,0,1578,,2020/05/07,0,中立
在北埔市集附近，營區很小，接近營區的道路狀況良好且容易找到，唯一要注意的是有許多小黑蚊。,3,1,0,1581,,2019/05/07,0,中立
車道和場地的配置還可以，比較適合中小型團體使用。設備也蠻乾淨的。,3,1,0,1592,,2019/05/07,0,中立
在路口的地方應該要設置更清晰的路標，這樣會更方便。,3,1,0,1711,,2018/03/20,0,中立
營區人潮眾多，隔壁營區非常吵雜。再者，營區內的道路狹窄，車子底盤也被刮傷了。,3,1,0,1753,,2023/11/07,0,中立
帳單太多了，有點像隔間的分租套房，如果帳單堆滿了，就沒有空間做其他活動了。浴廁還算乾淨，但數量上比例有點少。,3,1,0,1767,,2023/05/07,0,中立
營地的設施還可以，但共用的電箱和洗菜枱只有兩個，不太夠用。另外，廁所和浴室還可以，但屋頂是透光罩，在夏天裡面會很熱，感覺像是在烤箱裡一樣。還有，廁所前面只有一個小小的洗手枱，不方便也不夠用。,3,1,0,1780,,2023/05/07,0,中立
營地各區地勢不大，平常日只有一輛車時才不會感到擁擠，但夕陽的景觀通常會被樹木遮擋住。最上層的營位靠近馬路可能會有點吵，不過整體環境還算乾淨！唯一讓人不太滿意的是，入住時商量好了車輛停放不打折，算了露營原價，但第二天拔營前才告知露營車不能充電，要額外付費！付了同樣費用，露營可以充電，為什麼車輛不能？總覺得營區對車輛住宿不太友好，喜歡車輛露營的同好如果需要進入園區入住，請謹慎考慮…,3,1,0,1787,,2022/05/07,0,中立
我的朋友載我來和家人露營，雖然朋友是訪客，但不到一小時內，每個人都需要付100元。我並沒有被要求付100元，因為我是和家人一起露營的。那麼如果是和我一起露營的就不用嗎？如果我們事先說好要在一起露營，那就不需要支付這筆費用嗎？我不是希望免費入場，只是覺得收取100元有點偏高。建議可以依據逗留時間收費，例如入場一小時內免費，超過一小時收取50元，超過兩小時再收取100元，但每人最多收取100元。如果司機只是把我們載進去喝杯茶，也要收100元，這樣感覺不太合理。,3,1,0,1796,,2022/05/07,0,中立
這個地方的環境相當宜人，可以步行約30分鐘到達觀景台，可以欣賞到360度的美景。參觀營地只需每人100元，位於最上面靠近路邊的營地地面是用磚鋪成的，但不適合釘營釘。,3,1,0,1800,,2022/05/07,0,中立
環境美麗，但浴室的熱水有時會變冷變熱。,3,1,0,1830,,2020/05/07,0,中立
今天濕氣重、霧氣濃，所以晾衣服需要額外花費一些時間。,3,1,0,1831,,2020/05/07,0,中立
在第一次夜間露營時遇到了非常濃厚的霧，車頭燈所照亮的景象都讓人聯想到水滴。營地很大，有許多斜坡，冰箱位置很遠但容量很大。營地老闆通常會帶著露營者到附近走走，但將露營者用貨車載運，包括大人和小孩，有些不太安全。建議提供地圖讓露營者能夠自行開車前往，這樣會更方便也更安全。,3,1,0,1834,,2020/05/07,0,中立
草地很舒適，營地主人也很友善，但晚上的蟲蟲實在太多讓人難以忍受，而且衛浴設施也太少了。,3,1,0,1858,,2019/05/07,0,中立
老闆很貼心地提供夏日消暑茶飲，並且非常用心栽種樹木和經營露營區。,3,1,0,1859,,2019/05/07,0,中立
風景很美，但有點遺憾的是沒有提供洗浴用品和吹風機，方便性減分了。,3,1,0,1861,,2019/05/07,0,中立
五月天的白天中午以後很炎熱，晚上則涼爽一些，露水比較多，草木茂盛，不過蒼蠅和蚊子有點多，衛浴間比較少，洗澡要排隊等，建議在中午之前搭營，第二天早點收，這樣比較不會太熱。,3,1,0,1864,,2019/05/07,0,中立
露營地主不理會露營的客人，半夜仍然有人在打麻將、大聲喧嘩，洗澡時完全沒有熱水。孩子洗澡也沒有熱水，他只好硬著頭皮忍著寒冷洗完澡後告訴我們，我們趕緊向營地主反映問題，營地主後來派人來更換瓦斯，但仍然沒有熱水供應，營地主也沒有表達任何關心或歉意，當我們告訴營地主孩子是在冷水中沐浴時，營地主直接裝作沒有聽到！另一個區域也是洗澡過程中突然沒有熱水，等了十幾分鐘後換了瓦斯，情況依舊，孩子在星期日晚上發燒了！我想問營地主為什麼不巡視一下是否有足夠的瓦斯供應，在夜晚溫度低下，客人必須忍受冷水浴才通知營地主，這樣的做法似乎不太合適！此外，營地主完全不管客人的情況，半夜兩點還有人在一區打麻將，另一區則有人大聲喧嘩，整體感覺真的很糟糕！,3,1,0,1879,,2024/04/23,0,中立
住在G區，水槽是兩個帳篷共用一組的，旁邊的棧板上沒有帳篷，不然就是三個帳篷共用。只有一間廁所和一間浴室，不太方便，但還算乾淨。插座位置有點遠，需要用兩條長度分別為10公尺和15公尺的電源線來接。活動空間有些不足，只有營區的基地才有冰箱。,3,1,0,1907,,2022/04/13,0,中立
營區有點擁擠，狗狗經常來咬鞋子。,3,1,0,1942,,2020/08/12,0,中立
這次預定的是七號草地區，場地形狀狹長，非常小，根本無法容納七個帳篷。我已經告訴了營地負責人，但他的回應是無法接受。,3,1,0,1956,,2019/08/03,0,中立
這裡有太多蟲了，而且7號區的場地太小了，小孩子都沒地方跑，不建議露營！,3,1,0,2024,,2018/06/20,0,中立
營位空間有些擁擠，洗手台不夠使用起來不方便。廁所明顯不夠，但其他方面都還可以，營地負責人非常友善。,3,1,0,2035,,2018/05/01,0,中立
"原文大意：2017年12月30到31號和2018年1月1號的時候，我們預訂了A區的10個帳篷，但因為不明原因，多擠了三個帳篷。營地主人說是訂位系統出了問題，但又不確認對方的訂位資訊，很客氣地不想得罪任何人，卻要我們受損失。雖然只有一晚，但我們五個月前預訂的意義何在？其實心裡很不滿，雖然我們也快樂地度過了三天（不然我們該怎麼辦），希望下次營地主有主見，不要再把責任推給別人，該解決問題就要果斷解決。

改寫後：在2017年底和2018年初，我們預訂了A區的10個帳篷，卻不知道為什麼多了三個帳篷。營地的主人說是因為訂位系統出了問題，但又不願意確認對方的訂位資訊，雖然很友善地不想得罪任何人，卻讓我們蒙受損失。儘管只有一晚，但我們提前五個月預訂有何意義？其實心裡很不滿，雖然我們也快樂地度過了三天（否則我們應該怎麼辦），希望下次營地主有自己的想法，不再把問題推給別人，解決問題就要果斷處理。",3,1,0,2060,,2018/01/08,0,中立
在這個營區，營位的大小和網站上標示的不太一樣。我們進去後並沒有看到指定的營位，卻被要求支付尾款，讓人感到不悅。當我們要搭建方形天幕時才發現，原來營位太小無法搭建（我們是在草皮區域單帳那邊）。方形天幕的大小是440*550，但營區網站上標示的營位大小卻是5*5。只是提供大家參考，沒有其他意義。,3,1,0,2116,,2017/07/14,0,中立
浴室有很多蚊蟲，容易讓身上出現 Dior 標誌。沒有提供飲用水，上山路不好開，離景點還要二十五分鐘。G 區只有 g1 有景，但夜景不如宜蘭市。也許不會再去了，一千塊還有其他值得去的地方。,3,1,0,2175,,2023/05/07,0,中立
這次在宜蘭露營真是有點倒楣，整個G區下了整個周末的雨，到達時因為水汽濃霧，整個區域非常昏暗，再加上排水不良，到處都是水坑，搭建帳篷變得相當困難。而且由於天氣不好，看不到任何美景... 下次應該要考慮選擇其他地方露營了。,3,1,0,2176,,2023/05/07,0,中立
無法繼續營建工程讓人感到沮喪，因為山路未經整修而變得難以通行。,3,1,0,2187,,2022/05/07,0,中立
廁所間數不足，導致必須排隊不太方便。,3,1,0,2222,,2020/05/07,0,中立
G區的景色相當美麗，可以俯瞰龜山島和蘭陽平原的夜景。晚上關燈後，天空布滿星星，偶爾還能看到銀河。小孩子們會非常開心，在草皮上玩耍，玩沙、玩水也很方便。但要注意水池邊緣比較高，沒有上下處。管理員都很好很熱心，廁所和衛浴都打掃得很乾淨。AB區的浴廁較遠，如果帳數多的話可能會不夠用，而且冷熱水控制不太方便。另外，有提供水桶，但碰到了許多蒼蠅。,3,1,0,2225,,2020/05/07,0,中立
剛好碰上營區住客行為不佳，學生在深夜大聲喧嘩，老年人又在清晨五點聊天上廁所，浴廁的清潔也維持得很差...... 熱水供應也不穩定.... 來這個營區可能要看您的運氣了。,3,1,0,2229,,2020/05/07,0,中立
營地比較小，不過海拔相當高，在晴朗的晚上可以看到星空。建議避免在炎熱的大中午時分上山露營，因為沒有遮蔽物可以遮擋陽光。水電方面是沒問題的。,3,1,0,2236,,2019/05/07,0,中立
G區夜景確實美麗，但浴室設施需要改善，並且需要更加重視環境衛生議題！,3,1,0,2244,,2019/05/07,0,中立
那個地方真的糟糕。生日難得去那裡過，從台七甲上去轉段路完全沒路燈，至少還要開20分鐘。夜間前往的人要留心，營區裡的蟲真的是超多，而且也沒有飲水機。已經預訂入住的朋友們請小心。看到露營樂網站上的照片應該是幾年前的了吧，一帳篷1000元，還有很多更好的選擇。,3,1,0,2278,,2022/12/08,0,中立
G區的營位景色白天和晚上都很美，感覺截然不同！草皮長到膝蓋，環境看起來有些荒廢。偶爾會看到虎頭蜂在四處飛舞！營位配備衛浴設備，還有冰箱和冷凍櫃，非常方便。洗澡間和廁所是分開的，但衛浴清潔程度有待改善！整個營地最值得欣賞的是風景，選擇Ｇ區可以看到夜景和龜山島！,3,1,0,2281,,2022/08/01,0,中立
雖然下雨了，但地面不泥濘。孩子們依然玩得非常開心。,3,1,0,2285,,2022/04/08,0,中立
看起來這裡比較忙，環境有點凌亂，而且設備設施有些老舊囉。,3,1,0,2288,,2021/11/22,0,中立
第二次去了G區，發現帳篷空間很小，營地規劃混亂。車輛停放雜亂，公共區域受限，有人甚至將車停在別人帳篷前。這裡有18個帳篷，但只有2間衛浴和4間廁所，洗澡水溫時冷時熱。雖然提供了兩台冰箱，但不夠冷，導致食材腐壞，洗菜洗手需要到廁所區，相當不便利。一晚上跳電5、6次，早上5:30又跳電！夏天沒電扇可用，只好早點離開。唯一優點是風景不錯，晚上睡得很涼爽！總結，千萬不要選擇G區！,3,1,0,2303,,2020/06/29,0,中立
需要補強草坪墊、修整營區階梯、清除衛浴空間的蚊蟲。,3,1,0,2311,,2020/02/22,0,中立
連假期間去的營地雖然一直下雨，但仍然吸引了許多人前來，營地似乎設備不足以應付如此多的房客。另外，原先的冰箱有點髒，希望能夠提供更多冷凍式分離冰箱。,3,1,0,2315,,2019/07/17,0,中立
"1. D區和F區的營位距離車道太近，對小孩來說有危險。 
2. 浴室熱水時冷時熱。 
3. 不確定是放在冷藏還是冷凍庫？不夠冷。 
4. 這次露營不巧遇到一對喝醉的夫妻在吵架，半夜大聲爭吵吵醒了不少露友。希望晚上營區能有管理員或是營主在場，以便及時處理任何問題。",3,1,0,2368,,2018/04/09,0,中立
元旦那天下雨真讓人有些不舒服。上層區域的規劃不夠完善，浴廁設施也只是普普通通的，和去年的感受相比，差了許多。,3,1,0,2377,,2018/02/12,0,中立
天氣不佳，無法享受美景，期待下次再訪！沙坑區的遮雨棚已損壞，影響小朋友玩耍，建議盡快修復。營位的洗手台沒有清潔，上面有很多汙垢，有些令人反感。,3,1,0,2379,,2018/01/05,0,中立
營主很友善，營地不錯，營主待人有禮。,3,1,0,2452,,2016/12/30,0,中立
環境整潔，草地看起來很漂亮,3,1,0,2528,,2021/05/07,0,中立
我不太建議參加週五的露營活動，因為營地主人半夜才到家，我們得等他到家才能使用冰箱冷藏食物。不幸的是，第二天主菜雞肉已經壞了。不過，值得一提的是，衛浴設施很乾淨，營地主人也非常勤於維護每個區域的公共清潔。,3,1,0,2542,,2021/05/07,0,中立
營地整潔，衛浴設施乾淨，風景還可以。距離瀑布很近，大概需時40分鐘。,3,1,0,2549,,2020/05/07,0,中立
這個地方雖然沒有太多設施，但讓人更能親近大自然，蟲鳴鳥叫聲不絕於耳。周邊有瀑布和清涼的溪水，還有一個平坦的小水池，適合小朋友玩水。整個營區環境很棒，唯一的缺點就是螞蟻比較多。,3,1,0,2550,,2020/05/07,0,中立
這個地方很自然。毛蟲很多，夜晚可能會有各種昆蟲出現，對於怕昆蟲的人要慎重考慮。空氣很清新，但缺乏景色。營區主人非常辛苦地清理垃圾和保持浴廁整潔。,3,1,0,2582,,2022/12/08,0,中立
在C區選擇露營，需要觀察其他露友是否有公德心。當晚入住時，有人在十點半大聲聊天，還有人在彈吉他；在浴室，晚上十一點仍有人在使用吹風機並大聲聊天。雖然詢問了老闆後得知晚上十點後應該禁止大聲喧嘩，但面臨以上這些情況後，老闆並沒有出來管理露營地的秩序，也沒有向進入營地的露友宣導。這時只能靠運氣了。,3,1,0,2622,,2019/08/20,0,中立
環境不錯，營主很用心地顧及品質。遺憾的是，出入口的道路狀況不佳，造成底盤被刮了好幾條。泳池磁磚需要改進，小朋友不慎被磁磚划傷，好在營主提供了保險，顯示出盡責的態度。,3,1,0,2746,,2023/05/07,0,中立
這個地方沒有提供飲水機和沐浴用品，需要自行準備。周圍景色普通，並且附近有農地，蒼蠅很多。上山的路很窄，路況也不太好，底盤較低的車輛不建議前往，而且交通很不便利。總括而言，個人不推薦前往這個地方。,3,1,0,2787,,2021/05/07,0,中立
營區早上10點才開門，所以不用太早來，以免打擾到營主，造成困擾，我們深感抱歉。,3,1,0,2793,,2021/05/07,0,中立
草地區到洗澡堂有些遠。,3,1,0,2797,,2021/05/07,0,中立
新的地方很不錯，你可以來玩，空氣很清新。,3,1,0,2801,,2021/05/07,0,中立
基本設施尚可，但從傍晚到隔天總是散發出雞糞肥浓烈的气味，相當令人困擾。此外，那種氣味一直縈繞身邊，有點不舒服。之前曾經遇過各種昆蟲很多的露營地，但從未遇過像這些蜜蜂般一直跟著你的，真的令人困擾。,3,1,0,2812,,2020/05/07,0,中立
營地的規定明確禁止了卡拉OK，但是現在卻有兩組卡拉OK在同時放聲。我原本以為選擇在山上露營可以享受清新的空氣和美景，結果卻被吵雜的聲音困擾。這讓我的露營體驗打了折扣。不過，其他方面，如廁所的整潔和營地的乾淨程度真的令人讚嘆，這真是一個好地方！,3,1,0,2834,,2019/05/07,0,中立
周邊都開發了，視野還算寬廣！,3,1,0,2842,,2018/05/07,0,中立
營主非常熱情，提供了地下噴水池，孩子們玩得很開心。,3,1,0,2855,,2023/02/16,0,中立
路況：在白蘭部落的道路相對來說還算好走，但進入營區內部的道路比較陡峭，需要特別注意。冰箱：只有冷藏區，沒有冷凍區，而且冰箱只能在營區的營本部使用，需要走相當長的一段路才能拿取東西。浴廁區：四區和六區的浴室與廁所是合併在一起，且沒有乾濕分離，水泥地板長期潮濕有些微青苔。考慮到營區分區眾多，若大家同時在熱門時段使用，浴室與廁所一定會不夠用。浴室使用瓦斯，同行伙伴沖洗過程中熱水到一半就沒了，需要中途更換使用，幸好旁邊的浴室剛好沒有人使用。熱水的控制問題嚴重，不小心容易受涼，且浴室沒有加裝紗網，內部有時會有很多蟲。最後，唯一的小便斗有漏水問題使使用者體驗不佳。營位：營位蠻寬敞的，使用空間充裕，而且地勢平坦適合釘營。不過營地有些地方有點傾斜，可能會影響桌椅或床位的使用。供電：這次晚上突然停電，其他區域也都無法使用電源，直到營主後來修復才恢復供電，我們因為用電不多並不太受影響，但其他區的使用者就不得而知了。,3,1,0,2964,,2024/01/07,0,中立
營地在8區，共有7座帳篷和2座天幕，位置很寬敞，目前還有空間可以再搭2個帳篷。不過8區的草地維護得不太理想，有些地方有坑洞，下雨後變得泥濘。營地提供垃圾桶和回收設施，有充足的電源插座，洗碗台也很大且乾淨。前往第8區的路途要小心，因為有幾個大坑洞和石頭，角度會較為陡峭，要注意左邊，以免底盤受損。草地上的坑洞在下雨天容易積水，營地缺乏護草墊，希望可以有所改善。廁所是與第7區共用，整潔度還算可以，經常有垃圾清運，熱水充足，但第二天洗澡時發現沒有熱水了。風景包含雲海和螢火蟲。冰箱位於營地入口處，距離較遙遠且只有一個冰箱，建議可以在兩區之間增加冰箱。夜間開車前往的露友要留意路況，中途有幾個大坑洞和水溝，且可能會有濃霧。,3,1,0,2986,,2022/05/07,0,中立
第一區營地風景很美，但兩隻雞輪流叫整整 24 小時，實在太吵了。更奇怪的是，10 月份二露六區的雞不見了，竟然變成了貓。就在這時，浴室的熱水器出現異常，還有瓦斯味道，洗到一半變成冷水。唉，還是三星比較好。,3,1,0,3000,,2022/05/07,0,中立
個人不太喜歡廁所和浴室合在一起，特別是如果環境比較老舊、有蟲蟲多、味道不太好。不過除了這個問題，其他地方的風景和草地都很棒。,3,1,0,3008,,2021/05/07,0,中立
露營時碰上吵鬧的鄰營算是有點運氣，但主辦單位也應該要及時管控。有些人一直吵到凌晨兩點，雖然營主很友善熱情，但整體露營體驗還是稍稍受影響。至於廁所和浴室的設施還算可以接受。,3,1,0,3011,,2021/05/07,0,中立
櫻花盛開時景色美不勝收，受風吹拂更顯優美。然而，地方內的廁所較為狹小，多人洗澡時可能會遇到水溫不穩的情況。另外，供電電壓稍有不足，同時使用兩台吹風機易造成跳電現象。,3,1,0,3014,,2021/05/07,0,中立
場地較狹窄，建議前往天湖露營區。,3,1,0,3018,,2021/05/07,0,中立
營區的房間規劃較寬敞，但廁所沒有天花板，晚上會有許多昆蟲飛進來，讓小孩在洗澡或上廁所時感到害怕。此外，冰箱設於營區中央，如果營主不在或休息時間，會鎖上，這對想將食材放入冰箱的露營者來說有些不便。,3,1,0,3036,,2021/05/07,0,中立
在這個時候，四區樹影稀少，陽光相當炎熱，山景還算不錯，只是設施稍嫌簡陋（不是在花季有些乏味），需要付費才能見到營地負責人。,3,1,0,3052,,2020/05/07,0,中立
供電30安培的二區有跳電超過8次，感覺不太穩定，另外廁所衞生需加強。,3,1,0,3064,,2019/05/07,0,中立
2015年的時候和朋友一起去露營，當時選擇了一個靠近大自然的營區。浴室是共用的，是使用熱水器，所以水溫會受到隔壁是否在使用的影響。當時晚上還有烤麻糬，現在回想起來真的很美味。,3,1,0,3077,,2019/05/07,0,中立
夜景很美，但是浴室設備有點簡陋。,3,1,0,3096,,2018/05/07,0,中立
營區裡櫻花盛開時應該很美麗吧。帳篷被樹木擋住，沒有直接看到山景，有些可惜。廁所還算乾淨，水溫不太穩定。幸運的是這次認識了一群好的露營夥伴，他們跟我的兒子相處得很開心，希望沒有給他們添太多麻煩。,3,1,0,3111,,2022/01/23,0,中立
第8區的位置很遠離營區中心，而且需要走一段稍陡的樓梯才能到浴廁，這點有些不太方便。此外，該廁所沒有頂蓋，容易有很多蚊蟲飛進來。,3,1,0,3125,,2020/12/14,0,中立
這個營地設施有限，尤其是廁所很簡單。,3,1,0,3141,,2019/09/20,0,中立
廁所沒有備有衛生紙，有些不太方便，建議補充衛生紙。另外，草地上有已乾燥的狗糞，這樣不太衛生，而且垃圾桶裡沒有裝垃圾袋。另外，垃圾桶未壓實，這樣會導致野狗野貓深夜來翻垃圾，整體環境有待改善。,3,1,0,3156,,2018/11/26,0,中立
沒有像喪屍般的蒼蠅，這個營區就是很安靜的了～,3,1,0,3184,,2023/05/07,0,中立
這個營區雖然很整潔，不過價格漲得太高，可能不會再去了。,3,1,0,3189,,2022/05/07,0,中立
草地很大，廁所浴室看起來很漂亮，營區管理中心也有冷飲販售。,3,1,0,3217,,2021/05/07,0,中立
在草地上搭帳篷，沐浴在天然美景中，享受大自然的恩賜。營區設施完善，潔淨舒適，讓人感到放鬆愉快。在果園農園環繞中，體驗田園風光，然而注意農藥可能的使用。,3,1,0,3237,,2020/05/07,0,中立
水龍頭流出的水溫適中，很適合冬天露營。不過包區的營位被部分佔用，因為中央走道必須給高爾夫球車通行以行銷產品，這是一種特殊的商業手法。,3,1,0,3238,,2020/05/07,0,中立
這裡的環境算是不錯，但周圍都是果園，所以有不少蒼蠅。,3,1,0,3243,,2020/05/07,0,中立
我覺得很好，適合遠離都市的喧囂，可以來此旅遊，可以住宿也可以露營。,3,1,0,3258,,2019/05/07,0,中立
這個地方環境舒適，衛生狀況良好並定期清潔，連衛浴設備都做到乾濕分離。不過客戶多了一點，稍微有些擁擠。,3,1,0,3263,,2019/05/07,0,中立
你可以從浴廁的乾淨看出有人用心維護環境，但小朋友的活動空間有點不夠。,3,1,0,3279,,2018/05/07,0,中立
包棟民宿外面的露營地可以增加電源。,3,1,0,3282,,2018/05/07,0,中立
優點是擁有一個大草地；缺點是帳篷數量太多，小朋友沒有足夠的空間玩樂。,3,1,0,3289,,2018/05/07,0,中立
這個地方的衛浴設施很好，草地風景也很美，設施都很新穎。但是缺點是有很多蒼蠅，而且營地規劃過於擁擠，小朋友玩樂的空間不夠。,3,1,0,3301,,2018/05/07,0,中立
這次真的是不畏風雨，營主的用心經營讓我們深受感動。可以免費採草莓，但要天氣配合才能享用美食，實在令人感到無奈。這個難忘的經驗讓我們在車上休息。,3,1,0,3305,,2017/05/07,0,中立
這個地方有很大的面積，被分成許多區域，A區是在放下行李後需要將車子集中停放在停車場裡。這裡有民宿提供住宿，房間具有一些設計感，不過舒適度仍有待考量。營地相當寬敞，適合小朋友奔跑活動，主要是平地，沒有安全上的顧慮，但不具備景觀，旁邊只有果園，這點有點可惜。,3,1,0,3315,,2017/05/07,0,中立
除了草地之外，很難找到其他優點！,3,1,0,3323,,2017/05/07,0,中立
環境看起來很整潔，很美觀，但竟然有跳蚤，我被咬得很嚴重，付完帳後身上開始癢起來，真是難受～,3,1,0,3327,,2022-04-28T17:04:37+08:00,0,中立
各個地區的空間都有點小，滿車都有些擠，在最後十幾分鐘的旅程中有許多非常陡峭的坡道和彎道，對引擎、輪胎的表現和駕駛技術提出了很大的挑戰，因此不建議在夜間開車。,3,1,0,3396,,2022/05/07,0,中立
路波起伏不平。接近目的地時，道路相當陡峭，不易駕駛。,3,1,0,3471,,2023/10/23,0,中立
營區附近的路段相當危險，開車前往大約需要5分鐘的時間，而那段路非常難開。,3,1,0,3472,,2023/10/23,0,中立
這個營地的噪音很吵，有鄰居的狗叫聲、羊叫聲，還有凌晨4點的公雞啼叫聲。,3,1,0,3568,,2023/12/07,0,中立
在營區裡有許多問題，例如有小黑蚊、蒼蠅、貓狗翻垃圾桶，孩子被跳蚤叮咬，附近野狗晚上清晨亂吠，還有隔壁鄰居的鵝叫聲很大。雖然營區沒有飲水機，草地上有較多碎石，但衛浴設施很乾淨，而且營主人很熱心，只是有些不太方便。,3,1,0,3592,,2022/05/07,0,中立
一個包含一個區域的位置比較安靜，這很不錯。雖然射箭區很小，但依然很有趣，可能是因為沒有人和我們抢，不用排隊（那天很滿）。營區內還有沙坑和戲水池。當天有搗麻糬的活動，營主會依次通知體驗的時間。,3,1,0,3609,,2021/05/07,0,中立
"1. 浴廁很乾淨，裡面有浴盆和水瓢，但建議自帶掛勾，方便掛東西。 
2. 提供Wifi、護草墊、吹風機、脫水機、冷凍與冷藏冰箱和廁紙。 
3. 上層營區下大雨排水還不錯。 
4. 蚊蟲較多，特別是小黑蚊很多，同行的親友和小朋友被叮咬了一些。 
5. 營區常有小貓出沒。 
6. 營位上的洗手台有遮陽傘，但只有一盞不太亮的太陽燈，照明不足。",3,1,0,3610,,2021/05/07,0,中立
入口附近的營地景色越來越漂亮，底下的寮望台視野也很好，是一個適合乘涼的地方，樹蔭和微風十足。營地主辦的搗麻糬和其他活動深受小孩喜愛，冰箱較小，坡道陡峭。在端午節時小黑蚊叮咬，腿上全是紅豆冰，營地養的雞半夜兩三點開始啼叫直到天亮。此外，有個水池供小孩玩水。,3,1,0,3617,,2020/05/07,0,中立
進入營區的道路比較狹窄，開車時需小心，不可盲目相信導航。傍晚的景色宜人，可參與其他活動，晚上則稍有潮濕感，早晨陽光升起時需尋找遮蔭處。雖然離公路稍有距離，但由於位置在山區，因此經常能聽見車輛的聲音，尤其是跑車。整體而言，這是一個值得一試的營區。,3,1,0,3620,,2020/05/07,0,中立
石門水庫湖面風景美不勝收，微風吹過感覺非常舒適啊，喜歡露營的朋友可以考慮一試。不過提醒您，那裡的蚊子很多，請注意做好防蚊措施。,3,1,0,3627,,2020/05/07,0,中立
風景真的很美！但搗麻糬跟竹筒飯DIY活動有些粗糙，射箭區看起來有些荒廢。淋浴間數量只有三間，但水量充足，熱水也很足夠。,3,1,0,3630,,2020/05/07,0,中立
廁所明潔但間數有點少，其他一般。,3,1,0,3634,,2019/05/07,0,中立
這個地方提供良好的衛浴設備和電源插座，停車位也比較多！但夏天來可能會感覺有點炎熱，陽光也比較強。整個營區人稍微多一點，不過還算舒適。另外，停車方式比較要注意，因為可能影響孩子玩球和飛盤的空間（但空間還是有的）環境整體算是乾淨，衛浴設備和廁所都不錯。對於水池，建議小孩的父母要陪同，因為水很淺，沒有危險性，但要小心不要滑倒。營區的主人很親切健談。如果要說缺點的話，可能就是比較不好找到路。,3,1,0,3651,,2019/05/07,0,中立
對我們居住在台北市區的人來說，營區的距離有點遠！這個營區是蠻新的，共有四層，我們這次使用的是最底層。原本可以容納八個帳篷，但因為大家都用大型或巨型帳篷，再加上客廳帳，所以最後只搭了六個。營區還有營地商店，如果飲品不足可以在那裡購買。此外還有觀景台、兒童戲水池、射箭區，對小朋友來說是個很適合度過時間的地方呢！,3,1,0,3653,,2019/05/07,0,中立
這個露營區位置靠近石門水庫，鄰近羅馬公路，交通方便。山路較曲折，可能會讓暈車的人感到不適，停車位有限。營區提供推車，但空間較小。孩子娛樂設施有水池和沙坑，但活動範圍有限。營位間距較近。風景優美，可欣賞石門水庫、新溪口吊橋和角板山形象商圈。衛浴設施只有四間浴室和廁所，但整體清潔狀況良好。沒有提供衛生紙。老闆和員工親切，是一個值得再次造訪的露營地點。,3,1,0,3656,,2018/05/07,0,中立
設施都已經年久失修了，沒有再照顧的感覺。路況也不好，而且也不確定是誰負責營地。,3,1,0,3668,,2023/05/14,0,中立
這裡的衛生設施需要改善。如果對環境要求不高的話，這裡還可以接受，但傍晚可能會有一些小黑蚊。,3,1,0,3670,,2023/04/05,0,中立
不知不覺間已經來到了第二次的營區。,3,1,0,3687,,2021/03/20,0,中立
手機訊號只有一格 (中華電信) 很不穩定在這個地區有WIFI，但不提供熱水，洗澡到一半就沒熱水，必須等待30分鐘。,3,1,0,3769,,2024/04/07,0,中立
景點的環境不佳，衛浴設施也顯得陳舊。此外，還有一些兇狠的黑蚊子叮人，讓雨棚區的1300感覺不太值得前往。,3,1,0,3798,,2023/05/07,0,中立
車輛在極限的線上來回轉換，操作困難而多變。A區前的草地維護得相當整潔，讓小朋友盡情遊玩。衛生環境良好，洗手台提供溫水，冬天使用感覺特別舒適。由於地理位置位於山谷之中，風勢剛好，晚上雖涼但並不刮風。雖然有一條小溪，但位置在A區需要走一段路，不過享受釣魚過程令人愜意。建議聯繫管理員幫忙解決困擾，因為住在隔壁的鄰居竟然在半夜三點仍舊大聲談話，使人難以入眠。,3,1,0,3807,,2023/05/07,0,中立
退休老闆的用心經營，每個活動區都設備齊全，有足夠的空間。建議在有廁所的區域設立帳篷，方便一點。廁所旁有洗手台提供熱水，特別貼心適合寒冷的冬天。營地位於山谷中，比較清涼。清晨陽光到達較晚，讓人能夠多睡一會兒，但要注意防蚊！使用谷歌導航容易導航錯誤，請留意營地業主提供的正確指引訊息！,3,1,0,3875,,2020/05/07,0,中立
營區活動範圍有限，道路狹窄且盡頭緊鄰溪流，夜間溪水聲音較大，建議不要在溪邊搭帳篷。每區洗手台位置設計不佳，廁所和淋浴間空間充足，但熱水供應可能不足。,3,1,0,3876,,2020/05/07,0,中立
洗澡時熱水不穩定，每30分鐘才會有熱水，這點很不方便。同时洗澡的人比廁所數量還多，情況變得更糟。,3,1,0,3905,,2022/09/19,0,中立
洗手間和浴室的設施太少了。C、D和E區共用的浴室實在也太少了，而且澡水最熱的時候也只是溫水，這樣對我們露營者來說是個問題。封鎖我們的浴室實在有些不合理，而且營區跳電可能是因為電力供應容量不足，只要有人開了暖氣等高耗電設備就會整個區域斷電。是否可以在規定上禁止使用高耗電設備呢？另外，D區只設置了三個水龍頭，其中兩個在後方、一個在洗手間入口處，我們常常要排隊才能使用，因為入口處的洗手台提供熱水，所以其他區的人也來用，帶來了不便。我們需要跑到其他區才能用水，非常不方便，甚至連上完廁所都得用自己攜帶的飲料水來清潔手部。,3,1,0,3922,,2022/01/03,0,中立
覺得跟露友們打招呼挺舒服的。,3,1,0,3940,,2021/03/20,0,中立
排水系統很不好，下雨天最好不要前往。第一次造訪草地時景色非常美麗，但第二次造訪時草地已經不見了，再加上下雨，整個地方變成淤泥，是一次糟糕的經驗。,3,1,0,3952,,2020/10/13,0,中立
"1. 特1區的房間很整潔，但客廳在1樓，2樓的客人可以通行，這有些奇怪。
2. 特1區的廚房在洗手間旁，偶爾會有尿味。
3. 其他方面還算可以。",3,1,0,3989,,2023/05/08,0,中立
這個營區的老闆健談、熱情，整體來說營區不算大，營位大多有五葉松可遮蔭，算是小而美的營區。夏天到訪時可能會有小黑蚊，這是一個小缺點。除了戲水池清潔度有待加強外，主要問題在管理方面，未能嚴格執行夜晚安靜規定，造成一些人在11點後還進場，12點還在敲營釘、充床墊。在這個營區兩夜遇到一些失禮、缺乏素質的露營者，雖然這不是營主的錯，但營區有管理的責任，這情況已經影響了營區的整體形象。,3,1,0,3997,,2023/05/08,0,中立
這個營區空間很寬廣，附近還有湖泊可以欣賞。洗澡設施無時間限制，可以自由選擇露營地點，包括有雨棚區、松樹陰影和竹林的碎石區。不過缺點是洗澡設施較少，冰箱也較不足。,3,1,0,4019,,2022/05/08,0,中立
老闆很客氣，但是蚊子實在太多了，回來之後癢了好幾天。,3,1,0,4026,,2022/05/08,0,中立
因為寒流造成I區的空地擠滿了帳篷，我覺得可能有超收現象。沒有人帶家用電暖器，整晚跳電數次，營主處理得很快，但半夜跳電時就要等到天亮才能用電。浴室擁有男女各兩間，還有男女各一間蹲式廁所，吹風機則只能在女生一邊使用。冰箱只有在浴室旁邊，步道可以走到石秀灣。,3,1,0,4027,,2021/05/08,0,中立
我不建議選擇B區，因為那裡的浴廁容易受到干擾且數量較少。所有區域都應該再減少一些帳篷，因為有小蚊子和跳電的問題。另外，五葉松林非常美麗。,3,1,0,4037,,2021/05/08,0,中立
現在是八月份，蚊子叮人很頻繁。建議每個人攜帶強效防蚊液，否則像我們一樣，怎麼噴都沒用。,3,1,0,4043,,2021/05/08,0,中立
希望能將雨棚區的位置擴大。,3,1,0,4071,,2019/05/08,0,中立
蚊子真的很多，而且營地剛好在維修水管，卻沒處理好水管膠的排水問題。洗澡時突然聞到水管膠的惡臭，我很擔心帶著兩歲小孩，怕誤喝到含有水管膠的水。反映給營主後只得到一聲抱歉，他們可能不知道這樣可能會有人誤嚐到毒物導致問題。台灣在環境教育方面還有很大的進步空間，這樣的情況在國外肯定會被告吧。,3,1,0,4081,,2019/05/08,0,中立
這個地方的風景很美，老闆也很親切，只是有些小黑蚊在附近。,3,1,0,4086,,2019/05/08,0,中立
廁所是移動式廁所，裡面有很多蚊子。,3,1,0,4099,,2018/05/08,0,中立
營地的設施很完善，有提供免費的地面防水隔板，水槽水量充足，用電也很方便，廁所浴室很乾淨，草地也很寬廣。唯一的缺點是附近有許多竹林小黑蚊，叮咬來得相當厲害。,3,1,0,4100,,2018/05/08,0,中立
蚊子真的太多了，夏天去的話要小心被叮咬，最好避免穿短褲。,3,1,0,4178,,2024/03/07,0,中立
這次露營遇到了老闆娘，她態度很好。因為我們是在禮拜日去的，所以老闆娘讓我們自由選擇營位，為此我們給了一顆星。可惜的是：1. 蒼蠅超級多，一不小心就會飛進帳篷，整個帳篷充滿了蒼蠅。2. 蟻超級多，感覺就像螞蟻要搬進帳篷一樣，帳篷裡都是螞蟻。3. 還有飛行的蟑螂，和其他蟲子在帳篷外面徘徊。4. 營區設施可能有些照顧不周，有發霉和生鏽的現象，真的很可惜，不然應該會很不錯。5. 營區的燈很少，夜晚有些昏暗。不過，整個營區還算美麗（如果不計發霉的部分），有湖岸和小溪流，晚上可以聽著河水聲入睡，心情還算不錯。,3,1,0,4199,,2023/05/07,0,中立
原本以為離台北很近，看起來照片不錯，並且有遮雨棚應該很放鬆。但剛好碰上下雨，遮雨棚裡積了水，走到廁所的路上處處都是水坑和泥巴，腳永遠都是髒的，是露營過最痛苦的一次！再者，蚊蟲超多，但在戶外這點很難要求！建議設施需要更新翻新，排水系統也要改善一些。若弄好了，我相信這個營地會很棒的！,3,1,0,4217,,2021/05/07,0,中立
小黑蚊的數量很多，洗澡時熱水不太穩定，女廁所的馬桶經常會淹水。,3,1,0,4228,,2021/05/07,0,中立
這個地方原本是一個魚池，後來被改造成婚攝場地。,3,1,0,4234,,2021/05/07,0,中立
優點：熱水穩定、廁所乾淨。缺點：營地主人缺乏熱情，不巡視營區，需另外收費給訪客，晚上路燈不足，部分地方坑洞危險。,3,1,0,4238,,2020/05/07,0,中立
這個地方很適合各個年齡層的遊客半日遊，但交通不太方便。,3,1,0,4266,,2019/05/07,0,中立
此地離市區很近，其他方面還可以。,3,1,0,4268,,2019/05/07,0,中立
這次是來露營，因為看到網路上的照片很漂亮所以特地造訪，但來到現場後感到十分失望，許多景點都顯得年久失修，讓人有些心灰意冷。也許是時間久遠，或許是疏於維護，都有可能是原因。希望營區能更新網站上的照片，以展現真實的情況。,3,1,0,4269,,2019/05/07,0,中立
出來露營最重要的是欣賞大自然的美麗，享受寧靜的環境，並與夥伴一起度過愉快的時光。這樣的體驗即使園內的景點已經略顯老舊，仍然是非常值得的。,3,1,0,4271,,2019/05/07,0,中立
台北近郊的露營地營位覆蓋碎石地，河岸雨棚區讓下雨也無須擔心。每個營區都配有水槽，供營客使用。每兩個帳篷共用一組水槽。靠近小溪邊的地方可以讓您享受玩水樂趣，但請注意污水應集中處理後再排放到溪流中。,3,1,0,4277,,2018/05/07,0,中立
住的地方環境不錯，浴廁也很乾淨，唯一不足的是沒有路燈有些暗，而且位置離營區主要設施有些遠，也沒有飲水機，需要走到營區主要設施，有點不方便。,3,1,0,4282,,2018/05/07,0,中立
場地規劃很好，但缺少特色景觀。,3,1,0,4283,,2018/05/07,0,中立
這個露營地適合家庭大小的成員一同前往，有山有水，適合全家大小互相交流、烤肉、嬉水、爬山。,3,1,0,4285,,2018/05/07,0,中立
環境還不錯，衛浴設備應有盡有，只是平地露營有些炎熱...,3,1,0,4290,,2018/05/07,0,中立
這個營地的周邊設施看起來有些荒廢，沒有被保養或更新。,3,1,0,4302,,2017/05/07,0,中立
這個美的效果看起來不太自然，一張1000元有點貴～,3,1,0,4304,,2017/05/07,0,中立
這個營地雖然不錯，但感覺有點過度商業化了！,3,1,0,4305,,2017/05/07,0,中立
景色很漂亮，只是門票貴了有點可惜！,3,1,0,4308,,2015/05/07,0,中立
這裡的環境設備有點老舊，略顯可惜。如果能夠加強湖周邊的景觀，將更加完美。或許因為靠近果園，容易有一些小黑蚊。,3,1,0,4502,,2017/12/03,0,中立
很可惜，沒辦法露天舉辦活動。在27號中午前就開始下大雨了。打電話詢問後得知無法延期或退款。原本以為雨會在下午停下來，但情況愈來愈糟糕。在等了一會兒後，最終還是決定取消露天活動，不想讓小朋友淋濕感冒或者搞得一團糟。儘管花了1000塊，但這次的經驗也算是個教訓。天氣不穩定時，還是訂雨棚區比較保險。,3,1,0,4561,,2017/05/29,0,中立
可能是因為下雨的關係，景色沒有如預期般美麗，但最重要的是回到家時，手腳上多了一層紅豆冰...><,3,1,0,4562,,2017/05/28,0,中立
浴廁不錯，但還有改進的空間。,3,1,0,4569,,2017/05/14,0,中立
帳帳相連讓人覺得擁擠，浴室數量太少。,3,1,0,4642,,2016/12/03,0,中立
營區的廁所和淋浴間都很豪華，淋浴間還有乾濕分離設計，非常便利！整個營區都設有雨棚，但周邊景點比較少。營區可能位於山谷中，四面八方吹來的風有點讓人感到不舒服。營區周邊稍顯凌亂，不過有一條庫志溪可以垂釣。,3,1,0,4708,,2021/05/07,0,中立
營地長和夫人關係和諧，氣氛很好！,3,1,0,4715,,2021/05/07,0,中立
這個地方真是個絕佳的露營勝地！,3,1,0,4741,,2019/05/07,0,中立
帳篷裝在有水泥地上，地面有四個金屬孔，靠近小溪，可以在水附近玩耍。這個露營地區不算很大，也沒有規劃客廳帳篷空間。,3,1,0,4754,,2019/05/07,0,中立
營位稍小，水龍頭位置影響了其他人的動線，但環境整潔。,3,1,0,4846,,2018/09/25,0,中立
在竹雞區的這次經驗並不盡如人意。草坪和下釘還算不錯，但有幾點需要改善：1. 排水管斷裂沒有得到處理，導致洗手台的水直接流向草地，造成積水問題。2. 兩間共用浴室雖然整潔，但熱水器故障沒及時通知或修復，導致洗冷水澡的不愉快體驗。3. 廚餘桶放置方式不佳，被貓翻倒，未考慮到營地內有貓狗出沒。4. 營位寬度不足，視線受到遮擋，竹雞區景觀欠缺，整體而言觀景效果不如其他區域。,3,1,0,4868,,2023/12/08,0,中立
環境很美，但浴室的數量明顯不夠，另外開車在山路上要特別小心，因為路很窄又陡峭，低底盤的車輛要小心駕駛。,3,1,0,4929,,2020/05/08,0,中立
路小有幾段路有車輛問題，但風景不錯。,3,1,0,4930,,2020/05/08,0,中立
營地的服務很好。廁所和浴室很乾淨，但數量少而且集中在一起需要排隊等待。建議增加更多廁所和浴室，但要注意不要超過場地的容量。此外，進出的路很窄，尤其夜晚時較難通行，需要想辦法改善。,3,1,0,5152,,2017/10/23,0,中立
這個營地整體環境舒適，提供了親子設施、冰箱、飲水機，草皮活動空間也很大。營主人也很友善。但是洗澡時間有限制，白天沒熱水；裝備只能在不到3米寬的柏油路下，下裝備時可能會擋到後面的車；騎腳踏車空間只有柏油路，且路很窄；撤帳時間較為硬性；光害影響星空觀賞；A區3帳之後距離放置區需要走很遠。總體來說，仍然會列入考慮，但下裝備的限制確實是個硬傷，希望營主能夠考慮改善。,3,1,0,5231,,2023/12/08,0,中立
這個地方的設施相當充足，有提供足夠的冰箱和冷凍空間，還有草皮可以讓孩子打棒球，籃球場可以供運動使用，還有腳踏車、玩沙區、戲水區和飲水機。營地的主人家非常勤奮，經常打掃並協助丟垃圾和分類，雖然廁所和浴室較少，但經常巡視清潔環境，並提供反光衣給車輛指引方向以確保孩子的安全。建議改善的地方包括女廁浴室的冷水流太小，水溫不穩且過燙，只有5間淋浴間，回應是因為人數過多？洗澡常常變成一種痛苦，建議安裝加壓馬達來改善水壓。另外，最好挑選好季節造訪，因為如果碰上風大的日子，可能就不會遇到小黑蚊了，而小黑蚊太輕，容易被風吹走。,3,1,0,5253,,2023/05/08,0,中立
這個地方有一些好處，比如海拔不高、開車方便、兒童設施豐富、適合小孩玩耍。然而，最大的問題是有很多小黑蚊，即使使用防蚊液也無法完全避免被叮咬，尤其從中午到傍晚更加嚴重，晚上還有大型斑蚊，叮咬會很痛。也許下次考慮冬天來會比較好。,3,1,0,5259,,2022/05/08,0,中立
這個地方對於喜歡大雜燴食材、習慣在白天不怕吵鬧的人來說是很合適的營區。帳篷相鄰，距離很近，晚上十點以後就要保持安靜。營位擁擠，搭帳篷和天幕的方向不對還會被營主指責，地面區塊沒有清楚的標示，即使釘了營釘有一點點偏移也會被指正。浴室和廁所無法應付週六時的人潮，熱水只有晚上六點到半夜十二點，尖峰時段要排隊等候，水壓也不穩定，冰箱塞得滿滿的，食材被擠壓得亂七八糟，有些東西還找不著。營位旁的插座電壓非常不穩定，可能跟人數多寡有關係，夏天可能會面臨跳電問題。建議夜晚十點前到達，因為十點後營區大門就會上鎖。整體環境乾淨整潔，看來我和朋友可能不太適應這裡。來之前最好詳細閱讀營地須知和規定，一不小心就會違規被責罵。,3,1,0,5283,,2021/05/08,0,中立
冬天時電力供應不穩定，必須改進以確保提供友善的露營體驗品質。,3,1,0,5284,,2021/05/08,0,中立
A區和CD區是不同的，A區是停車場，而CD區比較方便觀望但有共用的廁所和浴室。如果帳篷位置滿了，可能要等很久才能洗澡，而且上面會有點冷。廁所很乾淨，有拉門和提供衛生紙。如果選擇CD區接近尾巴的位置，要注意需要走一段路到廁所。十二月去的話，可能會有一些蒼蠅，難免有螞蟻出沒，甚至可能會影響到帳篷和車子。建議選擇靠近前面的營位，但營地主分配的位置應該不會有帳篷連接到天邊的問題。對小孩來說是個理想的地方，有沙坑、籃球場、腳踏車和溜滑梯，對於放生小孩很適合。此外還有冰箱和飲水機。建議準備好食物和飲品再開車，因為下山要花10分鐘到20分鐘才會有便利商店711。,3,1,0,5288,,2021/05/08,0,中立
孩子們戲水後沒有24小時的熱水洗澡不太方便。,3,1,0,5331,,2023/12/28,0,中立
老闆可以給員工更多自由空間嗎？感覺很不舒服。,3,1,0,5341,,2022/05/16,0,中立
鄰居早上六點割草的噪音讓人困擾，希望老闆可以幫忙改善與鄰居之間的關係。如果無法要求鄰居改變作息時間，至少應該提前告知割草時間，讓露營者可以做好準備。向老闆反映後未見改善，感到困擾。,3,1,0,5353,,2020/11/30,0,中立
營地管理人員未能主動聯繫。因為連日大雨，當天一早我們就詢問營地主人是否建議取消露營活動。直到晚上七點半才回覆表示可以不用前往，然而我們已經出發了…蚊蟲非常多，讓我對人生產生了質疑。草地積水相當嚴重，雖然提供了草地保護墊，但仍然泥濘不堪！整個營地設施中，可能浴室算是相對不錯的，但排水速度仍有改善空間！,3,1,0,5376,,2019/06/10,0,中立
草地很長，可能需要修剪一下。如果有三組朋友同時到達A區，搭帳篷和結賬可能會變成一場災難。營位十分狹窄，客廳帳搭好後，幾乎無法活動空間。由於車輛無法進入營區，即使先收拾了行李也難以離開，停車位離營位有距離，也沒有推車可用，全部得靠人力來回接駁，這容易造成家庭關係緊張。在春夏季節，加上附近有果園，蚊蠅非常多。浴室和廁所算是乾淨整潔。只有垃圾桶的入口處，這還好，但如果帳篷多的話可能容易爆滿。下大雨時，草地排水有問題，容易積水。,3,1,0,5426,,2024/05/05,0,中立
11月18日到19日露營的地點環境很好，只是早上洗澡時洗到一半突然變成冷水，差一點感冒了。我打了三四次電話都沒人接。,3,1,0,5434,,2023/12/08,0,中立
整體來說還不錯，就是有些問題在於棧板。,3,1,0,5435,,2023/11/08,0,中立
廁所設施很周全，但僅營本部有冰箱，對於C區的我們來說要走得很遠，不是很方便。B區的大草皮讓孩子們玩水很開心，且備有衛浴設施，但可惜沒有冰箱。A區的營位形狀較為狹長，如果是帶大帳篷可能會有些擁擠，而且草地不夠平整，有些地方有坑洞，搭帳篷時需注意選擇位置。洗手台有點不夠，網站上寫是3帳位，對應三個洗手台。營區主人將我們四個帳位安排在同一區。這地區這個季節常見很多螢火蟲，但也有許多小型黑蚊、螞蟻和蜘蛛（都相當大隻），白天也會有一些蒼蠅，最可怕的是還有大型蟑螂。這裡的生態非常豐富。,3,1,0,5440,,2023/05/08,0,中立
從香港回來的小哥人很友善且熱情，但每個帳篷的距離都很近。晚上十點過後其他的帳篷開始很吵，即使多次勸說也沒有用，營地業者也沒有效地協助解決。玩桌遊的人爭先恐後地吵鬧、喝酒的團體又開始放音樂和大聲講話...差不多到凌晨12點才漸漸變得安靜，才能入睡。,3,1,0,5450,,2023/05/08,0,中立
這次我們前往一個地方，共有大人和小孩約20人左右，透過網路找到這裡。整體來說，這個地方相當不錯，環境優美、廁所也算乾淨、設備也很齊全方便使用、營主也很熱情。但唯一讓我們感到困惑的是，有幾位營主的朋友來打招呼。一開始只是簡單的招呼，我們也還可以接受。但後來他們的行為越來越誇張，一直來我們的營位要我們與他們喝酒聊天，甚至尋找我們其中一位妹妹。我們已經很客氣地拒絕了，但他們卻死皮賴臉地不肯離開。更糟糕的是，他們甚至在我們的營位一直徘徊不走。當時已經很晚，小朋友都在睡覺，這行為明顯侵犯到了我們的私人空間。我們本來是來放鬆享受的，為什麼要花錢特地來這裡，還要應酬營主的朋友？！對於他們的職業和經歷我們一點興趣也沒有，更不用說要浪費時間和精力應付。這次遇到這麼糟糕的事情，讓我們對於再次造訪這個地方有所猶豫。,3,1,0,5468,,2022/05/08,0,中立
抵達時是兩點左右，營地主人才開始準備搭建出租的帳篷，直到傍晚才完成。最糟糕的是，半夜睡的氣墊床漸漸漏氣，而且不僅一個。第一天廁所的味道相當濃重，小孩一直抱怨很臭。第二天早上清潔後好很多。建議在廁所外面設置洗手池放洗手乳，尤其在疫情期間，這真的很重要！,3,1,0,5477,,2022/05/08,0,中立
在多帳時人潮眾多，建議前往包廂區，廁所外觀設計不錯，但清潔方面還有待改善，另外，附近的長興國小是個不錯的地方可以去玩。,3,1,0,5500,,2021/05/08,0,中立
廁所雖然比較乾淨，但小黑蚊還是挺多的。,3,1,0,5519,,2020/05/08,0,中立
這個露營地的地勢不太平坦，每個帳篷之間的距離太過接近，需要仔細考慮一下，和照片上看到的不太一樣。,3,1,0,5524,,2019/05/08,0,中立
環境還算不錯，但帳篷區人潮眾多，有點擁擠，同時廁所設施不足，導致D區旁廢水排放臭味。早上被狗吵醒，發現帳篷附近有狗大便，心情大受影響。,3,1,0,5527,,2019/05/08,0,中立
有小沙坑和小水池，很適合玩耶,3,1,0,5540,,2018/05/08,0,中立
營地的草坪保持得很好，但是營地主人收取入場費的金額相對較高，所以人潮比較密集。,3,1,0,5541,,2018/05/08,0,中立
浴廁的清潔環境很好，但當我到現場時才被告知需要额外支付搭帳費，讓我感到有些不滿。優點是浴廁整潔，服務人員態度良好；缺點是帳篷之間距離較近、地面不平整。到達現場後才告知我需要額外支付300元搭帳費，且無法自行選擇搭帳位置，詢問原因時竟被告知無法在網站上註明，這讓我感到不滿。,3,1,0,5562,,2023/02/13,0,中立
在人多的時候，應該更加注意垃圾處理。,3,1,0,5610,,2019/03/02,0,中立
這個營地的情況確實很吵，晚上後還有人大聲聊天、小孩尖叫，狗也在狂吠，營主似乎沒有管制。各種吵鬧聲和蚊蟲都令人不安。,3,1,0,5663,,2018/04/06,0,中立
老闆雖然熱心但不太擅長聊天，不常回訪，店裡除了兔子沒有其他特別的。,3,1,0,5719,,2024/04/08,0,中立
湖畔區的風景很美，很舒暢。在大樹下的這兩個座位更是絕佳。,3,1,0,5786,,2019/05/08,0,中立
景觀不錯，但營位有點擁擠，而且收費太高了，露營一個晚上要價1500元。,3,1,0,5791,,2019/05/08,0,中立
環境還算不錯，地形為三層樓，最上層只有一間浴室，有點不足，二樓空間不大，但有4間浴室，需與三樓共用。如果人多的話，希望能更頻繁清理廁所的垃圾。,3,1,0,5793,,2019/05/08,0,中立
每個房間都配有棧板，所以睡起來很平舒！早上醒來就可以期待美麗的風景！可惜營區有點小⋯不過這裡有販賣部，可以補充一些飲料或生活必需品！,3,1,0,5844,,2018/05/08,0,中立
設備無需擔憂，風景不錯，只是收費稍貴。,3,1,0,5845,,2017/05/08,0,中立
乾淨的空氣，樸實的環境。,3,1,0,5955,,2021/05/08,0,中立
到山上欣賞風景，暫時遠離都市生活，讓心情放鬆，為了迎接新的開始！,3,1,0,5968,,2020/05/08,0,中立
前往營地的山路比較崎嶇，開車要小心。營地周圍風景很美，有種陡峭的感覺。,3,1,0,6031,,2021/04/26,0,中立
場地舒適，雨棚設置良好。前方空地不小，營地主人的狗狗貓咪非常親人超可愛，但小黑蚊實在太多了。近20位大人小孩都無一倖免，人體捕蚊燈可能要挑選在天涼一點的時候來，比較適合。,3,1,0,6072,,2023/08/08,0,中立
七月時包了五帳的櫻花區，只有一間廁所和兩個洗手台，其中一個洗手台比較老舊、使用起來不太方便。對於五帳來說有點不夠用小黑蚊很多，但營主會提供大支的蚊香。櫻花區需使用對面營區的冰箱，但那是營主私人使用的，裡面擠滿了醃漬食品等物品，帶有阿嬤家的味道。建議有冰箱需求的人最好使用自己的。碰巧遇到營主的朋友在山上喝酒，冰箱除了擠滿了啤酒，還整天唱歌直到晚上十點，氣氛熱鬧。營區有親人的貓和狗，性情溫和不怕小孩，步行四分鐘就有冰涼的溪水可供嬉戲。營主太太也友善提醒可以把蚊香帶到岸邊。總結來說，場地有點小、設備有待改善，但天然環境不錯。,3,1,0,6092,,2023/05/08,0,中立
營地內小黑蚊和蒼蠅很多，又遇上大雨，整個地方都淹成泥濘，很不舒服。洗澡和上廁所的地方不足，只有一個營位提供服務，電源供應也遠遠不夠，相當危險。,3,1,0,6093,,2023/05/08,0,中立
營區的主人夫婦非常親切，遇到任何需求都能立刻幫忙，這點真的很不錯。而且距離老街不遠，露營完之後可以去老街逛逛尋找美食，相當輕鬆愜意。然而，營區也存在幾個問題：1. 浴廁共用，需要排隊等候上廁所；2. 營區有飼養貓咪，貓咪會到露營區跑來跑去，跳上餐桌並咬營帳，貓咪不怕人難以制止；3. 晚上缺乏路燈，導致很多露友在深夜不停活動、探險、聊天，建議增加一些路燈控制；4. 洗碗洗菜的水槽不足，與浴廁共用導致排隊，影響煮食的時間。,3,1,0,6105,,2022/05/08,0,中立
這個露營區的設施真的很不完善，浴廁的建築很簡陋，設備也無法令人滿意。同價格的營區中有很多地方景觀和設施都比這裡好很多，$1200對這樣的環境來說確實有些貴了。,3,1,0,6114,,2021/05/08,0,中立
這個空間有點寬敞，可能太過分散了，營地的面積稍微小了一點。,3,1,0,6133,,2019/05/08,0,中立
進到營區時，我看到了一個坡度很陡的地方，讓我擔心起家裡的小黑，幸好老闆娘很親切地介紹營區，並告訴我晚上會有螢火蟲。當天晚上我關了燈，果然看到了很多螢火蟲，可惜沒有拍照。營區的布置像梯田一般，每區都不算很大，而且廁所和浴室各有一間，插座數量也不多。不過，我比較不滿意的是蒼蠅比較多，風景一般般。好處是營區下方有一條溪，讓小孩子可以在水中玩耍，水很乾淨，有大人在旁邊照顧，算是蠻安全的。總的來說，我的建議是不太推薦這個地方。,3,1,0,6143,,2018/05/08,0,中立
廁所和浴室合併在一起，所以...如果晚上要洗澡，需要等待使用廁所的人。,3,1,0,6146,,2018/05/08,0,中立
各個區域都有很好的分佈，但出租的帳篷並沒有附帶鋁箔墊。,3,1,0,6148,,2018/05/08,0,中立
不錯設施不夠完善的露營地也不太適合家庭前往，有些令人失望。,3,1,0,6214,,2019/10/21,0,中立
場地環境還可以，有狗會追人。草地狀況還可以，交通方便，僅營辦人員缺乏互動，其中最重要的是狗會追人這一點！,3,1,0,6217,,2019/09/17,0,中立
廁所需要增加改善！1. 最好將廁所和沐浴區分開，否則會感到很髒！2. 在網路上看到的浴廁分配圖和實際有些落差，廁所間數少了，就相當於 10-11 戶共用兩間浴廁。等到快要瘋了！3. 營區的規劃還有待加強，因為每次去營區辦事幾乎都要經過別人家的營地（我訂了五葉松區）。如果不經過別人營地的話，坡度太陡，而且階梯做得不夠完善，小孩都在那裡跌倒受傷。4. 遇到一些沒禮貌的露營朋友，連續兩天都在唱卡拉ok！5. 營區位置還不錯，離附近景點都很近。,3,1,0,6230,,2019/01/07,0,中立
老闆很周到，場地維護得很好，草皮也十分漂亮。他也會主動提供蚊香，並關心顧客。包區以小型為主，雖然景色有限，衛浴設備也很普通。然而半夜經常有狗來翻垃圾，整晚都聽得到狗叫聲不斷。,3,1,0,6245,,2018/11/26,0,中立
我們的浴室在柚子區包區裡有水壓問題，有時候水量大，有時候又小，水溫也不穩定，希望可以改進這個情況。,3,1,0,6267,,2017/07/23,0,中立
這裡的服務態度很好，店家的女老闆們也都非常親切、服務很周到。,3,1,0,6284,,2017/03/12,0,中立
在制高點的沿路上，可以看到雲霧在周圍飄移，但可惜森林區形狀相對扁平，因此帳篷只能橫著架設，無法直接面對外面的風景，而只能望向旁邊其他帳篷。石子地面有些傾斜。夜景區風景雖美，卻過於擁擠，帳篷也只能橫放，帳篷間距非常接近，無法直接往外看。浴室照明不足，昏暗，熱水則是足夠熱但水壓不穩定。如果不介意擁擠的話可以考慮夜景區，但如果要求更寬敞的空間，可能要考慮其他地方。值得一提的是，老闆娘的態度非常好，這點值得加分。,3,1,0,6335,,2022/05/09,0,中立
森林區的景色不錯，可以遠眺關西夜景。不過近期正好有東北季風增強，所以森林區風較大，森林區沒有浴室建議您準備一個。,3,1,0,6340,,2022/05/09,0,中立
Google Maps顯示可以抵達竹62路，不過可惜大門被封閉，也不確定是否有其他路線可以通行。,3,1,0,6354,,2021/05/09,0,中立
高地盤的道路不太好走，但比較適合行駛高地盤的車輛，因為這裡的風景和夜景非常美麗。,3,1,0,6373,,2020/05/09,0,中立
這條路不能通行，無法到達竹62。,3,1,0,6633,,2021/05/09,0,中立
這個地方的景觀並不出眾，地面都是鋪上石子的，也沒有提供草地保護墊。老闆人很親切，但我覺得員工有點愛抱怨...,3,1,0,6634,,2021/05/09,0,中立
營區的最大優勢就在於旁邊有溪流和清幽！每一區都收得滿滿的！營位稍微狹小，很密集！建議每區再減少一帳可能更適合…,3,1,0,6665,,2020/05/09,0,中立
老闆熱心、浴廁清潔、空間緊湊。,3,1,0,6667,,2020/05/09,0,中立
四月以後是個很適合的時候，可以邀請親朋好友一起來欣賞螢火蟲，或者一起露營。,3,1,0,6678,,2019/05/09,0,中立
使用電暖爐的問題是冷氣機太多時容易跳電，即使降低功率也無法解決強大的寒流壓力。在B1區只有一個插座，當開啟兩台380瓦的電暖爐時就會造成跳電。老闆建議使用煤油暖爐，因此如果冬天沒有煤油暖爐則不建議使用。,3,1,0,6696,,2022/12/22,0,中立
A2區的景觀空間有限，浴廁較狹小，不適合放置碗型天幕。早上醒來時，發現有隻大狗在我們帳篷前拉大便，差點中獎了^_^,3,1,0,6702,,2022/09/12,0,中立
半夜狗叫聲真的很吵啊~能不能請你幫忙控制一下呢？,3,1,0,6715,,2021/10/17,0,中立
邱先生和邱太太人很親切喔。,3,1,0,6744,,2019/03/05,0,中立
這次我們在景觀A2區的營位，帳篷之間空間非常擁擠，感覺一點空間都沒有。雖然事先知道營主增加了新的營位，但沒想到會變得這麼擁擠。每個帳位約莫只有5*8天幕大小（建議不要帶這麼大的帳篷），當人數增加時廁所變得又髒又臭，而營主也沒有打掃或清理垃圾。除了景色不錯外，其他讓人感到相當失望。,3,1,0,6754,,2024/04/09,0,中立
這次在騰雲露營的經驗真的有一些不如意。雖然風景美、營區不錯，但最後一天卻遇到了一些問題。例如洗澡沒有熱水，讓人感到不舒服。另外，撤收時間明明是中午12點前，下一組才可以進來，卻在早上11點就讓其他客人進來，這讓我們感到困擾。營主和服務人員似乎沒有好好管理進出口。希望未來在露營時能更順利，避免類似問題的發生。,3,1,0,6767,,2024/03/09,0,中立
這個地方的風景很漂亮，而且設施很完善！感覺他們非常用心在維護環境！我們預定了平日三天兩夜的行程！第一晚遇到的露營伙伴都很友善，讓我們睡得很好！但第二天營地主人告訴我們，晚上有三組露營者凌晨一點到營地！而且就在我們附近的營位！沒錯！凌晨一點！！問題是，主人，你凌晨一點還讓人入營，不怕影響其他露營者嗎？當天我們沒有留下來，下午就收拾離開了！不會介意深夜有人搭帳篷、敲打營釘的人！這裡或許是碰碰運氣的好地方！,3,1,0,6772,,2024/01/09,0,中立
我第一次來到這個營地，路標指示還蠻清楚的，但是浴室設備有些不足，只有衣物掛架，放沐浴乳的地方缺失，洗澡時很不方便！另外，電壓也不穩定，昨晚跳電了兩次，真的很煩人！,3,1,0,6778,,2023/12/09,0,中立
營區的風景很美，但管理不夠嚴格，晚上十點多才到半夜一點還有露客在打釘、喧鬧得像夜市一樣。這樣不太符合台灣人的優良形象。,3,1,0,6784,,2023/11/09,0,中立
昨晚臨時訂的露營區，因為晚到，所以被分到沒有視野的位置。營區依不同台地分布，主要建有一個大且有頂蓋的活動平台。整體來看，落雨松區的樹木生長尚未茂盛，雖然浴廁分區設置了，但數量和空間仍有待改善。感覺營主仍在擴建營地，不少區域看起來像是整地中的工地。最高處視野良好，但其他地區就比較平凡。感覺營地裡營位密度過高，甚至有點擁擠。路上經過九份二山紀念園區，反倒是一個很不錯的遊憩點。勉強可以當作過夜的地方。總的來說，還有很多地方需要改進。,3,1,0,6788,,2023/10/09,0,中立
"優點：
1. 營區內的道路皆為柏油路，行駛便利。
2. 特區視野開闊，尤其某些區域面向優美景觀。
3. 天氣晴朗時，能欣賞滿天星星。

缺點：
1. 營位空間狹小，僅有少數位置在落羽松區較寬敞，其他則相鄰設帳篷。
2. 衛浴設施不足，男女共用且需排隊，高峰時段需等待，且定期清潔不夠。
3. 飲水機、冰箱缺乏管理與整理。
4. 晚上休息時間沒有明確規範，部分露營者可能聊天至深夜2-3點。
5. 容易受到二手菸影響。

營區管理人員或許表現尚可，但可能對於不遵守規則的露營者束手無策。",3,1,0,6795,,2023/09/09,0,中立
這個地方的好處是在夏天來訪時，景色很美，溫度也適中，只要避開中午時段的陽光曬射，在通風處感覺還不錯。當浴室沒有熱水時，反應後馬上處理，這點很值得肯定。草地的維護做得很好，排水良好，也方便釘營釘。缺點是飲水機上蓋、馬桶水箱蓋等地方未定期清潔。露營區有很多大型螞蟻，尤其要注意停在樹附近的車子，很快就會被爬滿。另外，和其他露營區一樣，對於露營區內抽菸和吵鬧的人，並未積極勸說或明確禁止，請謹慎選擇重視露營品質的人前往。,3,1,0,6796,,2023/09/09,0,中立
整體環境看來還不錯，但晚上的管理似乎欠缺，例如過了晚上10點後還在唱KTV，音樂聲音大且講話聲音也不加控制，客人似乎缺乏對彼此的尊重。儘管客人的行為是個人的，但缺乏管理確實給人很不好的感受。,3,1,0,6810,,2023/05/09,0,中立
位置接近冰箱，整理不佳且有異味。D區3帳包區的浴廁也有異味，空間較小且沒有分隔，需要加強清潔度。營主親切協助搭帳。往上走有觀景平台，風景優美。,3,1,0,6811,,2023/05/09,0,中立
這個地方的優點包括：1. 夜晚的景色很漂亮2. 能看到美麗的山景和夜晚星空3. 衛浴設備熱水穩定，清潔程度也不錯4. 如果沒有滿營位，可以與營地管理者協調5. 草地整體環境還算不錯。缺點則有：1. 最後一段道路到達營區較狹窄，車輛不易通行2. 假日時營區冰箱容易擠滿，建議攜帶個人冰箱3. 晚上十點後管理不嚴格，直到半夜兩點才較安靜4. 半夜有野狗翻垃圾桶，早上地面就會有很多垃圾5. 營位間距較近，不適合搭建大型帳篷或天幕。,3,1,0,6841,,2023/05/09,0,中立
第一次露營時感受到類似市集的氛圍，帳篷之間幾乎貼在一起，再加上擁擠的情況，我建議營地管理者只應該開放營位的60-70%，這樣才能確保品質。,3,1,0,6851,,2023/05/09,0,中立
我很推薦這個露營區，但最近在7/3到7/5的時候我們遇到了些問題。由於C區平日露營者較少需要整理，我們只能轉到特區。然而，這幾天的體驗非常糟糕，希望露營區可以設立宵禁，不要讓露友在深夜聊天、喝酒、唱歌。更糟糕的是，有人在唱KTV，聲音又難聽又大，讓我們整晚無法入睡。我們來露營是為了享受大自然，但卻被這些噪音影響到睡眠質量。希望露營區的管理者可以看到這篇訊息，謝謝。,3,1,0,6852,,2023/05/09,0,中立
視野很好，水電充足，浴廁設備俱全，但缺乏打掃。,3,1,0,6871,,2022/05/09,0,中立
營區很寬敞，有專人打掃，空氣清新，景色優美，只是道路較狹窄，開車時需注意安全，爬山時請開慢一點。,3,1,0,6899,,2022/05/09,0,中立
這個地方風景優美，就是爬山的路太窄了，開車會有困難。,3,1,0,6921,,2021/05/09,0,中立
雖然風景很美，草地也很棒，但帳帳相連，感覺有點擁擠。可惜的是衛浴設施也太少，導致輪候時間比較長。,3,1,0,6955,,2021/05/09,0,中立
我的營位有2間熱水器壞掉，只能洗一間熱水器，溫度無法控制，被燙到兩次。後來換到第三間解決問題。營區有很多狗和假日帳篷，空間擁擠，小朋友活動空間少了。風景美麗，有百萬夜景和豐富生態，螢火蟲很多。草地保持得很好，營區規劃也很不錯，但希望營主更用心在衛浴和活動空間。,3,1,0,6965,,2020/05/09,0,中立
這個地方的夜景真的很漂亮，只是可惜衛浴設施太少了。當住房滿了的時候，等候的時間比較長，而且熱水的穩定性也很差，時冷時熱，甚至燙到我老公的手。希望旅館老闆能夠關心這個問題。,3,1,0,6967,,2020/05/09,0,中立
洗澡時水溫難以調節，需要注意熱水器的穩定性，可能需要改善水壓以確保熱水供應穩定。,3,1,0,6974,,2020/05/09,0,中立
這裡的設施較簡單，浴室和廁所各有兩間，如果想入浴，最好提早前往，否則可能會需要排隊等待。,3,1,0,6980,,2020/05/09,0,中立
這個地方的景色真的很美，不過空氣污染很嚴重。露營地給的空間很大，也有保留一些公共空間。孩子們在那裡玩得很開心。不過衛浴設施真的有點少了。好在沒有小黑蚊，但在傍晚可能會出現一些大蚊子。,3,1,0,6989,,2020/05/09,0,中立
衛浴設施有限，每個衞浴區只有一台吹風機，營位由營區管理者分配，當天有濃霧，無法看到美景，但提供飲水機。,3,1,0,6990,,2020/05/09,0,中立
營區的道路普通，但周邊風景很漂亮！僅營區的價格有點高！,3,1,0,7011,,2019/05/09,0,中立
這裡的環境很美，空氣清新，唯一的問題是廁所設施太少。,3,1,0,7013,,2019/05/09,0,中立
景觀不錯，但台中、埔里、草屯和彰化卻缺乏遊樂場所這一缺點。,3,1,0,7026,,2019/05/09,0,中立
這個露營地下方的地勢不平且有凹洞，還有水溝蓋，搭帳時可能會有困難。旁邊的雨棚看起來有些廢棄。如果打算選擇這個露營地，建議選擇在上方的類森林營位，比較整潔舒適。,3,1,0,58,,2023/05/06,0,中立
覺得規劃需要改進，容易斷電，衛浴清潔有待加強，但空間很寬敞。,3,1,0,117,,2022/05/06,0,中立
這家老闆待人和善，服務周到，位置方便，離市區近。適合家庭露營聚會，值得推薦。不過到了假日人潮眾多，廁所可能不夠用。如果想欣賞美景，這裡可能不太適合，因為海拔較低，氣溫也會較高。,3,1,0,134,,2022/05/06,0,中立
建議老闆應該優先解決這三個問題：熱水忽冷忽熱、廁所清潔以及跳電情況。這樣的狀況在夏天還能接受，但冬天的話就會造成人們受凍。,3,1,0,138,,2022/05/06,0,中立
營位空間很寬敞，但衛浴設施太少，而且洗澡時水量時大時小、溫度時冷時熱！,3,1,0,146,,2021/05/06,0,中立
場地不錯，只是沒有飲水機。,3,1,0,150,,2021/05/06,0,中立
路況良好，但衛生環境還有改善的空間。廁所很少清潔，垃圾桶也滿了沒有清理。,3,1,0,169,,2021/05/06,0,中立
四個月前，朋友們安排了一個露營活動。昨天早上，十九個家庭各自從不同地區出發，北部的來自基隆，南部的從台南而來。大約11:30，所有朋友都聚集在一起，總共有93人，包括小孩在內。我們吃過午餐後開始暢談、暢食、暢飲、暢歡、暢喊，一直持續到現在！根據現場情況來看，中秋節連假接下來的兩天肯定會非常愉快！我期待著！,3,1,0,175,,2021/05/06,0,中立
浴室廁所有點遠，但沒有飲水機，環境還不錯。,3,1,0,201,,2020/05/06,0,中立
這個地方的面積很大，草地和樹木都整理的很整齊，進入營區的道路很容易開車。,3,1,0,218,,2019/05/06,0,中立
寧靜區的地方有很多落葉，而且下雨後容易潮濕，另外洗澡時水壓也不穩。,3,1,0,243,,2022/03/01,0,中立
營地老闆對待人很親切，但管理上可能稍微有些問題。在晚上7點多還不到8點的時候，一位住客抱怨我太吵，後來老闆來提醒我要小聲一點，讓我感到有點不開心。在還沒到晚上10點的時候，我決定離開，有些生氣。,3,1,0,303,,2023/05/06,0,中立
露營的好地方通常是營區環境整潔，光源不過度，且安靜幽靜，只有昆蟲和動物的聲音。,3,1,0,335,,2023/05/06,0,中立
如果您擔心車聲的干擾，建議在預訂時選擇靠近釣魚池的位置，因為這樣離馬路會比較遠。帳篷區和雨篷區相連，如果您不喜歡在別人家門口睡覺，最好不要預訂雨篷區。營區內有兩台冰箱，在雨篷區露營時，晚上會一直聽到冰箱壓縮機運轉的聲音，非常非常吵。營區的路況很好，導航設備可以順利引導到指定位置。五星級衛浴設施非常寬敞，一家四口一起洗澡也不會擁擠，備有洗髮精和沐浴露。至於釣魚池，要看老闆每天的開放時間，沒有辦法隨時釣魚。,3,1,0,378,,2020/05/06,0,中立
"優點：露營場地寬敞，提供大型營位；場主用心維護，提供多樣親子設施；風景優美。
缺點：有非常多野貓，第一天星期五晚上將牛肉放在水糟中退冰時被野貓全包咬走，第二天星期六將整隻雞放在鍋中退冰並蓋上鍋蓋，仍然被三隻野貓打開鍋蓋偷吃；雞被咬得亂七八糟，最後不敢吃而直接丟進垃圾桶。另外，清晨7:00左右會有猴群出現在帳篷附近覓食，食材要特別注意。",3,1,0,470,,2024/01/06,0,中立
優點：園區維護得很好，讓人感到乾淨整潔，園主也很用心。缺點：地面堅硬，不方便釘營釘。每個帳篷區域都有被砍伐的樹幹，高度不一，有些甚至不到三十公分，並沒有警示燈，夜晚需非常注意，以免撞到障礙物。在園區內有蜜蜂和虎頭蜂存在，務必注意安全。,3,1,0,473,,2023/11/06,0,中立
這個營地整理得很好，設備齊全，地面平整堅硬。帳篷佈局分散遠近，顯得非常熱鬧。,3,1,0,497,,2023/05/06,0,中立
這個營區非常大，共有大約120個帳篷，走到盡頭約300公尺。總的感想是，路況為4.5顆星。在最後一段上山道路上，因為山路不好駕駛，要注意當Google導航提示提前左轉時，營區的主人設立了立牌，要求再往前開150公尺後才左轉，這才是正確的上山道路。水電和冰箱的狀況為4顆星。兩個帳篷共用一個洗碗台，晚上洗澡時，可能會遇到電壓不穩的情況，在4到5區共用一個商用冰箱和一個冷凍櫃，所以先到先贏。垃圾桶的情況只有1顆星，回收、廚餘和垃圾桶只在廁所外放，不方便。浴廁為3.5顆星，4到5區共用4到5間廁所和浴室，尖峰時段需要排隊，地板排水可能會溢出。優點是水壓穩定，全天供應熱水。營地整體為4顆星，停車環境好，營地寬敞，但下釘不太方便。營區環境優美，位於群山環繞之中，屬於梯田式的營區。活動區基本上要排隊，因為人多，所以建議自備一些玩具給小朋友玩。,3,1,0,510,,2023/05/06,0,中立
"1. 洗澡時水溫容易不穩定，要特別注意水溫不要過熱或過冷。
2. 石子區域的石子很銳利，一旦跌倒就容易造成多處傷口，下營釘時要小心，因為地面很硬不易敲入。
3. 廁所清潔維護良好是一大優勢。",3,1,0,522,,2022/05/06,0,中立
這個營區雖然有冰箱，總體來說也相當美觀，但石子很多，不容易打釘而且容易鬆脫，需要使用至少30公分以上較粗的營釘才夠穩固。另外在晚上很容易遇到強風，導致許多帳篷被吹倒，引起一片驚呼聲。如果要在這個營區露營，最好選擇好天氣，且不太適合新手。希望這資訊對你有幫助！,3,1,0,526,,2022/05/06,0,中立
營區環境還不錯，雖然沒有太厲害的風景，但整理得相當不錯，唯一比較不好的是洗澡時水溫忽高忽低，無法好好沖洗，其他方面表現算可以。,3,1,0,527,,2022/05/06,0,中立
營地風很強，碎石草皮不容易釘營！廁所設施較少，如果可以區分衛浴區會更好。然而，遊戲設施讓小孩玩得很開心！,3,1,0,545,,2022/05/06,0,中立
營區的環境清幽，但唯一的缺點是有很多露營客，尤其是許多小孩，所以有點吵。他們沒有意識到晚上11點已經很晚了，還在大聲喧嘩，而且營區管理人員似乎沒有在管理他們。,3,1,0,547,,2022/05/06,0,中立
這個地方的環境算是不錯，但碎石比草皮多，走起來有點像健康步道。廁所的數量多，但有點遠，不過每小時都有人來清潔垃圾和整理廁所，打掃得算乾淨。,3,1,0,550,,2022/05/06,0,中立
前往營地的路大多是兩條車道的單行道，路程順暢。營地本身地面鋪滿尖銳的碎石，建議攜帶不銹鋼營釘或多備幾支。這裡風景優美，讓人心曠神怡！遊戲區位於最底部，需走一小段下坡路。整晚露營期間至少有5次以上停電事件，原因尚未明確，建議攜帶非插電式照明設備。廁所熱水不穩定，可能會出現忽冷忽熱的情況。營地沒有飲水機，請務必攜帶足夠的水。,3,1,0,560,,2021/05/06,0,中立
這個營區非常適合小孩放電，營主很體貼，戲水區也有遮陽傘讓家長陪小孩時不曬傷。然而，有幾點仍須改進以提升舒適度：1. 垃圾桶應該設置更近一些；2. 廁所內外的照明應強化，以免夜晚安全問題；3. 熱水器時冷時熱，需要調整；4. 營區的營釘很難打進地面，且碎石太多容易導致受傷。,3,1,0,573,,2021/05/06,0,中立
被咬的很疼，地面很堅硬且有積水。,3,1,0,575,,2021/05/06,0,中立
"1. 石頭地雖然不容易插釘子，但不至於像爛泥那樣濕滑。  
2. 帳篷租借過程沒有得到幫助或教學，好在有朋友一同討論解決。  
3. 沒有碰到營地負責人，也不清楚他的位置，缺乏其他營地熱情款待感。  
4. 須自己處理帳務，雖然比外出租還要貴。  
5. 充氣墊沒有電源充電，幸好有朋友幫忙，否則不知要多久才能充滿。  
6. 洗澡水溫離奇地熱又冷，太難以忍受，後來只好放棄洗澡。  
7. 小孩子遊戲區域不夠且距離遠，無法在附近找到適合他們的地方。環境很安靜，離老街相對較近，但希望能改進以上問題，否則可能只會造訪一次。",3,1,0,583,,2020/05/06,0,中立
路上塞車較嚴重。開車經過內灣老街時，週末常常塞車。露營地地勢較為崎嶇，有許多石頭，普通的營釘難插進去。但設備衛浴還算可以。,3,1,0,592,,2020/05/06,0,中立
這塊碎石地真的很硬，釘下去很困難，再加上強烈的東北季風，帳篷被吹斷了一半，露營友們不得不在夜間撤營，真是一次艱苦的經驗。,3,1,0,613,,2019/05/06,0,中立
這個地方雖然寧靜，但還需要更多的宣傳和投資。,3,1,0,625,,2019/05/06,0,中立
露營地景色很棒；營釘插入碎石地不容易。,3,1,0,634,,2019/05/06,0,中立
是因為泥土裡有太多石頭，所以營釘難以打進去。,3,1,0,658,,2018/05/06,0,中立
碎石地非常堅硬，讓我難以打下營釘。廁所的數量過少，垃圾桶也不夠多。,3,1,0,687,,2020/11/28,0,中立
這個營地的排水能力非常不好。雖然對小孩來說是個不錯的地方去露營，但下雨的時候水很快積起來，甚至比打下的營釘還高。我們曾在這個營地經歷過豪雨，但從未遇過這麼極端的淹水情況。地面有碎石尖，草地顯得不平整，排水也很慢。雖然有許多蚊蟲，但這也算是大自然吧。我想在好天氣下，這個營地應該是個非常適合兒童的樂園。,3,1,0,700,,2020/05/18,0,中立
整体感觉还不错。帐篷很宽敞，可以搭建五张八人帐篷而仍有多余空间，不过在钉釘的时候确实很困难，如果风大的时候恐有拔钉的危险。,3,1,0,722,,2019/03/14,0,中立
浴室晚間的通風效果太好，感覺有點冷。,3,1,0,820,,2017/05/02,0,中立
這個地方環境整體還不錯，風景開闊，而且附近有全聯，購物方便。只是山路比較陡峭，開車要小心，另外也有老闆的誠信問題，讓整體體驗有些打了折扣。,3,1,0,859,,2023/05/07,0,中立
D區女生的設施有限，只有一間蹲式廁所和一間淋浴間，對於需要帶小孩洗澡的媽媽來說可能要等很久。或許考慮增加座式廁所或是安裝安全扶手，可以讓老年人或不習慣蹲廁的人更方便使用。另外，DE區只有一個冷凍庫供大家使用，希望也能增加冷藏空間。若能設置大雨棚，方便大家遮風避雨。,3,1,0,925,,2019/05/07,0,中立
這個地方環境整潔，視野開闊，空氣清新。,3,1,0,926,,2019/05/07,0,中立
這個地方位置很方便，開車大約10-15分鐘就可以到達三星鄉的味珍香和全家便利商店。附近還有一些景點，如松蘿和九寮溪步道，但在秋冬季節容易受到大風影響，晚上睡覺可能會感到有些不穩定。,3,1,0,940,,2018/05/07,0,中立
天氣稍微涼爽，露營應該很適合，而且離市區很近，夜景也很美。,3,1,0,944,,2018/05/07,0,中立
在營地的碎石地上釘帳篷時要小心一點，碎石地比較硬。,3,1,0,982,,2021/12/14,0,中立
在C區草地排水問題中，中間堆滿了護草墊，導致小朋友們無法自由奔跑，多次被絆倒，甚至受傷。因此，他們只能限制在靠近沙坑的小區域內活動。然而，C區備有熱水水槽和獨立區域供使用者使用衛浴設施，但衛浴清潔狀況尚需改善。,3,1,0,1042,,2024/02/07,0,中立
記得要從內灣那邊往上開...車子有點多但是路程比較短。,3,1,0,1062,,2023/05/07,0,中立
這段句子似乎在表達對於某個地方的評價，經翻譯後可能是：這個地方很普通，上坡小路上雜草和樹枝較多，需要修剪後可以給3.5顆星。,3,1,0,1080,,2023/05/07,0,中立
看到大家的評價後，我很期待前往。我也向老闆確認，結果只有A區有飄飄河，其他區根本沒有開放，讓我感到失望。不過倒是有一點值得一提，就是水廁有防蟲紗網，挺貼心的。,3,1,0,1273,,2023/10/07,0,中立
下午突降大雨，導致場地變得泥濘。明顯可以看出砂石鋪設不夠，相對其他部分鋪有較多石頭的區域則保持較乾爽。其他設施表現不錯，尤其有小孩可以盡情玩水放電，水源來自山上直接流出，因此有可能在這個季節看到蝌蚪。夜晚時分，昆蟲和各種蛾類相當豐富。,3,1,0,1287,,2023/06/07,0,中立
新營主很熱心地經營，提供乾淨衛浴及廁所並定期消毒，每個區域都有專屬的衛浴設施，也提供沐浴乳和洗髮乳。只有A區設有一座冰箱、一台飲水機和一台脫水機。整個營地有A到F區，僅有一座冰箱實在太少了，建議增加更多。有些區域有許多流浪動物，請妥善保管食物以免被貓貓抓走。遇到熱水器沒電的問題，幸好有值班人員協助更換電池，但熱水器水壓不穩是個問題，希望能改善才不會在冬天遇上困難。露營樂訂C區包區提供4個營位，但覺得太擁擠，幾乎沒有活動空間。雖然下大雨，C區積水無法避免，地面變成爛泥巴坑，很不好行走。縱使營主盡力解決問題，但客人還是帶了很多泥土回家，希望下次能改善C區的狀態。營主承諾會努力改善。,3,1,0,1347,,2023/05/07,0,中立
營主人很友善，但營區劃分不夠完善，採先到先住。,3,1,0,1377,,2022/05/07,0,中立
整體來說還不錯，可能營區的評價沒那麼高，我們兩帳包在C區，如果有四帳可能會有點擠。冬天去沒有蚊蟲，只有看到一隻小蟑螂，衛浴設備很好，但是需要自己保持乾淨，否則如果沒有看到營區清潔人員，旁邊就是大馬路，有時機車隊經過很吵。可能也是因為馬路旁有一隻大野狗闖入了我的帳篷。,3,1,0,1382,,2022/05/07,0,中立
這個營地曾經很用心經營，但現在已經荒廢了。可能因為大家都在補課或是補班的緣故，所以營地人潮稀少。營區沒有大門，安全性的確讓人擔憂，因為有時候會有陌生人開車進來參觀或使用廁所。營地的管理人員只有在收費時才會現身，浴室的熱水設施也不太穩定，時冷時熱。,3,1,0,1388,,2021/05/07,0,中立
洗澡時瓦斯用量不足，晚上洗澡感到很冷。不過好消息是草莓很便宜。,3,1,0,1389,,2021/05/07,0,中立
A區旁邊有一條小溪，營位旁有一個生態池，裡面長滿了蝌蚪、青苔和水草。裡面的水有點髒，小孩戲水時需要小心。然而，這個地方有一些問點，包括廁所很髒，每天只有固定時間清潔一次；排水緩慢，也沒有提供護草墊；營位不太寬敞，營帳相連；水槽旁沒有垃圾桶，而且垃圾桶也沒有加蓋，晚上可能會有流浪狗來翻垃圾。然而，這裡也有一些優點，像是浴室的水量很大，而且水溫穩定，還提供洗髮乳和沐浴乳；設有冰箱、飲水機和脫水機，而且泡湯有優惠。,3,1,0,1401,,2020/05/07,0,中立
建議在前往之前先詢問是否開放漂漂河的頂層區域，因為那裡的整潔情況並非穩定，也沒有人在維持。另外，1000元有點貴，當下雨時更是排水不佳，還需要跟旁邊的人借護草墊。,3,1,0,1410,,2020/05/07,0,中立
這個地方的空間很小，搭好帳篷之後幾乎沒有活動空間，但環境整潔度還可以。,3,1,0,1412,,2020/05/07,0,中立
希望營地蹲式廁所能夠更加清潔，一打開門就看到一些不太雅觀的痕跡。,3,1,0,1413,,2020/05/07,0,中立
D區位子較狹小，我們四個營位的人勉強將車子停進營區，否則就得將車子停在路邊。考慮到營區鄰近馬路，應特別留意小朋友是否會跑到馬路上。若要前來，建議包區才較為合適。,3,1,0,1453,,2022/10/12,0,中立
建議營主改善C區排水系統和衛浴水壓，因為新營主經營得很熱情，並且衛浴和廁所保持乾淨且有協助消毒。此外，在睡覺時要把食物收好，以免貓跳上桌子找食物。,3,1,0,1457,,2022/06/27,0,中立
跟期待有少許落差。,3,1,0,1472,,2021/03/03,0,中立
C區浴室和廁所很髒，有許多蟑螂。可能因為營主未住在營地，這次去遭到隔壁區的吵鬧影響無法入睡！一群年輕人晚上10點開始唱卡拉OK，一直唱到半夜12點！第二天向營主抱怨，但營主未能解決問題，導致不想再去那個營地⋯⋯,3,1,0,1475,,2020/08/21,0,中立
總的來說還是可以考慮推薦。雖然在路邊有一點吵。,3,1,0,1478,,2020/03/04,0,中立
營區位於山谷之中，在夏天時稍微有些熱，廁所衛生狀況不佳且缺乏清潔，讓我覺得不太願意再去第二次。,3,1,0,1479,,2019/12/23,0,中立
B區露營區晚間體驗，環境乾淨且靠近北埔市區，補給方便且可不用自行煮飯。適合輕裝露營偷閒。需留意照片未更新，A區設施如鞦韆、水池、沙坑消失。若需娛樂器材自備。洗澡時可能遇到無熱水情況（晚間2030左右），沐浴用品按壓式有故障。晚間標示安靜後仍有隔壁區喧鬧至深夜，後續未見管理人員出來規勸。,3,1,0,1524,,2023/12/07,0,中立
雨天的時候最好不要前來，碎石區變成了泥濘地帶，整個營區都淹水了；浴室並沒有乾濕分離設計，但希望至少能提供蓋好的垃圾桶來減少氣味和保持美觀，從浴室到營地的排水系統都需要改善。碎石區的大斜坡在下雨天變得很危險，成人和小孩都已經摔了好幾次，請務必加以處理。,3,1,0,1526,,2023/11/07,0,中立
營地主人親切友善，只是沒有親子浴室。,3,1,0,1574,,2020/05/07,0,中立
這營區雖小，但停車位有點不夠。遊戲區非常有趣，小朋友玩得不願意回家。可是小黑蚊真的太多，全家都被叮，至少一隻腳被咬了200多包。因為小孩被叮太多，只好強拉回家。這個營區還是很方便的。,3,1,0,1578,,2020/05/07,0,中立
在北埔市集附近，營區很小而精緻，鄰近的道路狀況良好且易於前往，唯一需要注意的是有很多小黑蚊。,3,1,0,1581,,2019/05/07,0,中立
車道和場地的安排還可以，比較適合中小型團體使用。設備也算是保持乾淨。,3,1,0,1592,,2019/05/07,0,中立
在路口的地方，標示清楚路標會更加方便。,3,1,0,1711,,2018/03/20,0,中立
營區很擁擠，隔壁的區域超級吵，營區內的道路很窄，因此車子的底盤刮傷了。,3,1,0,1753,,2023/11/07,0,中立
這個人規劃了太多帳，就像是隔間的分租套房一樣。如果帳搭滿的話，就沒有活動空間了。浴廁還挺乾淨的，但數量方面相對較少。,3,1,0,1767,,2023/05/07,0,中立
營地的情況還可以，但有 5 個帳篷共用 2 個地方的電箱和洗菜區，有點不夠用。另外，廁所和浴室還可以，但屋頂都是透光的，夏天的時候在裡面就像烤箱一樣太熱了。廁所前的洗手池只有一個小小的，不太好用也不夠。,3,1,0,1780,,2023/05/07,0,中立
營地各區空間有限，所以平日情況下只有一輛車時感覺不會擁擠。不過夕陽風景的方向常被樹木遮擋，最上層營位靠近馬路有點吵。整體環境還算乾淨！比較不好的地方是，入住時說好露營車泊不打折，隔天離營前卻說不能用電，必須額外費用！付了同樣的費用，為什麼露營可以用電，但車泊卻不行？看起來營主對車宿不太友善，喜歡車宿的朋友若有需要入住的話，請三思而行……,3,1,0,1787,,2022/05/07,0,中立
我請朋友載我來跟家人露營。雖然朋友是訪客，但不到一小時，一人還是要收100元。我沒有被收100元，因為我是要一起露營的人。如果是一起露營的就不用嗎？早知道就說要一起露營的就好。不是說不能收，而是100元真的有點偏多。建議可以用時間收費，入場一小時內免收，入場超過一小時收50元，超過兩小時以上收100元，一人收100元為限。而不是司機載我們來了進去喝一杯茶也要收100元。,3,1,0,1796,,2022/05/07,0,中立
這個地方的環境相當不賴，你可以走上去的遼望台，大約30分鐘內就可以360度欣賞風景。參觀營地每人100元，位於最上面靠路邊的營地地面是用磚砌成的，可能不適合釘帳篷。,3,1,0,1800,,2022/05/07,0,中立
這個地方風景很美，不過浴室的熱水有時候會忽冷忽熱。,3,1,0,1830,,2020/05/07,0,中立
天氣很潮濕，有濃霧，所以看不太清楚，曬衣服需要更多時間。,3,1,0,1831,,2020/05/07,0,中立
第一次夜間露營時遇到濃霧，車頭燈照射出的景物都像被水滴點濕一般，還有一些小黑蚊子。露營地非常大，有許多斜坡，冰箱雖然容量很大，但位置卻很遠。露營地主人會用貨車載著露營客到附近散步，但有些人會坐在貨車車斗裡，這樣有些不太安全。建議提供地圖，讓露營客可以自行開車前往。,3,1,0,1834,,2020/05/07,0,中立
草地很美啊，營地主人也很親切呢，只是晚上的蟲蟲太多了，讓人不敢靠近......另外衛浴設備也太少了。,3,1,0,1858,,2019/05/07,0,中立
老闆不僅樂意提供清涼的夏日茶飲，還用心栽種樹木並經營露營場地。,3,1,0,1859,,2019/05/07,0,中立
這地方的風景很美，只是可惜沒有提供洗浴用品和吹颫機，方便性稍嫌不足。,3,1,0,1861,,2019/05/07,0,中立
五月天的白天中午後很炎熱，晚上則相當涼爽，露水較為濕潤，植物狀態良好。不過，蒼蠅和蚊子較為眾多，衞浴間則較為擁擠，洗澡時可能需要排隊。建議在中午之前搭起營帳，第二天早一點收拾，這樣較不會受到炎熱的影響。,3,1,0,1864,,2019/05/07,0,中立
露營地的管理者並未處理露營者的問題，半夜仍有人打麻將，大聲聊天喧鬧不已，洗澡時沒有熱水。孩子洗澡時也沒有熱水，只好硬著頭皮用冷水洗完。我們趕緊向管理者反映問題，然而管理者只是來換了瓦斯，結果還是沒有熱水，並沒有給予關心或解決方案。孩子洗澡時遇到冷水，管理者直接無視不置一詞！另外一間露營區在洗到一半就沒有熱水了，換瓦斯等了十幾分鐘，就這樣，孩子在星期日晚上就發燒了！請問管理者不應該定期巡視是否有瓦斯供應嗎？晚上溫度低，卻要等到有人洗完冷水才通知，這樣做不太合適！另外，管理者完全不管露營者的行為，半夜兩點遊客在打麻將，另一區大聲聊天喧嘩，讓人感到非常惱火！,3,1,0,1879,,2024/04/23,0,中立
環境比較擁擠。我住在G區，水槽是兩間帳篷共用一組（旁邊的帳篷沒有接在一起，否則會是三間帳篷共用），只有一間廁所和一間淋浴間，使用起來不太方便，但還算乾淨。插座位置比較遠，我接了兩條長度分別為10米和15米的電源線，活動空間比較有限。另外，冰箱只有營地的主要區域才有提供。,3,1,0,1907,,2022/04/13,0,中立
營區有些擁擠，也有一些狗狗會來咬鞋子... ,3,1,0,1942,,2020/08/12,0,中立
這次預訂的是七號草地區，場地是狹長型的，非常小，無法容納七個帳篷。向營地負責人反映後，得到的回應也是無法同意。,3,1,0,1956,,2019/08/03,0,中立
蟲蟲太多了，7號區的場地太小了，不適合露營哦！,3,1,0,2024,,2018/06/20,0,中立
營位空間有點擠，洗手台不夠不方便，而廁所明顯不足。其他方面都還可以，營地主人很好。,3,1,0,2035,,2018/05/01,0,中立
營主訂位系統出了問題，導致我們原本預訂的10帳包廂被多擠了三帳，營主卻未確認訂位訊息，讓我們感到不滿。希望下次能有所改善，不再推卸責任，而是堅決解決問題。,3,1,0,2060,,2018/01/08,0,中立
營位的實際大小跟網站上所標示的不同。在進入營區後並未看到指定的營位，卻馬上被要求支付尾款，讓人感到很不滿。當我們打算搭建方形天幕時才發現，營位實際空間太小，無法容納。我們被分配到了草皮區的單帳範圍，而方形天幕的尺寸是440*550，而營區網站上標示營位大小為5*5。這僅供大家參考，並無其他意圖。,3,1,0,2116,,2017/07/14,0,中立
很多蚊蟲。洗澡的時候很多。很容易身上會有 Di or 的標誌在動。沒有水可用。也沒有提供飲用水。而且山路相當難開。難開的程度是看到標誌要轉進來，還要再開 25 分鐘。G 區只有 G1 有景。但夜景不是宜蘭市的夜景。我想應該不會再去了。用一千塊可以去很多別的地方。,3,1,0,2175,,2023/05/07,0,中立
這次在宜蘭露營真是遇到不少困難，草地區的狀況不佳，天氣不好又起霧，露營環境明顯不佳，不但黑暗潮濕，地面還有許多水坑，搭建帳篷也變得更加困難。因為天氣狀況，連風景都看不太到，總結來說，未來應該不會再選擇宜蘭來露營了。,3,1,0,2176,,2023/05/07,0,中立
營釘釘安不穩，感到很憤怒；山上的路沒有整理，開起來很困難。,3,1,0,2187,,2022/05/07,0,中立
廁所數量不足，造成排隊不便,3,1,0,2222,,2020/05/07,0,中立
G區的景色相當迷人，可以看到龜山島和蘭陽平原的夜景，晚上關燈後更能欣賞滿天星空，甚至有機會看到銀河。孩子們一定會在草皮中間玩得很開心，玩沙、玩水也都很方便。需要注意的是水池邊緣較高，沒有可以上下的地方，請注意天氣涼爽。管理員的服務非常好和熱心，廁所衛浴也打掃得很乾淨。如果是在ab區，浴廁離營區有些遠，而且如果帳篷數量多的話，衛浴設施可能會不夠用。調節冷熱水可能有些困難，但提供水桶解決這個問題。雖然沒有小黑蚊，但確實碰到了許多蒼蠅。,3,1,0,2225,,2020/05/07,0,中立
剛好碰到營區的住客素質不佳，學生開趴到半夜，老人清晨五點起床聊天上廁所，浴廁清潔維護也很糟糕，熱水還不穩定，來這個營區可能要看運氣了。,3,1,0,2229,,2020/05/07,0,中立
營地空間不太大，但海拔較高，夜晚天氣晴朗時可以欣賞星空。建議避免在炎熱的中午時分上山紮營，因為沒有遮蔽物可以遮擋太陽。水電設備OK。,3,1,0,2236,,2019/05/07,0,中立
G區的夜景很漂亮，不過衛浴設備需要改善，環境衛生方面也要多加注意！,3,1,0,2244,,2019/05/07,0,中立
聽起來經歷不太好。生日要去的地方雖然難找，路上沒路燈要開20分鐘，夜間前往需多加注意。那裡的蟲很多，也沒有飲水機，入住的朋友請留意。露營樂的照片看起來可能是很久以前的了，如果一帳要1000，可能還有更好的選擇。,3,1,0,2278,,2022/12/08,0,中立
G區的營位白天和晚上的景色真的很美，感覺不一樣！不過草皮長到膝蓋，環境似乎很久沒有整理了。還常有虎頭蜂飛來飛去！營位有衛浴設備、冰箱和冷凍櫃，很方便，但洗澡間跟廁所是分開的。衛浴設施清潔程度稍嫌不足。不過G區的風景是營地最值得一遊的地方，特別是夜景和龜山島景觀！,3,1,0,2281,,2022/08/01,0,中立
雖然天下雨了，但地面沒有變得泥濘。孩子們依舊玩得很開心。,3,1,0,2285,,2022/04/08,0,中立
看起來這裡比較雜亂，器材也有些不足。,3,1,0,2288,,2021/11/22,0,中立
這次第二次造訪G區，發現帳位很小，營地規劃不佳。營地的車子停得亂七八糟，公共空間被侵佔，還有人把車停在別人帳篷前面。營地收了18個帳位，但只有2間衛浴和4間廁所，洗澡水冷熱不定。提供兩台冰箱但不冷，導致食材酸爛，而洗菜洗手都得跑到廁所，相當不方便。晚上跳電5、6次，早上5:30也跳電！夏天沒電扇吹，只好直接起床。唯一的優點就是風景真的很好，晚上涼爽舒適。總結一句話就是，千萬不要去訂G區！,3,1,0,2303,,2020/06/29,0,中立
草地保護墊需要補充、營區內的樓梯需要維修、衛浴空間的蟲害需要處理。,3,1,0,2311,,2020/02/22,0,中立
連假期間營地設施短缺，即使下雨也湧入大排長龍。冰箱有點髒，希望能加裝更多冷藏（冷凍）式分離冰箱。,3,1,0,2315,,2019/07/17,0,中立
"1. 營位距離車道太近，可能對小孩造成危險（尤其是D和F區)。
2. 浴室熱水溫度不穩定，可能時冷時熱。
3. 不確定是冷藏室還是冷凍庫，而且溫度可能不夠低。
4. 在這次露營中，不巧遇到一對夫妻（喝醉）在大吵大鬧，半夜大聲爭吵吵醒了許多露營者，希望營區夜間可以有管理員或營區負責人當班，以應對突發狀況。",3,1,0,2368,,2018/04/09,0,中立
元旦下雨真是讓人感到不舒服。上層區域的規劃似乎不夠完善，浴廁也很普通，跟去年的感受相比差很多。,3,1,0,2377,,2018/02/12,0,中立
天氣很糟糕，無法享受美麗的景色，期待下次再來! 沙坑區的凉亭已損壞，導致孩子玩耍受阻，建議盡快修復，營位的洗手池都還沒有清潔，堆積了許多污垢，有點噁心。,3,1,0,2379,,2018/01/05,0,中立
營主很熱情。這個營地挺不錯的，營主很友善。,3,1,0,2452,,2016/12/30,0,中立
這個地方的環境整潔，草地保持得很好。,3,1,0,2528,,2021/05/07,0,中立
不太建議參加週五的露營活動，營地主人半夜才回家，導致冰箱無法及時冷藏食物，造成第二天主食雞肉腐壞。值得一讚的是，衛浴設施非常乾淨，而且營地主人經常清潔公共區域。,3,1,0,2542,,2021/05/07,0,中立
營地整潔，衛浴設施乾淨，景觀還不錯。距離瀑布很近，約需40分鐘的路程。,3,1,0,2549,,2020/05/07,0,中立
這個地方雖然沒有太多設施，但因為能夠聽到蟲鳴鳥叫，讓人感覺更貼近大自然。瀑布很近，溪水非常清涼，並且還有一個平坦的小池子，讓小朋友可以安心地玩水。整個露營區都非常棒，只是螞蟻稍微多了一點。,3,1,0,2550,,2020/05/07,0,中立
這個地方充滿大自然的氣息。毛蟲的數量相當多，在夜晚可能會有各種昆蟲出現，對於怕昆蟲的人需要考慮一下。空氣很清新，但景色稍嫌欠缺。營區的管理人員負責垃圾收集和浴廁清潔，辛勤付出。,3,1,0,2582,,2022/12/08,0,中立
在C區的選擇就要看看其他露友是否有公德心了。當天晚上十點半，有人在大聲聊天，還有人在彈吉他；浴室晚上十一點仍有人在用吹風機邊聊天，聊天聲音比吹風機還大聲。詢問老闆後得知晚上十點後原則上禁止大聲喧嘩，然而在這樣的情況下，老闆沒有出來管理營地，也沒有提醒露友應該保持安靜。在入住時，露友們只能碰運氣了。,3,1,0,2622,,2019/08/20,0,中立
總括來說，這個地方的環境不錯，營地主人很用心在維持品質，可惜出入口的道路狀況不佳，導致底盤被刮傷，另外泳池的磁磚也需要改善，甚至有小朋友被划傷。幸好營地主人提供保險，算是盡了責。,3,1,0,2746,,2023/05/07,0,中立
這個地方沒有提供飲水機和沐浴用品，需要自行準備。周圍景色普通，附近有農地，蒼蠅很多。上山的路很狹窄且路況不佳，低底盤的車輛不建議前往，而且交通費用也較高。總括而言，個人不推薦前往該地點。,3,1,0,2787,,2021/05/07,0,中立
營區的開放時間是早上10點，不需要過早到，以免打擾到營主，請多多包涵。,3,1,0,2793,,2021/05/07,0,中立
草地和洗澡堂之間的距離有些遠！,3,1,0,2797,,2021/05/07,0,中立
基本設施還不錯，只是從傍晚到隔天一直散發著雞糞肥的臭味，有點讓人困擾。而且有許多蜜蜂不斷圍繞著你，讓人很不舒服。,3,1,0,2812,,2020/05/07,0,中立
營地的規定明確寫著[禁止卡拉ok]，然而，現在卻有兩組人在同時唱卡拉ok聲音盡情響徹整個營地。來到山上露營，原本期待享受藍天白雲的美好，卻沒有預料到會受到嘈雜的噪音干擾。給予一顆星的評分。不過，廁所的整潔和營地的清潔狀況還是相當不錯，這確實是一個不錯的地方！,3,1,0,2834,,2019/05/07,0,中立
這個地方發展得相當好！周圍的景色也不錯！,3,1,0,2842,,2018/05/07,0,中立
營主非常熱情，設有地下噴水池，令孩子們非常開心。,3,1,0,2855,,2023/02/16,0,中立
路況：在白蘭部落的道路相對較順暢，但在營區內則比較陡峭，需要多加留意。冰箱：只有冷藏區，沒有冷凍區，且冰箱只能在營區本部使用，取物需要走一段路程。浴廁區：四區和六區的浴室和廁所合併設置且沒有乾濕分隔，水泥地板因潮濕長期積聚青苔。考慮到多區設施的使用情況，若在熱門時段使用，廁所和浴室可能會不夠用。浴室使用瓦斯熱水，有些同行朋友洗到一半就沒熱水，需中途更換使用，幸運的是隔壁間剛好沒在使用。熱水管控問題嚴重，容易讓人感冒，且浴室沒有紗網，內部有時會有很多蟲。最後，唯一的小便斗有漏水問題，使用上不太舒適。營位：營位相當寬敞，使用空間足夠，土地質量適合釘搭帳篷。但營地一些地方有點傾斜，可能影響桌子或床位的使用。供電：在這次營地使用時晚上突然斷電，其他區域也都無法使用電力，等待營地主人修復後才恢復供電，我們使用較少電力所以影響不大，但其他區使用者的情況就不得而知了。,3,1,0,2964,,2024/01/07,0,中立
8區的營地有7個帳篷和2個天幕，地方很寬敞，還有大約兩個帳篷的空間可供使用。草地看起來並不是很好，上面有一些坑洞且下雨後出現泥濘情況。營地提供垃圾桶和回收設施，有足夠的電源插座，洗碗台也很乾淨寬敞。前往8區時需留意低底盤和轎車，因路上有大坑洞和石頭，轉彎時要特別小心。草地上的坑洞可能積水嚴重，建議加強護草措施。共用的廁所在7區，整體算是乾淨，但同一間洗手間第二天沒熱水了。營地風景包括雲海和螢火蟲。冰箱位置在入口處，對8區的露營者來說稍嫌遙遠，建議增加更多冰箱。夜間開車回營時要注意路上的大坑洞和水溝，因為霧氣較大。,3,1,0,2986,,2022/05/07,0,中立
第一區營地風景確實很美，但是有兩隻雞一直輪流叫24小時，實在太吵了。更奇怪的是，10月二露六區的雞竟然消失，變成了貓。結果浴室的熱水器出了異常，洗澡時會有瓦斯味，弄得我半路變成冷水淋浴。果然，三星就是不一樣啊。,3,1,0,3000,,2022/05/07,0,中立
個人不太喜歡廁所和浴室在一起的設計。總是感覺有點舊、蟲蠻多、有味道。除了這個，周圍的風景和草地倒是很不錯。,3,1,0,3008,,2021/05/07,0,中立
在露營遇到吵鬧的人可能是運氣不錯，但營地管理者也應該及時制止，有一群人在半夜兩點吵鬧，雖然營主很親切熱心，但整體露營體驗卻被影響了。廁所浴室方面還算可以。,3,1,0,3011,,2021/05/07,0,中立
櫻花在風中搖曳的樣子真的很美，但廁所不太夠用，洗澡時水溫會不穩定，還有電壓偏低，容易造成跳電現象，特別是兩台吹風機同時使用時。,3,1,0,3014,,2021/05/07,0,中立
這個地方空間較狹小，我建議你可以考慮天湖露營區。,3,1,0,3018,,2021/05/07,0,中立
營位安排蠻寬鬆的，但是廁所沒有封頂，晚上會有許多昆蟲在裡面飛來飛去，小孩洗澡或上廁所可能會感到害怕。另外，冰箱放在營地管理處裡，如果營主不在或休息時間，可能會被鎖起來。對於帶食材需要放進冰箱的露營者來說，這可能會稍微不方便。,3,1,0,3036,,2021/05/07,0,中立
在這個時候四處樹影稀少，陽光普照，山景還不錯雖然設施稍嫌不足（不是花季可能有些無聊），只有收了錢才見到營區主人。,3,1,0,3052,,2020/05/07,0,中立
2區電路覆蓋全區，提供30安培電流，但發生超過8次停電，感覺不太順利，同時也提醒要加強廁所衛生。,3,1,0,3064,,2019/05/07,0,中立
這個地方風景很美，只是設施稍微陳舊。,3,1,0,3072,,2019/05/07,0,中立
2015年的時候和朋友一起去露營，選了一個靠近大自然的露營區。當時那裡的浴室是共用熱水器，所以水溫取決於隔壁是否有人在使用。晚上我們還一起吃了搗麻糬，味道很好。,3,1,0,3077,,2019/05/07,0,中立
夜景很美，但是衛浴設備有點簡陋。,3,1,0,3096,,2018/05/07,0,中立
營區應該很漂亮，因為櫻花已經開滿了。帳篷前被樹木遮擋住，不能直接看到山景，有點可惜。廁所能用，但水溫不太穩定。幸運地，遇到了友善的露營夥伴，他們和我的兒子玩得非常開心。希望沒有給他們造成困擾。,3,1,0,3111,,2022/01/23,0,中立
第8區的位置很遙遠，離營區中心很遠，而且到浴廁要走一段較陡的樓梯，不太方便。另外，浴廁沒有天花板，所以會有很多蚊蟲。,3,1,0,3125,,2020/12/14,0,中立
這個營地設施較差，廁所少且簡陋。,3,1,0,3141,,2019/09/20,0,中立
廁所缺乏衛生紙，稍嫌不便，建議設置衛生紙。草地上乾掉的狗糞不衛生，且垃圾桶未放置垃圾袋。此外，垃圾桶缺少磚塊鎮壓，可能會引來野狗野貓在半夜翻找垃圾。整體而言，仍有待改進。,3,1,0,3156,,2018/11/26,0,中立
如果沒有像喪屍一樣的蒼蠅，這個營區會很完美。,3,1,0,3184,,2023/05/07,0,中立
這個營區雖然很乾淨，但漲價的幅度有些過分，我想應該不會再去了。,3,1,0,3189,,2022/05/07,0,中立
共享大草地，衛浴設備漂亮，露營區有提供冷飲售賣。,3,1,0,3217,,2021/05/07,0,中立
在草地上有兩棵落雨松樹，我們就在它們之間的營位搭起了帳篷。帳篷搭在這變色的落雨松樹下感覺特別舒適。車與營位是分開的，但如果帳篷全滿的話可能會感覺有點擁擠。乾濕分離的衛浴讓洗澡體驗非常舒適。路況還算好，進入營區的田間小路有點窄，周邊是果園和農園。上午我們看到了一些零星的蒼蠅，下午有農民在噴灑霧狀液體。希望那不是農藥啊！,3,1,0,3237,,2020/05/07,0,中立
水龍頭的熱水很適合冬天露營，很貼心。但包場營位的管理人員不允許使用整塊草地，因為他們需要保留中央的走道給高爾夫車通行，來行銷產品。這可以算是一種獨特的商業策略。,3,1,0,3238,,2020/05/07,0,中立
環境整體算是不錯，唯一的缺點就是四周都是果園，所以有很多蒼蠅。,3,1,0,3243,,2020/05/07,0,中立
我認為這個地方很不錯，適合遠離城市的喧囂，來這裡旅遊可以選擇住宿或露營。,3,1,0,3258,,2019/05/07,0,中立
這個地方環境舒適，草地又舒服，廁所也很乾淨，有人定期清潔，甚至還有乾濕分離的衛浴設備。但人可能稍微多了些，收帳的地方有些擁擠。,3,1,0,3263,,2019/05/07,0,中立
你說的是這家的環境整潔有心思，但小朋友的活動空間有點不夠。,3,1,0,3279,,2018/05/07,0,中立
包棟民宿外面的營地電源可以增加。,3,1,0,3282,,2018/05/07,0,中立
優點是有一個寬闊的草地；缺點是有太多收帳，小朋友沒有足夠的空間玩耍。,3,1,0,3289,,2018/05/07,0,中立
"優點：衛浴設施很棒，草地景觀優美，設備更新維護良好
缺點：有很多蒼蠅，營地規劃過於擁擠，小孩遊玩空間不足",3,1,0,3301,,2018/05/07,0,中立
這次活動真是不受天候影響，感受到營主的用心經營。免費的草莓讓大家都很開心，不過吃飯要看天色，這將成為一段難忘的記憶，特別是在車上入眠。,3,1,0,3305,,2017/05/07,0,中立
這個地方空間寬敞，分成很多區域。在A區放下行李後，車子需要停在停車場集中管理。這裡有民宿，設計感十足但可能舒適度不明。營地相當大，適合小朋友奔跑，主要為平地且相對安全，唯一缺點是沒有景觀，旁邊只有果園，這一點有些可惜。,3,1,0,3315,,2017/05/07,0,中立
草地不錯的地方很多，其他的優點也不少呢！,3,1,0,3323,,2017/05/07,0,中立
環境雖然看起來整潔漂亮，但卻出現跳蚤，被咬得很慘，結帳時突然開始癢，真是苦不堪言啊～,3,1,0,3327,,2022-04-28T17:04:37+08:00,0,中立
各區的後方空間稍嫌狹窄，滿帳都顯得有些擁擠，到最後十幾分鐘的路程有好幾個超陡坡和髮夾彎，非常挑戰車輛引擎和輪胎性能，以及駕駛技能，夜間駕駛極不建議。,3,1,0,3396,,2022/05/07,0,中立
路波蕩。快到的時候，路很陡，不好開。,3,1,0,3471,,2023/10/23,0,中立
快到營區的時候，那條路真的很難開，很危險。,3,1,0,3472,,2023/10/23,0,中立
營地非常吵~鄰居的狗叫聲聲不絕~羊群的聲音不斷~清晨4點公雞高聲打響。,3,1,0,3568,,2023/12/07,0,中立
營區裡有些許問題，像是會有小蟲飛進來、貓狗會翻垃圾桶、孩子被跳蚤咬，以及附近野狗會吵到人、鄰居的鵝叫聲太大。營區雖然沒有飲水機，但衛浴設施很乾淨，而且營主人也很友善，只是有些行動不便。,3,1,0,3592,,2022/05/07,0,中立
帳篷區的位置比較寧靜，相當不錯。射箭區雖小，但仍很有趣，也許是因為沒有人和我們搶場地，不用排隊（那天滿人潮）。營區裡還有沙坑和戲水池。當天有製作麻糬的活動，營地主辦單位會逐一通知各個營帳的體驗時間。,3,1,0,3609,,2021/05/07,0,中立
"1. 浴室很乾淨，有浴缸和水瓢，建議自備D環，方便掛東西。
2. 提供Wifi、草墊、吹風機、脫水機、冰箱（冷凍與冷藏）和衛生紙。
3. 上層營區遇大雨仍能排水良好。
4. 蚊蟲較多，尤其是小黑蚊，同行的親友和小朋友都被叮咬。
5. 營區常有小貓出沒。
6. 營位上的洗手台有遮陽傘，但只有一些不太明亮的太陽燈，亮度不足。",3,1,0,3610,,2021/05/07,0,中立
營地靠近入口的風景特別美，底下的寮望台景色也很漂亮，適合休息並享受涼爽的風和樹蔭。營地主辦的搗麻糬和其他活動深受小孩喜愛，但冰箱較小，坡度陡峭。在端午節時被小黑蚊叮得腿上都是紅豆冰，而營地內養的雞半夜常常在兩三點就開始啼叫直到天亮。此外，還有水池可以讓小朋友在水中玩耍。,3,1,0,3617,,2020/05/07,0,中立
進入營區的道路比較狹窄，開車要小心，不要完全相信導航。傍晚的景色很美，可以參加活動，但到晚上會有點潮濕，早上太陽升起時要尋找遮蔭的地方。雖然離公路稍微遠一些，但由於位置在山區內，常能聽到汽車的聲音，特別是跑車的聲音。總體而言，這個營區是值得一試的。,3,1,0,3620,,2020/05/07,0,中立
可以欣賞到石門水庫湖面的美景，微風徐徐吹過，非常舒適。喜歡露營的人可以考慮前往體驗一下，但提醒大家，那裡蚊子較多，請做好防蚊措施。,3,1,0,3627,,2020/05/07,0,中立
風景很漂亮！搗麻糬和竹筒飯的DIY活動稍嫌粗糙，射箭區好像荒廢了。淋浴間只有三間，但水量充足，熱水也很足夠。,3,1,0,3630,,2020/05/07,0,中立
廁所乾淨，但是數量太少！其他的普通。,3,1,0,3634,,2019/05/07,0,中立
營區的空氣清新，而且位置靠近河流。,3,1,0,3635,,2019/05/07,0,中立
設施齊全，有足夠的衛浴和充電插座，停車位也充足！不過夏天來可能會有點熱曬。總的來說，營區稍微擁擠但還算舒適。停車方式很重要，可能會影響到兒童遊戲空間。整體環境乾淨，衛浴和廁所都很好。建議父母陪同小孩在水池。營區主人態度親切。唯一缺點可能是交通指引不太好找。,3,1,0,3651,,2019/05/07,0,中立
"對於我們這些住在台北市區的人來說，營區其實有點遙遠！這個營區相當新，佔地不大，被設計成了""階梯式""，共有四層。我們這次使用的是最底層（靠近衛浴區），原本可容納八個帳篷，但由於大家都使用大型或巨型帳篷，再加上客廳帳篷，最後我們只搭了六個帳篷。此外，營區還有設有""營棧""，可以在那裡購買飲品。還有瞭望台、兒童遊戲水池、射箭區，對小朋友來說是個很適合消磨時間的地方！",3,1,0,3653,,2019/05/07,0,中立
這個露營區位置靠近石門水庫，在羅馬公路旁邊，交通便利但山路較難行駛，停車位有限。營區提供推車，空間像梯田般分層，小孩活動範圍有限。風景包括石門水庫、新溪口吊橋和角板山形象商圈，盥洗設備雖然少但整潔無需排隊。老闆和工作人員服務態度良好，是一個值得再次造訪的露營地點。,3,1,0,3656,,2018/05/07,0,中立
設施都很舊，沒有再被照顧的感覺。泳池、沙坑和射箭場都已經年久失修。道路狀況不佳，也不確定是誰擁有這個營地。,3,1,0,3668,,2023/05/14,0,中立
衛生設施需要改進。如果對環境要求不高的話，這裡還算可以，但傍晚可能會有一些小黑蚊。,3,1,0,3670,,2023/04/05,0,中立
竟然不自覺地去了第二次的營區。,3,1,0,3687,,2021/03/20,0,中立
手機訊號只有一格，而且很不穩定。雖然營區有WIFI，但洗澡的時候突然沒有熱水，還要再等30分鐘。,3,1,0,3769,,2024/04/07,0,中立
景色不佳，衛浴設施陳舊，而且還有瘋狂的黑蚊子叮人，住在1300號的雨棚區感覺性價比不太高。,3,1,0,3798,,2023/05/07,0,中立
這段文字描述開車在不同地形上的駕駛感受，其中提到了駕駛時的挑戰性。在A區的草地短小乾淨，供小朋友嬉戲玩樂。附近廁所乾淨，水溫舒適，對於冬天非常實用。地理位置在山谷，晚上寒冷但風不大。附近有一條小溪，需步行一段距離才能到達，但釣魚的過程很舒適。提到了早睡的作者卻被鄰居的談話聲干擾，影響睡眠品質。,3,1,0,3807,,2023/05/07,0,中立
老闆退休後仍處心積慮經營營地，逐步完善設施，各平台活動空間充足。建議提供帶廁所的平台更加便利，並有熱水洗手台，非常貼心，尤其適合冬天。營地位於山谷中，較涼爽，早晨陽光會稍晚，可以多睡一會兒，但要注意防蚊！另外，要小心使用谷歌導航可能會導航錯誤，應留意營地主人提供的準確指引訊息。,3,1,0,3875,,2020/05/07,0,中立
營區活動範圍有限，進入道路狹窄。道路盡頭靠近溪邊，晚上溪流聲音很大，不建議在溪邊搭帳篷。每個區域的洗手台位置設計不夠好。廁所和淋浴間空間相對大，但熱水供應可能不足。,3,1,0,3876,,2020/05/07,0,中立
洗澡時需要加強熱水供應。因為廁所的熱水供應有限，每30分鐘才有熱水，對洗澡造成不便。,3,1,0,3905,,2022/09/19,0,中立
浴室設施太少了。C、D、E區共用浴室實在太少了，而且即使調到最熱，洗澡水也只是溫的，這個問題不單單是我們露營的人遇到的。我們的浴室被鎖起來是有些不太合理的，而且營區總是跳電，可能是因為我們申請的電量不夠，只要有人開了暖氣等耗電設備，整個營區就會斷電。我們是否可以在共同協議中設定不要使用高耗電產品呢？此外，D區設有三個洗手池，兩個在後方，一個在廁所前面，但我們幾乎要爭搶才能使用，因為前面的洗手台有熱水，其他人都會來使用，造成我們很不方便。當我們需要使用時，別的區域的人也都來用，非常不方便，甚至上完廁所洗手都得用自行攜帶的茶水。,3,1,0,3922,,2022/01/03,0,中立
覺得和露友們打招呼很舒服。,3,1,0,3940,,2021/03/20,0,中立
草地排水不良，下雨時最好避免造訪。第一次造訪時草地綠意盎然，但第二次造訪時卻已草深茅茂，加上一場雨後，整片區域變得泥濘不堪，實在是令人不快的體驗。,3,1,0,3952,,2020/10/13,0,中立
1. 特1區的房間保持得很整潔，但1樓的客廳和2樓之間可以自由來往，這點有點奇怪。2. 特1區的廚房位置在洗手間旁邊，有時會有一些尿味。3. 其他方面還好。,3,1,0,3989,,2023/05/08,0,中立
這家營區的老闆非常健談熱情，整體環境算不錯，營位多數有五葉松樹可遮蔭。營區規模小而美，夏天造訪時蚊蟲可能比較多，此外除了戲水池清潔度有待改善外，管理方面也有些問題，晚間11點仍有人進出營區，12點還有人在安裝營釘、充氣床墊。在這營區停留兩晚都遇到行為不當、沒教養的露營者，雖然這並非營區老闆的錯，但作為管理者，他們有責任確保營區秩序良好，以免給人不良印象。,3,1,0,3997,,2023/05/08,0,中立
營區的空間很寬敞，旁邊還有湖泊可以欣賞。盥洗浴室開放時間不限，露營模式也多樣，可選擇在雨棚區、松樹下或竹林碎石區設營。不足之處是盥洗浴室和冰箱較少。,3,1,0,4019,,2022/05/08,0,中立
老闆很客氣，但是這裡的蚊子實在太多了，回來之後都被叮好幾天了。,3,1,0,4026,,2022/05/08,0,中立
這段話的意思是：在I區空地擠滿了帳篷，由於寒流來襲，我覺得過度擁擠了。沒有人帶家用電暖器，整晚跳電好幾次。營區的管理員處理得很迅速，但在半夜跳電時直到天亮才有電。浴室分成男女各兩間，還有男女各一間蹲式廁所，而吹風機只能在女生一邊使用。冰箱只有在浴室旁邊，而且有一條步道可以通往石秀灣。,3,1,0,4027,,2021/05/08,0,中立
不建議選擇B區，因為那裡浴廁數量太少，而且受到干擾。各區應該再減少一些帳篷，因為那裡有小蚊子和跳電的問題。不過五葉松林的景色很美。,3,1,0,4037,,2021/05/08,0,中立
現在是八月份，蚊子叮人叮得很厲害，每個人平均有20個以上的蚊蟲叮咬紅腫起來。最後只能採取逃難的方式來應對，建議攜帶高效的防蚊液，否則就會像我們一樣，蚊子咬了都不怕。,3,1,0,4043,,2021/05/08,0,中立
希望雨棚區位置可以再大一些！,3,1,0,4071,,2019/05/08,0,中立
營區出現了很多蚊子，而且營主正在維修水管，不過忽略了水管膠的排水問題。在洗澡時，突然聞到水管膠的惡臭，讓帶著兩歲小孩的我非常擔心會不小心喝到含有水管膠的水。提出問題給營主後，只得到了一句抱歉，卻不了解這可能對人健康造成危害。台灣在環境教育方面仍有很大的改進空間。這樣的問題若在國外發生，一定會被追究責任吧。,3,1,0,4081,,2019/05/08,0,中立
風景很美，老闆很友善，只是有些小黑蚊。,3,1,0,4086,,2019/05/08,0,中立
營地的設施很完善，提供免費的地面防水隔板，水槽的水量很充足，用電也方便。廁所和浴室都很乾淨，草地也很寬廣。不過，由於鄰近竹林，小黑蚊較多，叮咬比較厲害。,3,1,0,4100,,2018/05/08,0,中立
蚊子非常多，夏天時最好避免穿短褲。,3,1,0,4178,,2024/03/07,0,中立
這次露營的老闆娘態度很好，讓我們自由選擇營位，所以多給了一顆星。但可惜的是蒼蠅、螞蟻又多又吵，還有會飛的蟑螂在外面晃來晃去。而營區的設備管理可能沒有很好，有些地方發霉發鏽了。雖然營區燈光不足，夜晚有些昏暗，但整體環境實際上蠻漂亮的，有湖邊也有溪水，可以聽著河水聲入眠，讓心情相當愉悅。,3,1,0,4199,,2023/05/07,0,中立
本來以為離台北很近，看圖片感覺不錯又有雨棚，應該會很放鬆。不過剛好遇到下雨天，雨棚內積水，走到廁所都是水坑和泥巴，腳永遠是髒的，是露營過最痛苦的一次！還有就是蚊蟲很多，但在戶外難免吧！建議設施要翻新一下，排水要改善一點。如果弄好了，我想這會是個很棒的營地！,3,1,0,4217,,2021/05/07,0,中立
小黑蚊很多，洗澡時熱水較不穩定，女廁馬桶常常會有水漬。,3,1,0,4228,,2021/05/07,0,中立
這個地方本來是個養魚的池塘，後來變成了婚攝的場地。,3,1,0,4234,,2021/05/07,0,中立
這間民宿的熱水穩定，廁所也很乾淨。但營主比較冷淡，不會巡場，若有訪客需支付額外費用。晚上幾乎沒有路燈，有些地方有坑洞很危險。,3,1,0,4238,,2020/05/07,0,中立
這個地方適合各個年齡層的人半日遊，但是交通不太方便。,3,1,0,4266,,2019/05/07,0,中立
只有位置方便，其他都還可以。,3,1,0,4268,,2019/05/07,0,中立
這次前來露營是受網路照片吸引而來，但實際到達現場後感到失望。許多景點看起來已經年久失修，狀況很糟。您建議網站應該更新相片是很合理的。,3,1,0,4269,,2019/05/07,0,中立
出去露營，最重要的是什麼？心情。夥伴和現場空間都很重要，而且老闆熱情地帶路。晚上能聽到蟲鳴鳥叫，偶爾還能見到螢火蟲，這樣寧靜清幽的短程露營區就值得一去。儘管網路上傳出園內景點已經有些斑駁，但湖上還能彈鋼琴呢！,3,1,0,4271,,2019/05/07,0,中立
在台北附近的露營地，露營區的地面鋪設碎石，河岸附近有雨棚，下雨時不需擔心。水槽設備可以平均分配，兩個帳篷共用一組。靠近小溪的地方可以下水玩，不過該處的污水應該經過集中處理後才排放到溪流中。,3,1,0,4277,,2018/05/07,0,中立
環境好，浴廁整潔，但沒有路燈有些昏暗，住的地方離營區主部有點遠，缺少飲水機的設備，需要步行到營區主部，相當不方便。,3,1,0,4282,,2018/05/07,0,中立
場地規劃不錯，但沒有特別的風景。,3,1,0,4283,,2018/05/07,0,中立
這個露營地很適合親子同遊，環境優美，適合親子互動，可以燒烤、玩水和爬山。,3,1,0,4285,,2018/05/07,0,中立
環境不錯，衛浴設備齊全，只是平地露營有點炎熱...,3,1,0,4290,,2018/05/07,0,中立
這個營地的設施看起來有些老舊，並沒有進行維護和更新。,3,1,0,4302,,2017/05/07,0,中立
這個美的空調價格有點貴，一千元太貴了。,3,1,0,4304,,2017/05/07,0,中立
這個營地設施很完善，但似乎缺乏自然的感覺。,3,1,0,4305,,2017/05/07,0,中立
風景很漂亮，但門票沒有包括消費有點可惜！,3,1,0,4308,,2015/05/07,0,中立
這裡的設施稍顯老舊，有些可惜。希望湖畔的景觀能再加強，那就更加完美了。或許因為附近有果園，所以會有些小黑蚊。,3,1,0,4502,,2017/12/03,0,中立
很遺憾... 沒有舉行露天活動。27號還沒到中午就開始下大雨，打電話去詢問，被告知無法延期或退款。原本以為下午會停雨，但雨勢卻越來越大。等了一會後，決定取消露天活動，不想搞得一團糟，也擔心小朋友淋濕感冒並增加濕氣帳。雖然花了1000元，但算是學到了一課，天氣不穩定時還是要預約有雨棚的區域比較安全。,3,1,0,4561,,2017/05/29,0,中立
或許是因為下雨的緣故，景觀表現未如預期，但最重要的是回家後手腳多了一份美味的紅豆冰！><,3,1,0,4562,,2017/05/28,0,中立
浴廁的設施不錯，但仍有改進的空間。,3,1,0,4569,,2017/05/14,0,中立
在台北地區，交通真的很方便。,3,1,0,4611,,2017/02/28,0,中立
帳帳相連會讓人感到不舒適，浴室的數量太少。,3,1,0,4642,,2016/12/03,0,中立
廁所和淋浴間的設施非常好，尤其是淋浴間的乾濕分離處理得很不錯！整個營區都有雨棚覆蓋，但周邊景點較少。營區可能坐落於山谷中，風從各個方向吹來，讓人感到有些不舒服。周邊環境也比較雜亂，不過有一條庫志溪可以釣魚和抓蝦。,3,1,0,4708,,2021/05/07,0,中立
營地長和夫人之間的氛圍非常融洽，空氣也很清新！,3,1,0,4715,,2021/05/07,0,中立
臨溪，山中煙霧，是個非常適合露營的好地方！,3,1,0,4741,,2019/05/07,0,中立
帳篷架在雨棚下，地面是水泥，有四個金屬孔。溪水很靠近，可以嬉水。這個露營地不大，並沒有客廳帳篷的規劃。,3,1,0,4754,,2019/05/07,0,中立
環境整潔，但營位空間有點小，水龍頭位置影響其他人通行。,3,1,0,4846,,2018/09/25,0,中立
11/18日在竹雞區的評價不太好，扣掉兩顆星後剩下三顆星給了還算可以的草坪和下釘的表現。1. 靠近斜坡的排水管斷裂沒有處理，上層洗手台的水直接流到草地上，造成積水問題。2. 九個營位共用兩間浴室，乾淨但其中一個熱水器在週六傍晚故障沒有人來修理或通知，讓人冬天洗冷水澡感覺不好。3. 廚餘桶擺放方式不佳，未考慮有貓狗出沒，果然半夜被貓咬破。4. 營位寬度五米，大帳才能入住，眺望只有老鷹區稍微有風景，其他區域有些遮擋，竹雞區幾乎看不到景色，整體視野不如旁邊的烏嘎彥的獨立區或C區。,3,1,0,4868,,2023/12/08,0,中立
環境很好，但浴室的數量顯然不夠，另外山路又窄又陡，開低底盤車輛時要小心。,3,1,0,4929,,2020/05/08,0,中立
"路小有幾段路會車有問題，風景不錯。

可以這樣重新說：有幾段路較為狹窄，並有一些交通問題，但風景非常美麗。",3,1,0,4930,,2020/05/08,0,中立
營地的服務很好。廁所和浴室都很乾淨，但數量有點少，容易造成排隊等候的情況。建議增加一些廁所浴室的數量，並分散安排在不同地點，避免集中在一處。此外，也可以考慮擴大場地，但不要增加過多人數進來，同時需要改善夜間到場的路線，以便遊客更方便的進出。,3,1,0,5152,,2017/10/23,0,中立
前往營地的路線很順暢，提供了不少親子設施，像是溜滑梯、腳踏車、籃球場、沙坑和泳池等等。此外也有冰箱和飲水機，草皮活動空間也相當大。總的來說，這個營地很舒適，而且營主人也很親切。但有幾個小缺點需要提及：第一，洗澡時間有限制，必須在晚上12:30前洗澡，白天沒有熱水。第二，裝備只能在草地旁邊的柏油路下放置，但柏油路很窄，下裝備的時候可能會阻礙到後面的車輛。第三，適合騎腳踏車的地方只有柏油路，但也很窄。第四，撤營時間比較嚴格，而其他營地在收假當天可能會有更大的彈性。第五，海拔低，雖然能看到星星，但最大的光汙染源是門口那盞路燈，如果可以手動關閉就更好了。第六，A區3帳之後距離護草墊放置區雖然不遠，但會感到有些辛苦。總體而言，這個營地還是在口袋名單中，唯一比較硬伤的是下裝備不能在草地下，希望營主可以思考一下解決的辦法。,3,1,0,5231,,2023/12/08,0,中立
這段描述在談論露營地的設施和環境，整體來說是讚美營地營主家人勤勞且用心打理，並提到有設施如冰箱、草皮空間、籃球場等。同時也提到一些待改善的地方，如女廁浴室的冷水流太小、水溫不穩、淋浴間不足等問題。最後建議來露營時要選對季節，因為如果風太大，可能會不舒適並且不用擔心小黑蚊。,3,1,0,5253,,2023/05/08,0,中立
這個地方的好處是海拔不高，開車路況良好，兒童設施齊全，草地很適合小朋友玩耍。不過壞處是有非常多的小黑蚊，即使噴了防蚊液仍然被叮滿腳，從中午到傍晚都有，傍晚還有特別大隻的斑蚊，被叮到會很痛，讓人感到非常驚慌。也許考慮下次冬天來會比較適合。,3,1,0,5259,,2022/05/08,0,中立
總結來說，這個營地對於喜歡習慣一團熱鬧、夜晚不介意吵鬧的人是個不錯的選擇。帳篷相鄰，晚上10點就要保持安靜入眠。營區擁擠，帳篷搭建時方位受限制，地面沒有明確的劃分，營位和釘點需準確。設施方面，浴室無法應付周末客流高峰，熱水限時供應，水壓不穩定，冰箱擠滿食材亂放，插座電壓不穩定。夜間抵達時要在10點前，營區乾淨整潔，但可能不太適合我和朋友們的需求。最好在抵達前先詳閱營地須知及規定，以免因疏忽而違規受罰。,3,1,0,5283,,2021/05/08,0,中立
冬天電力不穩定，需要改善以提供更友善的露營環境品質。,3,1,0,5284,,2021/05/08,0,中立
A區和CD區是不同的，A區停車需要停在停車場，而CD則可以停在帳篷前面比較容易看到。兩個區域共用廁所和浴室，如果帳篷都滿了，洗澡可能需要等很長時間。在洗澡時可能會感到冷，但廁所非常乾淨有拉門和準備衛生紙。如果選擇在CD區靠近尾巴的位置，需注意離廁所有一段距離，且十二月去還會有一些蒼蠅和難以避免的螞蟻問題，有時甚至會入侵到帳篷和車內。建議選擇靠前一點的營位，但由營區分配位置未必會有帳篷相連到天邊的問題。這個地方對小孩很有吸引力，有沙坑、籃球場、腳踏車、和溜滑梯，適合帶小孩去玩。另外還提供冰箱和飲水機，建議食物和飲料要先準備好再前往。開車下山需花10至20分鐘才會遇到7-11。,3,1,0,5288,,2021/05/08,0,中立
因為沒有24小時供應熱水，孩子們在玩水後無法方便地洗澡。,3,1,0,5331,,2023/12/28,0,中立
老闆可以不要那麼緊盯人嗎？感覺很不自在。,3,1,0,5341,,2022/05/16,0,中立
無法控制鄰居在清晨6點時割草所造成的噪音困擾。建議與房東溝通親善鄰里關係，請求鄰居不要在清晨使用大型割草機，讓您的露營時免受打擾。若難以阻止鄰居的行為，至少應了解鄰居務農的時間表，提前告知露營友們何時會進行割草，給予大家時間考慮是否要忍受清晨的噪音。若尋求老闆協助，但僅得到口頭安慰，可再次與老闆溝通希望得到實質支援。,3,1,0,5353,,2020/11/30,0,中立
對方在聯繫上不夠主動。因為連日大雨，在出發當天一早已主動聯繫營主，詢問是否建議取消露營，但直到晚上七點半才回覆不用過去。但當時大家已經出發了。當天黑蚊相當多，讓我對人生產生質疑。草地積水非常嚴重，雖然有提供防水墊但仍然泥濘不堪。整體設施方面，浴室算是比較不錯的，但如果能改善排水速度會更好。,3,1,0,5376,,2019/06/10,0,中立
草地太長了，最好修剪一下。當A區的三個朋友同時到達時，共同搭帳篷和結帳可能會變成一場災難，因營位空間狹窄而幾乎沒有活動空間。由於車輛無法開到營區，即使提前整理行李也無法離開，停車場離營位有一段距離，因為沒有手推車，只好靠人力搬運，這樣很容易造成家庭間的摩擦。可能是因為春夏季節，周圍有果園，蚊蟲和蒼蠅非常非常多。浴室和廁所算是乾淨整潔。垃圾桶只有在入口處（這點還好）但如果帳篷數量增加就有可能造成桶滿溢的情況。下大雨時，草地的排水系統有問題，容易積水。,3,1,0,5426,,2024/05/05,0,中立
11月18日到19日的露營地方環境很棒，但早上洗澡時洗到一半，水突然變冷了，差一點感冒。打了三四次電話都沒人接。,3,1,0,5434,,2023/12/08,0,中立
整體狀況不錯，但有點小問題在棧板這部分。,3,1,0,5435,,2023/11/08,0,中立
廁所布置得不錯，但只有行政總部有冰箱，C區到B區的距離有點遠不太方便。B區的大草地很適合孩子們玩水遊戲，也有浴室可供使用，但缺少冰箱不太方便。A區的營位形狀比較狹長，如果使用大帳篷可能會感覺擁擠，而且草地不夠平整，有些地方有坑洞，所以在搭建帳篷時需要注意位置。營位區的洗手台不夠，根據預訂網站顯示有3個帳篷，也只有三個洗手台。營地主人將我們四個帳篷安排在同一區。這個季節這附近有很多螢火蟲，但也有許多小型黑蚊、螞蟻和蜘蛛（體型都不小）。白天還會有一些蒼蠅，最令人擔憂的是還有大型蟑螂，生態非常豐富。,3,1,0,5440,,2023/05/08,0,中立
香港回來的年輕人很友善且熱情，但每一家的距離都很近，晚上過了晚上10點後，其他的房間非常吵且無法勸阻，業者未有效地管控，亦沒有適當的引導，玩桌遊的人大聲喧嘩，喝酒的團體則放著音樂並大聲交談...直到快要12點才漸漸安靜下來，才能入眠。,3,1,0,5450,,2023/05/08,0,中立
這次我們和一群大人小孩約20人來到這裡，透過網路找到這個地方。整體來說，這裡的環境優美，廁所也算乾淨，設備很齊全便利，營主也很熱情。但唯一讓我們感到困惑的是，有幾位營主的朋友來打招呼。一開始覺得熱情交流還可以，但後來他們的行為越來越過火，一直來我們營位要我們喝酒聊天，還想找我們其中一位妹妹。即使我們委婉拒絕，他們還是死纏不放。最後甚至直接杵在我們的營位不走，讓我們感到極度困擾，特別是當時已相當晚且有小朋友在睡覺。我們來這裡是為了放鬆享受，卻不希望被迫與營主的朋友互動應酬。因此，雖然這個地方本身不錯，但這次經驗讓我們對於再次造訪卻有所猶豫。,3,1,0,5468,,2022/05/08,0,中立
抵達時已約兩點左右，營地主人才開始準備我們租借的帳篷，直到傍晚才終於完成搭建。最糟糕的是，深夜時氣墊床漸漸漏氣，造成不便。另外，第一天廁所有些異味，小孩一直抱怨臭，但隔天早上清潔後情況好了許多。我建議他們在廁所外放置洗手台和洗手乳，特別是在疫情期間，這真的很重要！,3,1,0,5477,,2022/05/08,0,中立
在多人使用的時候會有點擁擠，我建議分區使用。廁所外觀看起來不錯，但清潔方面還有待提升。附近有長興國小，是個不錯的地方可以玩耍。,3,1,0,5500,,2021/05/08,0,中立
廁所雖然小黑蚊比較多，但整體還算乾淨。,3,1,0,5519,,2020/05/08,0,中立
一些營位地不太平坦，各帳篷之間距離太近，需要仔細考慮一下，與照片中看到的不太一樣。,3,1,0,5524,,2019/05/08,0,中立
環境雖然不錯，但帳篷太擁擠，廁所設施不足，D區附近有臭味散布。早上被狗吵醒，還發現帳篷附近有狗拉的東西，壞壞的心情。,3,1,0,5527,,2019/05/08,0,中立
有小沙坑和小水池，挺有趣的玩意兒。,3,1,0,5540,,2018/05/08,0,中立
營地草皮保持得很好，但是營地費用有點高，人也比較多。,3,1,0,5541,,2018/05/08,0,中立
浴廁很整潔，但當到現場才告知需要額外支付搭帳費，這讓人感到不太舒適。優點是浴廁很乾淨，服務人員的態度也很好。缺點是帳與帳之間的距離太接近，地面也不平整。而且到了現場才被告知需要額外支付300元的搭帳費，且無法自行選擇搭帳位置。詢問為何事先沒有說明，得到的回覆卻是網站不能寫，這讓人感到不滿意。,3,1,0,5562,,2023/02/13,0,中立
在營區人多的時候應該更加注意垃圾處理。,3,1,0,5610,,2019/03/02,0,中立
這個營地空間較小，帳篷收容的人太多，導致噪音過於嘈雜。晚上和白天時，無法分辨是營地內的狗還是附近居民的狗在狂吠，非常吵雜。晚上過了10點仍有其他露營者大聲談笑，小孩高聲尖叫，但營地負責人卻沒有介入管理。吵鬧聲、尖叫聲、狗叫聲此起彼落，連蚊蟲也特別多⋯⋯,3,1,0,5663,,2018/04/06,0,中立
老板对顾客热心，但不太擅长交流，而且不会主动回访。,3,1,0,5719,,2024/04/08,0,中立
湖畔區的風景很美，讓人感到輕鬆。大樹下的這兩個位子更棒喔。,3,1,0,5786,,2019/05/08,0,中立
景觀不錯，但營地有點擠，而且收費太高了...露營一個晚上要價1500元。,3,1,0,5791,,2019/05/08,0,中立
總的來說，這個環境還可以。地形分為三層，最上層只有一間衛浴，略顯不足。二樓空間不大，但有四間衛浴，與三樓共用。如果有較多人在時，希望能夠更頻繁地清潔廁所垃圾。,3,1,0,5793,,2019/05/08,0,中立
每個房間都有地板床，所以很舒適好睡！早上起床就能看到美麗的風景！可惜營區範圍較小…不過這裡有便利商店，可以買一些飲料或日用品！,3,1,0,5844,,2018/05/08,0,中立
設備無虞，風景還不錯，只是收費稍微貴了一點。,3,1,0,5845,,2017/05/08,0,中立
這裡的空氣很清新，環境十分寧靜。,3,1,0,5955,,2021/05/08,0,中立
暫時遠離城市，在山上欣賞美景，暫時忘卻世俗瑣事，讓心靈放空，為了再次啟程！,3,1,0,5968,,2020/05/08,0,中立
要小心開車，因為上山的路不太好走。但營地風景很優美，而且有稜有坡感。,3,1,0,6031,,2021/04/26,0,中立
這個地方很舒適，雨棚設置得很好，前面有一塊不小的空地。營地主人的狗狗和貓咪都很友善，超級可愛。不過小黑蚊實在是太多了，幾乎每個人都被叮咬了。也許要考慮在天氣涼爽一點的時候來，這樣比較適合。,3,1,0,6072,,2023/08/08,0,中立
七月時租了五帳的櫻花區，但只有一間廁所和兩個洗手台，其中一個洗手台較老舊且不方便。對於五帳來說，這有點不夠。小黑蚊也很多，但營主提供大隻的蚊香。櫻花區需要使用對面營本部的冰箱，但那是營主私人使用的。冰箱內有很多醬菜罐等物品，聞起來像阿嬤家的冰箱。建議有需要的自己攜帶冰箱。碰巧營主的朋友在山上喝酒，冰箱裝滿了兩箱啤酒，還整天唱歌直到晚上十點，很熱鬧。營區有親人的貓狗，很溫馴不怕小孩。走路四分鐘可到冰涼的溪水玩，營主太太也提醒可以把蚊香帶到岸邊。總的來說，場地較小、設施建議加強，但自然環境不錯。,3,1,0,6092,,2023/05/08,0,中立
營地有很多小黑蚊和蒼蠅，再加上大雨，整個營地都淹水了。可能是因為碎石頭鋪設不足造成地面都成了爛泥巴，非常不舒服。洗澡和上廁所的空間也不夠，只有一個營位有洗澡和上廁所的地方，而且電源供應的拉線過長，十分危險。,3,1,0,6093,,2023/05/08,0,中立
營區的主人非常友善，對客人的需求都能及時協助，這一點確實很棒。此外，離老街也不遠，完成營位安排後可以到老街逛逛找美食，相當輕鬆舒適。但是營區也有一些問題，首先浴廁和衛生間是同一間，且有幾個區域共用一個浴廁，因此上廁所常需要等待。其次，營區飼養了貓咪，牠們經常跑到營位，跳上餐桌，甚至咬破帳篷的拉鍊。由於牠們不怕人，難以趕開！甚至有露友在半夜尖叫，因為貓咪在破壞帳篷。再者，半夜沒有路燈，所以到了深夜，仍有很多露友四處走動、探險、聊天！建議增加路燈控制，將更有利於營區管理。最後是水槽不足，與浴廁相同問題，洗碗洗菜都需要排隊，尤其在煮食時間更為擁擠。,3,1,0,6105,,2022/05/08,0,中立
這個露營區的設施環境不怎麼樣，有些不便利且偏貴，比起其他同價位的營區，這裡的設施和景觀表現不夠優秀。,3,1,0,6114,,2021/05/08,0,中立
營地太小，感覺有些擁擠和分散。,3,1,0,6133,,2019/05/08,0,中立
進到營區時，首先讓我注意到很陡的坡，讓我擔心起家裡的狗狗。隨後老闆娘非常親切地介紹，甚至告訴我們晚上會有螢火蟲。當天晚上我們關燈後，果然看到很多螢火蟲，可惜沒有拍照紀錄。這個營區採用梯田的佈局，每個區域都不算很大，而且只有一間廁所和一間浴室，插頭也不多。我比較不滿意的是有點多蒼蠅，風景一般般。唯一讓我比較滿意的是營區下方有溪流可以讓小孩玩水，水質很乾淨，有大人在旁邊看管，相對安全。在那裡小孩可以玩上半天。總的來說，我沒有特別推薦這個營區。,3,1,0,6143,,2018/05/08,0,中立
廁所和浴室是共用的，所以在晚上洗澡時間時，需要上廁所的人可能需要排隊等候。,3,1,0,6146,,2018/05/08,0,中立
各區位置合適，提供的帳篷沒有附帶鋁箔墊。,3,1,0,6148,,2018/05/08,0,中立
雅房不太適合那些想要輕裝露營的家庭，可能會有些失望。,3,1,0,6214,,2019/10/21,0,中立
場地還可以，有狗會追人。草皮還不錯，路程蠻好走的，只是主辦人沒有太多互動，重點是狗會追人喔！,3,1,0,6217,,2019/09/17,0,中立
廁所設施需要改善！1. 最好是將廁所和淋浴間分開，否則會感覺很髒！2. 網路上的浴廁配置圖和實際情況有些出入，實際廁所間的數量比較少，我們共用了兩間浴廁。快要忍受不了了！3. 營區的規劃還有待加強，因為每次要到營地辦公室拿東西都必須經過其他營區（我被安排在五葉松區）。如果我從五葉松區不經過其他營區要到達目的地，坡度太陡且階梯設計也不良好，孩子們總是在那裡跌倒受傷。4. 遇見沒禮貌的露營伙伴，整天在唱卡拉ok！5. 營區位置還算不錯，離附近景點都很近。,3,1,0,6230,,2019/01/07,0,中立
老闆很貼心，場地維護良好，草皮看起來很美麗。老闆會主動提供蚊香，並關心露營的朋友們。這個場地以小包區為主，景色可能較不起眼，衛浴設施普通。半夜可能會有狗來翻垃圾，整晚狗叫聲不斷。,3,1,0,6245,,2018/11/26,0,中立
小區私密而獨特，是個可以放鬆的好地方。,3,1,0,6266,,2017/08/21,0,中立
我們這次柚子區包區的浴室水量會時大時小，水溫也不太穩定，希望能改善。,3,1,0,6267,,2017/07/23,0,中立
這家店的服務很親切而且效率很高。老闆娘們都非常友善，服務也很周到。,3,1,0,6284,,2017/03/12,0,中立
制高點的環境讓人可惜，因為帳篷無法面對著風景，而是得看著別人的帳篷，石子地面也有些斜。夜景區風景雖美，但卻過於擁擠，帳篷間距太近，無法直接欣賞風景。浴室照明昏暗，熱水供應也不穩定。除非改善超收問題，否則下次可能不會再選擇這裡，但老闆娘的服務態度仍值得稱讚。,3,1,0,6335,,2022/05/09,0,中立
森林地區很美，可以遠眺關西夜景。不過近期受到東北季風影響，森林區風勢較強。在森林區裡沒有浴室，建議使用合適的工具。,3,1,0,6340,,2022/05/09,0,中立
Google地圖顯示可以經過竹62路，但是不幸的是大門被封鎖，而且也不確定是否有其他通路。,3,1,0,6354,,2021/05/09,0,中立
高地盤的車輛比較適合，因為路不好走，但風景和夜景非常美。,3,1,0,6373,,2020/05/09,0,中立
這條路走不通，不能到達竹62。,3,1,0,6633,,2021/05/09,0,中立
景色不怎麼好，地面都是石子，也沒有提供草皮保護墊，不過老板的態度很親切。只是我個人覺得有些員工有點愛發牢騷。,3,1,0,6634,,2021/05/09,0,中立
營區最大優勢就在於旁邊有溪流和環境寧靜！每一區都擁有極佳的風景！不過營位稍嫌狹小，帳篷相連造成擁擠感不舒服！建議每區減少一帳才是最適合的...,3,1,0,6665,,2020/05/09,0,中立
老闆熱心，浴廁整潔，店面空間狹小。,3,1,0,6667,,2020/05/09,0,中立
四月以後是個很適合的時候，可以邀上朋友家人一起去欣賞螢火蟲和露營。,3,1,0,6678,,2019/05/09,0,中立
冬天使用電暖爐會導致跳電，即使是低功率的電暖爐也無法應付霸王級的寒流。在B1區只有一個用電帳號，如果同時開啟兩台380瓦的電暖爐就會跳電。老板建議改用煤油暖爐，因此如果沒有準備煤油暖爐的話，冬天不建議前來。,3,1,0,6696,,2022/12/22,0,中立
A2區的景觀空間有限，浴廁很小，無法容納碟型天幕。早上醒來，我們帳篷前驚見別人的狗拉屎，差點中獎^_^,3,1,0,6702,,2022/09/12,0,中立
可以請您控制一下您家的狗，讓他們不要半夜亂叫嗎？,3,1,0,6715,,2021/10/17,0,中立
邱先生和邱太太的人很不錯喔。,3,1,0,6744,,2019/03/05,0,中立
這次我們在A2區的營位位置真的很擁擠，帳與帳之間幾乎沒有空間... 雖然之前知道營主增加了營位位置，但沒想到變得這麼擁擠... 一個帳位大約只有5*8天幕大小（不建議攜帶這麼大的天幕），一旦人多了廁所就變得又髒又臭，而營主也並不勤於打掃或處理垃圾... 除了景色還算不錯以外，其他真的讓人有點失望。,3,1,0,6754,,2024/04/09,0,中立
這次的露營經驗在美景和五星評價方面確實算不錯，但在最後收帳時出現了一些讓人感到不愉快的情況。第一，在洗澡時沒有熱水，讓人感到相當冷。第二，原本預定的撤營時間是在中午12點前，但在11點左右旁邊的客人卻提早進入，並沒有受到管理單位的限制。這樣的放任讓人感到困惑。而且營地管理者也沒有好好管理進出口，使得整個狀況變得混亂。希望未來能夠更加注意規劃和管理，避免導致類似的不愉快情況發生。,3,1,0,6767,,2024/03/09,0,中立
這個地方風景很美，設施也很完善！感覺管理者很用心在保護環境！我們預訂了平日的三天兩夜行程。第一晚和我們同營的露營朋友都很文明，入睡很快！但第二天，營地老闆告訴我們，晚上有三組露友在凌晨一點時夜晚拆帳篷離開，還在我們附近的營位！這個時間點！我問營地老闆，你還允許凌晨一點有人進出營區，不怕打擾到其他露營者嗎？當天我們選擇提前離開，下午就結帳離開了！半夜有人搭帳篷、敲打營釘的情況，我們可以忍受！這個地方可能要看運氣了！,3,1,0,6772,,2024/01/09,0,中立
第一次到這個營地，雖然路標指示還算清楚，但營地的浴室設備稍嫌不足，只有衣物置放架，卻沒有沐浴乳的置物架，洗澡時很不方便！另外，電壓也不足，在2023/11/18晚上竟然跳電2次，真的很討厭！,3,1,0,6778,,2023/12/09,0,中立
營區的風景很美，但管理不夠周全，晚上十點多還有人在露營區裡大聲喧嘩，甚至到半夜一點還在打釘，讓整個環境變得很吵雜。這樣的行為並不能展現出優秀台灣人應有的風範。,3,1,0,6784,,2023/11/09,0,中立
前一天臨時訂了露營區，抵達時因為太晚，所以被安排在視野比較差的位置。營區根據不同的地形劃分，主部還有一個很大的、有頂蓋的活動平台。整體而言，林木在雨松區還沒有長得很茂盛，雖然浴廁分區都有，但數量和空間都需要改進。感覺營區還在擴張，有些地方看起來像是在整地中的工地。站在最高處的視野很好，但其他地方就普通了。整個營區感覺營位密度過高，甚至有點過度拥挤的感覺。前往途中經過九份二山紀念園區，反而是個很不錯的遊玩地點。這個營地勉強可以作為一個過夜的地方。總而言之，有很多地方還有待改進。,3,1,0,6788,,2023/10/09,0,中立
"優點：1. 營區內的道路都是柏油路，開車很方便。2. 特區的視野很好，特別是面對大景。3. 天氣好的時候可以看到滿天星星。

缺點：1. 營位太小，只有落羽松區位置比較大，其他地方都是帳帳相連。2. 廁所和浴室太少，男女共用，尖峰時刻需要排隊，並且廁所清潔不定時。3. 飲水機和冰箱也沒有整理。4. 晚上休息時間沒有管理，有些露友會聊到深夜2-3點。5. 隨時都可能會遇到二手菸。總的來說，營區的經營者可能是不錯的，但對於不遵守規則的露友可能束手無策。",3,1,0,6795,,2023/09/09,0,中立
優點方面，1. 因為夏天的景色不錯，而且溫度宜人，只要避開中午曬太陽的時間，找個通風的地方還蠻舒服的。2. 若浴室沒熱水，馬上反映就會得到處理，真的很讚。3. 草地維護得相當好，排水良好、營地釘也好插。缺點方面，1. 飲水機、馬桶水箱蓋等地方未定期清潔，有明顯的污穢。2. 露營區有大量螞蟻，特別是停在樹旁的車輛，很快就會爬滿整車。3. 和其他露營區一樣，對於露營區內吸菸或者在深夜清晨喧囂的人，未有勸導或者明文禁止，若重視露營品質的人應多加留意。,3,1,0,6796,,2023/09/09,0,中立
整體環境雖然不錯，但晚上卻沒有管控，超過十點後還有人在唱 KTV，播放音樂聲音很大，談話聲音大小不一，客人並沒有對別人予以尊重。儘管客人行為是個人行為，但缺乏管理讓人感到很不舒服。,3,1,0,6810,,2023/05/09,0,中立
房間間距太近，冰箱雜亂無序，且有異味。第三區域浴廁也有異味，空間較小，且廁所與浴室沒有分隔。清潔方面還需要加強。屋主很親切，樂意提供協助。向上走有觀景平台，風景很棒。,3,1,0,6811,,2023/05/09,0,中立
"優點：
1. 晚上的景色很美。
2. 山景和夜晚的星空都很漂亮。
3. 衛浴的熱水穩定，清潔程度也不錯。
4. 若營位未被滿滿，可與營區主協調。
5. 草地的環境算是不錯的。

缺點：
1. 最後段道路較小，不易通行。
2. 假日時冰箱會擁擠，建議攜帶自家冰箱。
3. 晚上10點後較無管制，直到凌晨2點才較安靜。
4. 凌晨有野狗翻垃圾桶，早上地上會有一堆垃圾。
5. 營位間距較近，不適合搭建大型天幕或帳篷。",3,1,0,6841,,2023/05/09,0,中立
這是在露營上有了個新的體驗，感覺就像是在市集一樣，帳篷之間幾乎沒有距離，再加上滿滿的車，我覺得營地主應該考慮只收取目前營位數量的60至70%，這樣才會有較好的品質。,3,1,0,6851,,2023/05/09,0,中立
這位露營者表達了對露營區管理的不滿，希望營區能設定宵禁，限制晚上過於喧嘩的情況，並呼籲其他露友保持安靜，以免影響他人的休息品質。,3,1,0,6852,,2023/05/09,0,中立
視野良好，供水電充足，浴室廁所設備完善，但缺乏清潔。,3,1,0,6871,,2022/05/09,0,中立
營區很寬敞，有專人管理，空氣清新，風景優美，只是道路有些狹窄，開車時要注意安全，上山時請慢行。,3,1,0,6899,,2022/05/09,0,中立
這個地方風景優美，唯一的問題是上山的路太窄，開車時可能會有困難。,3,1,0,6921,,2021/05/09,0,中立
風景不錯，草地也很漂亮，但帳帳太靠近了，感覺有點擁擠。可惜的是衛浴設施太少，導致等候時間有點長。,3,1,0,6955,,2021/05/09,0,中立
洗澡的時候，我發現熱水器有些壞掉，只剩一個可以用；換到其他洗澡間洗澡時，熱水的溫度無法控制，突然變成了100度的熱水，讓我被燙到兩次。還好我只是用手試水溫，換到第三間才終於解決了洗澡的問題。另外，有人帶著狗去露營，但假日時帳篷區域太擁擠了，讓小朋友缺乏活動空間。雖然風景很漂亮，有迷人的夜景和豐富的生態，許多螢火蟲飛舞，草皮也被維護得很漂亮。我希望營區負責人能在衛浴設施和活動空間上再多花一點心思。,3,1,0,6965,,2020/05/09,0,中立
這個地方的夜景很漂亮，可惜浴室設施太少，入住時候要排隊等候時間很長，而且熱水供應非常不穩定，溫度時冷時熱，甚至燙傷了我的丈夫的手。希望業主可以注意這個問題。,3,1,0,6967,,2020/05/09,0,中立
洗澡時的水溫容易不穩定，需要注意熱水器是否能夠提供足夠的熱水。如果水壓不夠，可能需要進行改善以避免熱水器運作不穩定。,3,1,0,6974,,2020/05/09,0,中立
設施很簡陋，浴室只有兩間，廁所也只有兩間，如果要洗澡最好提早去，要不然就得等很久。,3,1,0,6980,,2020/05/09,0,中立
景色不錯，但空氣污染嚴重。營地提供的設施很不錯，並保留了一些公共空間。小孩玩得很開心，但衛浴設施真的太少了。雖然沒有小黑蚊，但在傍晚時還是有幾隻大蚊子。,3,1,0,6989,,2020/05/09,0,中立
衛浴設施不夠完善，某一區只有一支吹風機，營位由主辦單位安排，當天有濃霧且沒有看到美麗的景色，但提供了飲水機。,3,1,0,6990,,2020/05/09,0,中立
營區的路線普通，但是風景非常漂亮！只是營區的價格稍微有點高！,3,1,0,7011,,2019/05/09,0,中立
風景相當美麗，空氣清新，唯一的遺憾就是廁所太少了。,3,1,0,7013,,2019/05/09,0,中立
景觀不錯，但台中、埔里、草屯和彰化等地沒有遊樂場，這是一個缺點。,3,1,0,7026,,2019/05/09,0,中立
位於2022年2月-第48露的氣候達人，座落於下方的碎石草地，地勢不平且有水溝蓋凹洞，搭帳時不太方便。旁邊的大鐵皮雨棚給人有點廢棄的感覺。如果要選擇這個露營地搭帳，建議選擇上方的類森林營位，比下方營位整潔許多。,3,1,0,58,,2023/05/06,0,中立
這裡除了台灣大哥大收訊不好外，其他方面都還挺不錯的。,3,1,0,72,,2023/05/06,0,中立
覺得規劃不夠完善，容易斷電，衛浴清潔程度有待加強，但是空間很寬敞。,3,1,0,117,,2022/05/06,0,中立
這間露營地方老闆很友善，體貼細心，交通方便，且離市區很近。適合家庭聚會露營，但假日人潮眾多，或許廁所供應有限。風景欣賞就較不適合，地點海拔較低，氣溫較高。,3,1,0,134,,2022/05/06,0,中立
熱水溫度時冷時熱，現在夏天也不好受這樣。如果冬天也這樣的話，大家肯定會冷得發抖吧？建議老闆應該處理這個問題，另外廁所也應該固定清潔、處理垃圾，因為尿味太濃了！再者，常常跳電，這真的很嚴重，老闆應該改善這三個問題…花了這麼多錢卻得到如此感受…,3,1,0,138,,2022/05/06,0,中立
營區的空間很寬敞，但衛浴設施卻太少，洗澡時水流時大時小、溫度時冷時熱！,3,1,0,146,,2021/05/06,0,中立
路況良好，但衛生環境仍有改善的空間。廁所很少打掃，垃圾回收箱已滿卻未被清理。,3,1,0,169,,2021/05/06,0,中立
四個月前，朋友們安排了一個露營活動。昨天早上，十九個家庭分別從基隆和台南出發，約莫11:30，所有友人全部聚集在一起，總共有93位參加者，包括小孩。從午餐開始，我們開始暢所欲言、暢享美食、暢飲暢樂、歡呼不斷，一直持續到現在！根據現場情況來看，接下來的兩天連假，絕對會非常熱鬧！我充滿期待！,3,1,0,175,,2021/05/06,0,中立
廁所離浴室有點遠，沒有飲水機，但環境還算不錯。,3,1,0,201,,2020/05/06,0,中立
這個地方空間很大，草地和樹木都處理得很整齊，到營區的路徑很適合開車。,3,1,0,218,,2019/05/06,0,中立
部分安靜區域有很多落葉，尤其在下雨後地面相當潮濕，同時洗澡時水壓不夠穩定。,3,1,0,243,,2022/03/01,0,中立
營地老闆很友善，但管理上稍有不足。晚上七點多還不到八點時，鄰居就投訴我太吵了。被警告要保持安靜後，還沒到晚上十點，便感到很生氣，決定離開。,3,1,0,303,,2023/05/06,0,中立
露營的好地方，營區環境整潔，光源不過多，時分安靜，只聽得到昆蟲和動物的鳴叫。,3,1,0,335,,2023/05/06,0,中立
如果擔心車聲的話，建議選擇靠近釣魚池的位置訂位，因為距離馬路會比較遠。營本部跟雨棚區相連，如果在別人家門口睡覺有所介意的話，最好不要選擇雨棚區。在營本部有兩台冰箱，在夜晚露營的話，會一直聽到冰箱壓縮機運轉的聲音，相當吵。營區的路況良好，導航設備可以順利將您引導到指定地點。五星級衛浴設備非常寬敞，一家四口一起洗澡也不會擁擠，提供洗髮精和沐浴乳。釣魚池的開放時間需視老闆安排，因此不是隨時都可以釣魚。,3,1,0,378,,2020/05/06,0,中立
"優點：露營地區寬廣，營位大小適中，管理者用心維護，提供親子設施，風景優美。
缺點：野貓數量極多，星期五晚上牛肉被野貓叼走，星期六清晨整隻雞也被野貓偷走，即使加蓋也無效，遭受野貓破壞毀損，最後連雞都不敢吃，直接丟掉。另外，早晨7點左右會有猴群出現在帳篷附近覓食，食材需格外注意。",3,1,0,470,,2024/01/06,0,中立
優點是園區維持得很乾淨，而且園主很用心在維護；不足之處則是地面很硬，不方便釘營釘。每個營位都多多少少被砍掉了一些樹幹，高度不一，有些甚至不到三十公分，沒有警示燈，晚上前往需特別小心以免碰撞。園區裡有蜜蜂和虎頭蜂，務必注意自身安全。,3,1,0,473,,2023/11/06,0,中立
這個營地整理得相當不錯，設備完善，石頭地非常堅固。較遠處有較大的帳篷設施。這是一個相當熱鬧的地方。,3,1,0,497,,2023/05/06,0,中立
這個營區非常大，有約120個帳篷，整個區域約300公尺長。路況方面給了4.5顆星評價，最後上山的路段比較難駕駛，要注意Google導航可能會提早指示左轉，但營區的主人設立了告示牌，要再開150公尺後才左轉，才是正確的上山道路。水電和冰箱設施方面，評了4顆星，兩個帳篷共用洗碗台，晚間洗澡時段電壓較不穩定。至於垃圾桶，只有1顆星的評價，回收、廚餘和一般垃圾桶都只有在廁所外，所以不管在哪個帳篷區，都需要走去丟垃圾，非常不方便。浴廁方面，給了3.5顆星，4到5區共用4到5間廁所和浴室，尖峰時段需要排隊，地板在人多洗澡時會溢出水來。優點是水壓穩定，24小時有熱水供應。整體營地評價4顆星，不過釘子下不好，容易歪掉。營地有足夠停車空間，位於群山環繞的梯田地形中，晚上洗澡時偶爾會有尿騷味，但時間過了就消失了。活動區設施基本上需排隊，建議自備小孩玩的東西。,3,1,0,510,,2023/05/06,0,中立
"1. 洗澡時水溫要小心，容易受傷。露營者應該要注意水溫的調節。
2. 注意碎石區的銳利石子，易導致多處擦傷。在搭營釘時要特別小心，因為地面堅硬不易敲入。
3. 乾淨的廁所是一個重要的優勢。",3,1,0,522,,2022/05/06,0,中立
這個營區有很大的空間，看起來也蠻漂亮，而且還有冰箱。但地上有很多石子，很難釘釘子又容易鬆脫，需要使用至少30公分以上比較粗的營釘才夠穩固。晚上容易遇到強風，很多帳篷因此被吹垮，導致許多人驚呼不斷。這個營區最好挑選好天氣去才好，而且對於新手來說可能不太適合，供你參考。也有看到有人在車上過夜的。,3,1,0,526,,2022/05/06,0,中立
營區的環境還可以，雖然沒有特別壯麗的景色，但整體整理得還算不錯。唯一不太理想的是洗澡時水溫時高時低，影響了洗澡的品質，其他方面表現還算可以。,3,1,0,527,,2022/05/06,0,中立
營地風力很強，地面是碎石和草皮不太容易釘營釘！廁所設施有點不足～如果可以有分區衛浴會更方便～不過遊戲設施讓小孩玩得非常開心！,3,1,0,545,,2022/05/06,0,中立
營區的環境很安靜，但唯一的問題是有很多露營的人和小孩，有點吵。他們似乎沒有意識到時間，即使是晚上11點多了，還在說話很大聲。營區的管理者似乎也沒有管制他們。,3,1,0,547,,2022/05/06,0,中立
這個地方環境整潔，雖然碎石比較多，草地較少，走起來像是健行步道。衛浴設施雖然分布廣泛，不過有些間隔有點遠。不過每小時都有人來清理垃圾和整理衛生間，整體打掃得相當乾淨。,3,1,0,550,,2022/05/06,0,中立
這裡的道路都是兩條車道，容易有對向車，但交通順暢。營地地面散落著許多鋒利的碎石，建議攜帶不銹鋼營釘或多準備一些，風景優美並可令心靈寧靜。遊戲區位於較低的位置，需走一小段下坡路段，該天整晚露營期間至少跳電超過5次。建議攜帶非插電式照明設備，以備不時之需。廁所的熱水不太穩定，有時會忽冷忽熱。這裡沒有提供飲水機，請務必攜帶足夠的水。,3,1,0,560,,2021/05/06,0,中立
營區的空間很寬廣，非常適合讓小孩盡情玩耍，營區的管理者十分細心，戲水區還有遮陽傘可以讓家長和小孩一起玩水時遠離曬傷。雖然有幾個地方還有待改進：1.垃圾桶距離有點遠；2.廁所裡外的照明夜晚較弱可能有安全疑慮；3.熱水器溫度不太穩定；4.營區的營釘難以下釘，而且地面上有太多碎石，很容易踩到。,3,1,0,573,,2021/05/06,0,中立
地板很硬，還下大雨嗎？,3,1,0,575,,2021/05/06,0,中立
"1. 雖然石子地沒有爛泥，但是不容易把釘子釘進去。
2. 帳篷租借時完全沒人教怎麼搭建，感謝有朋友一起研究。
3. 進來後沒看到營地負責人，也不知道他去了哪，缺乏其他營地的熱情服務。
4. 需要自己辦理付款，但費用比外面租借還要貴。
5. 充氣墊沒有充電的地方，幸好有朋友協助，否則就不知道要踩多久才充滿。
6. 淋浴水溫難以接受，冷熱調節不當，後來幾乎放棄清洗。
7. 環境裡缺少可讓小孩玩樂的地方，也遠離營地，無法看到類似初露的景點。或許其他營地也有這個情況，但習慣露營的朋友都覺得這些情況很奇怪。整體環境很安靜，離老街也很近，希望能改進這些問題，否則也許只會造訪一次。",3,1,0,583,,2020/05/06,0,中立
路上塞車很嚴重。導航帶我經過內灣老街，假日時更是塞車不堪。營地地面很硬而且多石頭，普通的營釘根本敲不下去。衛浴設施倒是還可以。,3,1,0,592,,2020/05/06,0,中立
這次露營真是遇到了很困難的情況，地面上的碎石又硬又難釘，加上強勁的東北季風，讓整個帳篷都被吹壞了。有些露友甚至在夜間不得不撤營離開，真是一次非常痛苦的經驗。,3,1,0,613,,2019/05/06,0,中立
這個地方環境優美，但仍需要更多宣傳和投資。,3,1,0,625,,2019/05/06,0,中立
露營地的設施很棒，但營釘卻難以釘入碎石地。,3,1,0,634,,2019/05/06,0,中立
希望有更多獨立廁所可以使用。,3,1,0,636,,2019/05/06,0,中立
因為有太多泥土和石頭，所以營釘很難打進去。,3,1,0,658,,2018/05/06,0,中立
碎石地面太硬，無法把營釘釘得太深。廁所太少、垃圾桶也太少。,3,1,0,687,,2020/11/28,0,中立
這個營區排水非常差。對小孩來說非常適合；露營必然會遇到下雨，但是雨下不到5分鐘，水就馬上積起來，淹得比打下去的營釘還要高。當大雨下了半小時，營主才來“關心”，卻很快地就離開了。我們在這個營區露營3年，雖然只有30次，遇到過不少強風暴雨，卻從未遇過像這樣排水非常差導致淹水的營地。地面上有碎石尖，草地不平，起伏變化明顯，加上排水速度緩慢。有許多蚊蟲、蒼蠅、蟑螂和大大小小的螞蟻出現，但這都無所謂啦，這就是大自然。我想在完全晴朗的天氣下，這個營區應該是個非常理想的地方，兒童可以盡情歡樂的樂園。,3,1,0,700,,2020/05/18,0,中立
總的來說感覺還可以。露營地很寬敞，5*8帳篷架設的空間很足夠，但是釘營釘實實在有點困難，當風很大時可能會有釘子被拔起的風險。,3,1,0,722,,2019/03/14,0,中立
"浴室晚上使用時會感到透風, 太冷了。",3,1,0,820,,2017/05/02,0,中立
整體環境還可以，視野相當開闊，附近有便利商店（全聯），但山路坡度較大要小心駕駛，而老闆的誠信讓整體印象稍稍打了折扣。,3,1,0,859,,2023/05/07,0,中立
D區女生設施有限，只有一間蹲式廁所和一間淋浴間，所以媽媽帶小孩洗澡時就得等很久。我覺得應該增加座式廁所或裝設安全扶手，這樣對老年人或不習慣蹲廁的人會比較方便。至於DE區的共用冷凍庫，希望能夠增加冷藏空間，同時也希望能設置雨棚，方便大家遮風避雨。,3,1,0,925,,2019/05/07,0,中立
這個地方環境及衛生條件優良，視野開闊，空氣清新。,3,1,0,926,,2019/05/07,0,中立
離三星鄉的味珍香和全家大約開車10-15分鐘，附近有許多景點，如松蘿和九寮溪步道。然而，秋冬季節容易刮大風，可能會影響夜晚的睡眠品質。,3,1,0,940,,2018/05/07,0,中立
這個地方適合涼爽的天氣，露營應該會很舒適，而且離市區很近，夜景也很美。,3,1,0,944,,2018/05/07,0,中立
在營地碎石地下釘時要小心一點。,3,1,0,982,,2021/12/14,0,中立
在C區的草地上有很多護草墊，但這些墊子讓小朋友難以奔跑，經常絆倒並受傷。可供遊戲的空間相對有限，只有靠近沙坑的一小塊地方。另外，C區有熱水水槽和獨立的衛浴空間，但衛浴清潔情況一般。,3,1,0,1042,,2024/02/07,0,中立
記得要從內灣那邊上去，雖然車子有點多，但是路程相對較短。,3,1,0,1062,,2023/05/07,0,中立
這段句子的意思是「按照規矩去上爬坡小路，卻有很多雜草和樹枝需要修剪，給予3.5顆星的評價」。,3,1,0,1080,,2023/05/07,0,中立
看了大家的評論後很期待前往，同時向老闆確認是否所有區域都有飄飄河，結果只有A區有開放，其他區域都沒有開放，讓人感到失望。整體來說並沒有什麼特別之處，不過有提供防蟲紗網的水廁倒是挺貼心的。,3,1,0,1273,,2023/10/07,0,中立
下午下了場大雨，場地泥濘，看來砂石鋪得不夠多。其他區域鋪了更多石頭的地方則沒有這個問題，感覺上乾爽許多。其他的設施表現還不錯，特別適合有小孩的家庭，他們可以在水裡玩耍，水質感覺像是直接流出山上。這個季節水管裡會有一些小蝌蚪爬出來，晚上則有許多昆蟲和各種型態的蛾類。,3,1,0,1287,,2023/06/07,0,中立
這次我們在露營營地中遇到一些問題，主人熱情接待，衛浴環境乾淨，但只有A區提供冰箱、飲水機和脫水機，建議增加設備。區域內有浪貓浪狗，要小心食物被偷，晚上23:00熱水器沒電得自己更換電池，水壓不穩希望改善。我們住在C區包區，空間過於擁擠，雨後C區積水不退變成爛泥坑，主人努力排除問題，但C區狀況真的很糟。主人答應會改善。,3,1,0,1347,,2023/05/07,0,中立
營主人很友善，但營區劃分不夠完善，先到先設。,3,1,0,1377,,2022/05/07,0,中立
整體來說還算可以，但可能是因為營區的評價較低，我們預約的位置不是很理想，空間有點擁擠。冬天去的話不用擔心蚊蟲，只見過一隻小蟑螂。浴室設施還不錯，但需要自己保持清潔，若看不到營區清潔人員，就可能需要自己動手。營區旁邊就是大馬路，有時會有重機車隊經過很吵。另外，可能因為營區旁有隻大野狗會亂入帳篷。,3,1,0,1382,,2022/05/07,0,中立
這個營地似乎之前很用心經營，現在卻顯得荒廢了。可能是因為大家都在忙著補班、補課，所以我們才包下這座山。營區沒有大門，讓人感到有點不安全，過路客有時會開車進來參觀或使用廁所。營地主人也只在收費時出現，而浴室的熱水有時會忽冷忽熱。,3,1,0,1388,,2021/05/07,0,中立
洗澡時瓦斯不足，晚上沐浴感到寒冷，而草莓價格很便宜。,3,1,0,1389,,2021/05/07,0,中立
A區旁邊有一條小溪，營位附近有一個生態池，裡面長滿了青苔和水草，水質不太清澈，小朋友在玩水時要小心。但是有一些缺點：1. 廁所很髒，每天只打掃一次，需要顧客要求或提醒才會清潔。2. 營區排水慢，沒有提供草地保護墊，但可以提供帆布。3. 營位比較小而且相連。4. 水槽旁邊沒有垃圾桶，垃圾桶也沒有蓋子，半夜可能會有流浪狗來翻垃圾。優點方面：1. 浴室水量充足且水溫穩定，提供洗髮乳和沐浴乳。2. 有冰箱、飲水機和脫水機，泡湯時有優惠。,3,1,0,1401,,2020/05/07,0,中立
建議在前往漂漂河前先詢問是否有開放。因為top區整潔度不佳且無人維護，且1000元的價格有點昂貴。另外，若下雨排水狀況也不佳，還可能需要向隔壁借用護草墊。,3,1,0,1410,,2020/05/07,0,中立
腹地很小，搭完帳後幾乎沒有空間活動，但環境整潔度還可以。,3,1,0,1412,,2020/05/07,0,中立
希望營地蹲式廁所能保持乾淨，打開廁所門就看到一些不太雅觀的「東西」。,3,1,0,1413,,2020/05/07,0,中立
D區的停車位較為狹窄，我們四個營友勉強將車停進營區，否則就只能停在路邊。營區毗鄰馬路，需要特別留意小朋友是否會跑到馬路上。若要前來，包區可能會更適合。,3,1,0,1453,,2022/10/12,0,中立
C區的排水系統和水壓需要改善，新營主非常熱情，保持衛浴和廁所乾淨並且有幫忙消毒。睡覺時要注意收好食物，因為貓貓可能會跳上桌子找食物。建議營主改善C區的排水系統和衛浴水壓。,3,1,0,1457,,2022/06/27,0,中立
與期待稍有落差。,3,1,0,1472,,2021/03/03,0,中立
C區的浴室和廁所很髒，有很多蟑螂。可能是因為營地的負責人沒有住在現場，這次去時被隔壁區的噪音吵得無法入睡！一群年輕人從晚上10點開始唱卡拉OK，一直唱到半夜12點！第二天向負責人抱怨，但負責人也沒有辦法解決這個問題，在未來可能不會再去那個營地⋯⋯,3,1,0,1475,,2020/08/21,0,中立
整體而言，我覺得還可以考慮推薦。雖然在路邊的環境大概不會太吵。,3,1,0,1478,,2020/03/04,0,中立
營區位於山谷中，夏天可能有點悶熱，廁所衛生狀況較差且清潔不足，不會再考慮第二次入住...,3,1,0,1479,,2019/12/23,0,中立
"在B區露營過一個普通的週六晚上的心得：
優點是環境乾淨，距離北埔市區近，非常方便補給，也不想開伙都沒問題。這裡適合短暫放鬆的輕裝露營。但有些地方需要注意：1. 營區的照片沒有更新，原本A區旁的鞦韆、水池和沙坑似乎都消失了，剩下的草皮區域記得自己帶遊具。2. 洗澡的時候可能會沒有熱水（大約在2030左右），可能是尖峰時段的關係，還有沐浴和洗髮精的按壓可能會有故障。3. 雖然標示在晚上2200後要保持安靜，但第一晚隔壁區的喝酒喧鬧一直到深夜，第二晚有小孩比賽在2230時還在喧嘩，都沒有見到營區主人出來規勸。",3,1,0,1524,,2023/12/07,0,中立
雨天時不建議前往，碎石區很容易變成泥濘區，廁所沒有乾濕分離，但希望至少能加裝垃圾桶以減少氣味和保持美觀，同時需要加強衛浴和營地的排水系統。在碎石區的斜坡上，下雨天很容易造成成人和小孩跌倒，相當危險，請務必加以處理。,3,1,0,1526,,2023/11/07,0,中立
營地主人很友善，只是沒有親子浴室。,3,1,0,1574,,2020/05/07,0,中立
這個營區雖然小巧，但停車位有點不夠。遊戲區很有趣，孩子們玩得不想回家。可惜蚊子真的太多了，全家都被叮得慘。因為小孩被叮太多，只好強拉回家。整體來說，這是一個方便的營區，但蚊子問題嚴重。,3,1,0,1578,,2020/05/07,0,中立
在北埔市集附近，營區很小，路況清晰好走，只是要小心小黑蚊。,3,1,0,1581,,2019/05/07,0,中立
車道和場地的布置還可以，適合中小型團體。而且設備看起來還蠻整潔的。,3,1,0,1592,,2019/05/07,0,中立
在交叉路口處設置更清楚的路標會更有幫助。,3,1,0,1711,,2018/03/20,0,中立
營區很擁擠，旁邊的區域很吵。營區內的路很窄，導致車底刮傷。,3,1,0,1753,,2023/11/07,0,中立
這個規劃的帳篷看起來像是一個分租套房，帳搭滿的話活動空間就會不足。浴廁看起來很乾淨，但數量上可能稍嫌不足。,3,1,0,1767,,2023/05/07,0,中立
營地的設施很一般，但共用的兩處電箱和洗菜枱不夠用。另外，廁所和浴室還可以，但屋頂是透光罩，夏天裡面很熱，就像在烤箱裡一樣。而且廁所前只有一個小洗手枱，不方便又不夠用。,3,1,0,1780,,2023/05/07,0,中立
營地的各區空間不算很大，平日只有一輛車時感覺不擁擠，夕陽風景常被樹木擋住。最頂層的營位剛好靠近馬路可能會有點吵，但整體環境還算乾淨。不過唯一比較不好的地方是，入住時說好露營車不用額外收費，但第二天拔營時才告知不能使用電力，必須另外付費！付了相同的費用，為什麼露營可以用電，車泊就不行？看來營地對車泊不太友善，如果喜歡車泊露營的朋友要入住時要仔細考慮了！,3,1,0,1787,,2022/05/07,0,中立
我今天和家人一起去露營，朋友搭我車來的，過了一小時就需要支付100元，但我免費，因為我也參加露營了。如果是一起露營的人不用付費嗎？如果這樣，最好早點告訴我們。不是說不能收費，只是覺得100元有點貴了，建議按照時間來收費，入場一小時免費，超過一小時收50元，超過兩小時以上收費100元。這樣每人只需支付100元就好，司機載我們來，即使喝杯茶也需要收100元實在有些太貴了。,3,1,0,1796,,2022/05/07,0,中立
這個地方環境相當優美，從觀景臺上可以360度欣賞風景。參觀這個營地需要支付100元的門票，而位於最上方靠近路邊的營地地面是磚砌的，不適合釘植物或物件。,3,1,0,1800,,2022/05/07,0,中立
景色很漂亮，但浴室的熱水時冷時熱。,3,1,0,1830,,2020/05/07,0,中立
濃霧和高濕度讓視野受到影響，晾晒衣物需要花費較長的時間。,3,1,0,1831,,2020/05/07,0,中立
第一次夜晚前往露營時，遇到非常濃密的霧，在車頭燈照射下看起來像是水滴，還有一些小黑蚊。露營地很大且有許多斜坡，雖然廚房冰箱很大但位置有點遠。露營主人會駕車帶領露營者到附近散步，但有些露營者坐在貨車車斗中並不太安全，建議提供地圖給露營者，讓他們自行開車前往。,3,1,0,1834,,2020/05/07,0,中立
草地很美，營區主人也很親切。但晚上的蟲子太多了，實在讓人害怕。另外，衛浴設備也有點不夠用。,3,1,0,1858,,2019/05/07,0,中立
老闆非常貼心地提供清涼的茶飲，在樹木栽種和營地經營上也非常認真。,3,1,0,1859,,2019/05/07,0,中立
景色很美，但可惜沒有提供沐浴用品和吹風機，方便性有所不足。,3,1,0,1861,,2019/05/07,0,中立
五月份的白天很熱，中午過後會開始涼爽，露水比較多，植物綠意盎然。不過會有一些蒼蠅和蚊子滋擾，衛浴間可能會有排隊現象。建議在中午以前搭營，第二天早點收營，避免炎熱的天氣。,3,1,0,1864,,2019/05/07,0,中立
露營地的管理人員不太負責任，半夜還有人在打麻將，大聲聊天，沒有提供熱水供應。孩子洗澡時也沒有熱水，只能忍著冷水洗完澡。儘管我們反映問題給管理人員，但換了瓦斯之後還是沒有熱水，管理人員對此毫不關心，甚至對孩子洗冷水澡一事視而不見。在另一間露營區，也有人在洗澡時突然沒有熱水，等了超過十分鐘才換瓦斯，最後，孩子星期日晚上發燒！請問管理人員巡查一下瓦斯供應狀況不應該是理所當然的嗎？晚上的溫度很低，為何要讓人等到都洗完澡才處理呢？而且管理人員對露營客毫不在意，半夜兩點還有人打麻將，另一邊則吵著聊天，狀況真的很糟糕！,3,1,0,1879,,2024/04/23,0,中立
房間很擁擠，位於G區，共用一組水槽，旁邊的棧板沒有帳篷可以搭設，所以兩個帳篷共用一組水槽。房間裡有一間廁所和一間淋浴間，使用起來不太方便，但整體還算乾淨。插座位置較遠，需要使用兩條延長線（10米+15米）。房間活動空間有限，只有營地的主要部分才有冰箱。,3,1,0,1907,,2022/04/13,0,中立
營區有些過於擁擠，常有狗狗來咬鞋子.....,3,1,0,1942,,2020/08/12,0,中立
這次預訂的是七號的草地區，場地的形狀是狹長型，非常小，無法容納七個帳篷。我反映給營地負責人後，卻得到了不能接受的回應。,3,1,0,1956,,2019/08/03,0,中立
7號區場地太小了，有太多蟑螂。建議不要露營!,3,1,0,2024,,2018/06/20,0,中立
營區空間較為狹窄，洗手台不夠，有點不方便。廁所的數量明顯不夠，但其他方面都還不錯，營區的管理者非常友善。,3,1,0,2035,,2018/05/01,0,中立
營主於2017年12月30日至31日至2018年1月1日預定了A區的10帳篷，卻因不明原因被多擠進三帳篷。營主指稱是因為app訂位系統出錯，但又不願確認對方app訂位的資訊。雖然營主很和善，不想得罪任何人，但卻讓我們蒙受損失。雖然只有一晚，但我們提前五個月預訂的意義何在？我們很不滿，雖然還是盡情享受了三天（否則我們要怎麼辦），希望下次營主能有主見，不再推卸問題責任，該解決問題就要果決解決。,3,1,0,2060,,2018/01/08,0,中立
營位位置大小和網站描述不相符。我們進去後並沒有看到正確大小的營位，卻立刻被要求支付尾款…這讓我們感到很困擾。當我們準備搭建方形天幕時才發現，原來營位太小，無法放置。（我們在草皮一區，單人帳篷那邊）方形天幕的大小是440*550公分，而營地網站上標示營位大小為5*5公尺……給大家參考，沒有其他意涵。,3,1,0,2116,,2017/07/14,0,中立
很多蟲蟲。浴室洗澡時會容易有會動的Dior標誌。缺水，也沒有提供飲用水。上山路行駛困難，需要花很多時間。G區只有G1可欣賞景色，不過夜景不是宜蘭市的夜景。可能不會再去了。一千塊可以去很多地方。,3,1,0,2175,,2023/05/07,0,中立
這次在宜蘭露營真的是個挑戰，因為整個周末都下雨，露營區G區的環境特別陰暗，還有很多水坑，搭帳篷變得特別困難。而且因為起霧，連風景都看不清楚...總結一下：下次應該不會再選擇在宜蘭露營了。,3,1,0,2176,,2023/05/07,0,中立
營地無法釘上營釘讓我很惱怒，山路沒有整理過導致開車困難。,3,1,0,2187,,2022/05/07,0,中立
廁所的數量不足，排隊時確實很不方便。,3,1,0,2222,,2020/05/07,0,中立
G區的風景相當美麗，可以看到龜山島和蘭陽平原的夜景。晚上如果關燈，可以欣賞滿天的星空，甚至有機會看到銀河。滑草區讓小孩們非常開心，中間的草皮也很適合玩遊戲。另外，玩沙和玩水的區域也很適合，不過需注意水池邊緣較高且沒有方便的上下處。管理員非常友善和熱心，廁所衛浴的清潔程度也很好。但是，區域AB離浴廁較遠，若帳篷數量多可能會不夠用，而且冷熱水難以控制。雖然提供了水桶，但這次碰巧遇到了許多蒼蠅，沒有小黑蚊。,3,1,0,2225,,2020/05/07,0,中立
剛好碰到營區宿客素質不佳，學生開趴到半夜，老人清晨五點起床聊天上廁所，浴廁衛生也沒有維護好..... 熱水還不太穩定.... 來這營區可能就要看看運氣了。,3,1,0,2229,,2020/05/07,0,中立
這個營地的地勢雖然不大，但海拔相當高，晚上氣候好的時候可以看到星空。建議避免在炎熱的中午時分上山露營，因為那時太陽太烈，沒有遮蔽物。不過水電供應是穩定的。,3,1,0,2236,,2019/05/07,0,中立
G區的夜景很美麗，但衛浴設施需要改善，環境衛生方面也需要更多注意！,3,1,0,2244,,2019/05/07,0,中立
聽起來真的很糟糕。在那裡過生日應該是難得的經驗，但從台七甲上去轉段路完全沒有路燈，至少還要開20分鐘。晚上開車的人要特別注意。在營區裡的蟲真的非常多，而且沒有飲水機。入住的朋友請特別注意。根據露營樂上的照片，感覺像是N年前的事了。1000元租一個帳篷，可能有更好的選擇。,3,1,0,2278,,2022/12/08,0,中立
G區的營位白天和晚上的風景真的很美，感覺完全不同！但草皮已經長到膝蓋高度，環境看起來好像很久沒有整理！還有虎頭蜂不時飛來飛去！營位配備有衛浴設施，也有冰箱和冷凍櫃，非常便利。洗澡間和廁所是分開的，但衛浴清潔程度稍顯不足！整體而言，營地最吸引人的地方是風景，特別是在G區可以看到夜景和龜山島！,3,1,0,2281,,2022/08/01,0,中立
雖然下雨了，但地面沒有變得泥濘。孩子們依然玩得很高興。,3,1,0,2285,,2022/04/08,0,中立
情況一般。環境雜亂，設備不佳。,3,1,0,2288,,2021/11/22,0,中立
在第二次造訪G區時，我發現帳篷空間過小，營地布局混亂。營地內汽車隨意停放，公共空間受限，甚至有人把車停在我的帳篷前。營地總共有18個帳篷，但只有2間衛浴和4間廁所，洗澡時水溫時冷時熱。雖然提供了兩台冰箱，但卻無法冷藏食材，導致食物腐壞。洗手台都設在廁所區，洗食材非常不便利。整晚不斷斷電5、6次，甚至早上5點半也發生斷電！夏天無電扇可用，只好不得不早早起床離開。唯一的優點是周遭風景真的很不錯，而且夜晚氣溫涼爽。總結來說，真的不建議預訂G區！,3,1,0,2303,,2020/06/29,0,中立
護草墊需要補充、營區內的階梯需要整修，並且衛浴空間的蚊蟲需要清理处置。,3,1,0,2311,,2020/02/22,0,中立
連假期間雖然一直下雨，但營地仍然爆滿。設施似乎不足以應付如此多的露營者，而原本的冰箱看起來有些髒，希望可以多增加一些冷藏（冷凍）設備。,3,1,0,2315,,2019/07/17,0,中立
"1. D和F區的營位靠近車道，可能對孩子不安全。  
2. 浴室的熱水溫度不穩定，時冷時熱。  
3. 冷藏或冷凍庫的溫度不夠低。  
4. 這次露營不巧遇到一對夫妻（喝醉酒）在吵架，半夜大聲爭吵驚醒了許多露營的人，希望營區夜間能有管理人員或營主在場，以便及時處理任何問題。",3,1,0,2368,,2018/04/09,0,中立
元旦的下雨確實讓人感到不舒適。上層區域的規劃不盡理想，浴室設施普通，跟去年的體驗有很大的差異。,3,1,0,2377,,2018/02/12,0,中立
天氣不佳，無法享受美麗的風景，希望下次造訪時能看到更好的天氣。沙坑區的遮雨棚已經破損，影響孩子們的遊玩，建議儘快進行維修。露營區的洗手台也未清潔乾淨，堆積了一些污垢，非常不衛生。,3,1,0,2379,,2018/01/05,0,中立
營主非常熱情。這個營地很不錯，營主也非常親切。,3,1,0,2452,,2016/12/30,0,中立
環境整潔，草坪保持的很好,3,1,0,2528,,2021/05/07,0,中立
不建議參加星期五的露營活動，因為營主常常深夜才回家，導致冰箱裡的食物只能等到營主回來才能冷藏，很不幸第二天我們的雞肉就爛掉了。不過值得一讚的是，浴室設施非常乾淨，而且營主也很勤於維護各區的公共清潔。,3,1,0,2542,,2021/05/07,0,中立
營地整潔，衛浴環境清潔乾淨，景色還算不錯。距離瀑布不遠，大概需要40分鐘的車程。,3,1,0,2549,,2020/05/07,0,中立
這個地方環境原始，沒有太多設施，但讓人更親近大自然。附近有瀑布和清涼的溪水，還有適合小孩玩水的平靜池塘。整體露營區很棒，唯一缺點就是螞蟻比較多。,3,1,0,2550,,2020/05/07,0,中立
這個地方自然生態豐富。毛蟲相當常見，夜晚可能會有各種昆蟲出現，對昆蟲恐懼的人需要考慮清楚。空氣清新，但景色並不多。營地的管理者很辛苦，不停地清理垃圾和保持廁所的清潔。,3,1,0,2582,,2022/12/08,0,中立
在C區選擇住宿時，需要考慮其他露營友是否具有公德心。入住當天晚上十點半，有人在大聲聊天，另外還有人在彈吉他；而在C區浴室，晚上十一點仍有人在使用吹風機並且大聲聊天，聊天聲音甚至比吹風機還要大聲。問過老闆後得知晚上十點後原則上應禁止大聲喧嘩，但是以上情況下，老闆並沒有出來管理露營地的入住者也沒有宣導。在這樣的情況下，需要視運氣而定。,3,1,0,2622,,2019/08/20,0,中立
環境算不錯，營地管理用心維護品質，但是入口道路狀況較差，底盤不小心被刮傷，泳池磁磚也需要改善，不小心划傷小朋友了，好在營地提供了保險，算是很負責了。,3,1,0,2746,,2023/05/07,0,中立
這個地方缺乏設施，需要自行攜帶飲用水和沐浴用品。周遭景色普通，附近有農地會吸引蒼蠅。上山的路很窄且路況不佳，不適合底盤較低的車輛前往，且交通不便。總括而言，個人不建議前往這個地方。,3,1,0,2787,,2021/05/07,0,中立
請大家留意，營區早上10點才開門，不需太早到，以免打擾營主，對不起。,3,1,0,2793,,2021/05/07,0,中立
草地區跟洗澡堂之間有點遠的距離！,3,1,0,2797,,2021/05/07,0,中立
這裡的環境很新鮮，歡迎來這裡玩，空氣品質也很好。,3,1,0,2801,,2021/05/07,0,中立
基本設施還好，但從傍晚到隔天一直有濃重的雞糞味，而且有點刺鼻，總是纏著身邊，從來沒遇過其他營地有這麼多蜜蜂總是飛來黏在身上，讓人很不舒服。,3,1,0,2812,,2020/05/07,0,中立
營地的規定明確寫著『禁止卡拉OK』，但是現在卻有兩組卡拉OK同時在營地上開始了。我原本以為來山上露營可以享受藍天、白雲、美麗的山景和清新的空氣，但絕對不應該有這麼吵雜的噪音。給一顆星。就其他方面而言，廁所整潔、營地清潔，真是一個好地方！,3,1,0,2834,,2019/05/07,0,中立
這裡還可以，只是周邊都在發展呢！視野還算寬廣！,3,1,0,2842,,2018/05/07,0,中立
營地老闆非常熱情，設有地下噴水池，孩子們玩得非常開心。,3,1,0,2855,,2023/02/16,0,中立
"路況：白蘭部落的道路還算通暢，但在營區內會比較陡峭，需要多加注意。  
冰箱：只有冷藏區，沒有冷凍區，而且冰箱只在營地中心，要走一段蠻長的路才能取用食物。  
衛浴區：四區和六區的浴室與廁所沒有分開乾濕，地板因長時間潮濕長出了一些微青苔。考慮到區域分布，如果大家在同一時段使用，衛浴設施可能會不夠用。使用瓦斯的浴室熱水供應有問題，容易在沖洗時無熱水，需要中途更換浴室使用；幸運的是，隔壁浴室剛好沒有在使用。另外，熱水控制有時有問題，需要小心避免著涼，且浴室沒有裝設紗窗，隔間內可能會有許多昆蟲。最後，唯一的小便斗有漏水情況，讓使用者感到不便。  
營位：營位相當寬敞，有足夠的使用空間，也方便插釘。不過，營地有些地方稍微傾斜，可能會影響到桌子或床位的使用。  
電力供應：晚上突然斷電，而且其他區域也都失去電力，待營方維修後才重新供電。我們因為用電量較少並未受太大影響，但其他區的使用者應該受到了影響。",3,1,0,2964,,2024/01/07,0,中立
8區的營地有7個帳篷和2個天幕的包區，空間很寬敞，目前還剩下約兩個帳篷的空間。草地看起來沒有得到很好的維護，有一些坑洞，而且由於下雨，泥濘情況相當嚴重。垃圾桶和回收設施齊全，電源插座充足，洗碗台也很乾淨寬敞。提醒露友，在前往8區的路上車底低或車身較高的車子要特別注意，路上有兩個大坑洞和石頭，車輛需靠左行駛以避免刮擦底盤。建議改善草地坑洞問題，特別是下雨時情況更加嚴重。廁所與第7區共用，相當乾淨，定期有垃圾清運，熱水充足但隔天則有供水不足情況。營地的風景包括雲海和螢火蟲。冰箱位置在營區入口處，對第8區居民來說比較遙遠，建議可以在不同區域增加冰箱。夜晚要前往探險的露友們，道路較好行駛，但需注意途中的大坑洞和水溝，霧氣可能較大。,3,1,0,2986,,2022/05/07,0,中立
第一區營地風景不錯，但是兩隻雞輪流叫24小時，真的很吵。更令人意外的是，10月二露六區的雞竟然消失，變成了貓。此外，浴室熱水器出了異常，會有瓦斯味，導致洗澡過程中突然變成冷水。這種情況，三星如何應對呢？,3,1,0,3000,,2022/05/07,0,中立
個人比較不喜歡廁所和浴室在同一個空間裡。這房間比較老舊、蟲蠻多、還有異味。除了這點，風景和草地都很漂亮。,3,1,0,3008,,2021/05/07,0,中立
遇到露營時有吵鬧的人算是挺倒楣的，但營地管理人員也應該要適時制止。有一群人在某區吵鬧到深夜兩點，雖然營地管理人員態度友善，但整體露營體驗可能受到影響。另外，廁所和浴室的設施算是還可以。,3,1,0,3011,,2021/05/07,0,中立
櫻花非常美麗，當微風吹拂時更是美不勝收。不過，有些缺點需要注意，例如廁所較為不足，當多人同時洗澡時可能會有冷熱不均的情況。此外，電壓有點不夠穩定，使用兩台吹風機可能會造成跳電的情況。,3,1,0,3014,,2021/05/07,0,中立
場地較為狹小，我建議您試試天湖露營區。,3,1,0,3018,,2021/05/07,0,中立
營區的住宿是比較自由的，但是廁所沒有天花板，晚上數量眾多的昆蟲會四處飛舞，孩子洗澡或上廁所可能會感到害怕。此外，冰箱在營區辦公室內，如果營主不在或是休息時間，就會被鎖住。對想把食材放進冰箱的露營者來說可能有些不太方便。,3,1,0,3036,,2021/05/07,0,中立
現在四點時分陽光燦爛，山景很美，只是設施稍嫌單薄（不是在花季，有點無聊），要付費後才見到營區負責人。,3,1,0,3052,,2020/05/07,0,中立
2區的電力總容量是30安培，連續跳電超過8次，感覺狀況不太好，且需要加強廁所衛生。,3,1,0,3064,,2019/05/07,0,中立
景色很美，但設備有點舊。,3,1,0,3072,,2019/05/07,0,中立
2015年的時候，和一群朋友一起去露營，選了一個離大自然較近的營地。那時候浴室是共用的，使用熱水器，水溫取決於隔壁是否有人在使用。當時晚上還有烤麻糬，現在回想起來還是覺得很美好。,3,1,0,3077,,2019/05/07,0,中立
夜景很漂亮，但是衛浴設備有點簡陋。,3,1,0,3096,,2018/05/07,0,中立
營區應該很美，因為櫻花已綻放。唯一可惜的是，帳篷前被樹遮擋著，沒法直接看到山景。廁所乾淨，但熱水不太穩定。很幸運的是，遇到了友善的露營夥伴，他們與我的兒子玩得很開心。希望沒有給他們添麻煩。,3,1,0,3111,,2022/01/23,0,中立
第8區的住宿離營區中心很遠，去洗手間要走下一段有點陡的樓梯，不太方便。而且洗手間沒有頂蓋，所以有很多蚊蟲。,3,1,0,3125,,2020/12/14,0,中立
營地條件不太理想，廁所數量有限且簡陋。,3,1,0,3141,,2019/09/20,0,中立
廁所缺乏衛生紙，變得不太方便。建議後補充。此外，草地上有乾掉的狗屎，非常不衛生。垃圾桶也沒有架設垃圾袋。在未安裝壓磚塊的情況下，半夜可能引來流浪狗和貓來翻垃圾。總體而言，有待改善。,3,1,0,3156,,2018/11/26,0,中立
營區很安靜沒有蒼蠅。,3,1,0,3184,,2023/05/07,0,中立
這個營區雖然很乾淨，但是價格漲得太誇張了，應該不會再去了。,3,1,0,3189,,2022/05/07,0,中立
大家都可以在大草地上共用，廁所和浴室都很漂亮，營地管理部也有在賣冷飲。,3,1,0,3217,,2021/05/07,0,中立
在草地上搭帳篷真舒適，兩棵落雨松之間就是營位，帳篷設在變色的落雨松下感覺獨特，車帳分開，雖然滿營時或許會有點擁擠，但有乾濕分離的衛浴設施洗澡很舒服。路況還可以，進入營區的田間小路比較狹窄，周邊是果園與農園，上午有些許蒼蠅飛來，而下午看到農民戴著口罩在噴灑霧狀液體，希望不是農藥才好！,3,1,0,3237,,2020/05/07,0,中立
水龍頭的水溫適合冬天露營，很貼心。不過營位區域的草地被營主限制使用，因為中央走道需要給營主通行高爾夫球車，推廣產品，這可以算是一種特殊的商業手法。,3,1,0,3238,,2020/05/07,0,中立
整體來說，周遭環境還算不錯，但唯一的缺點就是四周都是果園，所以會有較多的蒼蠅。,3,1,0,3243,,2020/05/07,0,中立
我覺得這個地方不錯，適合遠離都市的喧囂，來這裡旅遊可以選擇住宿或露營。,3,1,0,3258,,2019/05/07,0,中立
草地很舒服，廁所保持乾淨有定時清潔，甚至有分離乾濕的衛浴設備。不過收費人數多有點擁擠。,3,1,0,3263,,2019/05/07,0,中立
您的環保用心讓人感受到了，浴廁保持得很乾淨，但小朋友的活動空間似乎有點狹窄。,3,1,0,3279,,2018/05/07,0,中立
包棟民宿外的露營地可以增加電源。,3,1,0,3282,,2018/05/07,0,中立
優點：草地寬闊；缺點：帳篷太多，小朋友沒有足夠的空間玩耍。,3,1,0,3289,,2018/05/07,0,中立
優點：衛浴設施很出色，草地景觀美麗，設施設計新穎。缺點：有很多蒼蠅，營地規劃過於擁擠，小孩嬉戲的地方不夠。,3,1,0,3301,,2018/05/07,0,中立
這次活動真的是無論風雨，營地主人的用心經營讓我們感受到了。免費採草莓真是意外之喜，但被天氣阻擋的吃飯體驗卻讓人無奈。這將是一個難忘的回憶，尤其是在睡車上的經驗。,3,1,0,3305,,2017/05/07,0,中立
這個地方的規模很大，有多個區域，A區是用來放行李，車子需要停放在停車場，附近有民宿，裝潢設計獨特但舒適度有待考量，營區空間寬敞，適合小朋友奔跑，地勢平坦並且安全，但缺乏美麗的景色，周圍只有果園，這點有點可惜。,3,1,0,3315,,2017/05/07,0,中立
除了草地不錯，其他地方沒有什麼特別優點！,3,1,0,3323,,2017/05/07,0,中立
環境看起來很整潔很美觀，但居然有蚤子，被叮得很傷，結帳時開始癢起來，真是難受～,3,1,0,3327,,2022-04-28T17:04:37+08:00,0,中立
各地區的空間都有點不夠，每個帳篷都有點擁擠，最後十幾分鐘的路程有許多非常陡峭的彎道和坡道，對引擎、輪胎的表現和駕駛技術有很大考驗，非常不建議在夜間行駛。,3,1,0,3396,,2022/05/07,0,中立
路顛波。快到了，路面很陡，不容易行駛。,3,1,0,3471,,2023/10/23,0,中立
那條路真的很危險。差不多再開5分鐘就到營區了，但那一段路超難開。,3,1,0,3472,,2023/10/23,0,中立
營地很吵耶，隔壁鄰居的狗叫聲、羊叫聲，還有凌晨4點的公雞叫聲。,3,1,0,3568,,2023/12/07,0,中立
在營區裡有小黑蚊和蒼蠅，還有一些貓狗會進來翻垃圾桶，孩子會被跳蚤叮咬。附近有許多野狗，在晚上和清晨時候會亂吠，隔壁鄰居家的鵝也會發出很大聲音！營區裡沒有飲水機，雖然說是草地，但碎石較多，但衛浴設施很乾淨。營區主人很友善，只是有點活動不便。,3,1,0,3592,,2022/05/07,0,中立
帳包區位置較安靜，很不錯。射箭區雖小，卻很有趣，或許是因為沒有人搶著使用，所以不必排隊（那天特別擁擠）。營區內還設有沙坑和戲水池。當天有體驗製作麻糬的活動，營地主辦人會逐一告知體驗時間。,3,1,0,3609,,2021/05/07,0,中立
"1. 浴室很乾淨，有浴缸和水瓢，建議自行攜帶掛勾，方便掛東西。
2. 提供Wifi、護草墊、吹風機、脫水機、冷凍和冷藏冰箱、廁紙。
3. 上層營區下大雨排水還不錯。
4. 蚊蟲比較多，特別是小黑蚊，同行親友和小朋友都被叮咬不少。
5. 營區經常有小貓出現。
6. 營位上的洗手台有遮陽傘，但只有不太明亮的太陽燈，照明不足。",3,1,0,3610,,2021/05/07,0,中立
離入口越近的營地風景越漂亮，底下的觀景台景色也很迷人，很適合涼快一下，那裡有風，也有樹蔭。營地主辦的揉麻糬和其他活動，小朋友都很喜歡。冰箱很小，坡道很陡，端午節時小黑蚊咬了小腿滿身紅點，晚上營地養的雞就很早就開始啼叫到天亮。還有一個水池可以讓小朋友玩水。,3,1,0,3617,,2020/05/07,0,中立
進入營區的路比較狹窄，開車要小心，不要完全依賴導航。傍晚的景色很美，可以參加活動，但到了晚上會有點潮濕，早上陽光強烈時需要找個遮蔽的地方。雖然有點遠離公路，卻因為坐落在山區，總是能聽到車輛的聲音，尤其是跑車。整體而言，這個營區是一個值得一試的選擇。,3,1,0,3620,,2020/05/07,0,中立
可以欣賞石門水庫湖面的美景，微風吹過感覺很舒適，喜歡露營的人可以考慮來試試看，提醒您，這裡蚊蟲很多，請做好防蚊措施。,3,1,0,3627,,2020/05/07,0,中立
風景相當優美！搗麻糬和竹筒飯的DIY活動有點粗糙，射箭區看起來有些荒廢。淋浴間只有三間，不過水流很大，熱水也很充足。,3,1,0,3630,,2020/05/07,0,中立
廁所乾淨，只是數量太少！其他的都很普通。,3,1,0,3634,,2019/05/07,0,中立
營區位置很好，空氣清新，就在河流旁邊。,3,1,0,3635,,2019/05/07,0,中立
這個營區的衛浴設備充足，有提供電源插座，而且停車位也很足夠！不過如果是夏天來的話，在山上可能會有些炎熱和曬，整個營區有點擁擠但還算舒適。另外，停車方式很重要，可能會影響小朋友球類遊戲的空間有些狹窄（但還是有一些空間）。整體環境算乾淨，衛浴設備和廁所都很整潔。至於水池部分建議小朋友最好有父母陪同（水池淺，沒有危險性，主要是要注意滑倒等事故）。營區主人很親切和健談~ 如果要說有什麼缺點的話，大概就是容易迷路。,3,1,0,3651,,2019/05/07,0,中立
我們住在台北市區的話，營區距離其實有點遠！這是一個蠻新的營區，分成四層的「階梯式」設計。我們住在最底層，原本可以擺放八個帳篷，但因為所有人帶了大型或巨型帳篷，再加上客廳帳，所以最後只搭了六個帳篷。營區還有提供「營棧」，可以在那裡採購飲品。另外還有瞭望台、兒童戲水池和射箭區，是個小朋友們度過時間的好去處！,3,1,0,3653,,2019/05/07,0,中立
這個露營區位於靠近石門水庫的位置，交通方面，就在羅馬公路旁邊，路況不錯，只是山路可能會讓乘客暈車，停車位比較少，晚到的話裝備不太方便，但營區提供推車，空間方面，像是梯田，小孩活動範圍不大，有小水池和沙坑，帳篷之間較為接近，風景部分，有石門水庫和附近的新溪口吊橋和角板山商圈，景色相當優美，盥洗設備方面，雖然只有四間浴室和廁所以及兩座小便斗，卻沒有發生排隊情況，清潔維持得相當不錯，只是缺少衛生紙，老闆和員工都很親切，是一個可以再次造訪的露營區！,3,1,0,3656,,2018/05/07,0,中立
設施已經荒廢很久了。所有設施都已經年久失修，沒有再被照顧的感覺。開進去的路很糟糕，營地主人不確定是誰。,3,1,0,3668,,2023/05/14,0,中立
這裡的衛生設備需要改善。如果對環境要求不高的話這裡還可以，晚上會有一些小黑蚊。,3,1,0,3670,,2023/04/05,0,中立
不經意間我去了第二次的營區。,3,1,0,3687,,2021/03/20,0,中立
手機訊號只有一格（中華電信的），很不穩定營區有Wi-Fi，但不提供熱水，洗澡到一半時沒熱水，還要等30分。,3,1,0,3769,,2024/04/07,0,中立
房間處於沒有風景的環境，並且衛浴設施陳舊；另外還有兇狠的黑螞蟻叮人，雨棚區的價格1300元，覺得性價比不夠高。,3,1,0,3798,,2023/05/07,0,中立
這個開車路段相當曲折，而且難以駕馭，最後到達的地方是個很乾淨的草地，孩子們在那裡玩得很開心。廁所也很乾淨，洗手台的溫水很舒適，在冬天尤其受用。因為地理位置位於山谷中沒有太多風，晚上雖然冷但不會很刺骨。有一條小溪，不過要走一段路才到，但能在那裡釣魚的感覺很愜意。只是要請求營地負責人幫忙，因為隔壁鄰居竟然在半夜三點還在聊天，讓人無法入睡。,3,1,0,3807,,2023/05/07,0,中立
退休老闆非常用心地經營，設施步步到位，在每個平台的活動空間都很充足。建議在設有廁所的平台再增設帳篷，更方便一些。此外，廁所旁還有設置熱水洗手台，非常貼心，特別適合冬天。營地位於山谷中，氣溫較涼爽，早晨的陽光照射也稍晚一些，可以多睡一會兒。請注意防蚊！此外，谷歌導航可能會帶偏路，建議留意營地主人提供的谷歌指引訊息。,3,1,0,3875,,2020/05/07,0,中立
營區的活動範圍有限，進入道路狹窄。道路盡頭是靠近溪邊，晚上溪流聲音很大，不建議設立帳篷在溪邊附近。每區洗手台的位置設計不夠理想。廁所和淋浴間比較寬敞，但熱水供應可能不足。,3,1,0,3876,,2020/05/07,0,中立
洗澡時熱水不足，每30分鐘才會有熱水，有些不太方便。需檢查增加熱水供應的問題。,3,1,0,3905,,2022/09/19,0,中立
洗手台和浴廁的數量太少了。C、D、E區共用的浴廁實在是不夠，而且即使調到最熱，淋浴的水溫也只有溫水，這個問題不只是對我們露營的朋友們造成困擾。封鎖我們的浴廁是有些不太合理的，而且營區總是跳電，是不是因為我們的用電量超過電力供應的規模，一旦有人開啟暖氣等高耗電產品，整個營區就會斷電。是否可以在規定中加入不使用高耗電產品的條款？而且D區只設置了三個水龍頭，其中兩個在後方，一個在廁所前方，我們必須爭搶才能夠使用。因為廁所前的洗手台提供熱水，所以許多人都會前來使用，造成了我們的不便。當我們需要使用時，其他區的人也會前來搶用，這真的很不方便，甚至得帶著自己的水來洗手過完廁所。,3,1,0,3922,,2022/01/03,0,中立
對朋友打招呼的感覺真是棒！,3,1,0,3940,,2021/03/20,0,中立
這個地方的排水不好，下雨的時候最好不要去。第一次去草地很漂亮，但第二次再去時草地卻都不見了，再加上下雨，整個地方變成爛泥，真是個糟糕的經驗。,3,1,0,3952,,2020/10/13,0,中立
1. 特1區的房間非常整潔，但客廳樓層穿梭的情況有點奇怪。2. 特1區的廚房設在廁所旁，偶爾會有尿味。3. 其他部分還算可以。,3,1,0,3989,,2023/05/08,0,中立
營區老闆風趣熱情，整體環境算不錯，營位大多有五葉松樹可遮蔭，是一個小而美的營區。夏天造訪時可能會遇到小黑蚊，管理方面仍有改進空間，特別是在維持戲水池清潔上。營區未能嚴格遵守夜間安靜規定，有人在11點後進場，12點還有人在營區裡敲營釘、充氣床墊。在我們兩晚的住宿期間，遇到了素質不佳的露營友。雖然這並非營區老闆的錯，但作為營區管理方，他們有責任監督，這已經影響到整體的印象。,3,1,0,3997,,2023/05/08,0,中立
營區的面積很大，周圍還有湖可供欣賞。盥洗浴室不會有時間限制，在營區內有多種露營模式可供選擇，包括雨棚區、松樹下和竹林碎石區。然而，缺點是盥洗浴室和冰箱較少。,3,1,0,4019,,2022/05/08,0,中立
老闆客氣，但蚊子實在太多，回來癢了好幾天 → 老闆客氣，但蚊子太多了，我回來後被叮了好幾天很癢。,3,1,0,4026,,2022/05/08,0,中立
寒流來臨時，I 區的空地擠滿了帳篷（我認為擠得太滿）。沒有人帶家用電暖器，整晚跳電數次，營地主人處理得很迅速，但半夜跳電時就要等到天亮才有電。浴室分男女各兩間，還有一間男生和一間女生共用的浴室（兼設坐式馬桶）。此外，男生和女生各有一間獨立的蹲式廁所，吹風機可以在女生一側使用。冰箱只能在浴室旁使用，在河口附近有一條步道可以走到石秀灣。,3,1,0,4027,,2021/05/08,0,中立
B區不是個好選擇，因為浴廁數量過少，且常受干擾。每個區域都應該減少一些帳篷，而且有小蚊子和跳電的問題。不過，五葉松林的美景卻非常令人著迷。,3,1,0,4037,,2021/05/08,0,中立
現在八月份，小黑蚊叮人不停，每個人平均叮超過20次以上，建議使用強效防蚊液以防止被叮。要不然就會像我們一樣，怎麼噴蚊子都不管用。,3,1,0,4043,,2021/05/08,0,中立
希望能把雨棚區放在比較寬敞的地方！,3,1,0,4071,,2019/05/08,0,中立
環境保護意識和緊急應變能力都需要共同注意和提升。在處理突發狀況上，大家需要更加嚴謹和迅速。,3,1,0,4081,,2019/05/08,0,中立
風景好，老闆友善，只是有些小黑蚊。,3,1,0,4086,,2019/05/08,0,中立
廁所是移動式廁所，而且裡面有許多蚊子。,3,1,0,4099,,2018/05/08,0,中立
營地的設施很齊全，還有免費提供地面防水隔板，水槽的水也很充足，用電也很方便，廁所和浴室也都保持得很乾淨，草地也很寬廣。不過要注意的是，因為鄰近竹林，小黑蚊較多，叮咬的情況比較嚴重。,3,1,0,4100,,2018/05/08,0,中立
蚊子很多，夏天去的話要小心，最好穿長褲。,3,1,0,4178,,2024/03/07,0,中立
這次露營碰到的是老闆娘，她的服務態度非常好。因為我們是在禮拜日去的，老闆娘讓我們可以自由選擇營位，所以我們給了一顆額外的星星。可惜的是：1. 蒼蠅很多，一不小心就會進帳篷，帳篷外也都是蒼蠅。2. 螞蟻特別多，感覺它們會把整個蟻窩搬進帳篷裡。3. 有會飛的蟑螂，還有其他許多昆蟲在帳篷外徘徊。4. 營區的設施可能缺乏維護，有些地方發霉、生鏽，實在有點可惜了，不然條件應該會很棒。5. 營區的照明很少，晚上有點昏暗。優點是營區本身還算漂亮（除了發霉的部分），有湖岸和溪流，晚上聽著河水聲入睡，心情挺愉悅的。,3,1,0,4199,,2023/05/07,0,中立
起初以為離台北很近，看照片看起來不錯，而且有雨棚應該會很舒適放鬆。但碰巧遇到下雨，雨棚內積水，走到廁所都是水坑和泥巴，腳永遠髒不已，這是我露營遇到最痛苦的一次！另外，蚊蟲很多，但在戶外這恐怕難以避免！建議設施需要重新翻新，排水系統也需要改善。如果改善得好一點，我相信這個營地會變得很棒！,3,1,0,4217,,2021/05/07,0,中立
小黑蚊太多了，洗澡時熱水不太穩定，女廁馬桶總是容易淹水。,3,1,0,4228,,2021/05/07,0,中立
這個地方原本是一個魚池，後來變成了一個婚禮攝影的場地。,3,1,0,4234,,2021/05/07,0,中立
這個地方提供了穩定的熱水，並且廁所很乾淨；但營主缺乏人情味，不巡場，對訪客收取額外費用，晚上幾乎無路燈，部分地方有危險的坑洞。,3,1,0,4238,,2020/05/07,0,中立
這個地方適合不同年齡層的遊客半日遊，但是交通不太方便。,3,1,0,4266,,2019/05/07,0,中立
除了離市區近以外，其他都還可以。,3,1,0,4268,,2019/05/07,0,中立
這次來露營是因為看到網站上的照片很美吸引而來，但到了現場卻有些失望，很多景點都顯得年久失修，有些破舊不堪。可能網站上的相片需要更新了。,3,1,0,4269,,2019/05/07,0,中立
出去露營最重要的是什麼？心情與夥伴。在露營現場空間OK，老闆熱情帶路，晚上有蟲鳴鳥叫，偶爾會看到螢火蟲，靜謐清幽的短程近城露營區很值得。即使網路上流傳的園區相關景點有些許時間痕跡（湖上還有可以彈的鋼琴）。,3,1,0,4271,,2019/05/07,0,中立
在台北近郊的露營地，露營區的地面是碎石鋪設而成，沿著河岸有雨棚區，可以在下雨時有個遮蔽所，水槽可以公用並可以平均分配，兩個帳篷共用一組水槽。靠近小溪的地方可以下去戲水，但值得注意的是，要把廢水集中處理後才排放到溪流中。,3,1,0,4277,,2018/05/07,0,中立
環境不錯，浴室很乾淨。不過因為沒有路燈所以有點暗，而且離營本部的距離有點遠。也沒有飲水機，需要走到營本部取水，相當不便利。,3,1,0,4282,,2018/05/07,0,中立
場地規劃沒問題，但並沒有特別的風景。,3,1,0,4283,,2018/05/07,0,中立
這個露營地適合親子同樂，有山有水，適合家庭一起互動，可以享受烤肉、玩水和爬山的樂趣。,3,1,0,4285,,2018/05/07,0,中立
環境還不錯，衛浴設施齊全，只是在平地露營有點熱...,3,1,0,4290,,2018/05/07,0,中立
營地的設施有些老舊，周邊的擺設也沒有做好維護和更新。,3,1,0,4302,,2017/05/07,0,中立
這家美的太貴了，一張床單要1000元，有點太貴了～,3,1,0,4304,,2017/05/07,0,中立
這個營地設施很完善，只是有點過於商業化了！,3,1,0,4305,,2017/05/07,0,中立
風景很美，但是覺得門票有點貴有點可惜！,3,1,0,4308,,2015/05/07,0,中立
這個地方的環境設施有點陳舊，有些可惜。湖邊的景觀如果再加強一些的話，就會更加完美。可能因為附近有果園，所以有一些小黑蚊。,3,1,0,4502,,2017/12/03,0,中立
真遺憾…沒有露到。27號中午前就開始下大雨了，打電話詢問後被告知無法延期或退款。本以為下午會停，卻越下越大。到現場等了一會兒後，最終決定不露了。不想讓自己很狼狽，也擔心小朋友患感冒或濕氣。雖然花了1000元，但就當做了一課。下次遇到不穩定天氣還是訂雨棚區比較保險。,3,1,0,4561,,2017/05/29,0,中立
可能是因為下雨天，風景沒有如預期般美麗，但最重要的是回到家後手腳上沾滿了紅豆冰...><,3,1,0,4562,,2017/05/28,0,中立
浴廁很不錯，但還有改進的空間。,3,1,0,4569,,2017/05/14,0,中立
帳帳相連讓人感到擁擠不舒適，浴室的數量太少。,3,1,0,4642,,2016/12/03,0,中立
營區的設施算是蠻不錯的，廁所跟淋浴間都很豪華，而且淋浴間還有乾濕分離的設計。整個營區都有雨棚，周邊景點相對比較少。可能因為營區設在山谷中，所以風勢比較強，讓人感到有些不舒適。營區周邊的環境有些雜亂，但有一條庫志溪可以釣魚或抓蝦。,3,1,0,4708,,2021/05/07,0,中立
營地長和夫人的關係非常融洽，氣氛十分愉快！,3,1,0,4715,,2021/05/07,0,中立
臨溪地帶，有山嵐，是個很適合露營的地方！,3,1,0,4741,,2019/05/07,0,中立
在雨棚下搭帳，地面鋪著水泥，地上有四個金屬孔。靠近小溪，可以嬉水。營地空間不大，沒有設計客廳帳篷空間。,3,1,0,4754,,2019/05/07,0,中立
環境整潔。營位略小，水龍頭位置影響了其他人的走動路線。,3,1,0,4846,,2018/09/25,0,中立
11/18在竹雞區的評價不太好。主要問題有四個：第一，斜坡上的排水管斷裂了，導致洗手台的水直接排到草地上，造成積水問題。第二，九帳共用的浴室算是乾淨，但其中一間熱水器在週六傍晚就壞了，沒有人來處理或者張貼告示，讓洗冷水澡的體驗很差。第三，廚餘桶的擺放方式有問題，沒有考慮到營地內有貓狗出沒，結果半夜被貓翻倒。第四，營位寬度只有五米，適合小帳篷進駐，視野方面只有老鷹區稍微有些風景，其他區都有些許遮蔽物，竹雞區更是沒有什麼景觀可言，整體而言視野遠不如旁邊的烏嘎彥獨立區或C區。,3,1,0,4868,,2023/12/08,0,中立
這個地方周圍環境很漂亮，但浴室不太夠用，而且開車上山要小心，因為路很狹窄又陡峭，低底盤車輛更要當心。,3,1,0,4929,,2020/05/08,0,中立
有幾段路有交通問題，但風景還不錯。,3,1,0,4930,,2020/05/08,0,中立
營區的服務很周到，廁所浴室雖然乾淨但數量少，使得排隊等候的情況比較集中。我建議增加更多廁所浴室，並且擴大場地的規模，以避免超收帶來的困擾，同時也應該改善進入營區的小路，避免晚間難以通行的情況。,3,1,0,5152,,2017/10/23,0,中立
前往營地的路很好走，提供了親子設施如溜滑梯、腳踏車、籃球、沙坑和泳池等，還有冰箱和飲水機。草地活動空間很大，整體來說是一個舒適的營地，營主也很親切。然而，洗澡時間有限（晚上12:30前），白天沒有熱水。裝備只能在柏油路旁下，但柏油路很窄，下裝備時可能會造成壓力和擋到後面的車子。只有柏油路適合騎腳踏車，且撤營時間硬性，比其他營地更嚴格。雖然可以在低海拔看星星，但光害源於營地門口路燈。A區3帳後距離護草墊放置區雖不遠，但會感到辛苦。總體而言，這個營地應該在考慮名單中，但裝備不能放在草地，確實是個問題，希望營主能想辦法解決。,3,1,0,5231,,2023/12/08,0,中立
這段評論主要提到露營地的設施與環境維護很貼心，對營主一家人勤快並認為他們非常努力清潔環境和分類垃圾。然而，也指出女廁浴室裡的冷水壓力過小，淋浴間數量不足，熱水溫度不穩定，且提到建議裝增壓馬達以改善。同时，也提到在風大的日子來露營，能避開小黑蚊幸運，因為它們太輕微而怕風吹。,3,1,0,5253,,2023/05/08,0,中立
優點：營區海拔低、開車方便，兒童設施豐富，草地適合小孩遊玩。缺點：有很多小黑蚊，即使噴了防蚊液還是被叮滿腳，從中午到傍晚都會遇到，傍晚更會有大隻的斑蚊，叮到會很痛，相當嚇人。或許下次選擇冬天來會比較合適。,3,1,0,5259,,2022/05/08,0,中立
這個人覺得這個營區適合習慣混雜營位和不怕吵鬧的人，帳篷很靠近，晚上10點前要安靜。營位擁擠，搭帳和天幕要受到營主注意，營位沒有明確分區標示，釘點偏移也會被指正。浴室無法應付周末人潮，熱水只提供晚上6-12，尖峰時段排滿，水壓不穩定，冰箱塞滿，食材亂七八糟也有遺失找不到的。插座電壓不穩定，夏天可能會跳電問題。夜晚10點後大門鎖上，打掃很乾淨，或許我和朋友們不太適合這種營地。建議到前看一下須知和規定，以免違規被責罵。,3,1,0,5283,,2021/05/08,0,中立
冬天的電力供應不穩定，必須改進以確保友善的露營環境品質。,3,1,0,5284,,2021/05/08,0,中立
A區和CD區是在不同的位置，A區停車位在停車場，而CD區則可以停在帳篷前面，不過共用廁所和浴室。如果帳篷滿了，洗澡可能要等很久，而且洗澡時會感到有點冷。廁所很乾淨，有拉門和備有衛生紙。如果選在CD區較尾的位置，需要走一段路才能到達廁所。在12月去的話可能會有一些蒼蠅和難以避免的螞蟻問題，甚至可能會入侵到帳篷和車子裡。建議選擇靠近前面一點的營位。小孩應該會喜歡這個地方，因為有沙坑、籃球場、腳踏車和溜滑梯，非常適合帶小孩放生。此外，有冰箱和飲水機可以使用。建議準備好食物和飲料再出發，因為下山開車要10到20分鐘才能找到便利商店711。,3,1,0,5288,,2021/05/08,0,中立
孩子們在戲水後沒有熱水可以沖洗，有點不方便。,3,1,0,5331,,2023/12/28,0,中立
老闆可以不要太過於嚴格地監督員工嗎？讓人感覺很不舒服。,3,1,0,5341,,2022/05/16,0,中立
鄰居清早六點割草的噪音讓露營的經驗受到干擾，希望鄰居可以考慮改變割草的時間。如果無法控制鄰居的行為，可以試著提前得知他們的務農計畫，讓露友可以提前做好準備。雖然向老闆反映，但目前似乎無法得到幫助。,3,1,0,5353,,2020/11/30,0,中立
對方在出發當天一早應該要更主動聯絡營主，而不是等到晚上七點半才回覆，從而勸阻露營者前往。當天草地積水很嚴重，引來大量小黑蚊，讓人感到非常困擾。設施方面，除了浴室表現尚可外，草地墊的泥濘情況須改善，尤其是排水速度。,3,1,0,5376,,2019/06/10,0,中立
草叢很茂盛，需要修剪整理一番。若A區的三個朋友同時到達，則搭帳篷和收帳篷將會變得非常混亂。營位空間狹小，客廳帳搭起後幾乎無法活動。因為車子無法開到營地附近，即便先完成收拾也無法輕易離開，停車位與營位相距甚遠，无法使用推車，只能靠人力將物品搬運，這樣容易引起家庭間的矛盾。可能是因為春夏季節，加上旁邊有果園，蚊蠅非常非常多。浴室和廁所算是相對乾淨整潔。垃圾桶只在入口處設置（這點還好），只是如果營地人數增多，垃圾桶可能會爆滿。當大雨下時，草地的排水有問題，容易積水。,3,1,0,5426,,2024/05/05,0,中立
11月18日到19日我去露營，環境很棒，但早上洗澡時，突然變成冷水，差點感冒了。打了三四次電話，都沒人接。,3,1,0,5434,,2023/12/08,0,中立
整體來說都不錯，只是缺點在於棧板。,3,1,0,5435,,2023/11/08,0,中立
廁所設施很不錯，但只有管理人員區域有冰箱。對我們在C區的位置來說，要走很遠到B區取冰箱不太方便。在B區的大草皮很適合小朋友玩水，也有浴室，但缺少冰箱讓人感到不便利。A區的營位形狹長，如果帳篷太大可能會有點擠。此外，草地不算太平坦，有些地方有坑洞，搭帳篷時要格外小心。洗手台的數量不太足夠，根據預訂網站顯示每3個帳篷共用一個洗手台。另外，我們四個帳篷被安排在同一區，這個季節附近很多螢火蟲，但也有很多小黑蚊、螞蟻和蜘蛛（體型都不小），白天也會有些蒼蠅，最讓人不安的是還有很大隻的蟑螂，這裡的生態非常豐富。,3,1,0,5440,,2023/05/08,0,中立
香港回來的那位小哥很友善熱情，但每一個房客都很接近，晚上過了十點後其他房客開始吵鬧，而且即使受到勸告也不停止，業者並沒有有效地管理情況。玩桌遊的人大聲嘈雜，而喝酒的團體則放著音樂和講話聲音很大...直到快要十二點時才漸漸安靜下來，才能入睡。,3,1,0,5450,,2023/05/08,0,中立
這次有約20位左右的成人和孩子一同前來，透過網路找到這個地方。整體來說，環境優美，廁所也算乾淨，設施很齊全方便使用，而且營區主人也很熱情。雖然整體感覺不錯，但我們只給了3顆星的原因是，有幾位營區主人的朋友也來打招呼。起初，我們覺得熱情招待稍微聊一下還可以，但後來卻變得越來越過分，一直來我們的營位，要求我們喝酒聊天，還一直找我們其中一位妹妹。我們委婉拒絕了但對方仍死纏不放，拒絕離開。過了一段時間後又跑來，甚至直接在我們的營位徘徊不離，當時時間已晚，又有小孩在睡覺，這嚴重侵犯了我們的私人空間。我們是來放鬆享受的，不是來應酬。我們不在乎對方的職業和經歷，更不想花時間和心力應付。雖然這個地方本身很不錯，但這次經驗讓我們對二次造訪有所猶豫。,3,1,0,5468,,2022/05/08,0,中立
大概兩點左右到達時，營地主人才正在準備搭設出租的帳篷，直到傍晚才終於完成。最糟糕的是，到了半夜氣墊床逐漸漏氣，不只一個人有這種困擾。第一天廁所的異味很嚴重，小孩一直抱怨很臭，直到隔天清潔後才改善許多。建議在廁所外面設置洗手台提供洗手乳，尤其在疫情期間，這真的非常重要！,3,1,0,5477,,2022/05/08,0,中立
在多人使用時可能會比較擁擠，建議您選擇包區使用。另外，廁所外觀看起來不錯，不過需要更努力地保持清潔。另外，如果您想找一個不錯的地方玩，附近的長興國小是個不錯的選擇。,3,1,0,5500,,2021/05/08,0,中立
廁所雖然還有些小黑蚊，但整體還算乾淨。,3,1,0,5519,,2020/05/08,0,中立
一些露營地地勢不平坦，各帳篷之間距離太近，需要仔細考慮，與照片呈現有所不同。,3,1,0,5524,,2019/05/08,0,中立
環境雖然還好，但帳篷太擁擠，廁所不夠用，D區附近的廢水散發著臭味。早上被帳篷外的狗吵醒，起床後發現有狗在帳篷邊上拉屎，真是讓人心情沮喪。,3,1,0,5527,,2019/05/08,0,中立
有小沙坑和小水池，挺有趣的。,3,1,0,5540,,2018/05/08,0,中立
營地的草地打理得很好，不過營地主收費有點過高，所以人群比較擁擠。,3,1,0,5541,,2018/05/08,0,中立
浴廁很乾淨，但在現場才告知需要支付額外的搭帳費讓人感到不滿意。其優點是浴廁很乾淨，服務人員態度也很好。但缺點是帳篷之間距離太近，地面不平整。租帳到現場才告知需額外支付300元搭帳費，且無法自行選擇，詢問為何事先未告知得到的答覆是網站無法寫明，這讓人印象不佳。,3,1,0,5562,,2023/02/13,0,中立
營區人潮眾多時應當加強垃圾處理。,3,1,0,5610,,2019/03/02,0,中立
這個營地的環境真的很吵，晚上狗狂吠不停，還有其他露營者聊天、小孩尖叫，整個環境都很不安寧。即使過了晚上十點，仍然有露友在大聲聊天，營主並未出面管理，加上蚊蟲特別多，讓人無法好好休息。,3,1,0,5663,,2018/04/06,0,中立
老闆人很好，但不太擅長聊天，也不會主動回訪，除此之外店裡沒有什麼特別的。,3,1,0,5719,,2024/04/08,0,中立
湖畔區的景色真美，令人感到很舒服。而且在大樹前的這兩個位置更棒呢。,3,1,0,5786,,2019/05/08,0,中立
景色很美，但露營地有點擁擠，而且費用也很高，一晚要價1500元。,3,1,0,5791,,2019/05/08,0,中立
環境尚可，地形分為三層。最上層只有一間浴室，稍嫌不足；二樓雖不大，卻有4間浴室供使用，需和三樓共用。如果人潮眾多，希望能加強厠所清潔頻率更佳。,3,1,0,5793,,2019/05/08,0,中立
每個房間都配有床板，所以睡起來很舒服！一早醒來就可以欣賞美麗的風景！可惜露營區比較小，不過有賣店可以補充一些飲料或日常用品！,3,1,0,5844,,2018/05/08,0,中立
設備不錯，風景也不賴，但收費稍微偏高。,3,1,0,5845,,2017/05/08,0,中立
暫時離開城市，在山上欣賞美景，忘卻世俗瑣碎，讓心靈放鬆，為了迎接新的挑戰再次啟程！,3,1,0,5968,,2020/05/08,0,中立
要小心開車，因為前往營地的山路狀況較為崎嶇。但營地的風景相當不錯，並且有濃厚的坡度感。,3,1,0,6031,,2021/04/26,0,中立
場地環境很舒適，雨棚也設置得很好。前方空地不小，營地主人的狗狗和貓咪都很親人超可愛，但小黑蚊實在是太多了。近20位大人和小朋友都被叮咬，沒人幸免。或許該考慮在天涼些的時間前來比較適合。,3,1,0,6072,,2023/08/08,0,中立
這個櫻花區內設備稍嫌不足，例如只有一間廁所和兩個洗手台，而其中一個洗手台又比較老舊且操作不方便。另外，營主提供的冰箱是私人使用的，雖然裡面擠滿許多食物，甚至連啤酒也擠爆了，晚上還會有朋友到訪喝酒唱歌，氣氛相當熱鬧。此外，營區有親人的貓狗，個性溫馴友善，而附近還有冰涼的溪水可供遊玩。總體而言，場地較小、設備待加強，但自然環境不錯。,3,1,0,6092,,2023/05/08,0,中立
營地裡有太多的蚊蟲和蒼蠅，再加上大雨，整個營地都被淹水了。可能是因為營位上鋪的碎石頭不夠，導致地面都變成爛泥，非常不舒適。洗澡和上廁所的空間也不夠，只有一間可以供五個營位使用，而且電源線拉得太長，相當危險。,3,1,0,6093,,2023/05/08,0,中立
營區的營主夫婦非常親切，會立即幫助處理任何需求，這一點真的很不錯。另外，營區離老街不遠，露營完後可以到老街逛逛找食物，感覺相當輕鬆舒適。然而，營區也存在幾個問題：1. 浴廁共用，導致需要排隊上廁所。2. 營區有貓咪進出，有時會跑到露營地點，甚至跳上餐桌或咬露營帳篷，並且不怕人。3. 晚上沒有路燈，導致有些露友繼續活動、探險或聊天到很晚，建議設置一些路燈作為簡單的管制。4. 洗菜和洗碗的水槽不夠，需要排隊，在煮食時間更是拥塞。,3,1,0,6105,,2022/05/08,0,中立
這個露營地的設施狀況似乎不太好，包括雨棚區場地狹小且沒有燈光，洗澡水壓不穩容易弄濕衣服。浴廁採用鐵皮搭建，在洗澡時甚至需要忍受隔壁廁所的異味，相當不舒適。此外，價格高達$1200，相對而言性價比較低，有許多景觀更美、設施更完善的露營地可供選擇。,3,1,0,6114,,2021/05/08,0,中立
這個地方有點寬敞，營地可能稍微狹小了一點。,3,1,0,6133,,2019/05/08,0,中立
進入營區時，第一眼看到陡峭的斜坡，讓我覺得擔心我的黑色小狗，但老闆娘很親切地介紹，並告訴我晚上會有螢火蟲。當天晚上關燈後，果真看到很多螢火蟲，可惜沒有拍照留念。營區採取梯田式的場地，每個區域都不算很大，只有一間廁所和一間浴室，插座也不太多。我比較不滿意的地方是有很多蒼蠅，風景也一般般，唯一比較好的是營區下方有條溪可以讓小孩玩水，水質很乾淨，有大人在陪同下相當安全，讓小孩可以在水裡玩上半天。總的來說，不是特別推薦這個營區！,3,1,0,6143,,2018/05/08,0,中立
廁所與浴室是合併在一起的，因此晚上洗澡時，需要使用廁所的人可能需要排隊等待。,3,1,0,6146,,2018/05/08,0,中立
各區分佈較均勻，出租帳篷沒有附上鋁箔墊。,3,1,0,6148,,2018/05/08,0,中立
雅房不太適合想要輕鬆露營的家庭，有些失望。,3,1,0,6214,,2019/10/21,0,中立
場地還可以，有狗會追人。草皮還不錯，路程容易通行，但營區主人比較冷淡，重點是狗會追人喔！,3,1,0,6217,,2019/09/17,0,中立
廁所環境需要改善！1.最好將廁所和沐浴區分開，否則容易感到骯髒！2.網路上的平面圖和實際情況不太一樣，實際廁所數量較少，導致10-11帳共用兩間浴廁，讓人快要發瘋！3.營區規劃有待加強，因為每次要到營區中心取物品幾乎都要穿越別人的營地（我預定的是五葉松區）。如果不經過別人的營地，則路線太陡，而且階梯設計也不安全，小朋友經常在那跌倒受傷。4.還遇到不太懂規矩的露營友，整天唱卡拉ok！5.營區位置還不錯，離附近景點都很近。,3,1,0,6230,,2019/01/07,0,中立
老闆很貼心，場地維護得很好，草皮看起來也很漂亮。老闆會主動提供蚊香，並關心客人。這裡主要是以小包區為主，所以沒有太多風景可賞。衛浴設備很普通。半夜可能會有狗來翻垃圾，整晚都聽得到狗叫聲。,3,1,0,6245,,2018/11/26,0,中立
小區私密而獨特，是個讓人放鬆的好地方。,3,1,0,6266,,2017/08/21,0,中立
我們這區的淋浴間有點問題，水壓時大時小，水溫也不穩定，希望可以改善一下。,3,1,0,6267,,2017/07/23,0,中立
這家店的服務很親切且周到，老闆娘們都非常親切，服務也很好。,3,1,0,6284,,2017/03/12,0,中立
在這裡的制高點你可以看到雲霧繚繞，可惜森林區地勢較陡，帳篷只能橫著架。夜景區風景美麗，但空間擁擠，帳篷相鄰很近。浴室燈光昏暗，熱水壓力穩定。如果不是太擁擠的話可以考慮夜景區，否則也許不會再來。老闆娘態度很好，這是個加分。,3,1,0,6335,,2022/05/09,0,中立
森林區的風景很美，可以遠眺關西的夜景。不過因為東北季風增強，所以在森林區的風比較大。建議沒有浴室的情況下，可以使用一個。,3,1,0,6340,,2022/05/09,0,中立
Google 地圖顯示可以經由竹62通往目的地，但不幸的是大門被封鎖，也不確定是否通行。,3,1,0,6354,,2021/05/09,0,中立
高地盤的路較難行駛，但是適合搭乘越野車，風景與夜景非常漂亮。,3,1,0,6373,,2020/05/09,0,中立
景觀視野不錯，地面鋪設的是石子，沒有放上草皮保護墊。老闆服務態度親切，但員工較愛抱怨。,3,1,0,6634,,2021/05/09,0,中立
營區最大優勢就在於旁邊有溪流和幽靜的環境！每一區都有超出預期的服務！營位稍嫌狹小，帳篷相連直到天邊！讓人感到擁擠且不舒適！建議每區再減少一個帳篷會更恰到好處…,3,1,0,6665,,2020/05/09,0,中立
老闆熱情、浴室乾淨、場地緊湊,3,1,0,6667,,2020/05/09,0,中立
四月之後是一個很適合的時候，可以召喚朋友和家人一起來看螢火蟲並露營。,3,1,0,6678,,2019/05/09,0,中立
冬天用電暖爐容易跳電，即使使用低功率，也會遇到強烈寒流的問題。B1 區只能使用一個插座，插兩台 380 瓦的電器就會跳電。老板建議使用煤油暖爐，所以如果沒有煤油暖爐的話，冬天不建議來。,3,1,0,6696,,2022/12/22,0,中立
A2區的景觀空間小，浴廁附近無法安裝碟型天幕。早上醒來時，竟然發現有其他狗的大便出現在我們帳篷前面，差點中獎^_^,3,1,0,6702,,2022/09/12,0,中立
晚上狗叫聲很吵，能否請你調整一下呢？,3,1,0,6715,,2021/10/17,0,中立
我們這次的營位是在A2區，帳篷之間的空間非常擁擠，完全沒有空間感。雖然之前知道營主增加了營位，但沒想到會變得這麼擁擠。一個帳篷的大小約為5*8天幕，人多的時候廁所又髒又臭，營主也不太勤於清潔及處理垃圾。除了景色還可以之外，其他真的讓人感到有點失望。,3,1,0,6754,,2024/04/09,0,中立
這次在騰雲露營的經驗不錯，景色美麗，給了五顆星。不過在最後一天收帳的時候遇到了一些令人不滿意的情況。首先，洗澡沒有熱水，讓人非常冷。穿好衣服後出來找其他地方有熱水洗澡。其次，撤收時間是12:00前，但在11點左右就讓其他客人進來，還在我們旁邊遊走觀看，營地主人與工作人員都沒在出入口管制。這種隨意放任客人的行為真讓人傻眼。還有其他露營者們也沒有遵守露營規則，如果繼續這樣下去，衝突是早晚的事。離開時下山的路上一直被狂會車，營地主人沒有好好規劃與約束（進場時間的問題）。這是我第二次來騰雲，感覺沒有第一次來時那麼好。雖然第一次來時帳篷間有些擁擠，這次選擇了包區，但還是碰到其他讓人不愉快的因素。,3,1,0,6767,,2024/03/09,0,中立
這個地方景色宜人，設備齊全！感覺管理者很用心維護環境！我們預定了平日三天兩夜！第一晚與露友相處很愉快，很容易入眠！但第二天營地負責人告訴我們，晚上有三組露營者在凌晨一點時搭營，就在我們附近！真的是凌晨一點！詢問營地負責人，凌晨一點還接受新露客搭建帳篷，不擔心會打擾其他露營者嗎？當天我們選擇不留下來，下午就離營！對半夜有人搭營、敲打營釘並不介意！這裡或許是個碰運氣的好地方！,3,1,0,6772,,2024/01/09,0,中立
我第一次來這個營地，路標指示算是清楚，但是營地的浴室設備有點不足，只有衣服掛架，沒有沐浴乳的地方放，洗澡時很不方便！另外，電壓似乎不夠，我在2023/11/18晚上跳了兩次電，真的很煩！,3,1,0,6778,,2023/12/09,0,中立
營區的風景很美，但管理不太嚴格，晚上十點過後仍有露營客在大聲喧鬧到深夜才散去，影響了其他露營者的休息，這樣的情況讓人有些困擾。,3,1,0,6784,,2023/11/09,0,中立
昨晚臨時訂好的露營地，因為抵達晚了，所以被安排的位置視野較差。營區根據不同地形分佈，主營區還有一個相當寬敞並有頂蓋的活動平台。總的來說，林木繁茂度還不足，淋浴廁所雖然區分開來但數量與空間還有待改善。感覺營地正處在擴建階段，一些地方看起來像是工地正在整地。高處視野不錯，其他地方則普通。整體而言，營位密度似乎有點過高，有些擁擠的感覺。前來的路線經過九份二山紀念園區，反而是一個不錯的休閒點。這個露營地勉強可以當作過夜地點。總的來說，有很多地方有待改進。,3,1,0,6788,,2023/10/09,0,中立
"優點：
1. 營區內的道路都是柏油路，很好開。
2. 特殊區域的視野很好，尤其是特2面向大景觀。
3. 天氣好的時候可以看到滿天星星。

缺點：
1. 營位太小，只有落羽松區位置較大，其他則是帳篷相連。
2. 廁所和浴室太少且男女共用，尖峰時段需排隊，並且沒有定時清潔。
3. 飲水機和冰箱也沒有整理。
4. 晚上沒有管制休息時間，一些露營者聊天直到凌晨2-3點。
5. 隨時都能吸到二手煙。

實際上，營區主人的服務態度感覺是不錯的，但對於那些不守規矩的露營者也似乎束手無策。",3,1,0,6795,,2023/09/09,0,中立
"優點：1. 夏天來臨時，風景優美且溫度宜人，只要避開中午的烈日，找個通風的地方就很舒適。2. 如果浴室沒熱水的話，反映後能立即處理，令人讚賞。3. 草地維護得很好，排水良好，釘子也好打。

缺點：1. 飲水機和馬桶水箱的蓋子，以及其他地方的平台明顯缺乏定期清潔。2. 露營區有很多大黑螞蟻，尤其要注意停在樹附近的車子，很快就會爬滿整輛車。3. 與其他大部分露營區相同，對於露營區內抽菸和深夜鬧事的人，沒有加以勸導或明文禁止，請重視露營品質的人請多加留意。",3,1,0,6796,,2023/09/09,0,中立
整體環境還算不錯，但晚上的秩序控制得不夠嚴格。過了晚上10點後，有人在KTV放音樂、大聲講話，尊重他人的行為不夠。雖然這是個人行為，但缺乏管理的確讓人感到不舒服。,3,1,0,6810,,2023/05/09,0,中立
這個地方的距離相當接近，冰箱整理不太好，有一些異味。在D區3個包房的浴廁也有異味，房間空間較小且廁所與浴室沒有分開，清潔度需要加強。營主很親切，幫助住客進行搭帳。此外，往上走有一個觀景平台，風景優美。,3,1,0,6811,,2023/05/09,0,中立
"優點：1. 晚上的景色很美2. 山景和夜晚的星空不錯3. 衛浴熱水穩定，清潔狀況也可以4. 如果人數沒滿，可以跟營地主協商營位安排5. 草地的狀況還可以

缺點：1. 最後一段通往營區的小路較為狹窄，不易通車2. 假日營區的冰箱可能擠滿，建議自備冰箱3. 晚上10點後沒有管理，直到凌晨2點才比較安靜4. 凌晨有野狗會來翻垃圾桶，早上地面上到處都是垃圾5. 營位之間距離較近，不適合搭建大型天幕或帳篷",3,1,0,6841,,2023/05/09,0,中立
第一次露營感受到像是在市集一樣，帳篷之間間隔很小，而且車子很擠，我建議營地營主只收取營位數量的60～70%，這樣才會提升品質。,3,1,0,6851,,2023/05/09,0,中立
這段句子的意思是在露營區遇到一些打擾，希望管理單位能限制夜間活動和噪音，保持露營區的寧靜。,3,1,0,6852,,2023/05/09,0,中立
浴廁水電充足、視野開闊，但需要加強打掃。,3,1,0,6871,,2022/05/09,0,中立
營區很寬敞，有專人負責整理，空氣清新，景色宜人，只是道路較狹窄，駕駛要注意安全，開車上山需慢點。,3,1,0,6899,,2022/05/09,0,中立
這個地方寬敞開闊，風景宜人，只是上山的路太狹窄，行車不便。,3,1,0,6921,,2021/05/09,0,中立
風景很漂亮，草地也很棒，可是帳帳相連，感覺有點擁擠。不過可惜的是衛浴設施太少，導致等待時間有點久。,3,1,0,6955,,2021/05/09,0,中立
熱水器有2-3台壞掉，所以我在營位的2間只剩下一個可以洗澡。我試著換去其他洗澡間，但熱水溫度無法控制，時而變成100度的熱水，讓我燙傷了2次。幸運的是我只用手測試水溫。直到換到第三間才解決洗澡的問題。此外，有人帶狗去露營，導致假日帳篷營位擁擠，小朋友缺乏活動空間。儘管這裡風景優美，夜晚有壯麗的百萬夜景，生態豐富，螢火蟲很多，草皮也打理得很好，但營區的衛浴設施和活動空間可能需要更多用心規劃。,3,1,0,6965,,2020/05/09,0,中立
這個地方的夜景確實很美，只是有點可惜的是衛浴設施較少，在滿房的時候等待時間比較長，而且熱水不太穩定，時冷時熱，還燙到我老公的手。希望負責人可以重視這個問題。,3,1,0,6967,,2020/05/09,0,中立
洗澡時，熱水溫度不穩定，需要調整熱水器的水壓，以確保熱水器運作穩定。,3,1,0,6974,,2020/05/09,0,中立
設施較簡單，衛浴僅有兩間，廁所也只有兩間，因此建議提前到場洗澡，否則可能需要等待許久。,3,1,0,6980,,2020/05/09,0,中立
景色很美，但空氣污染嚴重。營區提供的設施很豪華，同時也保留了公共空間讓大家使用。小朋友玩得很開心，但廁所設施太少了。好在沒有小黑蚊，但傍晚卻有一些大蚊子出現。,3,1,0,6989,,2020/05/09,0,中立
衛浴設備有限，每個區域只設置了一支吹風機，營位由營地主人分配，當天空氣中有濃霧，沒有看到美景，但有提供飲水機。,3,1,0,6990,,2020/05/09,0,中立
營區的路線普通，但風景很漂亮！只是營區的價格稍微有點高！,3,1,0,7011,,2019/05/09,0,中立
這里的風景很美，空氣清新，只是廁所太少了。,3,1,0,7013,,2019/05/09,0,中立
景點在台中、埔里、草屯和彰化一帶，缺乏遊樂場所，這是其中一個不足之處。,3,1,0,7026,,2019/05/09,0,中立
所在露營地的下方碎石草地位置不平，有水溝蓋凹洞，搭帳並不容易。旁邊的鐵皮雨棚看起來有些廢棄。建議若選擇這個露營地，可以考慮選擇上方的森林營位，比較整潔舒適。,3,1,0,58,,2023/05/06,0,中立
這裡的行動電話訊號不太好，但其他方面都還可以。,3,1,0,72,,2023/05/06,0,中立
覺得規劃不佳，容易跳電，衛浴清潔程度有待加強，但場地很寬敞。,3,1,0,117,,2022/05/06,0,中立
這個地方老板非常友善，周到貼心，交通方便，位置靠近市區。如果是要舉辦家庭聚會露營的話，這裡非常適合，我會推薦這個地方。但是假日人潮眾多，可能會造成廁所不夠用的情況。如果是想要欣賞美景，這裡可能不太符合你的期待，因為海拔較低，天氣可能會比較炎熱。,3,1,0,134,,2022/05/06,0,中立
熱水溫度不穩定，這種情況在夏天也難以忍受，更何況是在冬天可能會讓人受凍。建議老闆應該重視這個問題，同時也應該定期清潔廁所、處理垃圾，因為尿騷味很重。除此之外，跳電情況也相當嚴重，老闆應該盡快改善這三個問題。花了這麼多錢，卻得不到應有的舒適感受，實在令人困擾。,3,1,0,138,,2022/05/06,0,中立
營區的空間很寬敞，但衛浴設施太少，洗澡時水流時忽大時忽小，而且溫度忽冷忽熱！,3,1,0,146,,2021/05/06,0,中立
場地條件還算可以，但沒有提供飲水設施。,3,1,0,150,,2021/05/06,0,中立
路況良好，衛生環境還有改善的空間。廁所很少清潔，垃圾回收桶已滿且未清空。,3,1,0,169,,2021/05/06,0,中立
四個月前，朋友們安排了一個露營計劃，昨天早上，十九家庭分別從北區的基隆和南區的台南出發，大約11:30時，所有人聚集在一起，總共有93位參加者包含小孩。午餐後，我們開始享受暢談、暢食、暢飲、暢歡、暢喊，一直持續到現在。根據目前情況，接下來的兩天連休一定會非常愉快！我的心情非常興奮！,3,1,0,175,,2021/05/06,0,中立
浴室跟廁所有點遠，沒有飲水機，但環境還算不錯。,3,1,0,201,,2020/05/06,0,中立
這個地方空間很大，草地和樹木都整理得很整齊，開車前往營區的路徑很順暢。,3,1,0,218,,2019/05/06,0,中立
寧靜區的部分地方落葉很多，雨後容易潮濕，而淋浴水壓也不穩定。,3,1,0,243,,2022/03/01,0,中立
營地主人很親切，但管理上似乎有點小問題。晚上七點過後但還未到八點時，有人抱怨我太吵，營地主人過來提醒我要保持安靜。這時還不到晚上十點，但我已經被氣到不想再留在那裡了。,3,1,0,303,,2023/05/06,0,中立
營區的環境整潔，光源不過多，且時分安靜，除了昆蟲與動物在鳴叫，這是一個很適合露營的地方。,3,1,0,335,,2023/05/06,0,中立
如果您擔心車聲的話，建議在訂位時選擇靠近釣魚池的地方，這樣會離馬路比較遠。營區的主要部分連接著雨棚區，所以如果您在別人家門口睡覺介意的話，最好不要訂雨棚區。在營本部有兩台冰箱，如果您在雨棚區露營的話，夜裡會一直聽到冰箱壓縮機運轉的聲音，非常吵。營區的路況很好，導航設備可以順利導航到指定的地點。五星級的衛浴設備非常寬敞，一家四口一起進去洗澡也不會擁擠，並提供洗髮精和沐浴乳。釣魚池的開放時間需根據老闆的安排，無法隨時釣魚。,3,1,0,378,,2020/05/06,0,中立
"優點：露營場地空間寬廣，營位規模大，管理者精心維護，提供許多親子設施，風景優美。

缺點：受到許多野貓干擾，星期五晚上牛肉被野貓咬走，星期六早上雞肉也遭到野貓侵襲，最後不敢食用只能丟掉，另外早上7:00左右會有猴群出現在帳篷周圍覓食，需留意食品安全。",3,1,0,470,,2024/01/06,0,中立
優點：園區環境清潔整潔，園主非常用心維護。缺點：地面堅硬，難以安營釘。各個營位都有被砍伐樹木的痕跡，高度不一，部分樹木高度不到30公分，缺乏警示燈，晚上行走一定要小心，易撞到。園區常見蜜蜂和虎頭蜂，務必注意安全。,3,1,0,473,,2023/11/06,0,中立
這個營地整理得非常完善，設備一應俱全，而且地面的石頭特別堅固。設有多個遮陰大帳篷，是一個非常熱鬧的地方。,3,1,0,497,,2023/05/06,0,中立
這個營區非常寬敞，大約有120個營位，走到盡頭約300公尺，我的感受是路況良好，給予4.5顆星。在上山的最後一段路程上，山路較不易駕駛，建議留意營地主人設立的指示牌，需在前方再行150公尺後左轉，這才是正確上山的路線。至於水電設施和冰箱，評分為4顆星，兩個營位共用一個洗碗台，晚上在洗澡時段較容易出現電壓不穩定的情況。另外，4到5區共用一個商用冰箱和一個冷凍櫃，建議您可先把垃圾丟掉再使用。關於垃圾桶方面，只有在廁所外設置了回收、廚餘和垃圾桶，如果帳篷不在廁所附近的區域，可能需要走一段距離才能處理垃圾，相當不方便。至於浴廁，我給予3.5顆星，優點是水壓穩定，24小時供應熱水，但缺點是4到5區共用4到5間廁所和浴室，尖峰時段需排隊等候，且地板易漫出水外。總體而言，營地給予4顆星評價，不過不易釘釘子，需注意插釘的坚固度，避免歪斜，而且相當有可能是釘在水泥地上。營地地處群山環繞，擁有梯田式的美景，晚上洗澡時段有時會出現尿味，但過了那段時段，氣味就會消失了（當然，也要看風向）。營地的活動區設施基本上需要排隊，因為營區人多，所以建議自備一些小玩意給小朋友遊玩。,3,1,0,510,,2023/05/06,0,中立
1. 在洗澡時要注意水溫，時冷時熱的情況，特別要小心。2. 碎石區的石子銳利，容易造成多處傷口，要小心踩到。另外，在下營釘的時候也要小心，地面相當堅硬。3. 廁所的清潔狀況很重要，是一個值得注意的優點。,3,1,0,522,,2022/05/06,0,中立
營區空間寬敞，整體風景還算不錯，並且提供冰箱設施。然而營地地面有很多石子，安裝帳篷時困難且容易不牢固，需要使用長度超過30公分且較粗的營釘才能固定。尤其晚上常常風勢強勁，許多帳篷在午夜時分被吹倒，引發一片驚呼聲。因此在這個營區露營需要選擇良好的天氣，且不適合新手露營者，提供參考。另外也有看到車宿的存在。,3,1,0,526,,2022/05/06,0,中立
營區的環境還不錯，雖然沒有特別漂亮的景色，但整體整理得還算不錯。不過唯一讓人比較困擾的是洗澡的時候水溫時高時低，無法好好洗澡，其他方面表現還可以。,3,1,0,527,,2022/05/06,0,中立
營地風很強，釘子難插入碎石地面！廁所不夠多～如果能分區設立衛浴會更好～但小孩們對遊戲設施玩得很開心！,3,1,0,545,,2022/05/06,0,中立
營區環境優美，但有些許吵雜，因為有許多露營者和孩子，他們在晚上11點過後仍然不注意音量，且營區管理者也沒有在管理這個問題。,3,1,0,547,,2022/05/06,0,中立
這個地方的環境整體來說還不錯，只是碎石比草皮多。走起來有點像健康步道，浴廁所的數量很多，不過有點遠。每小時都有人來清理垃圾和整理浴廁所，整體算是維持得很乾淨。,3,1,0,550,,2022/05/06,0,中立
這段路幾乎都是兩線道並可會車，行車順暢。營地地面覆滿碎石，建議攜帶不銹鋼營釘或多帶幾支。風景優美，適合放鬆心情！遊戲區位於最下方，需走一小段下坡路段。當天露營時至少有5次以上斷電情況，建議攜帶非插電照明工具。廁所熱水不穩定，有時會出現冷熱變化，請注意。營地無飲水機，請攜帶足夠的水。,3,1,0,560,,2021/05/06,0,中立
營區空間很大，非常適合孩子盡情玩耍，營主很細心，戲水區還提供遮陽傘讓家長陪伴時不會曬傷。不過還有幾個地方可以改善：1. 垃圾桶離遊客區太遠。2. 廁所內外照明不足，晚上很危險。3. 熱水器冷熱不穩定。4. 營區的營釘固定不牢靠，地面有太多碎石容易傷到腳。,3,1,0,573,,2021/05/06,0,中立
地面很硬，又有水淹。,3,1,0,575,,2021/05/06,0,中立
"1. 雖然石頭地不容易插釘子，但至少不會泥濘。
2. 租借帳篷完全沒有輔助或教學，但幸好有朋友一起協助研究。
3. 到了卻沒有找到營主，也不知其所在處，缺乏其他營地的熱情款待。
4. 需要自行處理收帳（費用還比外頭租還貴）。
5. 充氣墊也沒有電源充電，幸好有朋友，不然要踩到何時才會充好。
6. 洗澡水溫驚人的極端，太燙又太冷，無法正常洗澡，最後索性不洗。
7. 兒童遊樂設施稀少且遠離，在周遭看不到小孩嬉戲，若非友人經常露營，會認為這一切匪夷所思。安靜的環境離老街相當近，但期望能改善這些問題，否則可能只會去一次。",3,1,0,583,,2020/05/06,0,中立
路上塞車很嚴重。導航帶路經過內灣老街，假日車潮擁擠。營地地勢崎嶇，地面多石。普通營釘難以固定。衛浴設施還算可以。,3,1,0,592,,2020/05/06,0,中立
這次露營真是不順利，碎石地很難釘，加上強烈的東北季風把帳篷吹斷，讓露友們緊急拔營撤走，真是遭遇了一場苦難的經驗。,3,1,0,613,,2019/05/06,0,中立
場地環境幽靜，但還需要更多宣傳和投資。,3,1,0,625,,2019/05/06,0,中立
露營地的環境很棒；但碎石地難釘營釘。,3,1,0,634,,2019/05/06,0,中立
希望能有更多獨立的廁所。,3,1,0,636,,2019/05/06,0,中立
周邊都是果園並沒有遊樂設施。,3,1,0,638,,2019/05/06,0,中立
就是土壤中有太多的石頭，所以很難將營釘打進去。,3,1,0,658,,2018/05/06,0,中立
碎石地很硬，所以難以打進去營釘。廁所太少了，垃圾桶也不夠用。,3,1,0,687,,2020/11/28,0,中立
這個營區的排水設施非常不理想。雖然非常適合小孩露營，但下雨時水很快積聚，淹水比釘子還高。當大雨下半小時後，營主才來「關心」一番。在這3年間，我們雖然只露營了30次，但遇到過不少暴雨，卻從未遇過這麼嚴重排水不良的淹水營地。碎石、不平的草地，以及明顯的高低起伏，再加上排水慢。雖然有許多蚊蟲和螞蟻，但我想如果是晴天的話，這個營區應該是個很適合孩子的樂園，可以讓賓客盡情享受。,3,1,0,700,,2020/05/18,0,中立
整體來看感覺還可以。營位很寬敞，5*8的帳篷搭設空間還蠻足夠的，但是打釘真的很困難，當風大的時候恐怕會有拔釘的風險。,3,1,0,722,,2019/03/14,0,中立
晚上在浴室使用時會感覺透風，感到有點冷。,3,1,0,820,,2017/05/02,0,中立
這個地方整體環境不錯，視野很開闊，而且附近就有全聯可以方便購物。只是山路有些陡，開車需小心，另外也有一些擔心老闆的誠信問題，讓我對整體的感受稍微打了折扣。,3,1,0,859,,2023/05/07,0,中立
D區女生區只有一間蹲式廁所與一間淋浴室，覺得不夠用。媽媽們帶孩子洗澡時常需要排隊等待，建議增設座式廁所或是在淋浴間安裝安全扶手，對於老年人或不習慣蹲式廁所的人來說更為便利。DE區共用一個冷凍庫，希望也能增加冷藏功能，同時建議增設大雨棚，方便大家在雨天遮風避雨。,3,1,0,925,,2019/05/07,0,中立
這個地方環境很優美，視野開闊，空氣清新。,3,1,0,926,,2019/05/07,0,中立
位置很方便，開車到三星鄉的味珍香和全家大約需要10-15分鐘的車程。附近也有許多景點，例如松蘿和九寮溪步道。然而，秋冬季節容易刮大風，可能讓半夜睡覺感到不太穩定。,3,1,0,940,,2018/05/07,0,中立
天氣稍涼的時候去露營應該很舒適，而且離市區很近，晚上的夜景也很美。,3,1,0,944,,2018/05/07,0,中立
營地的碎石地比較硬，要小心釘下釘子。,3,1,0,982,,2021/12/14,0,中立
在C區草地排水的問題是，在中心附近有很多護草墊，這讓小朋友們根本無法奔跑，他們幾乎每次都會被絆倒並受傷。整個遊戲空間裡只剩下靠近沙坑一小部分是可以使用的。不過好處是有熱水水槽和獨立的衛浴區，雖然衛浴清潔狀況一般般。,3,1,0,1042,,2024/02/07,0,中立
記得要經過內灣那邊上去... 路上可能會有一些車，不過路程不會很遠。,3,1,0,1062,,2023/05/07,0,中立
這句話的意思是：「符合規範，爬坡小路上有雜草和樹枝，需要修剪，給予3.5顆星的評分。」,3,1,0,1080,,2023/05/07,0,中立
看了大家的評論後，很期待前往，也向老闆確認了是否所有區域都有開放飄飄河，結果只有A區有開放飄飄河，其他區域根本沒有開放，感到相當失望。除此之外，沒有什麼特別之處，不過廁所設有防蟲紗網這一點蠻貼心的。,3,1,0,1273,,2023/10/07,0,中立
下午突降大雨，導致場地泥濘不堪，明顯砂石鋪設不足。其他區域石頭鋪得較多則未受太大影響，相對乾爽。設施方面算是不錯，適合有小孩的家庭，可以享受戲水的樂趣。水源感覺像是來自山上直接流出，這個季節水管還會有小蝌蚪跑出來。夜晚則有許多昆蟲和各式各樣的蛾類出沒。,3,1,0,1287,,2023/06/07,0,中立
新營主非常熱情地經營，提供乾淨衛浴和廁所，並有很好的防疫措施。他們在每個區域都提供沐浴乳和洗髮乳。然而，只有A區有一座冰箱、一台飲水機和一台脫水機。這對於全區的A～F區來說太少了，建議增加更多冰箱。在營區有許多流浪貓狗，晚上睡覺時要注意好食物，因為貓咪可能會跳上桌子尋找食物。23:00時熱水器沒電，幸好老闆值班幫忙更換電池，但水壓不穩是個問題，時而太熱、時而太冷。建議改善。那天露營遇到大雨，C區積水不退，變成爛泥巴，令人很困擾。營主正在努力解決這個問題，但這次露營讓人相當疲于奔命。他們答應會改善這些問題。,3,1,0,1347,,2023/05/07,0,中立
營主很友善，但營區劃分不夠完善，所以先到先得。,3,1,0,1377,,2022/05/07,0,中立
整體而言尚可，營區評價可能不算高，沒有滿座，我們兩人共用 C 區，如果四人可能會有點擠。冬天前往沒有蚊蟲，只看到一隻小蟑螂，衛浴設備不錯，但需要自行保持乾淨，否則如果沒有看到營區主人清潔時，旁邊就是大馬路，有時會傳來重型機車的噪音。可能也因為在馬路邊，有一隻大野狗闖入我的帳篷。,3,1,0,1382,,2022/05/07,0,中立
"營地以前管理得很用心, 但現在已經荒廢了。或許因為補班補課的關係，我們包下了整座山，但營區卻沒有大門，感覺相當缺乏安全感。會有路過的遊客直接將車開進來參觀大觀園或使用廁所，而營地主人只在收錢時出現。另外，浴室裡幾間的水溫會忽冷忽熱。",3,1,0,1388,,2021/05/07,0,中立
洗澡時瓦斯不足，晚上洗澡很冷，但草莓價格便宜。,3,1,0,1389,,2021/05/07,0,中立
A區旁邊有一條小溪，營位旁邊有一個生態池，裡面長滿了蝌蚪、青苔和水草，裡面的水有點滑，小孩們玩水時需要注意。缺點包括：1. 廁所很髒，每天只固定打掃一次，需要露營者提醒才會清潔。2. 營區排水慢，沒有提供保護草皮墊，但提供帆布。3. 營位不太寬敞，相鄰的帳篷連在一起。4. 水槽旁邊沒有垃圾桶，且垃圾桶沒有蓋子，半夜可能會有流浪狗翻垃圾。優點包括：1. 浴室水量充足溫度穩定，提供洗髮乳和沐浴乳。2. 提供冰箱、飲水機、除濕機，泡湯還有優惠。,3,1,0,1401,,2020/05/07,0,中立
建議在前往漂漂河頂層之前先詢問一下是否對外開放。目前這個地方的清潔狀況有些糟糕，而且似乎沒有人在進行維護。另外，這裡的票價有點太貴了，加上下雨時排水不良的問題，還需要向隔壁借護草墊。,3,1,0,1410,,2020/05/07,0,中立
這個地方空間真的很狹小，幾乎沒有活動的空間，不過整體環境倒是維持的還不錯。,3,1,0,1412,,2020/05/07,0,中立
希望營地的蹲式廁所能夠更乾淨一些，一打開門就看到一些不太好的痕跡，讓人看了不太舒服。,3,1,0,1413,,2020/05/07,0,中立
D區位子很狹小，我們四個營位的人只好勉強把車子停進去，否則就只能停在路邊。營區就在路邊，必須要特別留意小孩有沒有跑到馬路上。要來的話，真的比較適合包下整個區域。,3,1,0,1453,,2022/10/12,0,中立
C區的排水系統和水壓出現了一些問題。新的營主非常熱心，保持衛浴和廁所乾淨並協助消毒工作。在睡覺時，要將食物收好，因為貓咪會跳上桌子找食物。我建議營主改善C區的排水系統和衛浴水壓。,3,1,0,1457,,2022/06/27,0,中立
C區的浴室和廁所很髒，還有很多蟑螂。可能是因為營地的負責人沒有住在那裡，這次前往的時候被隔壁區的人吵得無法入睡！一群年輕人從晚上10點開始唱卡拉OK，唱到半夜12點！隔天向營地負責人抱怨，但營主卻無法解決問題，讓人覺得以後可能不會再去那個營地了⋯⋯,3,1,0,1475,,2020/08/21,0,中立
總的來說還是可以考慮推薦。雖然在路邊可能有些吵。,3,1,0,1478,,2020/03/04,0,中立
營區位於山谷中，夏天有些悶熱，廁所很骯髒又沒有人打掃，我不會再去第二次了。,3,1,0,1479,,2019/12/23,0,中立
B區的露營營位在夜晚十分適合，尤其在週六晚上。優點包括環境乾淨、離北埔市區近，提供便利的補給，並可以不必自行開伙。這個地方適合短期休閒露營，但有一些需要注意的事項。首先，營區的照片沒有更新，原本A區的遊具都消失了，請記得自行攜帶遊具。其次，洗澡時可能會遇到沒有熱水的情況，特別是在晚上約2030左右。此外，洗澡用品的按壓裝置可能有故障，無法使用。最後，雖然營區設有2200後要保持安靜的規定，但第一晚隔壁區到深夜都在吵鬧，第二晚有小孩奔跑的聲音一直到2230，營主並未勸導。,3,1,0,1524,,2023/12/07,0,中立
下雨的時候最好不要來，碎石區變成了泥濘地帶，變成了水澤之國；衛浴雖然沒有乾濕分離，但希望能夠至少加一個蓋子垃圾桶，減少氣味與美觀的影響，從衛浴到營地的排水也需要加強。在碎石區的大斜坡，下雨天大人小孩都摔了幾次，相當危險，請務必處理。,3,1,0,1526,,2023/11/07,0,中立
營地老闆非常友善，只是沒有親子浴室。,3,1,0,1574,,2020/05/07,0,中立
這個營區雖然小巧，但停車位空間有點不足。遊戲區設施豐富，小朋友玩得興高采烈，但可惜蚊子實在太多，全家都被叮得慘不忍睹，每隻腳至少被咬了兩百個包。最後只好匆忙帶著小朋友離開營區。總體來說，這個營區也算是個交通方便的好地方。,3,1,0,1578,,2020/05/07,0,中立
在北埔市集附近，營區很小但是方便，附近的道路狀況良好易於行走，只是要注意到有許多小黑蚊。,3,1,0,1581,,2019/05/07,0,中立
車道和場地的配置不錯，適合中小型團體使用，設備也維持相對清潔。,3,1,0,1592,,2019/05/07,0,中立
在路口的地方標示清楚路標會更方便。,3,1,0,1711,,2018/03/20,0,中立
營區人潮眾多，隔壁區嘈雜不堪；營區內道路狹窄，造成車輛底盤擦傷。,3,1,0,1753,,2023/11/07,0,中立
規劃太繁複了，就像是一間有很多隔間的分租套房一樣。如果帳搭滿了，就很難有活動空間。浴廁相當乾淨，但數量相對來說也有點少。,3,1,0,1767,,2023/05/07,0,中立
營地的設施還算可以，但五個帳篷需要共用兩個電箱和洗菜枱，有點不夠用。另外，廁所和浴室還可以，但屋頂是透光罩，夏天裡面很像烤箱一樣太熱了。廁所前面的洗手枱只有一個小小的，又不好用又不夠用。,3,1,0,1780,,2023/05/07,0,中立
總體而言，這個營地地方不大，平日較不會擁擠；不過，最上層的營位可能會有點吵，而夕陽風景常被樹木遮擋。環境整理算蠻乾淨的。不過，不好的地方是，原先說好可以泊車免費，但第二天卻告知露營車不能使用電力，需額外加費。看來營地對車宿車泊不太友善，如果喜歡車宿遊的朋友，入住前需三思。,3,1,0,1787,,2022/05/07,0,中立
我請朋友載我來跟家人露營，雖然朋友是訪客，但不到一小時，一人還是要收100元，我沒有被收100，因為我是要一起露營的人，那如果是一起露營的就不用嗎？如果一起露營的話，就不需要收費嗎？那早知道就說要一起露營的就好，不是說不能收費，而是100真的有點偏多，建議可以用時間收費，入場一小時內免收，入場超過一小時收50、超過兩小時以上100，一人收100為限…..而不是司機載我們來了進去喝一杯茶也要收100…,3,1,0,1796,,2022/05/07,0,中立
環境相當好，往上走約30分鐘就可以看到360°的全景景色。參觀每個營地需要支付每人100元的費用，位於最高處靠近路邊的營地地面是磚砌的，因此要小心踩踏以避免受傷。,3,1,0,1800,,2022/05/07,0,中立
這裡的風景很優美，但浴室的熱水時冷時熱。,3,1,0,1830,,2020/05/07,0,中立
因為霧氣濕氣太重，所以視野受到影響，晾衣服需要花很多時間。,3,1,0,1831,,2020/05/07,0,中立
夜晚第一次開車前往露營地，遇到了濃霧，頭燈照射下的景物看起來像水滴。露營地很大，有許多斜坡，冰箱離得很遠。營地主人會用貨車載著遊客參觀附近，但坐在貨車斗裡有些不太安全。建議提供地圖給遊客，讓他們自行開車前往。,3,1,0,1834,,2020/05/07,0,中立
草地很舒服。營地主人也很友善。只是晚上蟲蟲太多了，令人有點害怕。另外衛浴設施也稍嫌不足。,3,1,0,1858,,2019/05/07,0,中立
老板很樂意提供夏天解暑的茶飲，也很用心栽培樹木並經營露營區。,3,1,0,1859,,2019/05/07,0,中立
景色不錯，可惜沒有提供沐浴用品和吹風機，方便性稍嫌不足。,3,1,0,1861,,2019/05/07,0,中立
五月天的白天很熱，但過了中午後變涼爽了。露水很多，植物都長得不錯。不過蒼蠅和蚊子比較多。浴室的數量有點不足，洗澡時可能得等一下。建議在中午以前搭營，在第二天早點離開，這樣比較不會太熱。,3,1,0,1864,,2019/05/07,0,中立
露營地方的管理人員沒有管理好，半夜還有人在打麻將、大聲聊天，洗澡時也沒有熱水。孩子洗澡時也沒有熱水，只好忍著寒冷完成洗澡，我們趕緊向管理人員反映，管理人員來換瓦斯，但還是沒有熱水。管理人員對此毫不關心，即使告知孩子洗冷水澡，他們都不搭理。另一個房間洗到一半也沒熱水，等了10多分鐘換瓦斯，孩子星期日晚上就發燒了！請問管理人員不應該定期檢查瓦斯供應嗎？晚上溫度低，大家都要等別人洗完冷水才通知，這樣不合理吧！而且管理人員也不管露營人的情況，半夜2點還有人在打麻將，另一邊則大聲聊天，讓人感到非常糟糕！,3,1,0,1879,,2024/04/23,0,中立
房間位置很擁擠，G區的住宿環境是水槽共用一組（旁邊的棧板沒有安裝帳篷，否則可以共用三組）。房間內有一間廁所和一間浴室，雖然不是很方便，但還算乾淨。不過插座位置有點遠，需要使用兩條動力線（10M + 15M）。活動空間有限，只有營區本部才提供冰箱。,3,1,0,1907,,2022/04/13,0,中立
營區有些擁擠，有些狗狗愛咬鞋子.....,3,1,0,1942,,2020/08/12,0,中立
這次預定的場地是在七號草地區，這個場地是狹長型的，非常小，根本容納不下七個帳篷。我回應了營地負責人，但得到的回覆仍然無法接受。,3,1,0,1956,,2019/08/03,0,中立
太多蟲了，建議不要露營，因為7號區的場地太小，小孩沒地方跑。,3,1,0,2024,,2018/06/20,0,中立
營位空間狹窄，洗手台不夠方便。廁所數量明顯不足，但其他方面都還不錯，營區管理者很親切。,3,1,0,2035,,2018/05/01,0,中立
營主出錯多擠三帳，又不願確認對方訂位訊息，讓我們不爽。希望下次營主能堅強解決問題，避免再說是誰的問題。,3,1,0,2060,,2018/01/08,0,中立
這個營地的營位大小和網站上標示的不一樣，我們事先都沒看到營位就被問要付尾款，感覺很不好。當我們準備搭方形天幕時才發現，營位太小，根本無法搭設（我們在草皮一區，單人帳篷那邊）。方形天幕的尺寸是440*550，而營位在網站上標示是5*5。希望這個資訊能給其他人一些參考，並無其他意思。,3,1,0,2116,,2017/07/14,0,中立
浴室裡有很多蟲蟲，容易讓人感到不舒服。這裡的自來水也沒有提供，上山的路況也很糟糕，轉進來後還要開二十五分鐘才到達目的地。再者，G區只有g1景點有一些風景，但夜景未必能欣賞到宜蘭市的美景。我覺得這裡不太適合再造訪了。如果有一千元可以去其他更多美麗的地方。,3,1,0,2175,,2023/05/07,0,中立
這次在宜蘭露營的經驗並不理想，因為下雨的影響，露營區的能見度很低，到處都是水坑，且設施也不盡如人意，所以以後可能不會再選擇在這裡露營了。,3,1,0,2176,,2023/05/07,0,中立
營釘釘無法釘下去很困擾，上山的路沒有整理過，開起來很困難。,3,1,0,2187,,2022/05/07,0,中立
廁所的數量不足，排隊的情況確實不方便。,3,1,0,2222,,2020/05/07,0,中立
這個地方的風景不錯，G區還未開放，可以看到龜山島和蘭陽平原的夜景。晚上如果關燈的話，可以看到滿天的星空，有機會看到銀河。滑草區讓小孩很開心，中間的草皮很適合玩遊戲，玩沙是有遮陽的地方，玩水也在附近，但水池邊緣比較高而且沒有下去的地方，需要注意涼爽的天氣。管理員很友善和熱心，廁所和浴室打掃得很乾淨。AB區和浴室距離比較遠，如果營區人數多的話，可能會不夠衛浴設施。冷熱水調控不太方便，提供了水桶。雖然沒有小黑蚊，但這次確實遇到很多蒼蠅。,3,1,0,2225,,2020/05/07,0,中立
遇到營區的住客行為素質不佳，學生開趴開到半夜，老人清晨五點就開始聊天上廁所，浴廁清潔狀況也很糟糕... 熱水還不夠穩定.... 來這個營區可能要看運氣了。,3,1,0,2229,,2020/05/07,0,中立
營地的面積不算大，然而海拔相對較高，晚上的天氣好的時候可以欣賞到星空。若白天氣溫過熱，請避免中午時分前往山上扎營，因為缺乏遮蔽物可以擋住陽光。此外，水電供應穩定。,3,1,0,2236,,2019/05/07,0,中立
G區夜景相當美麗，但衛浴設施有待改善，需要更加重視環境衛生！,3,1,0,2244,,2019/05/07,0,中立
這是真的糟糕。生日難得去那個地方過，從台七甲上去轉段路完全沒有路燈，至少還需要開20分鐘。夜間開車的人要特別注意，營區的蟲實在太多了，而且連飲水機都沒有。入住的朋友們請注意，露營樂上面的照片應該是很多年前的了。一個帳篷要1000元，但其實還有更好的選擇。,3,1,0,2278,,2022/12/08,0,中立
G區的營位白天和晚上的風景真的很美，感覺不一樣！草皮長到膝蓋，環境有點久沒整理了，還有虎頭蜂飛來飛去。營位附有衛浴設備、冰箱和冷凍櫃，很方便，但衛浴清潔程度較差。整體而言，G區的風景是營地最吸引人的地方，晚上可以欣賞夜景和龜山島！,3,1,0,2281,,2022/08/01,0,中立
雖然下雨了，但地面沒有泥濘。孩子們依然玩得很開心。,3,1,0,2285,,2022/04/08,0,中立
環境很一般，沒整理過，而且設備還不佳。,3,1,0,2288,,2021/11/22,0,中立
第二次到G區露營，發現帳位很小，營地規劃不佳。車輛停放雜亂，公共區域受限，甚至有車子擋住了帳篷前面。18個帳位只有2間衛浴和4間廁所，洗澡時水溫時冷時熱。雖然提供了兩台冰箱，但都不太冷，導致食材變質，廚房洗手台只在廁所區，不太方便。一晚跳電5、6次，早上5:30也會跳電！夏天沒電扇可用，只能提早起床離開。不過，風景確實很美，晚上睡覺很涼快。總結來說，不建議預訂G區！,3,1,0,2303,,2020/06/29,0,中立
"草地上需要增加保護墊, 營區的階梯需要修整, 衛浴空間的蚊蟲問題需要處理。",3,1,0,2311,,2020/02/22,0,中立
即使下雨，連假還是大爆滿。營地設備似乎無法應付這麼多人，而且原本的冰箱有點髒，希望能增加凍藏式分離冰箱。,3,1,0,2315,,2019/07/17,0,中立
"1. 營位與車道的距離過近（D和F區），對孩子來說有安全隱患。
2. 浴室的熱水忽冷忽熱。
3. 不能確定是冷藏還是冷凍庫？冷度不夠低。
4. 不巧遇到有夫妻（喝醉）在吵架，半夜大聲爭吵吵醒了許多露營者，建議在營區設置管理員或營主夜間值班，以應對任何突發狀況。",3,1,0,2368,,2018/04/09,0,中立
新年那天下雨真的讓人感到不舒服。屋子的設計沒有特別突出，浴室也很普通，完全跟去年感覺不一樣。,3,1,0,2377,,2018/02/12,0,中立
天氣不太好，看不到美麗風景，期待下次再來! 沙坑區的遮雨棚已經破損，導致小朋友無法玩耍，建議盡快修理。營位的洗手檯都沒有清潔，堆積了很多污垢，有點噁心。,3,1,0,2379,,2018/01/05,0,中立
營地的營主非常熱情。這個營地不錯，營主待人非常客氣。,3,1,0,2452,,2016/12/30,0,中立
這裡環境整潔，草地管理得宜。,3,1,0,2528,,2021/05/07,0,中立
不太建議參加週五的露營活動，因為主辦人半夜才到家，冰箱也只能等他回來才能冰食物，很不幸第二天我們的雞肉就爛掉了。值得一提的是，浴室設施很乾淨，主辦人也很勤快地維護公共區域的清潔。,3,1,0,2542,,2021/05/07,0,中立
營地整潔、衛浴設備乾淨，景色還不錯。距離瀑布很近，大約要走40分鐘。,3,1,0,2549,,2020/05/07,0,中立
這個地方環境優美，沒有太多設施，能更親近大自然。瀑布就在附近，溪水清澈涼爽，還有一個平坦的池塘讓小孩們安心玩水。整體露營區很棒，只是螞蟻比較多一點。,3,1,0,2550,,2020/05/07,0,中立
這個地方充滿自然的氣息，有很多毛蟲，晚上可能會看到各種昆蟲，對昆蟲恐懼的人要考慮周全。空氣很清新，但缺乏景觀。營地主人很辛苦地負責清理垃圾和保持浴廁的清潔。,3,1,0,2582,,2022/12/08,0,中立
在 C 區選擇住宿時，要看看露營的朋友是否有公德心。當天晚上十點半，有人大聲聊天，還有人彈吉他；晚上十一點，C 區浴室仍有人在吹風機邊聊天，聲音比吹風機還要大。問過老闆後得知原則上是禁止在晚上十點後喧嘩的，但現況不容許。老闆並未出來管理露營地，也沒有宣導露友需要配合。只能靠運氣了。,3,1,0,2622,,2019/08/20,0,中立
環境不錯，營地管理者很注重品質。可惜出入口的道路狀況不佳，車輛底盤被刮傷，泳池磁磚也需要改善，已經有小朋友被刮傷。營地管理者提供了保險，算是盡到責任了。,3,1,0,2746,,2023/05/07,0,中立
缺乏飲水機及沐浴用品，需自行準備。景色普通，附近有農地，蒼蠅眾多。上山路窄且路況不佳，車底過低不適宜前往，且會遇到交通不便。個人不建議前往該處。,3,1,0,2787,,2021/05/07,0,中立
大家請留意，營區的入口將於上午10點開放，無需提早到達，以免打擾到營區管理人員，實在是抱歉。,3,1,0,2793,,2021/05/07,0,中立
草地區和洗澡堂之間有一段距離。,3,1,0,2797,,2021/05/07,0,中立
這裡很新，歡迎來這裡玩，空氣很清新。,3,1,0,2801,,2021/05/07,0,中立
基本設施還算齊全，但從傍晚到隔天一直飄著一股雞糞肥的臭味，相當令人討厭且難以忍受，而且還會一直纏在身邊。在之前造訪過各種蟲蟲很多的營地，但都沒像這個地方的蜜蜂一樣總是纏著人，令人相當困擾。,3,1,0,2812,,2020/05/07,0,中立
營地的規定明確寫著「禁止卡拉OK」，可是現在卻有兩組卡拉OK在營地裡嘹亮地唱著。我本以為來到山上露營，能夠享受藍天白雲、青山綠水和新鮮空氣，沒有吵雜的噪音。因此給予扣一顆星的評價。不過其他方面，廁所很乾淨，整個營地清潔整齊，真的是一個很棒的地方！,3,1,0,2834,,2019/05/07,0,中立
周遭發展相當快，風景還算不錯！,3,1,0,2842,,2018/05/07,0,中立
營主很熱情，有地下噴水池，孩子們玩得很開心。,3,1,0,2855,,2023/02/16,0,中立
路況：白蘭部落的道路蠻好開的，只是進入營區內可能會遇到較陡的路段，需要多加留意。冰箱：冰箱僅有冷藏區，沒有冷凍區，而且只有在營地的營本部設置，拿取東西需要走一段距離。浴廁區：四區和六區的浴室和廁所是結合在一起，沒有乾濕分離，地板因長時間潮濕而出現些微青苔。由於有許多分區，若在高峰時段大家同時使用，浴室和廁所一定會供應不足。浴室使用瓦斯，同行友人使用時中途就沒熱水，需要換到另一間使用，幸運的是隔壁間剛好沒有在使用。熱水的管控問題頗大，稍不注意很容易感冒，而且浴室內沒有安裝紗網，有時候隔間內會有很多蟲。最後值得一提的是，唯一的小便斗有點漏水問題，使用起來不太舒適。營位：營位相當寬敞，使用空間充足，地面平整適合釘搭帳篷。但營地部分地方稍微傾斜，桌子或床位使用上可能會受到影響。供電：晚上突然跳電，且其他區域也都無法使用電力，營地主人後來修復後才恢復供電，我們因用電量少影響不大，但其他區使用者的情況則不得而知。,3,1,0,2964,,2024/01/07,0,中立
這個營地位於8區，有7個帳篷和2個天幕，空間很寬敞，目前還有約兩個帳篷的位置。然而，8區的草地維護不佳，有一些坑洞，尤其在下雨後更顯泥濘。設施方面，營地有提供垃圾桶和回收設施，電源插座充足，洗碗台也足夠大且乾淨。提醒露營者注意，低矮車輛和轎車進入第8區時需小心，因右轉進入的彎道有兩個大坑洞和石頭，角度要靠左駛，以免擦到車身。另外，草地上的坑洞易積水，缺乏護草墊，下雨時會影響露營體驗。廁所與第7區共用，整潔程度不錯，定期清潔垃圾，熱水供應充足，但第二天可能會沒熱水。營地風景有雲海和螢火蟲。冰箱設於營區入口處，距離第8區較遠，建議增加更多冰箱以便露營者使用。至於夜晚前往的露友，路況較好，但需留意中途的坑洞和水溝，以及可能較濃的霧。,3,1,0,2986,,2022/05/07,0,中立
第一區營地景色很美，但有兩隻雞不停地叫，整天都很吵；更奇怪的是，十月二號發現六區的雞不見了，變成了貓。而洗澡時浴室的熱水器出了問題，會冒出瓦斯味，洗到一半就變成冷水，真是困擾。不過，這件事與三星有什麼關係呢？,3,1,0,3000,,2022/05/07,0,中立
個人比較不能接受廁所和浴室合併在一起。這樣的衛生間通常陳舊、有許多蟲子，並且有異味。除了衛生間和浴室之外，周圍風景和草地都相當美麗。,3,1,0,3008,,2021/05/07,0,中立
在露營時碰到吵鬧的人確實有些倒楣，但營地管理者也應該適時干預。有些區域的人晚上吵到凌晨兩點，雖然營地管理者很友善，整體露營體驗仍稍嫌失落。廁所和浴室的設施還算可以。,3,1,0,3011,,2021/05/07,0,中立
櫻花的美景令人陶醉，透過微風的吹拂更加迷人。然而，活動期間可能會面臨一些小問題，例如洗手間容量不足，淋浴時溫度不穩定，以及電源供應有時候不穩，使用兩部吹風機可能會造成跳電情況。,3,1,0,3014,,2021/05/07,0,中立
場地比較狹小，建議考慮天湖露營區。,3,1,0,3018,,2021/05/07,0,中立
營地的營位安排比較寬鬆，但是廁所沒有封頂，晚上會有很多昆蟲亂飛，讓小孩在洗澡或上廁所時感到恐懼。另外，冰箱放在營地的管理處內，如果營主不在或是休息時間會被鎖起來，讓帶食材的露營者有點不方便。,3,1,0,3036,,2021/05/07,0,中立
這個時間的4區樹很少，太陽很熱，山景不錯但設施有點少 (不在花季的時候有些無聊)，只有交了錢之後才見到營地主人。,3,1,0,3052,,2020/05/07,0,中立
2區包括全部地區，供電限制在30安培。發生超過8次停電，感到不舒服。同時需要加強廁所衛生。,3,1,0,3064,,2019/05/07,0,中立
2015年那時跟一群朋友去露營，選擇了靠近大自然的營區。當時的浴室設施是共用的熱水器，因此熱水溫度會受到隔壁房間使用情況的影響。晚上我們還一起煮了麻糬，味道美味極了。,3,1,0,3077,,2019/05/07,0,中立
夜景很漂亮，但是浴室設施有點簡陋。,3,1,0,3096,,2018/05/07,0,中立
當櫻花盛開時，營區應該非常美麗。但帳篷前被樹木擋住視線，無法直接看到山景，有點可惜。廁所設施基本應付，但熱水溫度不太穩定。幸運的是，這次遇到了一群好的露營夥伴，他們和我的兒子相處得很快樂，希望沒有給他們添麻煩。,3,1,0,3111,,2022/01/23,0,中立
第8區的營區位置比較遠，去浴室需要走一條稍微陡的樓梯，不太方便。浴室的天花板沒有封蓋，容易進入很多蚊蟲。,3,1,0,3125,,2020/12/14,0,中立
對這個營地品質沒有太大的好感，廁所設施不充足，條件比較簡陋。,3,1,0,3141,,2019/09/20,0,中立
廁所沒有衛生紙不太方便，我建議安裝一些。此外，草地上有乾掉的狗大便，不太衛生，我們需要清理。垃圾桶也沒有裝垃圾袋，而且沒有壓磚塊，這樣會吸引野狗野貓來翻垃圾。整體而言，這些都需要改善。,3,1,0,3156,,2018/11/26,0,中立
如果蒼蠅不像喪屍一樣的話，營區就會得到滿分了～,3,1,0,3184,,2023/05/07,0,中立
營區整潔，但物價上漲得太誇張了，或許不會再去那裡了。,3,1,0,3189,,2022/05/07,0,中立
草地很大，廁所浴室設備不錯，營區還有販賣冷飲的地方。,3,1,0,3217,,2021/05/07,0,中立
營地位於柔軟舒適的草地上，兩棵美麗的落雨松樹間是營位的所在。搭設在變色的落雨松樹下的帳篷帶來特別的氛圍，車與營位有明確的分隔，即使帳篷滿了也不會感到擁擠。乾濕分離的衛浴設施讓洗澡更加舒適。路況良好，進入營區的田間小路較為狹窄，周邊環境是果園和農園。上午偶爾會有一些蒼蠅在附近，下午看到農民戴著口罩在噴灑霧狀液體，希望那不是農藥。,3,1,0,3237,,2020/05/07,0,中立
水龍頭流出的水溫暖宜人，非常適合冬天露營。只是營區部分露營區域被營主限制使用，因為中央通道必須供營主使用高爾夫球車行銷產品，這可說是一種獨特的商業手法。,3,1,0,3238,,2020/05/07,0,中立
整體環境還可以，但四周都是果園，所以有不少蒼蠅。,3,1,0,3243,,2020/05/07,0,中立
我覺得挺不錯的，適合遠離都市喧囂，來此遊玩可以選擇露營或是住宿。,3,1,0,3258,,2019/05/07,0,中立
這個地方環境舒適，草地舖得很好，廁所保持乾淨且定期清潔，甚至配備了乾濕分離的衛浴設備。但收費人多有點擁擠。,3,1,0,3263,,2019/05/07,0,中立
可以感受到您很用心維護環境，浴廁保持得很乾淨，只是小朋友的活動空間稍嫌不足。,3,1,0,3279,,2018/05/07,0,中立
包棟民宿外面的露營地可以增加電源供應。,3,1,0,3282,,2018/05/07,0,中立
優點是草地很大，但缺點是帳篷太多，小朋友沒有足夠的空間玩樂。,3,1,0,3289,,2018/05/07,0,中立
這個地方的優點是衛浴設施很棒，草地很美，設施也很新穎。但缺點是有很多蒼蠅，營地規劃過於擁擠，而且小孩玩樂的空間有點不足。,3,1,0,3301,,2018/05/07,0,中立
這次活動真的是風雨無阻，營主的用心經營讓我們大家都感受到了。免費草莓隨便摘，只能隨遇而安，這次的經驗真是難以忘懷。睡在車上的經驗也讓人印象深刻。,3,1,0,3305,,2017/05/07,0,中立
這個地方的區域很廣闊，A區是用來停放車輛後需要集中停放在停車場，有一些民宿，雖然裝潢有設計感，但可能缺乏舒適度。整個營地空間很大，適合小朋友奔跑，主要以平地為主，基本沒有危險性，不過可能欠缺景觀，旁邊只有果園，這一點有些可惜。,3,1,0,3315,,2017/05/07,0,中立
除了草地之外，我真的想不到還有什麼優點！,3,1,0,3323,,2017/05/07,0,中立
環境看來整潔漂亮，但竟然有跳蚤，我被咬得很慘，結帳時開始癢起來，難受極了～,3,1,0,3327,,2022-04-28T17:04:37+08:00,0,中立
各地區都有些擁擠，每個營位都有點狹小，路上的幾個超陡坡和急彎在最後十幾分鐘的行程中特別考驗引擎、輪胎的表現和駕駛技術，建議晚上不要冒險前往。,3,1,0,3396,,2022/05/07,0,中立
路顛波，意思是道路崎嶇顛簸。快到時，路面非常陡峭，開車不太方便。,3,1,0,3471,,2023/10/23,0,中立
那段路真的很危險。快要到營區大概5分鐘左右的時候，開車真的很困難。,3,1,0,3472,,2023/10/23,0,中立
營地的噪音很多，還有鄰居家的狗叫和羊叫聲，甚至在凌晨4點的時候公雞也開始啼叫。,3,1,0,3568,,2023/12/07,0,中立
營區內存在小黑蚊和蒼蠅，貓狗常來營區翻垃圾桶，孩子被跳蚤叮咬，附近野狗晚上和清晨會吠叫，隔壁鄰居的鵝叫聲很大。雖然營區沒有飲水機，草地上有些碎石，但衛浴設施很乾淨。營主非常友善，只是有些不太方便。,3,1,0,3592,,2022/05/07,0,中立
一個帳篷區的位置較寧靜，非常不錯。射箭區雖然小，但依然很有趣，大概是因為沒有人和我們搶射箭，所以不用排隊（那天滿擠）。營區內還有沙坑和戲水池。當天還有製作麻糬的活動，營地管理員會在各個帳篷通知體驗時間。,3,1,0,3609,,2021/05/07,0,中立
"1. 浴室很乾淨，提供浴缸和水杓，不過建議自行攜帶D型扣環，方便掛東西。
2. 提供WiFi、草草墊、吹風機、脫水機、冷凍與冷藏冰箱以及衛生紙。
3. 上層營區下大雨排水還不錯。
4. 蚊蟲比較多，特別是小黑蚊很多，同行的親友和小朋友被叮咬不少。
5. 營區裡有小貓出沒。
6. 營位上的洗手台有遮陽傘，但只有不太亮的太陽燈，照明不夠。",3,1,0,3610,,2021/05/07,0,中立
入口附近的營地景色特別漂亮，而寮望台上的景色也相當迷人，適合乘涼享受。這裡有涼爽的微風和樹蔭，另外營地主辦的搗麻糬活動等，小朋友都很喜歡。然而，這裡的冰箱較小，坡道很陡。在端午節的時候，被小黑蚊叮到腿上都布滿紅豆冰，並且主人養的雞常常在半夜兩三點就開始啼叫，一直叫到天亮...不過營地裡有水池可以讓小朋友玩水。,3,1,0,3617,,2020/05/07,0,中立
進入營區的道路比較狹窄，開車時要小心，不要完全相信導航。傍晚的景色很美，可以參加活動，但到了晚上會有些潮濕，早上陽光出現時，需要找個地方遮蔽。雖然離公路稍微遠一些，但因為在山區，所以通常能聽到汽車的聲音，尤其是跑車。整體而言，這個營區是值得一試的。,3,1,0,3620,,2020/05/07,0,中立
在石門水庫湖面可以欣賞到美麗的風景，微風吹拂讓人感到很舒服。喜歡露營的人可以考慮前往，不過請注意，那裡的蚊子相當多，請做好防蚊準備。,3,1,0,3627,,2020/05/07,0,中立
風景很漂亮！搗麻糬和竹筒飯的DIY活動有點粗糙，射箭區看起來有點雜亂。淋浴間只有三間，但水流量充足，熱水也十分足夠。,3,1,0,3630,,2020/05/07,0,中立
廁所雖然乾淨，但數量太少了！其他的就很一般。,3,1,0,3634,,2019/05/07,0,中立
空氣清新，營區位於河流旁。,3,1,0,3635,,2019/05/07,0,中立
這個地方有充足的衛浴設備和停車位，但夏天來可能會有點熱曬。整個營區稍微擁擠，停車方式可能影響小朋友玩球飛盤的空間。環境乾淨，衛浴和廁所都很好。建議小朋友在水池玩水時爸媽最好在旁邊。營區主人很友善健談。唯一的缺點可能就是找路比較困難。,3,1,0,3651,,2019/05/07,0,中立
對於我們住在台北市區的人來說，這個營區算是有點遠！這個營區相當新，佔地不太大，營地被設計成了「階梯式」，總共有四層，我們這次使用的是最底層（靠近衛浴區）。原本可以容納八個帳篷，但因為大家都用大型或巨型帳篷，再加上客廳帳篷，最後只搭了六個帳篷。此外，營區還有一個「營棧」，可以購買不足的飲品。還有瞭望台、兒童戲水池、射箭區，對小朋友來說，在這裡可以很好地度過時間喔！,3,1,0,3653,,2019/05/07,0,中立
這是一個靠近石門水庫的小露營區，位置在羅馬公路旁，交通方便，但山路可能讓暈車的人有點不適。停車空間有限，晚到可能不方便裝備，但營區提供推車。營區布局像梯田，小孩活動空間有限，有小水池和沙坑。風景優美，可以看到石門水庫、新溪口吊橋和角板山商圈。浴室和廁所數量有限但整潔，沒有排隊情況，但沒有提供衛生紙。老闆和工作人員都很友善，是一個值得再訪的營區。,3,1,0,3656,,2018/05/07,0,中立
設施都很破舊，沒有人再照顧它們了，包括戲水池、沙坑和射箭場等等。道路狀況也很糟糕，而且營地主人對此沒有提供確切資訊。,3,1,0,3668,,2023/05/14,0,中立
這裡的衛生設備需要改善。如果對環境要求不高的話，這裡還算可以，但晚上可能會有一些小黑蚊。,3,1,0,3670,,2023/04/05,0,中立
竟然不自覺地到了營區第二次。,3,1,0,3687,,2021/03/20,0,中立
手機訊號只有一格 (中華電信) 不太穩定，但可以連上營區的WiFi，不過洗澡時熱水可能會中途斷掉，需要等待約30分鐘再繼續。,3,1,0,3769,,2024/04/07,0,中立
這個地方沒有風景也衛浴設施陳舊～而且還有兇狠的黑螞蟻咬人，覆蓋區1300感覺性價比不夠高。,3,1,0,3798,,2023/05/07,0,中立
極限開車，繞過B區，路況十分困難。A區前的草地不僅潔淨而且十分短小，小朋友在那裡盡興玩耍。乾淨整潔的廁所設有暖水洗手盆，給冬日裡的人帶來舒適的感覺。由於山谷地理位置風力較弱，晚上雖冷卻不受風吹擾。有一條小溪流，可惜我們在A區，必須步行一段路程才能到達，不過釣魚的感覺十分愉悅。請營主幫忙，我11點就入睡了，卻因隔壁鄰居深夜聊天，讓我難以入眠。,3,1,0,3807,,2023/05/07,0,中立
這位退休老闆非常用心經營，設備一步一步到位，在每個平台活動空間都十分充足。建議在有廁所的平台上設置帳篷，更方便。此外，廁所旁的洗手台還有提供熱水，非常貼心，尤其適合冬天使用。這營地位於山谷中，因此比較涼爽，早晨陽光照射也比較晚，讓人可以多睡一會兒。要注意防蚊！另外，谷歌導航可能會引導錯誤的道路，記得仔細聽取營地主人對於谷歌指引的訊息！,3,1,0,3875,,2020/05/07,0,中立
營區的活動範圍有限，進入道路狹窄。道路盡頭靠近溪邊，晚上溪流聲音較大，建議不要將帳篷搭在溪邊附近。每個區域的洗手台設計不夠良好，廁所和淋浴間較寬敞，但熱水供應可能不足。,3,1,0,3876,,2020/05/07,0,中立
熱水加強的問題需要解決。洗澡時每30分鐘才有熱水，這讓人感到不太方便，尤其洗澡間太少。,3,1,0,3905,,2022/09/19,0,中立
浴廁設施不足，尤其C、D、E區共用的浴廁過少，洗澡時即使調到最熱，也只有溫水，並且營區常跳電，可能是因為電力供應不足。希望能夠在公約中規定不要使用高耗電量設備，並且新增D區三個水龍頭的設施。某些區域的洗手台設有熱水，吸引了其他區的人使用，導致其他區居民使用不便。洗完廁所後，甚至需要用自帶的茶水洗手。,3,1,0,3922,,2022/01/03,0,中立
覺得和露友們打招呼是件很愉快的事情,3,1,0,3940,,2021/03/20,0,中立
草地排水很差，雨天最好不要前往。第一次造訪時草地很美，但第二次去時草都沒了，再遇到下雨，整個地方都變成爛泥，是非常糟糕的經驗。,3,1,0,3952,,2020/10/13,0,中立
"1. 特1區的房間非常整潔，但1樓的客廳以及2樓的客廳之間可以通行，這點有點奇怪。
2. 特1區的廚房與衛生間相鄰，偶爾會聞到尿味。
3. 其他方面還算可以。",3,1,0,3989,,2023/05/08,0,中立
這個營區總結起來就是老闆健談熱情，營區雖然不大但環境宜人，大部分營位都有五葉松樹提供蔭涼。夏天造訪時要留意小黑蚊，需要改進的地方有戲水池的清潔度。管理上有些疏失，晚上11點後仍有人進場，12點還有人在敲打釘子、充氣床墊，這影響到其他露營者的休息。雖然這些問題並非營主所為，但管理營區的責任在於營主，造成觀感不佳。,3,1,0,3997,,2023/05/08,0,中立
營區的面積相當寬廣，旁邊還有一個湖泊可以觀賞。盥洗浴室使用沒有時間限制，營區內可以選擇各種露營模式，包括雨棚區、松樹下以及竹林碎石區。然而，缺點是盥洗浴室和冰箱都稍嫌不足。,3,1,0,4019,,2022/05/08,0,中立
老闆客氣，但蚊子實在太多，回來癢得好幾天。,3,1,0,4026,,2022/05/08,0,中立
寒流來襲，導致I區的空地塞滿了帳篷（我認為擠得太滿了）。沒有人攜帶家用電暖器，整晚不斷跳電，營區主辦方雖然處理得很快，但在半夜跳電時就得等到天亮了。浴室裡有兩間男女共用的，還有一間男生和一間女生的獨立浴室（附坐式馬桶）。廁所也是男女各一間，女生浴室側有吹風機可供使用。冰箱只有在浴室旁邊，沿著河口步道可以走到石秀灣。,3,1,0,4027,,2021/05/08,0,中立
不建議選擇B區，因為太容易受到干擾，浴廁數量也太少，各區應該再各減一些房間，還有房間會有蚊子飛進來，也有跳電的問題，不過五葉松林很美。,3,1,0,4037,,2021/05/08,0,中立
現在是八月份，小黑蚊很囂張，整天叮人不停，每個人平均被叮超過20個包。建議大家隨身攜帶強效防蚊液，否則就會跟我們一樣，蚊子怎麼噴都不怕。,3,1,0,4043,,2021/05/08,0,中立
希望雨棚區的位置可以更寬敞一點！,3,1,0,4071,,2019/05/08,0,中立
營地裡蚊子很多，另外營地主人剛好在維修水管，但沒有注意到水管膠的排水問題。當洗澡時，突然聞到水管膠的惡臭。因為有兩歲的小孩在身邊，很擔心誤喝到帶有水管膠的水。去向營地主人反映時，只收到了抱歉的回應，並未意識到可能會有人誤喝毒物出現問題。台灣在環境教育方面仍有很大的進步空間，這種情況在國外一定會被追究吧。,3,1,0,4081,,2019/05/08,0,中立
這裡的景色美麗，老闆也很不錯，只是有些小黑蚊。,3,1,0,4086,,2019/05/08,0,中立
這個廁所是移動式廁所，裡面有很多蚊子。,3,1,0,4099,,2018/05/08,0,中立
營地設備齊全，提供免費防水地墊，水槽供水充足，方便使用電力，衛生間乾淨，草地寬闊。但需注意附近竹林有較多小黑蚊，請小心蚊蟲叮咬。,3,1,0,4100,,2018/05/08,0,中立
蚊子超級多，夏天幾乎不能出門，否則就得盡量避免穿短褲。,3,1,0,4178,,2024/03/07,0,中立
在這次露營中，遇到了老闆娘，她態度非常好。因為我們在星期日去，老闆娘讓我們自由選擇營位，所以我們給了一顆星的評價。可惜的是，這裡有很多蒼蠅，一不小心就會進入帳篷，整個營區都被蒼蠅包圍。此外，也有很多螞蟻，感覺它們會直接搬進帳篷，整個帳篷內都是螞蟻。還有飛行的蟑螂和其他昆蟲在帳篷外飄盪。營區的設施可能照顧不夠周到，有發霉和生鏽的問題，真的很可惜，否則應該會很美好。營區照明不足，夜晚有點昏暗。但整體來說，這個營區還算美麗（如果忽略發霉的部分），有湖岸和溪流，晚上可以聽著河水聲入眠，心情相當愉悅。,3,1,0,4199,,2023/05/07,0,中立
原本以為離台北很近，看起來不錯又有雨棚應該會很放鬆。剛好遇到雨天，雨棚內會積水，再加上從帳篷走到廁所，處處都是水坑和泥巴，腳永遠髒兮兮的，是露營過程中最痛苦的一次！再加上蚊蟲很多，不過戶外活動難免會遇到這些情況！建議設施需要翻新一下，排水系統也要改善。如果改進得更好一點，我相信這個營地會變得非常棒！,3,1,0,4217,,2021/05/07,0,中立
小黑蚊很多，洗澡時熱水不穩定，女廁馬桶經常堵塞。,3,1,0,4228,,2021/05/07,0,中立
這地方原本是一個魚池，後來改建成為婚攝場地。,3,1,0,4234,,2021/05/07,0,中立
優點是熱水穩定、廁所很乾淨。缺點是營主缺乏人情味，不巡視，如有訪客需額外付費；晚上幾乎沒有路燈，有些地方有危險的坑洞。,3,1,0,4238,,2020/05/07,0,中立
這個地方適合各個年齡層的遊客逛上半天，但是交通不太方便。,3,1,0,4266,,2019/05/07,0,中立
只有地理位置方便，其他還可以。,3,1,0,4268,,2019/05/07,0,中立
這次造訪營區是因為看到網路上美麗的照片而前來，但到場後卻感到失望，許多風景都顯得年久失修，狀況有些破舊。或許是因為更新維護不足，建議將網站相片及時更新。,3,1,0,4269,,2019/05/07,0,中立
出去露營最重要的是什麼？心情。當夥伴在場，空間OK，老板熱情地帶路，晚上聽到蟲鳴鳥叫，偶爾也會看到螢火蟲點綴，那種靜謐清幽的近城短程露營區就值得一遊了。就算網路上流傳的園區景點都顯現出時間的痕跡，但是湖上還有一架鋼琴可以彈奏喔。,3,1,0,4271,,2019/05/07,0,中立
台北近郊的露營地，營位的地面鋪設碎石，在河岸雨棚區下雨時不必擔心，共用的水槽可以平均分配到各個營位上，每兩帳篷共用一組。靠近小溪的地方可以下去玩水，不過在排出水槽的水進入溪流之前，應該先考慮進行汙水處理。,3,1,0,4277,,2018/05/07,0,中立
總括來說，住宿環境整潔但照明不足，位置離營區較遠並缺乏飲水設施，需要步行至營區，較為不便。,3,1,0,4282,,2018/05/07,0,中立
場地的規劃很不錯，但缺少特別的風景。,3,1,0,4283,,2018/05/07,0,中立
這個露營地很適合全家大小，有山有水，適合全家一起互動，可以烤肉、玩水和爬山。,3,1,0,4285,,2018/05/07,0,中立
環境尚可，衛浴設施完善，只是在平地露營稍嫌炎熱…,3,1,0,4290,,2018/05/07,0,中立
這個營地周邊的設施都沒有被照顧到，沒有進行更新維護。,3,1,0,4302,,2017/05/07,0,中立
這個美的價格有點偏高了。,3,1,0,4304,,2017/05/07,0,中立
這個營地很不錯，只是有點過度商業化了！,3,1,0,4305,,2017/05/07,0,中立
風景很漂亮，可惜門票貴了一些！,3,1,0,4308,,2015/05/07,0,中立
環境設施稍嫌老舊，有些可惜。如果湖周邊景觀再進行加強，將會更加完美。或許是因為附近有果園，可能有些小蚊子在附近。,3,1,0,4502,,2017/12/03,0,中立
很遺憾... 沒能看到日蝕。27號中午前就開始下大雨了，打雄到諮詢，無法延期或退款，原以為下午會停，但越下越大。到場等了一會兒，最終決定不觀賞，不想被淋濕且擔心小朋友感冒，也不想收濕帳。雖然花了1000元，但算是學到一課，天氣不穩定還是應該訂雨棚區比較保險。,3,1,0,4561,,2017/05/29,0,中立
可能是因為下雨的關係，景觀沒有如預期般美麗，但最重要的是回到家後多了一份紅豆冰...><,3,1,0,4562,,2017/05/28,0,中立
浴廁的設施很不錯，但還有改進的空間。,3,1,0,4569,,2017/05/14,0,中立
帳帳相連讓人感到不自在，浴室的數量太少。,3,1,0,4642,,2016/12/03,0,中立
這個營區的廁所和淋浴間很棒，特別是淋浴間有乾濕分離的設計！整個營區都有雨棚，但周邊卻不太熱鬧。可能是因為營區位於山谷中，風從各個方向吹來，令人感覺有些不太舒服。營區周邊看起來比較凌亂，不過那裡有一條庫志溪可以釣魚和撈蝦。,3,1,0,4708,,2021/05/07,0,中立
營地長與夫人之間相處融洽，氣氛和藹愉快。,3,1,0,4715,,2021/05/07,0,中立
在溪邊紮營，眺望山嵐，是一個不錯的選擇！,3,1,0,4741,,2019/05/07,0,中立
營地設備較為基本，有覆蓋雨棚的帳篷和水泥地面，地上有四個金屬排水孔。營地靠近小溪，可以近距離接觸水流。不過營地空間較小，並沒有特別規劃客廳或休息區的帳篷空間。,3,1,0,4754,,2019/05/07,0,中立
營位稍微小了，水龍頭的位置影響到其他人的動線了，但整體還算乾淨整潔。,3,1,0,4846,,2018/09/25,0,中立
11/18在竹雞區的營地，總體評價是兩顆星。其中扣掉的原因是草坪以及方便釘野營帳篷的地方算還可以。然而，有幾點需要改進：1. 斜坡上的排水管斷裂沒有被處理，造成了帳篷區積水問題。2. 兩間共用的浴室乾淨，但其中一間熱水器週六傍晚故障，沒有得到及時處理，洗冷水澡的體驗很差。3. 廚餘桶放置方式不佳，容易被貓狗翻倒。4. 營位寬度五米，視野受到一定程度遮擋，竹雞區幾乎看不到景色，整體而言視野不如其他區域。,3,1,0,4868,,2023/12/08,0,中立
這個地方環境很好，但浴室的數量明顯不足，而且開車上山的路又窄又陡，低底盤的車輛要小心駕駛。,3,1,0,4929,,2020/05/08,0,中立
路段不少，但有些路上可能會遇到交通問題，但風景還不錯。,3,1,0,4930,,2020/05/08,0,中立
營地的服務很好。廁所和浴室很乾淨，但數量有點少，需要排隊等候。建議增加廁所浴室的數量，以免集中造成需要等候的情況。另外，以大不超收優進來的路較小，造成夜間難以通行的情況，希望可以改善。,3,1,0,5152,,2017/10/23,0,中立
這個營地的交通便利，提供親子設施，冰箱和飲水機。草皮活動空間寬廣，總體來說很舒適，營主也相當友善。值得一提的是，洗澡時間有限，白天無熱水。裝備只能放在狹窄的柏油路旁，可能造成塞車情況。腳踏車騎行空間有限，且撤帳時間較為嚴格。海拔較低，但可以看到星星，營地唯一的光害來自門口路燈。距離護墊放置區稍微有些遠，總結來說，這個營地還不錯，但裝備必須放在柏油路上可能會造成不便，期待營主能想出解決辦法。,3,1,0,5231,,2023/12/08,0,中立
這個設施的優點包括冰箱和冷凍設備完備、寬敞的草皮可供孩子打棒球、籃球場可供健身運動、腳踏車、玩沙區、戲水區和飲水機。營地主人非常勤勞且負責，時常打掃環境、清理垃圾並做分類，定期巡視廁所和浴室進行清潔。另外，他們有教導如何撤營和開車，並關心孩子的安全。營地提供的設施讓人感受到經營者的用心。然而，一些硬體設施仍有待改善，例如女廁浴室的冷水流量太小，需要多久才能填滿水桶？水溫不穩且易燙傷，僅有5間淋浴間，營主回應是因為使用者太多？對於這樣的問題，建議安裝增壓馬達。最後，來訪時要選對季節，因為如果風大的話可能會沒有小黑蚊出現，這對訪客是件幸運的事。,3,1,0,5253,,2023/05/08,0,中立
這個地方的優點是海拔不高，開車容易抵達，有很多兒童設施，適合小孩玩耍。然而，缺點是有很多小黑蚊，即使使用防蚊液仍然被咬，特別是從中午一直到傍晚都有，傍晚還有大隻的斑蚊，被咬到很疼，情況相當可怕。或許下次在冬天來這裡可能會比較合適。,3,1,0,5259,,2022/05/08,0,中立
這個營區適合喜歡熱鬧，不怕麻煩，並且晚上遵守安靜的人。營區營位擁擠，帳篷和天幕也須要注意搭建位置，並且營主會提醒注意。廁所和浴室可能應付不來人潮，熱水供應有限，最佳時間是晚上6-12。營地設施可能有些不便，冰箱塞滿、插座電壓不穩定等問題，夏天可能容易遇到跳電問題。晚上10點後營區門會鎖，建議提早到達。若不喜歡規矩營地，可能不太適合這裡。來之前最好閱讀營地須知，以避免不必要的麻煩。,3,1,0,5283,,2021/05/08,0,中立
冬天電源不穩，需改善以提供更舒適的露營環境。,3,1,0,5284,,2021/05/08,0,中立
區分為A區和CD區，它們位於不同的地方。在A區，車子需停放在停車場；而在CD區，則可以把車子停放在帳篷前方以方便觀察。儘管如此，兩個區域都共用廁所和浴室。如果帳篷全部被訂滿的話，洗澡可能需要排隊等待一段時間。在淋浴時，可能感到頂部比較冷。廁所十分乾淨，有拉門和備有衛生紙。對於選擇CD區靠近尾巴的位置時，要特別注意離廁所有一段距離。在12月的時候，會有一些蒼蠅，難免還有一些螞蟻會侵入帳篷和車內。因此建議選擇CD區的前方營位。不過，營位的分配可能不會出現連接到天邊的問題。這個地方是小孩會喜歡的地方，有沙坑、籃球場、腳踏車、溜滑梯等設施。這裡也提供冰箱和飲水機。建議在前往時就準備好食物和飲料，因為開車下山要花上10至20分鐘的時間才能到最近的711。,3,1,0,5288,,2021/05/08,0,中立
熱水供應不足，孩子們戲水後無法方便沖洗。,3,1,0,5331,,2023/12/28,0,中立
老闆可以不要過於嚴格地監控員工嗎？感覺很讓人不舒服。,3,1,0,5341,,2022/05/16,0,中立
無法控制鄰居早上六點割草造成的噪音固然令人困擾。也許可以請老闆加強與鄰居的交流，要求他們避免在清晨使用大聲的割草機。即便無法完全解決此問題，至少可以詢問鄰居什麼時候會進行農業作業，並提前通知露營的朋友，這樣他們就可以提前做好準備。如果向老闆反映後仍無法解決，或許可以考慮其他的解決方式。,3,1,0,5353,,2020/11/30,0,中立
聯繫上不夠主動！因為連日大雨，在出發當天一早就主動聯繫營主，看是否有勸退露營的行為。直到晚上七點半才回覆說不用前往，但大家早已出發...小黑蚊非常多，多到讓我對人生產生質疑。草地積水非常嚴重，雖然提供了護草墊卻依然泥濘不堪！整體設施，大概只有浴室算是不錯，再改善排水速度會更好！,3,1,0,5376,,2019/06/10,0,中立
草太長了，需要修剪一下。當A區的三層朋友同時到達時，搭帳篷和收帳篷會變得相當困難，因為營位的空間狹小，幾乎沒有活動空間。由於車輛無法開到營位附近，即使先收拾好行李也無法離開，停車位距離營位有段距離，沒有推車可以使用，必須靠人力搬運，這可能會造成家庭間的緊張關係。在春夏季節，加上附近有果園，蚊蟲非常多。浴室和廁所還算乾淨整潔。垃圾桶只有在入口處，造成垃圾堆積的問題，尤其是帳篷多的時候。大雨時，草地排水有問題，容易積水。,3,1,0,5426,,2024/05/05,0,中立
11月18日到19日的露營地點環境雖然不錯，但早上洗澡時突然變成冷水，讓我差點感冒了。我打了三四次電話，但都沒人接。,3,1,0,5434,,2023/12/08,0,中立
整體來說都不錯，但有些問題是在棧板這一塊。,3,1,0,5435,,2023/11/08,0,中立
廁所的設計還不錯，但只有主營區有冰箱。在C區我們需要走很遠，並不方便。B區的草坪很適合孩子玩水遊戲，還有附設衛浴，但缺少冰箱令人不便。A區的營位形狀比較狹長，如果使用大型帳篷可能會有些擠。此外，草地地面不太平整，有些地方有坑洞，因此搭帳篷時需要特別注意選址。洗手台也不夠，網站上寫3帳但只有三個洗手台。另外，營地管理人員將我們的四帳安排在同一區。這個季節附近有很多螢火蟲，但也有許多小黑蚊、螞蟻和蜘蛛（都長得很大）。白天會有一些蒼蠅，最令人害怕的是還有大型蟑螂，生態環境非常豐富。,3,1,0,5440,,2023/05/08,0,中立
香港來的朋友很友善和熱情，但每個房間之間的隔音效果不佳，晚上超過十點後其他房間很吵，雖然業者沒有有效地疏導。玩桌遊的客人喧囂不已，而喝酒的團體則放著音樂、大聲講話...直到深夜快到十二點才漸漸安靜下來，才得以入眠。,3,1,0,5450,,2023/05/08,0,中立
這次我們來到的地方人數約有20位左右，透過網路找到，總體來說感覺還不錯，環境優美，廁所也保持得很乾淨，設備也相當齊全，方便使用，而且營主也很熱情。不過讓我們有點困擾的是有幾位營主的朋友也來打招呼，一開始覺得他們很友善，稍微聊了一下也還好，但後來卻越來越誇張，一直來打擾我們，強迫我們去跟他們喝酒聊天，甚至還一直要找我們其中一位女性成員。儘管我們有委婉拒絕且表示不方便，但他們卻死纏不放，離開一陣子後又回來纏擾，最後甚至直接在我們的帳篷旁站著不走。當時已經很晚，且有小朋友在睡覺，這種侵犯私人空間的行為讓我們感到非常不快。我們是來這裡放鬆享受的，花錢選擇到這裡，並不是為了應付營主的朋友。他們的職業和經歷對我們來說並不重要，更不用說需要花時間精力應付。這算是我們第一次碰到這樣的事情，雖然地方本身還算不錯，但這次的經驗讓我們對於再次造訪躊躇許久。,3,1,0,5468,,2022/05/08,0,中立
抵達時已近兩點，營地主人才準備好要搭的租借帳篷，直到傍晚才成功搭好。最糟糕的是，半夜氣墊床逐漸失去空氣，並不只一個人遇到此問題。第一天使用的廁所有著蠻重的異味，小孩們一直叫著說很臭。隔天清潔過後，情況好轉許多。建議在廁所外設置洗手台配備洗手乳，尤其在疫情期間更是相當重要！,3,1,0,5477,,2022/05/08,0,中立
在多人使用時可能會有點擁擠，建議分區使用。廁所外觀看起來不錯，但清潔還需要加強。另外，如果要附近有不錯的玩耍地點，可以考慮長興國小。,3,1,0,5500,,2021/05/08,0,中立
廁所雖然有小黑蚊，但還算整潔。,3,1,0,5519,,2020/05/08,0,中立
一些營位地地面不平，各帳之間距離過於靠近，需要仔細考慮，和照片中呈現的不同。,3,1,0,5524,,2019/05/08,0,中立
環境算是不錯，但帳數太多，有點擁擠，廁所設施偏少，D區旁廢水飄散著惡臭。早上被狗吵醒，起床後發現帳篷旁有狗拉的東西，心情都被搞砸了。,3,1,0,5527,,2019/05/08,0,中立
營地的草皮維護得很好，但是營地主人收費有點過高，人也比較多擁擠。,3,1,0,5541,,2018/05/08,0,中立
廁所很乾淨，但讓人感到不滿意的是現場告知需額外支付搭帳費。優點是廁所很乾淨，服務人員態度良好。缺點是帳篷之間距離太近，地面不平整，租帳篷到現場才告知需支付額外300元的搭帳費，並且不能自行選擇。當詢問為何事先沒有告知時，得到的回覆是網站無法寫明，給人感覺不太好。,3,1,0,5562,,2023/02/13,0,中立
營區若人潮眾多，就應該加強垃圾處理。,3,1,0,5610,,2019/03/02,0,中立
營地地方不大，營帳又搭得太擠，導致很吵雜，晚上和白天都聽不清楚是營地裡的狗還是周遭住家的狗狂吠，真的好吵。晚上過了10點還有其他露營友大聲聊天，小孩尖叫之類的聲音，營地管理者也沒有出來管理，吵雜的聲音、叫聲、狗叫聲聽得耳朵發麻，還要忍受蚊蟲特別多...,3,1,0,5663,,2018/04/06,0,中立
除了兔子之外，沒有特別的，老闆很熱心但不太擅長聊天，也不會回訪。,3,1,0,5719,,2024/04/08,0,中立
湖邊區域的風景很美，感覺很舒服。尤其是大樹下的這兩個座位更是絕佳呢。,3,1,0,5786,,2019/05/08,0,中立
景觀不錯，但營位有點擁擠，而且收費也太貴了...露營一晚要收取1500元。,3,1,0,5791,,2019/05/08,0,中立
這個地方的環境還可以，共有三層樓，最上層只有一間衛浴可能稍嫌不足，二樓雖不大但設有四間衛浴可供使用，與三樓共用。若人潮眾多，建議增加廁所的清潔頻率，會更加理想。,3,1,0,5793,,2019/05/08,0,中立
每個帳篷幾乎都有棧板，所以睡得很穩！一早醒來就能欣賞美麗的風景！可惜營區稍微狹小一些...不過還好有賣店，可以補充一些飲料或生活用品！,3,1,0,5844,,2018/05/08,0,中立
設備不錯，風景也不錯，只是收費稍貴。,3,1,0,5845,,2017/05/08,0,中立
空氣清新，環境寧靜。,3,1,0,5955,,2021/05/08,0,中立
到了山上欣賞美景，暫時離開都市的繁囂，讓心靈放鬆，為了迎接新挑戰！,3,1,0,5968,,2020/05/08,0,中立
前往營地的山路比較陡峭，駕駛時要小心。不過營地的風景很棒，讓人感受到坡度的美感。,3,1,0,6031,,2021/04/26,0,中立
這個場地的設施很完善，有舒適的雨棚。雖然前方空地不小，但營主的狗狗和貓咪都很親人，非常可愛。唯一的困擾是小黑蚊太多了，近20位大人和小孩都難逃被叮咬的命運。也許需要等到天涼一點再來，使用人體捕蚊燈可能會比較有效。,3,1,0,6072,,2023/08/08,0,中立
七月時租了五帳的櫻花區，但只有一間廁所和兩個洗手台，其中一個洗手台已經有些老舊，使用起來不太方便。對於五帳的人數來說，這樣的設施稍顯不足，而且小黑蚊很多。不過營主會提供大隻的蚊香。櫻花區需要使用對面營區的冰箱，但該冰箱是營主私人使用的，內容物很多，有阿嬤家冰箱的味道。建議如果有冰箱的話還是使用自己的比較好。碰巧遇到營主的朋友在山上喝酒，不僅冰箱擠滿兩箱啤酒，還一直唱歌，直到晚上十點。營區有親人的貓和狗，個性穩定不怕小孩。走路四分鐘左右有冰涼的溪水可以玩，營主太太也友善地提醒可以把蚊香帶到水邊。總結來說，這個營地區域較為狹小，設施也有加強的空間，但天然環境還不錯。,3,1,0,6092,,2023/05/08,0,中立
營地裡有很多小黑蚊加上無數的蒼蠅，再加上大雨讓整個營地淹在水裡，可能是因為碎石頭鋪設不足所導致的。整個地面泥濘不堪，非常不舒服，洗澡和上廁所的空間也不足。五個營位只有一間可以洗澡和上廁所，而且電源供應的線也太長了，相當危險。,3,1,0,6093,,2023/05/08,0,中立
營區的營主夫婦非常親切，有什麼需要都會立刻幫忙，這一點真的很棒。而且離老街不遠，搭完帳篷後可以去老街逛逛找吃的，相當輕鬆舒適。然而，營區有一些問題：1. 浴廁是合用的，需要和其他區域共用，上廁所時常需要等待。2. 營區有養貓，貓總是跑到營位，甚至跳上餐桌或者咬營帳，而且貓不怕人，難以趕走！有露友深夜還聽到有人尖叫，說貓在咬帳篷的拉鍊。3. 深夜沒有路燈，到了深夜兩三點，還有很多露友在不停走動、探險、聊天！建議開啟部分路燈，有一些照明管制會更好。4. 洗菜洗碗的水槽不夠，和浴廁的問題一樣，因此在煮食時間時會塞車。,3,1,0,6105,,2022/05/08,0,中立
雨棚區的場地很小，而且沒有照明設施，洗澡的水壓也不穩定，容易弄濕衣服。浴廁都是用鐵皮搭建的，洗澡時甚至要忍受隔壁房間的大便味道，非常讓人不舒服。此外，5個帳篷共用只有2個洗手枱，收費$1200也太貴了，在同樣價格下有更多景觀和設施更好的露營區可供選擇。,3,1,0,6114,,2021/05/08,0,中立
營地有點大，分散得太開了。,3,1,0,6133,,2019/05/08,0,中立
進到營區的第一印象是坡度很陡，讓我擔心起家裡的小黑，老闆娘很親切地介紹，並告訴我晚上有螢火蟲。晚上關燈後，果然看到很多螢火蟲，可惜沒有拍照。營區採用梯田式布局，每區不是很大，廁所和衛浴各有一間，插座數量也不多。不過蒼蠅比較多，風景一般般，唯一優點是營區下方有乾淨的溪流可供小孩遊玩，有大人帶著相對安全。總的來說，不是非常推薦這個營區。,3,1,0,6143,,2018/05/08,0,中立
廁所和浴室是共用的，所以在晚上洗澡時要排隊等待使用廁所的人。,3,1,0,6146,,2018/05/08,0,中立
各個區域分佈均勻，帳篷出租時並未附帶鋁箔墊。,3,1,0,6148,,2018/05/08,0,中立
雅房可能不太適合想要輕鬆露營的家庭，我可以理解你有些失望。,3,1,0,6214,,2019/10/21,0,中立
場地環境還可以，有狗會追著人跑。草皮還不錯，路程容易行走，只是主辦者缺少互動。最重要的是，被狗追很有趣！,3,1,0,6217,,2019/09/17,0,中立
廁所需要改善！1.最好將廁所和沐浴間分開，否則感覺很髒！2.在網路上的浴廁分配圖與實際有所差異，實際廁所數量較少，等於10至11個帳篷共用兩間浴廁，讓人快要發瘋！3.營區的規劃有待加強，因為每次要到營區辦公室拿東西都得經過其他人的營地（我訂了五葉松區）。從五葉松區不經過其他營地的話，坡度太陡又沒有好的階梯設計，孩子們都在那裡跌倒擦傷。4.遇到品味不好的露營朋友，連續兩天都在唱卡拉ok！5.營區位置還不錯，離附近景點都很近。,3,1,0,6230,,2019/01/07,0,中立
老闆非常感謝您。場地維護得很好，草坪也相當漂亮。老闆也會主動提供蚊香並關心客人。該區域以小包區為主，風景不算特別。衛浴設備也相當普通。半夜常有狗來翻垃圾，整晚都聽得到狗叫聲。,3,1,0,6245,,2018/11/26,0,中立
小區環境清幽，是個放鬆的好去處。,3,1,0,6266,,2017/08/21,0,中立
我們這次使用的洗手間的水量會有時候多有時候少，水溫也比較不穩定，希望可以改進。,3,1,0,6267,,2017/07/23,0,中立
這家店的服務很好且親切，老闆娘們都相當親切，服務品質很棒。,3,1,0,6284,,2017/03/12,0,中立
在制高點的沿路上，可以看到雲霧在身旁飄移。可惜森林區的形狀很扁平，帳篷只能橫著架起，無法直接面對外面的風景，而是得看著旁邊帳篷的風景。地面有些斜度。夜景區的風景很漂亮，但可惜地方太擁擠，帳篷也只能橫著架起，與旁邊的帳篷相鄰很近，無法從帳篷裡直接看向外面。浴室的燈光比較昏暗，熱水供應夠熱但水壓不太穩定。如果沒有太擁擠的話可以考慮夜景區，否則下次可能不會再來。老闆娘的態度很好，這點加分。,3,1,0,6335,,2022/05/09,0,中立
森林區的景色很美，可以遠眺關西的夜景。不過現在正好有東北季風增強，所以森林區的風比較大。森林區內沒有浴室，建議可以自備一個。,3,1,0,6340,,2022/05/09,0,中立
Google Maps顯示可以到達竹62，可惜大門被封鎖，也不確定是否可以通行。,3,1,0,6354,,2021/05/09,0,中立
高地盤的路不太好走，但適合開行車輛，因為風景和夜景非常漂亮。,3,1,0,6373,,2020/05/09,0,中立
石子地景觀一般，沒有草坪提供護墊。老闆態度親切，但員工可能比較愛唠叨。,3,1,0,6634,,2021/05/09,0,中立
營區最大優點就是有溪流和清幽的環境。每個區域都擁有超過預期的人潮，營位有些偏小，帳篷連接在一起一直延伸到天際，給人一種擁擠不舒服的感覺。建議每個區域應該減少一些帳篷才會更合適。,3,1,0,6665,,2020/05/09,0,中立
老闆很貼心，浴室很乾淨，空間有限。,3,1,0,6667,,2020/05/09,0,中立
四月以後是個很適合的時候，可以邀請朋友、家人一同來欣賞螢火蟲並露營。,3,1,0,6678,,2019/05/09,0,中立
在冬天使用電暖爐可能會造成跳電問題，即使使用低功率暖爐也可能無法應對強烈的寒流，B1區只有一個電線，連接兩台380瓦的暖爐就會造成跳電。老闆建議使用煤油暖爐，因此如果沒有煤油暖爐的話，冬天不建議前來。,3,1,0,6696,,2022/12/22,0,中立
A2區的景觀空間不大，浴廁附近無法放置碟型天幕。早上醒來發現有一隻狗在我們帳篷前拉大便，差點中彩了^_^,3,1,0,6702,,2022/09/12,0,中立
半夜狗叫聲很吵，可否請你處理一下？,3,1,0,6715,,2021/10/17,0,中立
這次我們在A2區的營位佈置得非常擁擠，完全沒有空間的感覺。事先知道營主增加了營位數量，但沒有預料到變得這麼擁擠。每個營位只有約5*8平方米的空間（不建議帶這麼大的帳篷），當人數增加時，廁所變得又髒又臭，而營主也沒有及時清潔和處理垃圾。除了景色還算不錯外，其他方面實在令人感到失望。,3,1,0,6754,,2024/04/09,0,中立
這段句子裡描述了一次過年露營的體驗，景色美麗、環境不錯，但在遇到一些服務不如意的地方，讓人感到不滿。例如：沒有熱水洗澡、撤收時間與進場時間不符、營地管理不周全等問題。露營的客人也沒有遵守規矩，讓氣氛有些尷尬。總括來說，這次遊走騰雲露營的經驗讓人感到不盡如人意。,3,1,0,6767,,2024/03/09,0,中立
這裡的景色很美，設施也很完善！看得出管理者很用心在照料環境！我們預定在這裡住平日三天兩夜！第一晚遇到的露營夥伴都很有素質，很容易入睡！但第二天營地管理員告訴我們，晚上有三組露友凌晨一點要搭帳，就在我們附近的營位！是的，凌晨一點！！請問管理員，你還接受凌晨一點的搭帳活動，不怕會打擾其他露營客嗎？當天我們決定不在此停留，於下午結束露營並離開！對於半夜有人搭帳或是敲打營釘的情況，我們不介意！這裡可以來挑戰一下運氣！,3,1,0,6772,,2024/01/09,0,中立
這個營地的路標指示還算清楚，但是浴室設備稍嫌不足，只有衣物置放架，卻沒有沐浴乳的置物架，洗澡時很不方便。另外，電壓也不足，2023/11/18晚上就跳電2次，真的很麻煩！,3,1,0,6778,,2023/12/09,0,中立
這個營地風景很美，可惜管理不夠好，晚上有露營者噪音太大，打釘聲持續到深夜，讓人有些困擾。希望可以改進管理措施，讓大家都能安心享受露營的樂趣。,3,1,0,6784,,2023/11/09,0,中立
昨晚臨時訂的露營區因為晚到，所以被分配到一個較不具視野的位置。營區依地勢不同分布，主要建築物上有一個相當大且有遮蓋的活動平台。整體而言，松樹區的樹木未長得十分豐盛，雖然浴廁被分區規劃，數量與空間卻仍有待改進。感覺營區仍在擴張中，多個區域看起來像是整地工地。最高點的視野相當不錯，但其他地區則普通。整體而言，營地的營位密度過高，甚至有點超出負荷感。路上經過九份二山紀念園區，反而是一個不錯的休閒點。總的來說，這個營地勉強可以用來過夜，但還有很多地方可以改進。,3,1,0,6788,,2023/10/09,0,中立
"優點：1. 營區內的道路都是柏油路，開車很方便。 2. 特區景觀優美，尤其是在某個特定位置可以欣賞到大景。 3. 天氣好的時候可以看到星空點點。

缺點：1. 營位空間較小，只有少數位置在落羽松區比較寬敞，其他則是相鄰帳篷。 2. 衛浴設施不足，男女共用，高峰時段需排隊等候，且清潔不夠及時。 3. 飲水機、冰箱整理不力。 4. 晚間無管理宵禁時間，一些露營者可能聊天至深夜2-3點。 5. 容易受到二手菸的影響。 實際上，營區管理者可能是不錯的，但有可能對於不守規則的露營者束手無策。",3,1,0,6795,,2023/09/09,0,中立
"優點先說：
1. 夏天來臨時，景色宜人且溫度宜人，只需避開中午陽光，找個通風處就挺舒適的。
2. 浴室沒熱水時，立刻反應並妥善處理，很棒。
3. 草地保養良好，排水能力佳，釘子也好打。

缺點則有：
1. 飲水機上蓋、馬桶水箱蓋等多處明顯未定期清潔。
2. 露營區螞蟻很多，尤其是停在樹旁的車輛要小心，一會兒就會被螞蟻爬滿。
3. 和其他多數露營區一樣，對露營區內吸菸或在深夜清晨喧囂的人們，未明文禁止或勸說，請注重營地品質的民眾請多留意。",3,1,0,6796,,2023/09/09,0,中立
整體環境看起來不錯，但晚上時沒有管制，十點過後仍在唱KTV、大聲播放音樂，談話聲音也變得很大聲，顧客之間似乎缺乏尊重。雖然這些行為屬於個人的作為，但缺乏管理讓人感到相當不舒服。,3,1,0,6810,,2023/05/09,0,中立
房間的擺設太擁擠，冰箱比較亂、有異味的地方是D區3帳包區的浴廁也有異味。空間較小，廁所和浴室沒有分隔，需要加強清潔度。營主很友善並樂意幫忙，往上走有觀景平台，風景優美。,3,1,0,6811,,2023/05/09,0,中立
"優點：
1. 晚上的景色很美。
2. 可欣賞山景和夜晚的星空。
3. 衛浴設施的熱水穩定，清潔度也不錯。
4. 如果營位沒有滿，可以與營區主人協商。
5. 草地環境還算不錯。

缺點：
1. 前往營區的最後一段道路較窄，車輛較不易通行。
2. 假日時營區的冰箱會擠滿，建議自行攜帶冰箱。
3. 晚上十點後沒有管理，直到凌晨兩點才比較安靜。
4. 凌晨時有野狗翻垃圾桶，早上地面上滿是垃圾。
5. 營位與營位之間距離較近，不適合搭建大型帳篷或帳篷。",3,1,0,6841,,2023/05/09,0,中立
第一次露營有點像在市集，帳篷都擠在一起，周遭滿滿的車輛。我誠摯建議管理者減少目前營位的60-70%，這樣才能有更好的品質。,3,1,0,6851,,2023/05/09,0,中立
最近在露營區發生了一些困擾，特區的環境相對較差，希望管理單位能夠設定宵禁規定。有些露友在晚上違反秩序，喧囂不止，影響了其他露客的休息品質。希望各位能夠互相尊重，保持營區的寧靜與愜意，一同享受大自然帶給我們的美好。感謝營區管理單位的關注。,3,1,0,6852,,2023/05/09,0,中立
視野很好，供水供電充足，浴廁設備齊全，但缺乏清潔。,3,1,0,6871,,2022/05/09,0,中立
營區很寬敞，有專人負責清潔，空氣清新，景色優美，唯一的問題是道路有點狹窄，開車時要注意安全，上山時請行駛緩慢。,3,1,0,6899,,2022/05/09,0,中立
這個地方空間很大，風景不錯，只是上山的路太窄，開車很困難。,3,1,0,6921,,2021/05/09,0,中立
這個地方景色優美，草地也很不錯，但帳篷相連有點擁擠。衛浴設施太少，需要等的時間比較久。,3,1,0,6955,,2021/05/09,0,中立
營地的熱水器有2到3台壞掉了，我住的那兩個營位中有一個熱水器搶了一台，現在只剩下一個可以用來洗澡。我去其他洗澡間洗澡，但發現熱水溫度無法控制，有時會突然變成攝氏100度的熱水，我被燙到兩次，還好我只是用手試水溫。後來我換到第三間才解決了洗澡的問題。另外有人帶狗去營區露營，假日帳篷營位擠滿了，孩子們的活動空間變少了。風景很漂亮，有美麗的夜景，生態也豐富，有很多螢火蟲，草地維護得很好，整個營區的規劃也很不錯。建議營區主人可以在衛浴設施和活動空間多下點功夫。,3,1,0,6965,,2020/05/09,0,中立
這個地方的夜景真的很壯觀，可惜浴室設施有點不足，在客滿時等候的時間也相對較長，而且熱水非常不穩定，時冷時熱，甚至燙傷了我老公的手。希望旅館管理者能夠重視這個問題。,3,1,0,6967,,2020/05/09,0,中立
洗澡時熱水冷熱難調，一套熱水器應該夠了，只是水壓可能需要改善，以免熱水供應不穩定。,3,1,0,6974,,2020/05/09,0,中立
設施有限，只有兩間浴室和兩間廁所，建議您提早前往洗澡，否則可能要等很久。,3,1,0,6980,,2020/05/09,0,中立
這個地方的風景很美，可惜空氣污染很嚴重。營地提供了寬敞的空間，並保留了公共空間。孩子們玩得很開心，但衛浴設施真的太少了。好在沒有小黑蚊，但傍晚會有幾隻大蚊子。,3,1,0,6989,,2020/05/09,0,中立
衛浴設備不夠，每個衞浴區只有一台吹風機，營位是由營地管理者分配的。當天有濃霧，沒能看到美景，但提供了飲水機。,3,1,0,6990,,2020/05/09,0,中立
營區的路線比較普通，不過風景很漂亮！價格稍微有點貴！,3,1,0,7011,,2019/05/09,0,中立
這個地方風景優美，空氣清新，唯一不足之處就是廁所太少。,3,1,0,7013,,2019/05/09,0,中立
景觀在台中、埔里、草屯和彰化不錯，但缺點是這些地方沒有遊樂場。,3,1,0,7026,,2019/05/09,0,中立
在2022年第48週，氣候達人報導說，座落在碎石草地下的露營區，分配到的座位地面不平且有水溝蓋凹洞，搭帳時不太方便。旁邊的大鐵皮雨棚看起來有些荒廢。如果要選擇這個營地搭帳，建議選擇在上方的類森林系營位，比下方的營位整潔許多。,3,1,0,58,,2023/05/06,0,中立
這裡的大部分地方都收得到訊號，只有台灣大哥大的訊號比較弱。,3,1,0,72,,2023/05/06,0,中立
覺得規劃不佳，容易斷電，衛浴清潔程度有待加強，但空間很寬敞。,3,1,0,117,,2022/05/06,0,中立
這裡有很親切的老闆，而且交通很方便，離市區很近。如果是想舉行家庭聚會露營的話，這裡是個很適合的地方，我會推薦這裡。然而假日的人潮很多，所以廁所可能會不夠用。如果是想要欣賞美麗的風景，這裡可能不太符合你的需求，因為比較低海拔，所以會有點炎熱。,3,1,0,134,,2022/05/06,0,中立
熱水溫度不穩定，現在夏天還可以忍受這樣的情況。冬天若遇到將會令人感到不舒服。建議老闆應妥善處理這個問題，並且要安排清潔人員經常清潔廁所、清理垃圾，因為尿騷味相當嚴重！另外，頻繁跳電的情況非常嚴重，老闆應該改善這三個問題…花費這麼多金錢而獲得這樣的感受實在是令人失望。,3,1,0,138,,2022/05/06,0,中立
營區的區域很寬敞，但衛浴設施的數量有些不足，而且洗澡時水流有時大有時小，溫度也不穩定。,3,1,0,146,,2021/05/06,0,中立
這個地方環境還可以，但是沒有提供飲水設備。,3,1,0,150,,2021/05/06,0,中立
路況良好，但衛生狀況仍有改進的空間。廁所較少清潔，垃圾桶滿了尚未清理。,3,1,0,169,,2021/05/06,0,中立
四個月前，友人安排了一個露營計劃。昨天早上，十九個家庭各自從不同地區出發，北區來自基隆，南區從台南而來。約莫11:30時，所有友人都聚集在一起，總共有93位參加者，包含小孩。從午餐開始，我們就開始愉快地聊天、享用美食、暢飲、歡笑，一直持續到此刻！根據現場情況，這個中秋連假的另外兩天，肯定也會很愉快！我的心情非常高興！,3,1,0,175,,2021/05/06,0,中立
廁所離浴室有一點遠，沒有飲水機，但環境還算不錯。,3,1,0,201,,2020/05/06,0,中立
這個地方很寬敞，草地和樹木都打理得很好，開車去營區的路很方便。,3,1,0,218,,2019/05/06,0,中立
宁静区有些地方有很多落叶，而且下雨后变得湿漉漉的，洗澡时水压也不太稳定。,3,1,0,243,,2022/03/01,0,中立
營地的主人很友善，但管理稍微有些問題。晚上7點多時，還未到8點，有人抱怨我太吵，後來主人來提醒我要輕聲一點。然而在晚上10點前，因為氣氛不太好，我決定離開了。,3,1,0,303,,2023/05/06,0,中立
營區很乾淨，沒有太多的燈光，而且很安靜，除了昆蟲和動物的聲音，是露營的理想地點。,3,1,0,335,,2023/05/06,0,中立
如果您擔心營區附近馬路的車聲，建議在預訂時選擇靠近釣魚池的區域，這樣就可以遠離馬路。營區本部和雨棚區相連，如果您在意在別人家門口睡覺的話，最好不要選擇雨棚區。營本部有兩台冰箱，在雨棚區露營的時候，夜間可能會聽到冰箱的壓縮機運轉聲音，相當吵。營區的路況良好，導航設備可以順利帶您到達目的地。五星級衛浴設備非常寬敞，一家四口一起洗澡也不會擁擠，並提供洗髮精和沐浴乳。釣魚池開放時間需視老闆安排，不能隨時釣魚。,3,1,0,378,,2020/05/06,0,中立
優點：露營場地寬敞，營位設施完善且維護良好，提供多樣親子設備，並享有優美景色。缺點：野貓密度極高，曾有經驗星期五晚上放在水箱中的牛肉被野貓咬走，次日星期六早上將雞腿放在鍋中冰鎮，卻遭到野貓入侵並偷吃，食物被咬傷無法食用，只能棄置。另外，早上7:00左右會有猴群出現在帳篷附近覓食，因此需特別注意食品保存措施。,3,1,0,470,,2024/01/06,0,中立
優點：園區整潔，園主勤於維護。缺點：地面堅硬，不易釘營。各區帳位樹木被砍伐，高低不一，有些不到三十公分高，無警示燈，夜間行走需小心以免撞到。園內有蜂類，請務必注意安全。,3,1,0,473,,2023/11/06,0,中立
這個露營地整理得很好，裝備齊全，而且地面很硬。有許多大帳篷設置得很遠。是一個非常熱鬧的地方。,3,1,0,497,,2023/05/06,0,中立
營區非常大，約有120個帳篷，徒步到底大約300公尺。評價如下所述：路況為4.5顆星，最後一段山路較難駕駛。注意Google導航會建議在前方左轉，但營地主人設有指示牌要在再開150公尺後左轉，這才是正確的上山道路。水電和冰箱為4顆星，兩個帳篷共用洗碗台。晚上使用時容易遇到電壓不穩的情況，特別是在洗澡時段。4到5區共用一個商用冰箱和一個冷凍櫃，先到先贏。垃圾桶只有1顆星，回收、廚餘和垃圾桶僅在廁所外提供，非常不方便。浴廁為3.5顆星，4到5區共用4到5間廁所和浴室，在尖峰時段需要排隊。營地設施為4顆星，不易釘機，容易歪掉，這點有點讓人懷疑地面是否是水泥地；優點是營地寬敞且停車方便。整體來說，在群山環繞下的梯田式大營區還不錯，晚上洗澡時可能會有輕微尿騷味，建議自備玩具以應對活動區排隊。,3,1,0,510,,2023/05/06,0,中立
"1. 洗澡時要注意水溫，避免被燙傷或凍傷。
2. 碎石區的石子很銳利，易造成多處傷口，敲釘時要小心，地面硬且容易受傷。
3. 保持廁所清潔是很重要的。",3,1,0,522,,2022/05/06,0,中立
這個營區很寬敞而且風景不錯，還有提供冰箱設備。不過地面多石頭，插營釘很困難且容易松脫，需要使用30公分以上較粗的釘子才能固定。晚上常常遇到強風，許多帳篷夜間被吹倒，引發一片驚呼聲。因此選擇此營區時要考慮好天氣的條件，並且不太適合新手露營者，提供參考。也有看到有人在車上過夜。,3,1,0,526,,2022/05/06,0,中立
營區的環境還不錯，雖然沒有很壯觀的景色，但整理得還算整齊，唯一比較讓人困擾的是洗澡時水溫忽高忽低，干擾了洗澡體驗，其他方面表現還可以。,3,1,0,527,,2022/05/06,0,中立
營地風很強，地上有碎石和草皮不容易釘營！廁所較少，如果可以設立分區衛生設施會更理想。不過遊戲設施讓小孩玩得很開心！,3,1,0,545,,2022/05/06,0,中立
營區環境優美，但唯一的問題是有很多露營客和孩童，導致噪音很大。他們似乎缺乏時間觀念，甚至在晚上11點後還在喧譁。營區管理者似乎也沒有積極管理這個情況。,3,1,0,547,,2022/05/06,0,中立
整體來說，環境還算不錯。路面多是碎石，很像健康步道。 浴廁雖然比數眾多，但有點偏遠。每小時有工作人員清理垃圾和打掃廁所，所以整體算是很乾淨。,3,1,0,550,,2022/05/06,0,中立
這地方交通便利，幾乎都是兩線道可車，路線流暢。營地地面有很多鋒利的碎石，建議攜帶不鏽鋼營釘或多帶一些營釘。風景優美，心曠神怡！遊戲區位於最下方，需走一小段下坡路段。在露營當天至少有五次以上停電，不清楚原因，建議攜帶非插電照明用品。廁所熱水不穩定，有時忽冷忽熱的情況發生。營地沒有飲水機，請務必攜帶足夠的飲用水。,3,1,0,560,,2021/05/06,0,中立
這個營區空間很廣闊，適合孩子盡情放電的好地方。營地主人很細心，戲水區提供遮陽傘讓家長和孩子們在陽光底下也能舒適遊玩，但還有一些地方有待改進！1. 垃圾桶設置位置較遠。2. 廁所裡外照明不夠，在夜晚可能有安全疑慮。3. 熱水器溫度不穩定。4. 營區的營釘難以固定，地面上碎石過多，容易踩到石頭。,3,1,0,573,,2021/05/06,0,中立
這個地方真是又硬又容易積水，要特別小心被蚊蟲叮咬。,3,1,0,575,,2021/05/06,0,中立
"1. 雖然石頭地不適合插釘，但也不會弄髒鞋子。  
2. 租借帳篷的過程沒有得到協助，但好在有朋友一起協助設置。  
3. 到達營地後沒看到營主，不知道去哪找，跟其他營地的熱情服務有點落差。  
4. 露營結束後需要自行處理費用，比外面租用還要昂貴。  
5. 充氣墊沒有電源，幸好有朋友幫忙充氣，否則就不知道要怎麼辦了。  
6. 洗澡水溫有問題，要不超燙，要不超冷，後來索性停止沖洗。  
7. 小孩玩樂的地點遠且有限，希望能改善讓小孩在露營地附近也能玩得盡興。  
整體環境非常安靜，離老街也很近，但若能改善上述問題就更完美了。",3,1,0,583,,2020/05/06,0,中立
路況很糟糕。導航要經過內灣老街時，假日會塞車。營地地面非常硬又有很多石頭，普通的營釘多敲不進去。但衛浴設施還可以。,3,1,0,592,,2020/05/06,0,中立
這塊碎石地真的很難釘搭帳篷，而且還受到強烈的東北季風影響，導致帳篷被吹斷一半。露營的朋友們必須在夜間撤營，真是一次慘痛的經驗。,3,1,0,613,,2019/05/06,0,中立
這個地方環境優美，但還需要更多的宣傳和投資。,3,1,0,625,,2019/05/06,0,中立
露營地的設施很完善；但是碎石地不太容易釘營釘。,3,1,0,634,,2019/05/06,0,中立
石頭太多的地方，很難打入營釘。,3,1,0,658,,2018/05/06,0,中立
碎石地太硬，營釘很難打進去。廁所太少，垃圾桶也稀缺。,3,1,0,687,,2020/11/28,0,中立
這個營區的排水情況非常糟糕。雖然非常適合小孩露營，但就算下雨不到5分鐘，就會積水，淹的比營釘還高。當大雨來襲時，營主只來“關心”了一下就離開了。在過去的3年裡，我們雖然只露過30次營，遇過不少暴風雨，但從未遇到排水情況如此糟糕的營地。地面充滿碎石，草皮不平，明顯有高低起伏，再加上排水緩慢。蚊蟲、蒼蠅、蟑螂、大大小小的螞蟻多到不勝枚舉，沒關係啦，這是大自然啊。我想如果天氣一直好的話，這個營區可以成為兒童樂園，讓賓主盡歡。,3,1,0,700,,2020/05/18,0,中立
整體而言感覺還可以。帳篷的尺寸很大，搭建起來的空間還算夠，但是在釘營釘子的時候確實有困難，當風很大時可能會有釘子被拔起的風險。,3,1,0,722,,2019/03/14,0,中立
晚上使用浴室感覺通風，溫度有點太低。,3,1,0,820,,2017/05/02,0,中立
整體環境還不錯，視野很開闊，並且附近有方便的全聯可以購物，唯一要注意的是山路有點陡，開車要小心，另外老闆的誠信讓整體感受稍微打了折扣。,3,1,0,859,,2023/05/07,0,中立
D區女生廁所的設施不夠用，家長帶小孩洗澡時常常需要排隊等待，因此建議增加座式廁所或者安裝安全扶手，尤其方便了老年人或不習慣蹲廁的人。在DE區共同使用一個冷凍庫，希望也能增加冷藏的功能。希望能夠設置一個大雨棚，方便大家在下雨時遮風避雨。,3,1,0,925,,2019/05/07,0,中立
環境舒適衛生，景觀開闊，空氣清新。,3,1,0,926,,2019/05/07,0,中立
"這個地方交通方便，開車到三星鄉的味珍香跟全家大約需要10-15分鐘。附近有許多景點可遊覽，像是松蘿和九寮溪步道。不過秋冬季節容易刮大風，晚上可能會有些不安穩。

",3,1,0,940,,2018/05/07,0,中立
天氣轉涼時去露營應該不錯，地點靠近市區，夜晚的風景很漂亮。,3,1,0,944,,2018/05/07,0,中立
在營地的碎石地要小心下釘，地面比較硬。,3,1,0,982,,2021/12/14,0,中立
在C區的草地上，有一堆護草墊造成排水問題，導致小朋友們無法盡情奔跑，多次被絆倒並受傷。他們只能遊玩的空間僅限於靠近沙坑的一小塊地方。值得一提的是，該區有熱水水槽以及獨立區域供使用者沐浴，然而衛浴清潔狀況只算一般。,3,1,0,1042,,2024/02/07,0,中立
記得要走內灣那條路，雖然車子比較多，但路程比較短。,3,1,0,1062,,2023/05/07,0,中立
這句話的意思是「普普通通，登上小山坡的小徑上長滿了雜草和樹枝，需要修剪，打三顆半星」。,3,1,0,1080,,2023/05/07,0,中立
看了大家的評價後很期待造訪，我也向老闆確認了是否有開放飄飄河，但結果只有A區有飄飄河，其他區根本沒有開放，令人失望。不過，水廁裡有防蟲紗網這點蠻貼心的。,3,1,0,1273,,2023/10/07,0,中立
下午突然下了一場大雨，場地變得泥濘，顯然鋪設的砂石不夠多。但其他區域鋪滿了石頭，所以影響不太大，感覺乾爽許多。其他設施還可以，尤其有小孩的話，可以在水裡玩耍。水源感覺像是山上流出來的，這個季節水管裡會有蝌蚪跑出來。晚上則有許多昆蟲和各種蛾類。,3,1,0,1287,,2023/06/07,0,中立
新營主非常熱情，提供乾淨衛浴及廁所設施，並有防疫措施。每區都有衛浴用品。然而，只有A區附設冰箱、飲水機和脫水機。建議增設更多冰箱，因為全區共有A到F區，僅一台冰箱確實有點不足。區內有許多浪貓浪狗，晚上要注意收好食物，避免牠們打擾。熱水器有時沒電，水壓又不穩定，希望能有所改善以應對冬天。在露營時遇到下雨，C區積水嚴重，請注意地面泥爛滑溜。營主已答應改善情況。,3,1,0,1347,,2023/05/07,0,中立
營主人很友善，但營區劃分不夠清楚，先到先得。,3,1,0,1377,,2022/05/07,0,中立
總的來說還算可以，可能營區評價不太高，也沒有提供床單。我們住在C區，如果有4人可能會稍微擁擠。冬天去的話不用擔心蚊蟲，只見到一隻小蟑螂。衛浴設施不錯，但要自己保持乾淨，有時看不到主人清潔。營區旁邊就是大馬路，有時會有機車隊經過很吵。可能是因為路邊有一隻大野狗闖入我的帳篷。,3,1,0,1382,,2022/05/07,0,中立
這個營地看起來曾經很用心經營，但現在已經荒廢了。也許因為大家都在加班加課，所以我們包場使用。營區沒有大門，讓人感到有點不安全，因為有時會有過路客將車直接開進來參觀，甚至使用洗手間。營地老闆只在收費時出現。浴室的熱水有幾間會時冷時熱。,3,1,0,1388,,2021/05/07,0,中立
洗澡時瓦斯不夠，晚上洗澡很冷，不過草莓很便宜。,3,1,0,1389,,2021/05/07,0,中立
A區旁邊有一條小溪，並且營位旁有一個生態池，裡面長滿了蝌蚪、青苔和水草，但裡面的水可能不夠乾淨，小孩玩水時要小心。然而，這個地方也有一些缺點，比如廁所很髒，只有固定時間清潔一次，需要遊客提醒才會打掃；營區的排水速度慢，沒有提供草皮保護墊，但可以提供帆布；營位比較小，帳篷都相連在一起；水槽旁沒有垃圾箱，而且垃圾桶沒有蓋子，半夜可能會有流浪狗來翻垃圾。優點方面，浴室水量充足且溫度穩定，還提供洗髮乳和沐浴乳；另外還有冰箱、飲水機、脫水機，且泡溫泉有特惠活動。,3,1,0,1401,,2020/05/07,0,中立
建議事先詢問一下，看看漂漂河的頂部區域是否開放。這個地方看起來有點貴，也沒人維護整潔。排水系統也不太好，下雨的時候可能會有問題。你還得向隔壁借護草墊。,3,1,0,1410,,2020/05/07,0,中立
腹地十分狹小，搭好帳篷後幾乎沒有可以活動的空間，但環境整潔度還可以。,3,1,0,1412,,2020/05/07,0,中立
希望營地的蹲式廁所能保持乾淨，一打開門就看到有些不太好看的痕跡真的讓人不舒服。,3,1,0,1413,,2020/05/07,0,中立
D區位置狹小，我們四個營位的人勉強將車停進營區，否則就得停在路邊。營區位於路邊，需特別留意小朋友是否會跑到馬路上。若要前來，建議租用整個營區較為適合。,3,1,0,1453,,2022/10/12,0,中立
C區排水系統和水壓問題。新營主很熱情，保持衛生乾淨，還幫忙消毒。晚上要注意收好食物，不然貓貓會跳上桌子找吃的。建議營主改善C區的排水系統和衛浴水壓。,3,1,0,1457,,2022/06/27,0,中立
跟原先預期稍有差异。,3,1,0,1472,,2021/03/03,0,中立
C區的浴室和廁所很髒，有很多蟑螂。可能是因為營地主人沒有住在現場，所以這次前往時被隔壁區域的噪音打擾得無法入睡！一群年輕人晚上10點開始唱卡拉OK，一直唱到半夜12點！第二天向營地主人抱怨，但營地主人沒辦法解決這個問題，這樣以後可能就不會再去那個營地了⋯⋯,3,1,0,1475,,2020/08/21,0,中立
整體而言，這個地方還是可以推薦的。儘管在路邊的情況下，一般來說並不會太吵。,3,1,0,1478,,2020/03/04,0,中立
這個營區山谷中夏天有點悶熱，廁所很髒沒怎麼打掃，不會再去第二次。,3,1,0,1479,,2019/12/23,0,中立
B區的露營營位環境乾淨且靠近北埔市區，補給方便，非常適合不想開伙的輕裝露營。然而，需要注意以下幾點： 1. 營區照片未更新，設施如鞦韆、水池和沙坑已消失，要自行攜帶娛樂用具。2. 洗澡時可能會遇到沒熱水的情況（大約在晚上8:30左右），且洗髮乳等用品按壓可能故障。3. 雖然營區設有晚間安靜時間至22:00，但隔壁區的喧囂或小孩奔跑卻一直持續到深夜，且營主未規勸。,3,1,0,1524,,2023/12/07,0,中立
下雨天的碎石區變得泥濘不堪，整個地方像水鄉一般；衛浴設施雖然沒有乾濕分離，但希望至少能加裝垃圾桶，減少氣味和保持美觀，並且需要強化衛浴和營地的排水系統。在碎石區的大斜坡上，雨天時造成大人和小孩多次跌倒，相當危險，請務必加以處理。,3,1,0,1526,,2023/11/07,0,中立
營地主人親切有禮，只是少了親子浴室。,3,1,0,1574,,2020/05/07,0,中立
這個營區地方不大，可惜停車空間不足。遊戲區設備豐富，孩子們玩得不想離開。不過可惜蚊蟲太多，每個人都遭受叮咬，每隻腳至少被咬了200包。最後只好硬拉孩子們回家，否則這是個相當便利的營區。,3,1,0,1578,,2020/05/07,0,中立
在北埔市集附近，營區規模較小，鄰近營區的道路交通順暢清晰，但要注意小黑蚊的存在。,3,1,0,1581,,2019/05/07,0,中立
車道和場地的配置還算可以，尤其適合中小型團體使用。設備的清潔狀況也還不錯。,3,1,0,1592,,2019/05/07,0,中立
在路口的地方應該把路標標示清楚一點比較好。,3,1,0,1711,,2018/03/20,0,中立
營區人潮眾多，鄰近營區十分吵雜，內部道路狹窄，導致車輛底盤擦傷。,3,1,0,1753,,2023/11/07,0,中立
這段話的意思是：計畫太多帳戶了，就像是一個隔間的分租套房。如果帳戶滿了，就沒有空間可以活動了。浴廁還算乾淨，但是數量相對來說有點不夠。,3,1,0,1767,,2023/05/07,0,中立
營地的設施還不錯，但有5個帳篷只能共用2個電箱和洗菜枱，不夠用。另外，廁所和浴室還可以，但屋頂都是透光的罩子，夏天的時候裡面很像烤箱一樣太熱了。而且廁所前的洗手枱只有一個小小的，不太好用也不夠用。,3,1,0,1780,,2023/05/07,0,中立
營地各區空間並不寬廣，但平日只有一輛車時感覺不會擁擠，不過夕陽景觀可能會被樹木擋住，最頂層的營位靠近馬路可能有點吵，整體環境算是相當整潔！比較不好的體驗是，入住時談好車輛停放不打折，之後卻被告知第二天拔營前露營車不能使用電力，需另外支付費用！？！ 為相同費用，露營可以使用電力，車輛卻不行？？？看起來營地主人對於車輛住宿較不友善，如果有車宿喜好者需入住，請慎重考慮……,3,1,0,1787,,2022/05/07,0,中立
我和朋友一起來露營，雖然朋友是訪客，但不到一小時，一人還是要收100元。我沒有被收100元，因為我和家人一起露營。如果是一起露營的就不用嗎？如果早知道就說要一起露營就好，不是說不能收，只是100元真的有點偏高。建議可以用時間收費，入場一小時內免費，超過一小時收50元，超過兩小時以上收100元，限一人100元。不然司機載我們進來喝杯茶也要收100元，有點不太妥善。,3,1,0,1796,,2022/05/07,0,中立
環境還算不錯，從遼望台走上去大約需要30分鐘，可以欣賞到360°的美景。參觀每個營地收費為每人100元，而位於最上面靠路邊的營地地面是磚砌的，不太適合釘帳篷。,3,1,0,1800,,2022/05/07,0,中立
風景不錯，但浴室熱水時冷時熱。,3,1,0,1830,,2020/05/07,0,中立
因為霧氣和濕氣太重，所以視野受到影響，晾晒衣物需要花更多時間。,3,1,0,1831,,2020/05/07,0,中立
夜晚遇到濃霧時，頭燈所照射的東西看起來都像水滴。在營地裡有些小黑蚊，景區相當大，有許多斜坡。冰箱位置很遠，需要走一段路才能到達。營地主人會帶遊客到附近逛逛，但使用貨車載遊客坐在貨斗裡有些不太安全。建議提供地圖，讓遊客可以自行開車前往。,3,1,0,1834,,2020/05/07,0,中立
草地很美，營地主人也很親切。但晚上蚊蟲實在太多，令人無法忍受。另外，衛浴設施也太少了。,3,1,0,1858,,2019/05/07,0,中立
老闆提供清涼的夏日飲品，並且在經營露營區時非常用心種植樹木。,3,1,0,1859,,2019/05/07,0,中立
這個地方風景雖然不錯，但可惜沒有提供沐浴用品和吹風機，方便性打了折。,3,1,0,1861,,2019/05/07,0,中立
五月的白天從中午開始很炎熱，晚上則變得涼爽，這時露水比較濃厚，草木茂盛，但卻有些許蒼蠅和蚊子，衛浴間設施不夠用，洗澡時要排隊等候，建議在中午前搭營，隔天早點離開，這樣比較不會感到炎熱。,3,1,0,1864,,2019/05/07,0,中立
營地管理者不補維護露營區，半夜有人還在打麻將，喧哗聲音不斷，洗澡時完全沒熱水。孩子洗澡時也沒熱水可用，他們只能硬著頭皮洗完澡。我們趕緊向營地管理者反應問題，他們過來換了瓦斯，結果依然沒有熱水可使用。營地管理者不僅沒表達關心，當我們告知孩子洗冷水澡時，他們直接當作沒聽見！另外一間也是洗到一半沒熱水，持續等了將近十分鐘換瓦斯，總之，孩子星期日晚上就發燒了！想問一下，營地管理者不應該定期查看有沒有瓦斯供應嗎？晚上氣溫低，得等所有人用完冷水後才通知，這感覺不太合適吧！而且營地管理者也不管露營者，半夜兩點有人在打麻將，另一區則是喧鬧聲不斷，感覺真的很糟糕！,3,1,0,1879,,2024/04/23,0,中立
房間較擁擠，位於G區，洗手台與水槽共用一组；附近沒有棚板，否則可以共用三组；有一間廁所和一間浴室，雖然不太方便但相對乾淨；插座位置較遠，使用了兩條延長線（10米+15米）；活動空間較狹小；冰箱只有在營區才有。,3,1,0,1907,,2022/04/13,0,中立
營區有些擁擠，然後會有狗狗來咬鞋子。,3,1,0,1942,,2020/08/12,0,中立
這次我們預定了在七號草地區，場地非常狹長，實在太小，根本無法擺放七個帳篷，我向營地負責人反映後，得到的回覆也是無法接受。,3,1,0,1956,,2019/08/03,0,中立
太多蟑螂了，7號區場地太小，建議不要露營！,3,1,0,2024,,2018/06/20,0,中立
營位有點擁擠，洗手台位置不夠方便。廁所明顯不夠，不過其他方面都還好，營地老闆人很好。,3,1,0,2035,,2018/05/01,0,中立
營主原本承諾A區有10帳，但卻有三帳多被擠進來，營主稱是因為訂位系統出錯造成。營主雖和善，但不確認對方的訂位訊息，讓我們受損。即使只有一晚，我們提前五個多月預訂，卻像無物。很生氣，不過還好我們三天都玩得很開心。希望下次營主能夠果斷一點，不要再把問題推給別人，而是堅決解決問題。,3,1,0,2060,,2018/01/08,0,中立
營位的大小跟網站上描述的不一樣。進到營區後並沒看到預期大小的營位，但馬上被問及尾款，感覺很不好。當我們準備搭建方形天幕時，才發現營位實在太小無法搭建（我們在草皮區域，靠近單帳那邊）。方形天幕的大小是440*550，而營區網站上標示的營位則是5*5。這僅供大家參考，沒有其他意思。,3,1,0,2116,,2017/07/14,0,中立
有很多蟲蟲，浴室裡也有很多，很容易身上出現Dior標誌，而且沒有提供飲用水。上山路不好開，還要二十五分鐘才能抵達。只有G1區有美景，但夜景不如宜蘭市的夜景。可能不會再造訪了。有很多地方可以用一千元去玩。,3,1,0,2175,,2023/05/07,0,中立
這次在宜蘭露營真是遇上了不少挑戰，因為下雨的影響導致整個營區濕潤、起霧，加上營地照明不足和排水問題，造成搭建帳篷的困難，也難以欣賞美景。總結來說，下次應該考慮其他地方露營了。,3,1,0,2176,,2023/05/07,0,中立
營地遇到困難，無法釘下帳篷，而且山上的道路未被整理，難以通行。,3,1,0,2187,,2022/05/07,0,中立
廁所的數量有限，因此需要排隊時可能會感到不方便。,3,1,0,2222,,2020/05/07,0,中立
景色看起來不錯。在未開放的G區可以看到龜山島和蘭陽平原的夜景。晚上關燈後，可以欣賞到滿天的星空，甚至有機會看到銀河。滑草區讓小孩非常開心，中間的草皮很適合遊戲，玩沙有遮陽設施，旁邊也有水池供玩水，但需注意水池邊緣很高沒有可上下的地方。管理員非常親切熱心，廁所衛浴設施打掃的很乾淨。AB區離浴廁較遠，如果營區帳數多時，衛浴可能會供應不足，而且冷熱水控制不太好。雖然提供了水桶，但這次確實碰到了很多蒼蠅，沒有看到小黑蚊。,3,1,0,2225,,2020/05/07,0,中立
剛好碰到營區的住客素質不高，學生晚上喧嘩到半夜，老人清晨五點就起來大聲談話和上廁所，浴廁的清潔也沒有維護好... 熱水還時常不穩定.... 來這個營區可能真的要看運氣了。,3,1,0,2229,,2020/05/07,0,中立
營地不算太大，但海拔很高。晴朗的夜晚可以欣賞星空，但天氣炎熱時最好不要在正午時分上山露營，因為沒有遮蔽物擋住陽光。水電設備方面還不錯。,3,1,0,2236,,2019/05/07,0,中立
G區夜景很漂亮，但衛浴設備需要改善，環境衛生需要更加注意！,3,1,0,2244,,2019/05/07,0,中立
生日的旅行計畫好不容易，但從台七甲上去後轉段路完全沒有路燈，至少還要開20分鐘。溫馨提醒夜晚前往的朋友們要注意安全。在營區裡，蟲子真的多到無法抵抗，而且也沒有飲水機。入住的朋友請特別留意。此露營地點上網搜尋的照片可能已經過時，要仔細核實。一帳1000元的價格可能有更好的選擇。,3,1,0,2278,,2022/12/08,0,中立
G區的營位白天和晚上的風景都很美，感覺截然不同！草皮長得很高，環境看起來已經很久沒有整理了！偶爾會有虎頭蜂飛來飛去！營位裡有衛浴設備、冰箱和冷凍櫃，非常方便。洗澡間和廁所是分開的，但清潔狀況較不理想。最值得一去的是營地的風景，如果要挑選的話，G區最適合看夜景和龜山島！,3,1,0,2281,,2022/08/01,0,中立
雖然是雨天，但沒有泥濘。孩子們依然玩得非常開心。,3,1,0,2285,,2022/04/08,0,中立
狀況一般，環境比較雜亂，設備有點不方便。,3,1,0,2288,,2021/11/22,0,中立
第二次造訪G區，帳位又小，營地規劃不周全。G區營地車輛亂停，公共空間有限，帳篷前擋著別人的車輛。營地18帳位僅有2間衛浴、4間廁所，洗澡水溫忽冷忽熱。雖提供兩台冰箱但不冷，食材容易酸壞，洗菜洗手台都在廁所，相當不方便。整晚跳電5、6次，早晨5:30也跳電！夏天無電風扇，只好碰破得早點離開。好處是風景確實不錯，夜晚很涼爽！千萬別去訂G區！,3,1,0,2303,,2020/06/29,0,中立
需要在草坪上加裝護墊、修復營區內的階梯、處理衛浴空間裡的蚊蟲问题。,3,1,0,2311,,2020/02/22,0,中立
連假時營地雖然一直下雨，但人潮依然湧入，設施可能快撐不住；此外，發現原本的冰箱有點髒，希望能提供分離式冷凍冰箱。,3,1,0,2315,,2019/07/17,0,中立
"1. 小孩容易受到威脅因營位位置過近車道（D和F區）。  
2. 浴室熱水嚴重不穩定，時冷時熱。  
3. 冷藏和冷凍庫的溫度不夠低，讓人困惑。  
4. 可能需要在夜間營區設立管理員或營主，以應對夫妻大聲爭吵事件，保障露營友的休息品質。",3,1,0,2368,,2018/04/09,0,中立
元旦那天下雨真讓人感到不舒適。上層區域的規劃做得不太理想，浴廁一般般而已，和去年的感受有很大的差別。,3,1,0,2377,,2018/02/12,0,中立
今天天氣很糟糕，無法享受美麗風景，希望下次能再來! 沙坑區的雨棚已經破損，導致小孩無法遊玩，建議儘快進行維修。露營地的洗手台都沒有清潔，上面沾滿了許多污垢，讓人感到不舒服。,3,1,0,2379,,2018/01/05,0,中立
營地的主人很友善，營地的品質也不錯。,3,1,0,2452,,2016/12/30,0,中立
環境整潔，草地打理得很好。,3,1,0,2528,,2021/05/07,0,中立
不太建議參加週五的露營夜活動，因為營地負責人常常深夜才回到家，導致無法放置食物在冰箱冷藏，結果隔天我們的雞肉就爛了。不過可以肯定的是，浴室設施非常乾淨，而且營地負責人也非常勤於維護每區的公共衛生。,3,1,0,2542,,2021/05/07,0,中立
營地整潔，衛浴設施良好，景色還可以。距離瀑布很近，大概要走40分鐘的路程。,3,1,0,2549,,2020/05/07,0,中立
這個地方的環境很棒，讓人更貼近大自然，且附近有瀑布和清涼的溪水，還有適合小朋友玩水的區域。整體營區很不錯，只是可能會有比較多的螞蟻。,3,1,0,2550,,2020/05/07,0,中立
這個地方自然環境豐富，有很多毛蟲，晚上可能會有各種昆蟲出現，怕昆蟲的人需注意。空氣清新，但缺少景觀。營區負責人勤勞地收拾垃圾和清潔廁所。,3,1,0,2582,,2022/12/08,0,中立
在C區選位時，要看看露營的朋友們是否有公德心。有些人在入住當天晚上十點半大聲聊天，還有人在C區浴室晚上十一點使用吹風機時邊聊天。聊天的聲音比吹風機還大聲。詢問老闆後得知晚上十點後原則上禁止大聲喧嘩，但是卻出現了上述情況。老闆也沒有出來管理入住的露營地，也沒有宣導給露營的朋友們。這種時候就只能碰運氣了。,3,1,0,2622,,2019/08/20,0,中立
環境不錯，營區主理品質用心，但可惜出入口道路情況欠佳，底盤被刮了好幾條，泳池磁磚也需要改善，有小朋友被磁磚刮傷，好在營區提供了保險，算是盡到責任了。,3,1,0,2746,,2023/05/07,0,中立
這個地方並不適合，因為沒有飲水機和沐浴用品需要自行攜帶、景色普通且附近有農地，蒼蠅較多，上山道路狹窄且路況不佳，底盤低的車輛不建議前往，而且交通壓力很大，個人不推薦造訪。,3,1,0,2787,,2021/05/07,0,中立
營區早上10點開門，請大家不要太早到，以免打擾到營主，感謝配合。,3,1,0,2793,,2021/05/07,0,中立
草地區到洗澡堂有些遠了！,3,1,0,2797,,2021/05/07,0,中立
基本設施不錯，但傍晚到隔天總是有一股雞屎肥的惡臭，讓人覺得有些困擾。而且這種臭味一直緊貼在身邊，讓人很難受。在其他營地或許會遇到各種蟲，但卻沒有像這樣蜜蜂總是緊緊地跟著你，讓人覺得相當困擾。,3,1,0,2812,,2020/05/07,0,中立
在營地的規定裡明確寫著禁止卡拉OK，但是現在卻同時有兩組在營地上大聲放著卡拉OK。我原本以為來到山上露營可以享受藍天白雲、美麗的山景和清新的空氣，但沒想到被嘈雜的噪音干擾。扣一顆星。不過，廁所整潔，營地環境乾淨，真的是一個不錯的地方！,3,1,0,2834,,2019/05/07,0,中立
還不賴，只是周邊都發展了起來！視野還算寬闊！,3,1,0,2842,,2018/05/07,0,中立
路況：白蘭部落的道路相對便利，但營區內的道路較為陡峭，需多加注意。 冰箱：只有冷藏區，沒有冷凍區，而且冰箱僅位於營區本部，取物須走一段較長的路程。 浴廁區：四區和六區的浴廁設施未進行乾濕分離，水泥地板長期潮濕可能長青苔。 由於區域分布眾多，若同時使用量大，浴廁設施必定不足。浴室採用瓦斯加熱，同行者沖洗時有可能突然斷熱水，需中途更換使用，幸好隔壁浴室剛好沒人使用。 熱水控制有些問題，一不小心便容易受涼；浴室內未安裝網狀隔間，有時會有較多蟲蟲出沒。 最後，唯一的小便斗有漏水情況，使用上體驗不佳。 營位：營位較為寬敞，使用空間充裕，土質也容易釘搭。不過部分區域有些不平均，可能會影響桌椅或床位的使用。 供電：晚間突然斷電，其他區域亦無法供電，直到營區主持人維修後才得以恢復。由於我們用電較少並未受到太大影響，但其他區域的使用者就不得而知了。,3,1,0,2964,,2024/01/07,0,中立
營地8區的帳篷區域有7個帳篷和2個天幕，面積相當寬敞，還有大約兩個帳篷的空間可以使用。不過8區的草地維護不夠理想，有一些坑洞，尤其在下過雨後泥濘的情況更嚴重。在營地裡提供了垃圾桶和回收桶，而且有充足的電源插座，洗碗台也足夠大和潔淨。值得留意的是，如果以較低車身或轎車前往8區時，要特別注意右轉上坡時的角度，避免碰撞坑洞和石頭。希望能有所改善。除此之外，草地上的坑洞積水情況嚴重，且營地缺乏護草墊，下雨天時會顯得比較困擾。洗手間與第7區共用，較為整潔，定期清理垃圾，提供熱水但次日卻有缺乏熱水的情況。環境風景包含雲海和螢火蟲，至於冰箱位於營區入口處，距離遙遠，建議可在兩區之間增加冰箱。夜間前往的露營者，路況相對平緩，但要注意中途有一些較大的坑洞和水溝，並且霧氣比較濃密。,3,1,0,2986,,2022/05/07,0,中立
第一區營地風景很美，不過兩隻雞一直輪流叫，24小時都在叫，實在太吵了。更奇怪的是，十月二號六區的雞竟然消失不見，變成了貓。更糟糕的是，浴室的熱水器出了問題，洗澡時會有瓦斯味，有時突然變成冷水。真是倒楣的一天啊。,3,1,0,3000,,2022/05/07,0,中立
個人比較不喜歡廁所和浴室合在一起，尤其是那些比較舊、有許多蟲子、帶有異味的。但除了廁所和浴室之外，風景和草地還不錯。,3,1,0,3008,,2021/05/07,0,中立
在露營時碰到吵鬧的人有點倒楣，但營地管理方也應該適時介入，有些地區的人吵到半夜兩點，雖然營地管理者很友善熱心，整體露營體驗可能受到影響。廁所和浴室的設施還算可以使用。,3,1,0,3011,,2021/05/07,0,中立
櫻花盛開時景色美麗，但會覺得風景無限迷人。不過應該注意到一些小問題，比方說洗澡時水溫會忽冷忽熱，並且兩台吹風機會造成電源不穩。,3,1,0,3014,,2021/05/07,0,中立
場地有點狹小，我建議你考慮天湖露營區。,3,1,0,3018,,2021/05/07,0,中立
營位安排彈性較大，但廁所缺乏天花板，晚上廁所充滿飛蟲，會讓小孩洗澡上廁所感到害怕。此外，冰箱位於營地主體內，當營主不在或休息時會被鎖住，這使得攜帶食材去冰箱的露營者感覺有點不方便。,3,1,0,3036,,2021/05/07,0,中立
現在是四點，太陽很熱，山景不錯，但設施有點少，因為不是花季，可能會有點無聊。我們進去之後才發現要向營地主人付費。,3,1,0,3052,,2020/05/07,0,中立
2區包括整個區域，供應30安培的電力。經常超過8次停電，導致感覺不舒服，同時也需要加強廁所的衛生狀況。,3,1,0,3064,,2019/05/07,0,中立
景色美極了，只是設施有點陳舊。,3,1,0,3072,,2019/05/07,0,中立
2015年的時候和一些朋友一起去露營，我們選了一個比較接近大自然的營區。當時營地的浴室是共用的熱水器，因此水溫取決於隔壁是否有人在使用。那天晚上我們還做了麻糬，現在回想起來真的很好吃。,3,1,0,3077,,2019/05/07,0,中立
這個地方的夜景非常漂亮，只是衛浴設備有點簡陋。,3,1,0,3096,,2018/05/07,0,中立
營區應該很漂亮，因為櫻花已經開滿了。我們的帳篷被樹木遮擋著，無法直接看到山景，有點可惜。廁所還算能用，但熱水不太穩定。幸運的是這次遇到了一些很棒的露營夥伴，他們和我的兒子一起玩得很開心，希望沒有給他們添麻煩。,3,1,0,3111,,2022/01/23,0,中立
第8區的樹屋離營本部很遠，需要走一段稍陡的樓梯才能到浴廁，有點不方便。另外，浴廁沒有頂蓋，常常有很多蚊蟲。,3,1,0,3125,,2020/12/14,0,中立
這個營地設施有點不怎麼好，廁所很少，而且條件很差。,3,1,0,3141,,2019/09/20,0,中立
廁所沒有衛生紙有點不方便，建議裝上衛生紙。另外，草地上有乾掉的狗大便，不衛生。垃圾桶也沒有裝垃圾袋。而且，垃圾桶沒有壓磚塊，這樣半夜會有野狗野貓來翻垃圾。整體來看，仍有待改善。,3,1,0,3156,,2018/11/26,0,中立
如果沒有像喪屍一樣的蒼蠅，這個營區就是100分了～,3,1,0,3184,,2023/05/07,0,中立
這個營區環境整潔，但物價上漲得太誇張了，我應該不會再去了。,3,1,0,3189,,2022/05/07,0,中立
大家在這片草地共用，廁浴設施造型美觀，營區裡也提供冷飲販售。,3,1,0,3217,,2021/05/07,0,中立
在草地上有兩棵落羽松，中間是個露營區，帳篷豎在變色的落羽松下顯得格外有趣。車和帳篷分開放置，但即使是擁擠的時候，仍感覺舒適。有獨立乾濕分離的衛浴設施，洗澡很舒服。路況良好，進入營區的田間小路有些窄，果園和農園環繞周邊。早上可能會有一些蒼蠅，下午有農民戴口罩在噴灑霧狀液體，希望不是在噴農藥啊！,3,1,0,3237,,2020/05/07,0,中立
水龍頭出來的水溫暖如佛心，十分適合冬天露營。不過營區的管理者未允許營客完全使用草地，理由是為了方便管理者騎高爾夫球車穿行，行銷產品。這可說是一種商業手法。,3,1,0,3238,,2020/05/07,0,中立
整體環境還算不錯，不過周圍都是果園，所以蒼蠅比較多。,3,1,0,3243,,2020/05/07,0,中立
我認為這地方不錯，適合遠離城市塵囂，可以在這裡露營或住宿。,3,1,0,3258,,2019/05/07,0,中立
這裡的草地很舒適，廁所保持得很乾淨有人定期清潔，還提供乾濕分離的衛浴設備。不過這裡收帳的人稍微多了一點，有點擁擠。,3,1,0,3263,,2019/05/07,0,中立
你可以察覺到他們用心來維護環境，浴室很乾淨，但小朋友的活動空間有點不夠。,3,1,0,3279,,2018/05/07,0,中立
可以將包棟民宿外的營地電源增加。,3,1,0,3282,,2018/05/07,0,中立
優點是有寬敞的草地；缺點是帳篷收了太多，小孩沒有足夠的空間玩樂。,3,1,0,3289,,2018/05/07,0,中立
"優點：衛浴設施令人滿意，綠草如茵，設施更新
缺點：有太多蒼蠅，營地過於擁擠，小孩娛樂空間有限！",3,1,0,3301,,2018/05/07,0,中立
這次活動可以說是無論風雨都不停，主辦方的用心經營讓我們深有感受。不僅享受了免費的草莓採摘，連吃飯都要看著天空，確實讓人印象深刻，這將會是一段難忘的回憶，甚至還要在車上過夜。,3,1,0,3305,,2017/05/07,0,中立
這個地方的場地很寬敞，有很多區域可供使用。在A區放下行李後，車子需要停在停車場；這裡有一些民宿，看起來設計感不錯，不過舒適度尚不明朗。整個營地很大，讓小朋友有足夠的空間奔跑，主要是平地，相對安全，但可惜的是沒有太好的景觀，旁邊只有果園。,3,1,0,3315,,2017/05/07,0,中立
草地不錯，其他地方就有待改善了！,3,1,0,3323,,2017/05/07,0,中立
環境看似整潔漂亮，卻發現有跳蚤，被叮咬得很傷，結帳時甚至開始癢，真是令人煩惱。,3,1,0,3327,,2022-04-28T17:04:37+08:00,0,中立
各地區的空間都有些不夠，縣城都感覺有些擁擠，最後十多分鐘的路程有幾個非常陡峭的彎道和坡道，很考驗車子的引擎和輪胎表現，以及駕駛技術，因此不建議在夜間開車。,3,1,0,3396,,2022/05/07,0,中立
路顛波。快到時，路很陡 不易行駛。,3,1,0,3471,,2023/10/23,0,中立
接近營區前約5分鐘左右的那段路非常難開。,3,1,0,3472,,2023/10/23,0,中立
這個營地的噪音很大，有鄰居家的狗叫聲、羊叫聲，還有凌晨4點的公雞叫聲。,3,1,0,3568,,2023/12/07,0,中立
這個營區環境雖然有些問題，比如小黑蚊、蒼蠅、野狗和鄰居鵝的吵叫，但衛浴設施很乾淨，而且營區主人也很友善，只是有點不太方便。,3,1,0,3592,,2022/05/07,0,中立
一帳包區相對安靜，不錯。射箭區雖小，但仍很有趣，可能因為人不多，不用排隊（那天很滿）。營區內有沙坑和戲水池。當天有製作麻糬的活動，營主會依次通知體驗時間。,3,1,0,3609,,2021/05/07,0,中立
"1. 浴廁很乾淨，有浴盆和水瓢。建議自備D型扣環，方便掛東西。
2. 提供Wifi、草地墊、吹風機、脫水機、冷凍與冷藏冰箱及衛生紙。
3. 上層營區下雨時排水良好。
4. 蚊蟲較多，尤其是小黑蚊叮咬不少，建議同行的親友和小朋友注意。
5. 營區有小貓漫遊。
6. 營位上的洗手台有遮陽傘，但照明燈光不足。",3,1,0,3610,,2021/05/07,0,中立
靠近入口的營地景色更美麗，而在寮望台下的景色也很漂亮，適合乘涼。這裡有涼爽的風和樹蔭，營主舉辦了搗麻糬和其他活動，小孩們很喜歡。但是冰箱很小，坡道很陡。在端午節時被小黑蚊叮到腿上都是紅豆冰，還有營地裡主人養的雞，半夜兩三點就叫到天亮。此外，還有水池可以讓小孩玩水。,3,1,0,3617,,2020/05/07,0,中立
進入營區的道路較為狹窄，開車時需注意小心，不可盲目依賴導航。傍晚的景色宜人，也有各種活動可參與，不過到了晚上天氣較潮濕，早上太陽升起時則需尋找遮蔽之處。雖然離公路稍微遙遠，但由於位於山區，總是能夠聽到汽車的聲音，尤其是跑車。總體而言，是一個值得嘗試的營區。,3,1,0,3620,,2020/05/07,0,中立
可以欣賞到石門水庫湖面的美景，微風吹拂非常舒適啊。喜歡露營的人可以考慮前去體驗，不過要注意那裡蚊子較多，記得做好防蚊措施哦。,3,1,0,3627,,2020/05/07,0,中立
這個地方的風景真的很漂亮！不過搗麻糬和竹筒飯的DIY活動有點粗糙，射箭區看起來有點荒廢。還有，淋浴間只有三間，不過水量很足，熱水也很足。,3,1,0,3630,,2020/05/07,0,中立
廁所乾淨，只是數量太少！其他地方則很普通。,3,1,0,3634,,2019/05/07,0,中立
營區的空氣很清新，而且位置靠近河流。,3,1,0,3635,,2019/05/07,0,中立
浴室設備多、有插座，停車位也足夠！但夏天來可能會有點熱、較陽光直射。整體營區有點擁擠，但還算舒適！停車方式很重要，不過可能會影響小朋友的活動空間(但還是有空間)。環境整潔，浴室和廁所都很乾淨。建議爸媽陪同小朋友遊水池，雖然很淺沒危險，但還是要注意跌倒。營區主人很友善、健談~ 如果要說缺點，可能是路不太好找。,3,1,0,3651,,2019/05/07,0,中立
對於住在台北市區的我們來說，這個營區有點遠！這是一個相當新的營區，共有四層，我們在最底層（靠近衛浴區）搭建了六個大型或巨型帳篷以及一個客廳帳。營區內設有「營棧」，可以在那裡購買缺少的飲品。此外還設有瞭望台、兒童戲水池、射箭區，對於小朋友來說，是一個很好玩的地方！,3,1,0,3653,,2019/05/07,0,中立
這個露營區位於石門水庫附近，交通方便，位於羅馬公路旁，可惜山路較曲折可能不適合暈車的旅客。停車位有限，晚到可能不方便，但營區提供推車。營區布局像梯田，小孩的活動空間有限，但有水池和沙坑。風景優美，可欣賞石門水庫和附近的溪口吊橋及角板山商圈。盥洗設施雖只有少數浴室和廁所，卻整潔無需排隊，唯恐要自備衛生紙。老闆和員工親切，是值得再次造訪的露營區！,3,1,0,3656,,2018/05/07,0,中立
設施都已經年久失修了，看起來沒有再被照顧的感覺。遊樂設施如戲水池、沙坑、射箭等都有點破舊。而且路況也不好，不太好開。至於營主的身份，我們也不太確定是誰。,3,1,0,3668,,2023/05/14,0,中立
這裡的衛生設備需要改善。如果對環境要求不高的話，可以接受，晚上會有一些小黑蚊。,3,1,0,3670,,2023/04/05,0,中立
我去了第二次的營區，卻不知不覺間。,3,1,0,3687,,2021/03/20,0,中立
手機訊號只有一格(中華電信)，營區WiFi很不穩定，不過提供網路連線。洗澡的時候突然沒有熱水，還得等30分鐘。,3,1,0,3769,,2024/04/07,0,中立
沒有風景且衛浴設備老舊，還有惡狠狠的蚊蟲叮人，陰雨棚區1300感覺性價比不夠高。,3,1,0,3798,,2023/05/07,0,中立
這段描述是在講述開車經過一個地方時的感受。開車的狀況很難，特別是在A區前的草地，小朋友們在那裡玩得很開心。廁所很乾淨，洗手台前的溫水很舒適，特別是在冬天。由於地理位置在山谷，晚上很冷但卻沒有風。雖然有一條溪流，但在A區還需要走一段路才能抵達。提到讓人難以入睡的鄰居，因為他們在半夜三點依然在聊天。,3,1,0,3807,,2023/05/07,0,中立
這家退休老闆經營的營地非常用心，設施逐步完善，每個平台的活動空間都很充足。建議在設有廁所的平台上增添簡易搭建的帳篷，更為方便。此外，廁所旁設有洗手台，並提供熱水，非常體貼，尤其適合冬天使用。營地位於山谷之中，氣溫相對較涼爽，早晨陽光照射較遲，讓人可以睡個懶覺。重要的是要注意防蚊！另外，要小心使用谷歌地圖導航，易帶路錯誤，最好聽營地主人提供的指引訊息。,3,1,0,3875,,2020/05/07,0,中立
營區活動範圍有限，且道路狹窄。靠近溪邊的地方在夜晚溪流聲很大，不建議在靠近溪邊的地方搭帳篷。每個區域的洗手台位置設計不夠貼心。廁所和淋浴間的空間充足，但熱水供應可能不足。,3,1,0,3876,,2020/05/07,0,中立
洗澡時總是遇到熱水供應不足的問題，每隔30分鐘才有熱水讓人很不方便。,3,1,0,3905,,2022/09/19,0,中立
浴廁設施太少了。C、D、E共用的浴廁實在太不夠，而且即使將熱水調到最高，仍然只有溫水，這不僅是我們露營的問題。鎖住我們的浴廁就缺乏合理性，而且營區跳電可能是因為電力供應不足，只要有人開了暖氣等耗電設備，整個區域就會斷電。是否能就公共協議訂立不使用高耗電量產品的規定，另外D區只有三個水龍頭，其中兩個在後面，一個在廁所前面，我們必須排隊才能使用，因為廁所前的洗手台有熱水，所以其他區的人也前來使用，造成了不便。當我們想用時，不得不到別的區域去，非常不方便，甚至上完廁所後想洗個手都必須用自帶的水才行。,3,1,0,3922,,2022/01/03,0,中立
對露友們打招呼感覺挺好的。,3,1,0,3940,,2021/03/20,0,中立
排水系統很不好，建議在下雨天不要前往。第一次去草地時景色非常美麗，但第二次再去時草地上已經沒有草了，再度遇到下雨，整個地方都變成爛泥，是非常糟糕的經驗。,3,1,0,3952,,2020/10/13,0,中立
"1. 特1區房間保持得很整潔，但客廳和樓上客房之間可以相通，這點有些特別。
2. 特1區的廚房位置靠近廁所，有時候可能會有尿味。
3. 其他方面都還可以。",3,1,0,3989,,2023/05/08,0,中立
這個營區的老闆很健談和熱情，整體來說營區不算大，但營位大多有五葉松可以遮蔭，算是小而美的營區。夏天到訪時可能會有小黑蚊，這點會扣分。另外除了戲水池的清潔度需要加強外，主要問題在管理方面，沒有嚴格執行夜晚的禁止進場規定，有人在11點還進入營區，12點還在敲營釘、充床墊。在此營區兩個晚上都遇到了一些不守規矩、沒有素質的露營愛好者，雖然這不是營主的錯，但營區有管理之責，已經造成不好的印象。,3,1,0,3997,,2023/05/08,0,中立
營區面積相當寬廣，旁邊還有湖泊可供欣賞。洗浴設施不受時限，內部可依需求選擇露營模式，包括雨棚區、松樹林和竹林碎石區。然而，缺點在於洗浴設施和冰箱相對較少。,3,1,0,4019,,2022/05/08,0,中立
寒流來襲，導致I區空地擠滿了帳篷。我認為帳篷擁擠，且沒有人攜帶家用電暖器，整晚跳電數次。營主雖然處理迅速，但半夜跳電時直到天亮才有電，浴室有男、女各兩間，還分別有一間男、女蹲式廁所。吹風機只能在女生廁所使用，冰箱只有在浴室旁。此外，還有一條步道通往石秀灣。 ,3,1,0,4027,,2021/05/08,0,中立
不建議選擇B區，因為浴廁過於擁擠，區內浴廁數量也較少。每個區域都應該再多減少一些帳篷，有些地方可能會有小蚊子。不過，五葉松林區的景色非常美麗。,3,1,0,4037,,2021/05/08,0,中立
現在是八月，小黑蚊可真是煩人，叮了人一整天。建議大家携帶強效防蚊液，否則就像我們一樣，蚊子咬都咬不死。,3,1,0,4043,,2021/05/08,0,中立
希望雨棚區的位置可以再大一點！,3,1,0,4071,,2019/05/08,0,中立
蚊子很多，而且營地剛好在維修水管，但沒有注意水管膠的排水問題。當我在洗澡時，忽然聞到水管膠的惡臭，令我擔心小孩會誤喝到含有水管膠的水。我向營主反映後，他只是說了抱歉，但未意識到可能會導致人誤食毒物的問題。台灣的環境教育仍有很大的進步空間，這樣的情況在國外肯定會被告吧。,3,1,0,4081,,2019/05/08,0,中立
風景不賴，老闆不錯，只是有些小黑蚊。,3,1,0,4086,,2019/05/08,0,中立
這個廁所是移動廁所，裡面有很多蚊子。,3,1,0,4099,,2018/05/08,0,中立
營地提供的設施齊全，地面防水隔板免費供應，水槽水量充足，用電方便，廁所浴室清潔，草地寬廣。唯一缺點是附近有許多小黑蚊，叮咬比較厲害。,3,1,0,4100,,2018/05/08,0,中立
蚊子太多了，讓人無法在夏天外出，否則就得盡量避免穿短褲。,3,1,0,4178,,2024/03/07,0,中立
這個露營地的老闆娘很親切，讓我們有自由選擇營位，這讓我們很開心，因此我們給了一顆星的好評。可惜的是，露營地裡蒼蠅非常多，容易飛進帳篷裡，帳篷外也滿是螞蟻，還有飛行的蟑螂和其他昆蟲在四周。此外，營區的設備可能缺乏維護，有些地方發霉生鏽，有點可惜。然而，營區周圍環境其實很美麗，湖邊溪流，晚上聽著流水聲入眠，心情很放鬆愉悅。,3,1,0,4199,,2023/05/07,0,中立
原本以為離台北很近，看照片感覺不錯也有遮雨棚，應該很放鬆。可是碰巧遇到下雨天，雨棚裡積水，走到廁所都是水坑跟泥巴，腳永遠髒兮兮的，是露營遇過最痛苦的一次！再者，蚊蟲多，不過戶外難免吧！建議設施要更新一下，排水要改善一點。如果改進得更好一點，我相信這會是一個很棒的營地！,3,1,0,4217,,2021/05/07,0,中立
小黑蚊真的很多，洗澡時熱水很容易冷掉，女廁所的馬桶常常會漏水。,3,1,0,4228,,2021/05/07,0,中立
這個地方以前是一個魚池，現在則成為了婚攝場地。,3,1,0,4234,,2021/05/07,0,中立
這個地方的熱水穩定且廁所維持得很乾淨。不過營地的管理人員欠缺人情味，並且不會定期巡視。如果有訪客需要額外服務，就會收取額外費用。另外，夜晚時分幾乎沒有路燈，部分地區有坑洞存在，相當危險。,3,1,0,4238,,2020/05/07,0,中立
老少咸宜，但交通不方便。,3,1,0,4266,,2019/05/07,0,中立
只有地理位置優越，其他方面還可以。,3,1,0,4268,,2019/05/07,0,中立
這次來營區是因為在網路上看到的照片很棒，所以特地前來，但實際到了現場後感到相當失望，很多景點都看起來年久失修、破舊不堪。或許需要考慮更新網站的照片，以符合實際情況。,3,1,0,4269,,2019/05/07,0,中立
出去露營最重要的是什麼？心情第一，夥伴和場地也很重要。有了熱情的老闆帶路，晚上聽著蟲鳴鳥叫，偶爾還會看到螢火蟲點綴，在靜謐清幽的短程露營區感覺很值得，即使園內的景點略顯疲憊。小心湖上的鋼琴，可以彈奏喔。,3,1,0,4271,,2019/05/07,0,中立
台北近郊有一個露營地，營區地面鋪有碎石，河岸附近設有雨棚區，不用擔心下雨。水槽被合理地分配，兩個帳篷共用一個水槽。靠近小溪邊可以玩水，但需要注意將污水集中處理後再排放進溪中。,3,1,0,4277,,2018/05/07,0,中立
環境很好，浴廁很乾淨，只是沒有路燈有點昏暗，住的地方距離營區本部有一點點遠，並沒有提供飲水機，需要步行到營區本部，相當不便。,3,1,0,4282,,2018/05/07,0,中立
這個露營地很適合親子同遊呢，您可以在這裡享受山景湖泊，全家大小都可以互動，烤肉、戲水、還可以一起爬山哦！,3,1,0,4285,,2018/05/07,0,中立
環境還可以，衛浴設備齊全，只是在平地露營有點炎熱…,3,1,0,4290,,2018/05/07,0,中立
營地的設施有點陳舊，周遭都沒有進行維護與更新。,3,1,0,4302,,2017/05/07,0,中立
這個美的太過貴了，一千元有點太貴了～,3,1,0,4304,,2017/05/07,0,中立
這個營地很棒，可惜看起來有點過於商業化了！,3,1,0,4305,,2017/05/07,0,中立
景色很漂亮，只是覺得門票貴了有點可惜！,3,1,0,4308,,2015/05/07,0,中立
環境設施有點陳舊，稍顯可惜。若湖邊景觀再加強些許，將更為完美。可能因為附近有果園，所以會有些小黑蚊。,3,1,0,4502,,2017/12/03,0,中立
很可惜，沒有辦法露營。27號早上開始下大雨，我打電話去詢問，被告知不能延期或退款。原本以為下午會停，沒想到雨勢越來越大。到了露營地等了一陣子，最後決定不露營了。不想讓自己搞糟，也擔心小朋友濕身感冒或者收濕帳。雖然花了1000塊，但可以當作一堂課，下次天氣不穩定時最好預訂雨棚區，比較保險。,3,1,0,4561,,2017/05/29,0,中立
或許是因為下雨的關係，風景可能沒有如預期般美麗，但最重要的是回到家後，發現手腳上多了紅豆冰...><,3,1,0,4562,,2017/05/28,0,中立
浴廁有優勢，但還有改進的空間。,3,1,0,4569,,2017/05/14,0,中立
連成一片的帳帳相連讓人感到擁擠，浴室太少。,3,1,0,4642,,2016/12/03,0,中立
這個營區設施豪華，廁所和淋浴間都很高級，尤其淋浴間的乾濕分離設計很貼心！整個營區都建有雨棚，但附近的景點較為有限。可能因為營區位於山谷中，風勢比較強，讓人感到有些不便舒適。營區周邊稍顯混亂，但有一條庫志溪可以垂釣。,3,1,0,4708,,2021/05/07,0,中立
營地長和夫人人都非常友善喔！,3,1,0,4715,,2021/05/07,0,中立
臨溪的山嵐是一個很不錯的露營地點！,3,1,0,4741,,2019/05/07,0,中立
在有雨棚搭建的水泥地上，地面上留有四個金屬孔。溪水很近，可以玩水。但這個露營地不是很大，也沒有規劃客廳或帳篷空間。,3,1,0,4754,,2019/05/07,0,中立
這個地方保持得很乾淨整潔，但是位置不太好可能會影響到別人的行動。,3,1,0,4846,,2018/09/25,0,中立
11/18日在竹雞區的評價先扣兩顆星，剩餘三顆星是給還算不錯的草坪和方便釘野營的地方。1. 靠斜坡的排水管斷裂，導致上層洗手台的水直接往草地上排放，造成帳篷下積水問題。2. 九帳共用兩間浴室，浴室整潔程度還可以，但其中一間浴室的熱水器在週六傍晚就故障了，卻沒有人來修理或放置告示，導致在寒冷的天氣裡洗冷水澡，感受相當差。3. 廚餘桶的放置方式並不理想，未考慮到營地內可能有貓狗出沒，果然，廚餘桶在半夜被貓翻倒。4. 營位的寬度只有五米，對於大型帳篷來說有些窄，視野上除了老鷹區有點風景，其他區域都受到一定程度的遮擋，尤其竹雞區幾乎看不到什麼景色，總體而言視野都不如旁邊的烏嘎彥獨立區或C區。,3,1,0,4868,,2023/12/08,0,中立
環境很優美，但浴室的數量明顯不夠，山路又窄又陡，開低底盤車的人要小心駕駛。,3,1,0,4929,,2020/05/08,0,中立
有些路段有交通問題，但風景不錯。,3,1,0,4930,,2020/05/08,0,中立
營地的服務不錯，廁所和浴室很乾淨，只是數量少集中在一起，需要排隊等候。建議增加廁所和浴室的數量，以及擴大場地，但要注意不要超過收容量。此外，進出的路徑太小，晚上很難通行，應該想辦法改善。,3,1,0,5152,,2017/10/23,0,中立
這個營地交通方便，提供許多親子設施，草皮活動空間很大，整體環境很舒適，營主也相當友善。不過洗澡時間受限（晚上12:30前），白天沒有熱水供應。放裝備僅限於柏油路旁，但路寬不到3米，會有車輛壓力。腳踏車騎行只能在狹窄的柏油路上進行。撤營時間較為嚴格，不如其他營地有彈性。儘管可見星星，但光害仍需注意。此外，從A區3帳到護草墊放置區距離不遠，但會感到辛苦。總括而言，這個營地還算不錯，但無法在草地放置裝備是一個問題，希望營主能思考解決辦法。,3,1,0,5231,,2023/12/08,0,中立
這個帳篷營區有很多設施，包括冰箱和冷凍設備、草皮空間讓孩子打棒球、籃球場、腳踏車、玩沙區、戲水區和飲水機。營主一家人非常勤勞，常打掃、收集垃圾並分類，定期巡視清理環境，還有開車指導車輛、關注孩子安全。廁所缺點是女廁浴室的冷水流量過小，水溫容易不穩定，只有5個淋浴間，營主表示因為用水人數過多。最後，最好選擇對季節前來，因為風大時容易沒遇到小黑蚊，而小黑蚊容易被風吹走。,3,1,0,5253,,2023/05/08,0,中立
優點：這個營區海拔低，開車來很方便；兒童設施豐富，草地適合小朋友玩耍。缺點：有非常多的小黑蚊，就算噴了防蚊液，蚊子還是叮滿腳；從中午到傍晚都會有，晚上還會有大隻的斑蚊叮，那種叮到會很痛的，相當可怕。也許冬天會是一個比較適合的時候。,3,1,0,5259,,2022/05/08,0,中立
這個人覺得這個營區適合習慣熱鬧且不怕吵鬧的人，營位距離很近，晚上10點就必須保持安靜。營區很擁擠，帳篷搭建也要依照營主的規定，沒有明確標示的區塊，營釘放置不準確也會被指正。浴室無法應付星期六的人潮，熱水只提供晚上6點到12點，尖峰時段需排隊等等，冰箱很擁擠，食材雜亂無章，並且可能會遺失。營位旁的插座電壓不穩定，夏天面臨跳電問題的機會可能比較高。夜間建議10點前到達，晚上10點後大門就會上鎖。整個營區維護得相當乾淨，可能我和朋友不太適合這樣的環境。來之前最好先了解營區規定，避免不小心違規而被責備。,3,1,0,5283,,2021/05/08,0,中立
冬天時電力供應不穩定，需改善以確保提供友善的露營品質。,3,1,0,5284,,2021/05/08,0,中立
在A區和CD區的邊界有所不同，A區是停車場，CD區則在帳篷前面停車比較好看。雖然都共用廁所和浴室，但如果帳篷滿了，洗澡可能會需要等很長時間，也會有點冷。廁所很乾淨且有拉門，還有提供衛生紙。如果選擇CD區靠近尾巴的位置，要留意離廁所有一段路，到12月可能會有一些蒼蠅和難以避免的螞蟻問題，甚至可能影響到帳篷和車子。建議選擇靠前一點的營位，但營位分配可能不會相連到遠處。這個地方適合孩子，有沙坑、籃球場、腳踏車和溜滑梯，也附有冰箱和飲水機。建議準備好食物和飲料再出發，下山開車需要花10到20分鐘才會遇到711。,3,1,0,5288,,2021/05/08,0,中立
熱水沒有持續供應，孩子們在玩水後洗澡不太方便。,3,1,0,5331,,2023/12/28,0,中立
老闆可以放輕鬆一點嗎，這樣感覺好一點。,3,1,0,5341,,2022/05/16,0,中立
鄰居清晨六點使用大馬力割草這個問題很煩惱。或許可以先和鄰居說一聲，看看是否能達成共識以避免噪音影響到你的生活品質。如果無法解決，預先得知鄰居的工作時程也許是個解決方法，這樣就能提早安排或是考慮避開割草時間。至於跟老闆反應這個問題，可能需要再多溝通一下才能得到有效的解決辦法。,3,1,0,5353,,2020/11/30,0,中立
對方缺乏主動性，因為當天出發前因為連日大雨，我提前聯繫露營地主，是否該建議取消露營。然而直到晚上七點半才回覆，表示不必前往，但大家已經出發。露營地上的小黑蚊非常多，讓我對人生產生質疑。草地積水情況嚴重，儘管提供了草地保護墊，但還是一片泥濘。整體設施來說，浴室算是不錯，但改進排水速度會更好。,3,1,0,5376,,2019/06/10,0,中立
草地需要修剪一下，否則會太長。如果有多組三層朋友同時抵達，分配營地和設置帳篷將會變成一場災難，因為營位有限，幾乎無法活動。因為無法駕車進入營區，即使提前把東西搬進去也無法開車離開，停車位和營位之間有一定距離，無法使用推車，全靠人力搬運，這樣很容易引起家庭矛盾。在春夏季節，再加上附近有果園，蚊蟲非常多。浴室和廁所算是乾淨整潔。垃圾桶只在入口處，當帳篷數量增加時就會爆滿。下大雨時，草地排水有問題，容易積水。,3,1,0,5426,,2024/05/05,0,中立
11月18日到19日去露營的地方環境雖然不錯，但早上洗澡洗到一半時突然變成冷水，差點感冒了。打了三四次電話都沒人接。,3,1,0,5434,,2023/12/08,0,中立
整體來說都不錯，只是棧板有些問題。,3,1,0,5435,,2023/11/08,0,中立
廁所安排得很好，但只有營本部有冰箱，對於C區的我們來說不太方便。B區的草地寬闊，適合孩子們戲水嬉戲，還有衛浴設備，但卻沒有冰箱十分不方便。A區的營位形狹長，設置大帳篷可能會有點擁擠，而且草地不平整，甚至有一些坑洞，搭帳篷時需留意選址。營位的洗手台不夠，網站上寫有3個帳篷，但只配置了三個洗手台。營地主將我們四個帳篷安排在同一區域。這個季節附近有許多螢火蟲，但也有許多小黑蚊、螞蟻、蜘蛛（體型都相當大），白天還會有一些蒼蠅。最令人害怕的是，還有大型蟑螂，生態環境相當豐富。,3,1,0,5440,,2023/05/08,0,中立
香港回來的朋友很友善熱情，但每個房客的空間很靠近，晚上超過10點後其他房客很吵又不聽勸告，房東並未有效地處理這個問題，玩桌遊的人大聲喧嘩，喝酒的團體邊放音樂邊大聲講話...差不多要12點才漸漸安靜下來，才得以入睡。,3,1,0,5450,,2023/05/08,0,中立
這次我們一群人來到這裡，大人和小孩大約有20位左右。通過網路找到這個地方後，整體感覺還不錯。這裡的環境優美，廁所也相當乾淨，設施也很齊全方便使用，營地主人也很熱情。不過只給3顆星是因為讓我們有些困惑的是，有幾位營地主人的朋友也前來打招呼。一開始我們覺得他們很熱情，稍微聊聊天還挺不錯，但逐漸變得過分，一直來到我們的營位，強迫我們一起喝酒聊天，還一直找我們其中一位妹妹。我們委婉拒絕了，但他們卻不肯離開，(多次告知不方便) 離開後不久又回來，最後甚至直接占據我們的營位不肯走。當下時間已經很晚，而且有小孩在睡覺，這真的嚴重侵犯到我們的私人空間。我們是來這裡放鬆享受的，為什麼要被迫和營地主人的朋友應酬交際？他們的職業以及經歷我們當下並不感興趣，更何況還要浪費時間和精力應付。雖然這個地方還不錯，但這次的經歷讓我們對於再次造訪有所猶豫。,3,1,0,5468,,2022/05/08,0,中立
抵達時已經兩點左右，營地主人才剛開始搭租來的帳篷，直到傍晚才完成。最糟糕的是，半夜氣墊床漸漸漏氣，不只一個漏氣了@@第一天使用廁所時有濃重的異味，小孩一直抱怨很臭，隔天清潔後好多了。建議在廁所外設置洗手台並提供洗手液，特別是在疫情期間，這真的很重要！,3,1,0,5477,,2022/05/08,0,中立
在多帳時人潮會比較多，建議選擇包廂，廁所外觀看起來不錯，但清潔需要加強，而且附近有長興國小，可以去那裡玩。,3,1,0,5500,,2021/05/08,0,中立
廁所雖然有些小黑蚊，但整體還算乾淨。,3,1,0,5519,,2020/05/08,0,中立
一些露營地地勢不平，各個帳篷之間距離太近，需要慎重考慮，與照片所示不同。,3,1,0,5524,,2019/05/08,0,中立
雖然環境不錯，但帳篷數量過多，顯得有點擁擠，廁所設施不夠，造成D區附近廢水氣味受到困擾。早上被狗打擾，醒來後發現帳篷旁有狗排泄物，讓心情大受影響。,3,1,0,5527,,2019/05/08,0,中立
營地的草皮維護得很好，但是營地主人收取的費用有點多，使營地顯得比較擁擠。,3,1,0,5541,,2018/05/08,0,中立
浴廁乾淨，但現場才告知需額外支付搭帳費讓整體感受不佳。優點：浴廁乾淨，服務人員態度良好。缺點：帳與帳之間距離太近容易碰撞，地面不平整。租帳後才被告知需額外支付300元搭帳費，且無法自行選擇帳篷，詢問為何不事先告知，卻得到回應是網站無法更新，這種做法讓人感到不滿。,3,1,0,5562,,2023/02/13,0,中立
人多的時候應該增加處理垃圾的措施。,3,1,0,5610,,2019/03/02,0,中立
營地太吵了，不僅有太多帳收，而且晚上甚至超過10點都還有其他露友大聲聊天、小孩尖叫。營主似乎沒有管理，吵聲、叫聲、狗叫聲、蚊蟲也很多⋯⋯,3,1,0,5663,,2018/04/06,0,中立
除了兔子之外，沒有其他特別的，老闆很熱心但不太擅長聊天，也不會主動回訪。,3,1,0,5719,,2024/04/08,0,中立
湖邊區域的風景很美，令人感到舒適。在大樹前的這兩個座位更是絕佳的位置。,3,1,0,5786,,2019/05/08,0,中立
景觀不錯，但露營地方有點擁擠，而且收費有點太貴了，露營一晚要價1500元。,3,1,0,5791,,2019/05/08,0,中立
這個環境還算可以，分為三層地形，最上層只有一間浴室，稍嫌不足；二樓空間不大但有四間浴室，需與三樓共用。若人數眾多，建議勤洗廁所，保持清潔。,3,1,0,5793,,2019/05/08,0,中立
每個房間都有棧板，所以很方便放東西！早上起床就可以欣賞美麗的風景！可惜營區比較小...不過這裡有販賣部，可以購買一些飲料或日常用品！,3,1,0,5844,,2018/05/08,0,中立
設備沒什麼問題，景色還不賴，只是收費稍微偏高。,3,1,0,5845,,2017/05/08,0,中立
清新的空氣，樸素的環境。,3,1,0,5955,,2021/05/08,0,中立
在離開城市，登上山頂欣賞美景的時候，暫時忘卻平日的瑣事，讓心靈得以放空，為了重新展開旅程做好準備！,3,1,0,5968,,2020/05/08,0,中立
前往營地的山路不好走，開車時要小心。營地的風景很美，有很多坡感。,3,1,0,6031,,2021/04/26,0,中立
這個地方雖然舒適，雨棚也設置良好，前方空地也不小，但是小黑蚊實在是太多太多了。營主的狗狗貓咪很親人超可愛，讓人很喜歡。近20個大人小孩都無法幸免被叮咬，或許要考慮在天涼點來比較適合使用人體捕蚊燈。,3,1,0,6072,,2023/08/08,0,中立
七月時借了五帳的櫻花區，但設施稍嫌不足，只有一間廁所和兩個洗手台，其中一個洗手台比較老舊且使用起來不太方便。另外，櫻花區有很多小黑蚊，但營主會提供大隻的蚊香。需要使用對面營地的冰箱，但要注意那是營主私人的冰箱，裡面擠滿了各種食物，味道有點像阿嬤家的冰箱。如果有別的冰箱可以使用的話，建議還是用自己的比較好。碰巧遇見營主的朋友上山喝酒，整天唱歌到晚上十點，氣氛相當熱鬧。此外，營區有親人的貓狗，非常溫和不怕小孩，附近還有冰涼的溪水可以戲水，營主太太也提醒可以在岸邊使用蚊香。總的來說，場地有點小，設備也有改善的空間，但自然環境很不錯。,3,1,0,6092,,2023/05/08,0,中立
小黑蚊跟無數的蒼蠅加上大雨，讓整個營地淹水了，主要是因為營地鋪的碎石不夠造成的。整個地面都是爛泥，相當不舒適。洗澡和上廁所的空間都不夠，只有一間營位可以使用。電源供應的拉線也太長，相當危險。,3,1,0,6093,,2023/05/08,0,中立
營主夫婦非常親切，隨時幫助，這一點真的很不錯。而且離老街很近，搭完帳可以去老街逛逛找吃的，相當輕鬆愉快。不過營區有幾個問題：1. 浴廁共用，需要排隊；2. 營區有飼養的貓咪會跑到營位上，甚至跳上餐桌，咬傢俱，也不怕人，難以驅趕；3. 半夜沒有路燈控制，會有露友在夜裡走動、交談，希望路燈可以調整；4. 水槽不夠，需要等待洗碗洗菜，煮食時間容易塞車。,3,1,0,6105,,2022/05/08,0,中立
這個露營地的設施真的不怎麼樣，洗澡時水壓不穩，容易把衣服弄濕。浴廁都是用鐵皮搭建，而且還得忍受隔壁間大便的味道，實在讓人很不舒服。另外，5個帳篷只有2個洗手枱可供使用，價格還要1200元，太貴了。有很多景色優美，設施完善的露營地和這裡的價格相比實在是好太多了。,3,1,0,6114,,2021/05/08,0,中立
這個地方有點過大，有些零散，而且營地太小。,3,1,0,6133,,2019/05/08,0,中立
進到營區時遇到一個陡峭的坡，讓我擔心起我的小黑，但老闆娘很親切地介紹，還告訴我晚上會有螢火蟲。當天晚上關燈後，果然看到許多螢火蟲，可惜沒拍照留念。營區採用梯田式的布局，每區不大，每區設有一間廁所和一間浴室，但插座數量較少。不過，我不太滿意這裡蒼蠅偏多，風景一般般。唯一優點是營區下方有溪流，讓小孩玩水很安全，水質很乾淨。總體而言，我不太推薦這個營區。,3,1,0,6143,,2018/05/08,0,中立
廁所和浴室是合用的，所以在洗澡時間，需要上廁所的人可能需要等一下。,3,1,0,6146,,2018/05/08,0,中立
各區位置都很好，但出租的帳篷沒有附上鋁箔墊。,3,1,0,6148,,2018/05/08,0,中立
雅房並不適合想輕鬆露營的家庭，有些失望。,3,1,0,6214,,2019/10/21,0,中立
場地還可以，有隻狗會追人。草地還不錯，路程好走，但主辦方沒什麼互動，重點是有隻狗會追人喔！,3,1,0,6217,,2019/09/17,0,中立
廁所需要改進！1. 最好將廁所和沐浴區分開，否則會感覺很髒！2. 在網路上看到的浴廁分配圖和實際有些差異，實際廁所的數量較少，等同於10-11個帳號共用兩間浴廁。差點快要瘋掉了！3. 營區的規劃需要加強，因為每次要到營區本部取東西幾乎都要經過其他人的營地（我訂在五葉松區）。若不經過其他營地的話，坡度太陡，且階梯沒有做得很好，小孩們經常在那裡跌倒擦傷。4. 遇到一些沒有節操的露營朋友，連續兩天都在唱卡拉OK！5. 營區的位置還不錯，離附近景點都很近。,3,1,0,6230,,2019/01/07,0,中立
老闆很周到，場地維護得很好，草皮也很漂亮。老闆會主動提供蚊香，並關心戶外活動的朋友。住宿以小包區為主，景色較少。衛浴設施普通，半夜可能會有狗翻垃圾，整晚狗叫聲不斷。,3,1,0,6245,,2018/11/26,0,中立
小區環境優美，是一個放鬆的好去處。,3,1,0,6266,,2017/08/21,0,中立
我們這次包的區域是浴室。浴室的水壓有時候會忽大忽小，水溫也不太穩定，希望可以改善這個問題。,3,1,0,6267,,2017/07/23,0,中立
這家店的服務很親切，老闆娘們也非常友善，讓人感到很舒適。,3,1,0,6284,,2017/03/12,0,中立
在沿路上的制高點可以看到雲霧飄移，但可惜森林區的地勢較為扁平，帳篷只能橫著架設，無法直接欣賞外面的風景，只能看著旁邊帳篷的風景。石子地面稍微傾斜。夜景區風景漂亮，但因為過度擁擠，帳篷也只能橫著設置，與鄰近的帳篷相距很近，無法直接從帳篷中的客廳向外欣賞景色。浴室的照明較為昏暗，熱水供應充足但水壓稍顯不穩定。若是解決超收問題，可以考慮再次入住夜景區，否則下次可能不會再來。值得一提的是，老闆娘的服務態度非常好，這點加分。,3,1,0,6335,,2022/05/09,0,中立
森林地區的風景很美，可以遠眺關西夜景。只是現在正好有東北季風增強，所以在森林地區風比較大。森林地區沒有浴室，建議可以自備一個。,3,1,0,6340,,2022/05/09,0,中立
Google 地圖顯示可以經竹62通行，遺憾的是大門被封閉，也不確定是否能通行。,3,1,0,6354,,2021/05/09,0,中立
高地盤的路較為崎嶇，但適合行駛越野車輛，同時風景及夜景非常美麗。,3,1,0,6373,,2020/05/09,0,中立
景觀不錯，地面鋪設了石子，沒有提供草皮保護墊。老闆態度親切，但我覺得員工有點愛唠叨。,3,1,0,6634,,2021/05/09,0,中立
營區最大優勢就是可以在旁邊欣賞到溪流和清幽的景色！每個區域都提供超乎想像的便利設施！不過營位稍微偏小！帳帳連綿不絕，讓人感到有些擁擠不舒服！建議每區再減少一帳會更適中。,3,1,0,6665,,2020/05/09,0,中立
老闆熱情、浴室整潔、空間緊湊。,3,1,0,6667,,2020/05/09,0,中立
四月以後是個很適合的時候，可以邀朋友、家人一起來欣賞螢火蟲並露營。,3,1,0,6678,,2019/05/09,0,中立
這個情況下，冬天使用電暖爐容易跳電，即使是低功率也可能會因為超過負荷而發生問題。在B1區只有一個電源插座的情況下，當同時使用兩台380瓦的設備時會導致跳電。老板建議應該考慮使用煤油暖爐，因此如果沒有煤油暖爐的話在冬天可能不適合來。,3,1,0,6696,,2022/12/22,0,中立
A2區的景無此處空間小，浴廁靠近，無法容納碟型天幕。早晨起床後，發現有其他狗拉屎在我們的帳篷前面，差點踩到了^_^,3,1,0,6702,,2022/09/12,0,中立
半夜狗叫聲太吵了，可不可以靜一點呢？,3,1,0,6715,,2021/10/17,0,中立
邱先生和邱太太都非常親切。,3,1,0,6744,,2019/03/05,0,中立
這次我們營位位於景觀A2區，帳篷之間的空間非常擁擠，缺乏空間感。雖然之前聽說營地增加了新的位置，但沒想到會變得這麼擁擠。每個帳篷的大小約為5*8尺（不建議帶這麼大的帳篷），當人多時廁所容易變得髒亂、惡臭，且營地主人並不勤於打掃垃圾。除了景色還算不錯以外，其他部分實在讓人感到相當失望。,3,1,0,6754,,2024/04/09,0,中立
這次在騰雲露營的體驗還算可以，環境真的很美，給了五顆星評價。不過在最後一天遇到了一些讓人不太開心的事情。首先，洗澡時沒有熱水，讓人感到相當不舒服。穿好衣服出來找其他浴室，才發現有人在裡面洗澡。其次，撤營時間是在中午12點前，但在11點左右就有新客人進來參觀，讓我們感到有些困擾。營地管理員好像也沒有嚴格控制進出，讓人感到有些不滿。希望營地可以改進管理制度，避免日後的衝突發生。,3,1,0,6767,,2024/03/09,0,中立
這個地方的景色很美，設施也很完善！感覺管理者很用心在維護環境！我們預定了平常日的三天兩夜行程！第一晚遇到的營友都很有素質，入睡得很好！但第二天營地管理者告訴我們，晚上會有三組露營者凌晨一點在我們附近搭帳！是的，凌晨一點！請問營地管理者，凌晨一點還接受夜衝，不擔心會打擾其他露營者嗎？當天我們選擇沒有留下來，下午就結帳離開！不介意半夜有人搭帳、敲打營位的人！這裡就是個碰運氣的好地方！,3,1,0,6772,,2024/01/09,0,中立
第一次到這個營地，雖然路標指示還算清楚，但營地的浴室設施稍嫌不足，只有衣物擺放架，卻沒有沐浴乳的置物架，洗澡時非常不方便！另外，電壓也不穩定，2023年11月18日晚上就跳電了2次，真的很困擾！,3,1,0,6778,,2023/12/09,0,中立
營區的風景很美，但管理不佳，有露營者在晚上十點多才到達，半夜一點還在大聲打釘，像夜市般喧囂，這讓台灣人感到困擾。,3,1,0,6784,,2023/11/09,0,中立
昨晚臨時訂了露營區，因為到達時已很晚，所以被安排在一個視野較差的位置。營區依不同地形分布，主營區上還有一個很大有頂蓬的活動平台。整體而言，松樹區的樹木長得還不夠茂盛，浴廁雖有分區設置，但數量和空間都需要改善。感覺營地主人還在擴建營區，許多區域看起來像是正在整理中的工地。最高點的視野很好，但其他地方就一般般。有種感覺是，營地內營位密度太高，甚至感覺有點擁擠。前來的路經九份二山紀念公園，反而是一個很不錯的遊憩點。勉強可以用這個營地當作過夜地點。總而言之，還有很多地方需要改進。,3,1,0,6788,,2023/10/09,0,中立
這個營區的優點是營區內的道路很好開，都是柏油路；特別區域的視野很棒，尤其特定區域可以看到大片景色，天氣好時甚至能看到滿天星星。而缺點則是營位太小，只有落羽松區位置較大，其他營位相連；廁所衛浴設施太少且男女共用，在高峰時段需要排隊，清潔也不夠定期；飲水機、冰箱也沒有整理；晚上沒有管制休息時間，有些露友會聊天到深夜；還可能會隨時受到二手菸的影響。雖然營區擁有不錯的設施，但對於不守規矩的露友可能束手無策。,3,1,0,6795,,2023/09/09,0,中立
這個地方的優點是夏天景色優美且溫度宜人，只要避免中午直曬陽光，在通風的地方還算舒適。另外，如果浴室沒熱水，他們會立即處理，這點非常棒。草地也維護得很好，排水良好且適合釘營。但是，有些問題需要改進，例如飲水機和馬桶水箱蓋等地方明顯缺乏定期清潔。此外，露營區有許多大螞蟻，尤其停在樹旁的車輛要特別注意，很快就會被爬滿。另外，和多數露營區一樣，對於露營區內吸菸和深夜喧囂的人，缺乏勸導或禁止措施，提倡露營品質的人應該多加留意這些情況。,3,1,0,6796,,2023/09/09,0,中立
整體環境看起來還不錯，但是晚上卻沒有管理控制，在晚上十點之後，有人在KTV大聲唱歌並且大聲說話，客人彼此之間似乎沒有太多互相尊重的概念。儘管這是每個人的個人行為，但缺乏管理確實讓人感到不太舒適。,3,1,0,6810,,2023/05/09,0,中立
這個地方的距離太靠近冰箱，所以比較難整理，也有異味。D區3號包房的浴室和廁所沒有分開，也比較小。整體清潔度還有待加強。不過營主非常親切並樂於協助。此外，上面有個觀景平台，風景非常優美。,3,1,0,6811,,2023/05/09,0,中立
"優點：1. 夜景優美 2. 山景和夜晚星空景色不錯 3. 衛浴熱水穩定，清潔度良好 4. 如未滿人數可與管理者協商營位問題 5. 草地地形還算不錯

缺點：1. 最後一段通往營區的道路狹小，開車不方便 2. 假日營區冰箱容易擠滿，建議攜帶個人冰箱 3. 晚上10點後無管理，直到凌晨2點才較安靜 4. 半夜有流浪狗在翻垃圾桶，早上地上會有一堆垃圾 5. 營區帳篷間距較近，不適合搭建大型帳篷。",3,1,0,6841,,2023/05/09,0,中立
第一次去露營，感覺好像在市集一樣，帳篷之間幾乎貼在一起，再加上擁擠的車子，建議營地管理者應該只開放現在營位的 60 到 70% 才會更好。,3,1,0,6851,,2023/05/09,0,中立
這段時間在營區真的很吵，有些露友一直聊天喝酒唱歌，甚至唱卡拉OK，聲音又大又難聽，真的影響到我們的休息品質。希望營區可以設定宵禁，讓大家能夠安靜休息，也不要忘記這是露營區，應該要讓大家享受大自然的寧靜。希望露友們可以互相尊重，不要打擾其他露客的休息。謝謝！,3,1,0,6852,,2023/05/09,0,中立
浴廁設備完善，視野寬敞，水電供應充足，但打掃工作偏疏忽。,3,1,0,6871,,2022/05/09,0,中立
營區很寬敞，有專人管理，空氣清新，風景優美，只是道路有點狹窄，開車時要注意安全，上山時要開慢一點。,3,1,0,6899,,2022/05/09,0,中立
這個地方的空間很大，風景也不錯，只是上山的路太窄，開車很困難。,3,1,0,6921,,2021/05/09,0,中立
這裡風景很美，草地也很棒，但帳篷相連的佈局太擁擠了。可惜的是衛浴設施太少，要排隊等待的時間比較長。,3,1,0,6955,,2021/05/09,0,中立
洗澡時遇到一些問題，營位的熱水器出了故障，只剩下一個可用的。在其他洗澡間洗澡時，遇到熱水溫度控制的問題，有兩次被燙到。後來換到了第三間解決了問題。營區裡有人帶著狗來露營，然而假日時帳篷營位滿得擁擠，小朋友活動空間變少了。風景優美，夜晚有迷人的夜景，生態豐富，螢火蟲很多，草皮也維護得很好。總體來說，營區規劃很完善，但建議營主在衛浴設施和活動空間上多花點心思。,3,1,0,6965,,2020/05/09,0,中立
風景很美，夜晚的夜景更是令人嘆為觀止。不過可惜的是，住宿的衛浴設施有些不足，入住滿房時等待的時間較長，熱水供應也相當不穩定，有時冷有時熱，甚至讓我的丈夫手被燙到。希望管理員可以看到這個問題並作出改善。,3,1,0,6967,,2020/05/09,0,中立
洗澡時熱水溫度不穩定，可能需要改善水壓，讓熱水器操作更順暢。,3,1,0,6974,,2020/05/09,0,中立
設施很簡陋，浴室和廁所各2間，如果想要用廁所，最好提早去，不然要等很久。,3,1,0,6980,,2020/05/09,0,中立
景色不錯，但空氣污染嚴重。營區提供了寬敞的場地，也保留了公共空間。孩子們玩得很開心，但衛浴設施確實太少。幸好沒有小黑蚊，但傍晚會有一些大蚊子。,3,1,0,6989,,2020/05/09,0,中立
浴室設備不夠完善，每個衛生間僅有一台吹風機。營位是由營地主人安排的，當天因為濃霧影響沒有看到美景。另外在營地提供了飲水機。,3,1,0,6990,,2020/05/09,0,中立
營區的路線不怎麼起眼，但風景卻非常漂亮！只是營區的價格有點貴！,3,1,0,7011,,2019/05/09,0,中立
景色很美，空氣新鮮，唯一不足的是洗手間太少。,3,1,0,7013,,2019/05/09,0,中立
景觀在台中的埔里、草屯以及彰化地區不錯，但缺點是這些地方沒有遊戲場。,3,1,0,7026,,2019/05/09,0,中立
在2022年第48期露營氣候達人專欄中指出，位於下方的碎石草地營位地勢不平且有凹洞，搭建帳篷時不太方便。而旁邊的大鐵皮雨棚則有些荒廢的感覺。建議若要選擇此營地搭營，應該選擇位於上方的類森林營位，比較整齊清潔。,3,1,0,58,,2023/05/06,0,中立
這裡除了台灣大哥大收訊不好之外，其他方面都還可以。,3,1,0,72,,2023/05/06,0,中立
覺得規劃有待改進，容易斷電，衛浴清潔程度有待提高，不過廠房空間很寬敞。,3,1,0,117,,2022/05/06,0,中立
這家公司老闆待人友善，非常體貼，地理位置便利且靠近市區。適合家庭聚會或露營，我會推薦這裡。不過假日人潮眾多，可能會有廁所不足的問題。若是要欣賞美景，這裡可能不符合期待，而且海拔較低，氣溫可能會較炎熱。,3,1,0,134,,2022/05/06,0,中立
熱水溫度時冷時熱，夏天也能忍受，但冬天這樣就會讓人冷到發抖了吧！建議老闆要好好處理這個問題，並且讓人定期清潔和處理廁所裡的垃圾，因為尿騷味相當重！另外，跳電問題也相當嚴重，老闆應該儘快改善這三個問題...花了這麼多錢應該要有個好的使用體驗才對...,3,1,0,138,,2022/05/06,0,中立
營地空間很寬敞，但衛浴設施不足，洗澡時水流時大時小，溫度也不穩定！,3,1,0,146,,2021/05/06,0,中立
路況良好，但衛生環境還有進步的空間。有些廁所不常打掃，垃圾桶滿了卻未清理。,3,1,0,169,,2021/05/06,0,中立
四個月前，朋友們安排的露營計畫，在昨天早上展開。十九個家庭從不同地區出發，北區來自基隆，南區則從台南而來。大約11:30，所有友人都聚在一起，總計有93位參與者，包括小朋友在內。從午餐開始，我們開始盡情聊天、享受美食、暢飲，歡樂不斷，一直持續到現在。根據現場情況看來，連休假期的後兩天應該會繼續歡樂無比！我的想法就是這樣！,3,1,0,175,,2021/05/06,0,中立
這個地方的空間很大，草地和樹木都維護得很好，開車前往營區的道路也很方便。,3,1,0,218,,2019/05/06,0,中立
在營位和寧靜區的部分地方有很多落葉，潮濕感較重，洗澡時水壓不穩定。,3,1,0,243,,2022/03/01,0,中立
營地主人很親切，但管理上可能有些不妥。晚上7點多時，還未到8點，別人抱怨我吵，營地主人過來請我保持安靜。但還未到晚上10點就離開，感到很氣憤。,3,1,0,303,,2023/05/06,0,中立
露營地方整潔，光源不多，環境安靜，除了昆蟲和動物的聲音外，是一個不錯的露營地點。,3,1,0,335,,2023/05/06,0,中立
如果您擔心營區鄰近馬路的車聲，建議您在訂位時選擇靠近釣魚池的位置，因為那會比較遠離馬路。營本部與雨棚區相連，如果在別人家門口睡覺讓您感到不舒服，建議不要選擇雨棚區。在營本部有兩台冰箱，在夜晚露營在雨棚區，您會一直聽到冰箱壓縮機運轉的聲音，非常非常吵。營區的路況很好，導航設備可以順利導航到指定地點。五星級衛浴設備非常寬敞，一家四口一起進去洗澡也不會擁擠，也提供洗髮精和沐浴乳。釣魚池的開放時間可能因老闆安排而有所不同，無法保證隨時都可以釣魚。,3,1,0,378,,2020/05/06,0,中立
"優點：露營場地寬敞，營位面積大，並且遭照顧得很好；場內親子設施豐富，景色優美。
缺點：野貓數量非常多，在星期五的晚上我放在水糟退冰的牛肉被貓整包咬走，星期六將整隻雞放在鍋子裡退冰並加蓋，卻也無濟於事。我親眼目睹三隻野貓將鍋蓋弄開，偷吃我的雞，雞被咬得七零八落，最後我也不敢食用，只好直接丟進垃圾桶。另外，早上7:00左右有猴群出現在帳篷附近覓食，食材要小心保管。",3,1,0,470,,2024/01/06,0,中立
優點是園區很乾淨，園主非常努力在維護；然而缺點是地面很硬，不容易插營釘。每個營位都難免有被砍伐過的樹幹，高度不一，有些甚至不到三十公分，沒有警示燈，晚上行動需格外小心，可能會碰到。另外樹木上有蜜蜂和虎頭蜂，務必要注意安全。,3,1,0,473,,2023/11/06,0,中立
這個營地整理得很好，設備完善，地面石頭很硬。大帳篷數量多，是一個相當熱鬧的地方。,3,1,0,497,,2023/05/06,0,中立
1. 洗澡時要注意水溫，避免被熱水燙傷或是太冷了。2. 碎石區的石子很銳利，要小心跌倒造成多處傷口，裝釘時需特別留心因為地面又硬又難敲。3. 乾淨的廁所是一個重要的優點。,3,1,0,522,,2022/05/06,0,中立
營地空間很寬敞，風景不錯，而且還有冰箱設備。不過地面石子多，釘營釘很困難又容易松脫，需要使用長達30公分以上較粗的釘子才能勉強固定。而且晚上容易遇到強風，許多帳篷被吹倒，驚呼聲此起彼落。建議在好天氣下才前往此營區，不太適合新手露營者，提供參考。也看到有人車宿。,3,1,0,526,,2022/05/06,0,中立
營區環境還不錯，雖然沒有特別壯麗的景色，整理得還算可以。唯一比較不理想的是洗澡時水溫時高時低，讓人無法好好洗澡。其他方面表現還算可以。,3,1,0,527,,2022/05/06,0,中立
營地風很強，地面有碎石和草皮，不方便釘營。廁所設施稍嫌不足，如果可以分區設立衛浴會更好。至於遊戲設施，小朋友玩得很開心。,3,1,0,545,,2022/05/06,0,中立
營區的環境很幽靜，但唯一的缺點是有很多露營客和孩子，所以有些吵。他們似乎沒有意識到時間，深夜11點還在喧囂，而營區管理者也沒有在管制。,3,1,0,547,,2022/05/06,0,中立
環境雖然還不錯，但是碎石比草皮多，走起路來像健康步道。雖然衛浴廁所的數量多，但距離有點遠。不過每小時都有人來清潔垃圾和整理廁所，環境打掃得算乾淨。,3,1,0,550,,2022/05/06,0,中立
這個營地的道路幾乎都是兩車道，可以讓車通過，開起來比較順暢。營地地面上有很多碎石，而且有一些比較尖銳，建議攜帶不銹鋼營釘或多帶幾支營釘。這裡的風景非常美麗，讓人心曠神宜！遊戲區位於最下面那個區域，需要走一小段下坡路段。整晚通常會有至少5次以上的跳電狀況，建議攜帶非插電的照明設備以備不時之需。另外，廁所的熱水會有些不穩定，有時會出現忽冷忽熱的情況。這裡沒有飲水機，請記得攜帶足夠的水。,3,1,0,560,,2021/05/06,0,中立
營區很寬敞，非常適合讓小朋友玩耍放鬆的好去處。營區經營者很貼心，特別在戲水區設置遮陽傘，讓家長在陪伴小孩時不必擔心曬傷。然而，也有一些需要改善的地方！1.垃圾桶放置位置不夠便利；2.廁所的內外照明不夠明亮，晚上較為危險；3.熱水器時冷時熱；4.營區的營釘難以插下、碎石過多，容易撞到石頭。,3,1,0,573,,2021/05/06,0,中立
遭到咬傷的情況非常嚴重，地面非常堅硬，而且還有積水。,3,1,0,575,,2021/05/06,0,中立
"1.石頭地雖然不容易塞進釘子，但也不會泥濘。
2.租借帳篷完全沒有人幫忙搭建或教導，幸好有朋友一起研究。
3.沒見到營主，也不清楚去哪裡，感覺沒有其他地方的熱情招待。
4.必須自己收帳，雖然自己處理但價格比外面租還貴。
5.充氣墊沒有充電，幸好有朋友幫忙，否則不知何時才能充好。
6.洗澡水溫度難以調節，要嘛超級熱，要嘛超級冷，後來干脆不洗了。
7.附近缺乏供小孩玩樂的遊樂設施，朋友經常露營，都覺得這些情況很不可思議。
環境很寧靜，離老街也相當近，希望能有所改善，否則可能真的只去一次而已。",3,1,0,583,,2020/05/06,0,中立
路況很糟糕。使用導航經過內灣老街時，假日常常會塞車。營地地面非常硬，充滿許多石頭，普通的營釘很難敲入地面。衛浴設備還可以。,3,1,0,592,,2020/05/06,0,中立
這片碎石地真的很硬，確實不容易釘營，而且遇到強勁的東北季風，導致帳篷被吹斷一半。營友們緊急拔營撤帳，真是一場慘痛的經驗。,3,1,0,613,,2019/05/06,0,中立
這個地方很幽靜，但還需要更多的宣傳和投資。,3,1,0,625,,2019/05/06,0,中立
露營地的環境很棒；但地上是碎石地，營釘不容易釘進去。,3,1,0,634,,2019/05/06,0,中立
泥土石頭太多了，所以很難把營釘打進去。,3,1,0,658,,2018/05/06,0,中立
碎石地太硬，難以打入營釘。廁所太少，垃圾桶也不夠用。,3,1,0,687,,2020/11/28,0,中立
這個營區的排水情況非常糟糕。雖然非常適合小孩露營，但下雨時積水很快，甚至比營釘還高。在雨下了五分鐘後，就開始積水。曾遭受過豪風暴雨的我們三年來共露營30次，但從未遇過像這樣排水極差、淹水的營地。碎石尖銳，草地不平，高低起伏明顯，加上排水慢，蚊蟲蒼蠅蟑螂螞蟻仍然很多，不過在大自然中也算正常。我認為這個營區在100%好天氣下是一個非常適合兒童玩樂的樂園。,3,1,0,700,,2020/05/18,0,中立
總的來說還算不錯。營位很寬敞，5*8天幕搭設空間還剩很多，但是打釘真的很困難，風大時可能會拔掉釘子。,3,1,0,722,,2019/03/14,0,中立
晚上使用浴室會感覺通風，很冷。,3,1,0,820,,2017/05/02,0,中立
"整體環境不錯, 視野很開闊, 附近有方便採買的地方 (全聯), 但山路陡峭請開車小心一點。店家的誠信有問題，讓整體體驗感覺有所折扣。",3,1,0,859,,2023/05/07,0,中立
D區的女生區域只有一間蹲式廁所和一間淋浴間，覺得設備不足。當媽媽們帶小孩去洗澡時，常常要等很久，我覺得應該考慮設計座式廁所或安裝安全扶手，這樣會更方便老年人或不習慣蹲式廁所的人。至於DE區共用一個冷凍庫，希望也能有冷藏功能~同時如果能設置一個大雨棚，讓大家遮風避雨就更完美了。,3,1,0,925,,2019/05/07,0,中立
這個地方環境整潔衛生，視野開闊，空氣清新。,3,1,0,926,,2019/05/07,0,中立
這個地方交通便利，距離三星鄉的味珍香和全家大概開車10-15分鐘。附近也有許多景點，如松蘿與九寮溪步道。但秋冬季節容易刮大風，可能會讓晚上睡覺有些不穩定。,3,1,0,940,,2018/05/07,0,中立
在較涼爽的天氣中露營是個不錯的選擇，因為位置靠近市區，夜晚的景色也很美。,3,1,0,944,,2018/05/07,0,中立
要小心在營地碎石地下釘，因為地面比較硬。,3,1,0,982,,2021/12/14,0,中立
在C區，草地上堆著很多護草墊，小朋友無法奔跑，多次絆倒擦傷皮膚。遊戲空間實際上只剩下靠近沙坑的一小塊，但優點是有熱水池和獨立衛浴區，不過衛浴清潔狀況只是一般般。,3,1,0,1042,,2024/02/07,0,中立
記得要經由內灣的路走，雖然車輛稍多，但距離較短。,3,1,0,1062,,2023/05/07,0,中立
這句話大概是指該地方的小路雜草和樹枝比較多，需要修剪整理才能得到3.5顆星的評價。,3,1,0,1080,,2023/05/07,0,中立
看到大家的評價後，我非常期待，所以我確認了一下老闆，看看飄飄河是否都開放。結果只有A區有開放飄飄河，其他區域根本沒有開放，讓我感到很失望。不過倒是有一個小貼心的地方，就是水廁裡有防蟲的紗網。,3,1,0,1273,,2023/10/07,0,中立
下午下了一場大雨，導致場地泥濘，顯然砂石鋪設不足，其他區域的石頭鋪得比較多，環境相對乾爽一些。其他設施表現還不錯，尤其適合帶小孩一起玩水放電，因為水源似乎直接流出山上，這個季節水管中會出現蝌蚪。晚上會有很多昆蟲和各式各樣的蛾類出沒。,3,1,0,1287,,2023/06/07,0,中立
新營主經營熱情有加，清潔衛生做得很好，每區都有獨立衛浴讓人放心，而且還提供沐浴乳和洗髮乳。唯獨A區的設施有些不足，建議增加冰箱和改善熱水器水壓問題。此外，注意區域內的流浪動物，避免牠們進食。雖然遇到一些小問題，但營主已經保證會改善。,3,1,0,1347,,2023/05/07,0,中立
營主人很好，但營位區劃劃不夠完善，先來先住。,3,1,0,1377,,2022/05/07,0,中立
整體而言，情況還算可以，也許營區評價不太高，我們的住處是在C區，假如再多4個人可能會有點擁擠。冬天去的話沒有蚊蟲，只看到過一隻小蟑螂，浴室設施還可以，但需要自己保持乾淨，否則就得靠自身維護，因為營區主人沒有定期清潔。附近就是一條大馬路，有時會有重型機車隊經過，很吵。這或許與路邊有一隻大野狗闖入我的帳篷有關。,3,1,0,1382,,2022/05/07,0,中立
這個營地以前管理用心，但現在有些荒廢了。可能因為補班補課，所以我們包下整座山。營區沒有大門，安全感有點不足，有時會有路人直接把車開進來遊覽或使用廁所。營地主人只有在收費時才會出現。浴室裡的水有幾間會時冷時熱。,3,1,0,1388,,2021/05/07,0,中立
洗澡時瓦斯不足，晚上洗澡感覺很冷，草莓價格很便宜。,3,1,0,1389,,2021/05/07,0,中立
A區的特色是有一條小溪和一個生態池，裡面長滿了青苔和水草。值得注意的是，戲水的地方水質可能不太乾淨，小朋友們要小心。此外，營位的廁所很髒，只有固定時間清潔一次，需要遊客提醒才會打掃。另外，排水速度慢，沒有草墊，但可以提供帆布。營位空間不算大，並且沒有垃圾桶，如果垃圾桶翻倒的話，半夜可能會有流浪狗來翻食物垃圾。優點方面，浴室提供大量的熱水，水溫穩定，還提供洗髮乳和沐浴乳。此外，還有冰箱、飲水機和脫水機，以及泡湯有優惠。,3,1,0,1401,,2020/05/07,0,中立
建議未來去之前先詢問是否開放漂漂河的頂層區域、整潔情況、是否有工作人員在維護。價格1000元有些昂貴，而且雨天排水不良，還需要向鄰居借用護膚墊。,3,1,0,1410,,2020/05/07,0,中立
腹地空間很有限，搭完帳幾乎沒有活動空間，但環境整潔度還可以。,3,1,0,1412,,2020/05/07,0,中立
希望營地的蹲式廁所能夠更加乾淨一些，一打開門就看到一些不太理想的痕跡，讓人感到有些尷尬。,3,1,0,1413,,2020/05/07,0,中立
D區位子空間有限，我們四個人在營位裡勉強把車停了進去，否則就只能停在路邊。營區就在路旁，要特別留意小朋友是否會跑到馬路上去。如果要來的話，真的比較適合包區。,3,1,0,1453,,2022/10/12,0,中立
C區的排水系統和水壓需要改善。新營主很熱心，保持衛浴和廁所乾淨並協助消毒。睡覺時要收好食物，因為貓貓可能會跳上桌子找食物。建議營主改善C區的排水系統和衛浴水壓。,3,1,0,1457,,2022/06/27,0,中立
跟期待有些微差距。,3,1,0,1472,,2021/03/03,0,中立
C區的浴室和廁所很髒，有很多蟑螂。可能是因為營區主人沒有住在這裡，所以造成了這樣的情況。這次去的時候被隔壁區的人吵到無法入睡！一群年輕人晚上10點開始唱卡拉OK，一直唱到半夜12點！第二天向營區主人抱怨，但營區主人也無法解決這個問題⋯⋯,3,1,0,1475,,2020/08/21,0,中立
總的來說還是可以推薦。儘管在路邊，整體上來看還不會太吵。,3,1,0,1478,,2020/03/04,0,中立
營區位於山谷中，夏天有點悶熱，廁所很髒且清潔不佳，讓人感到不太舒服，因此不再考慮第二次去了。,3,1,0,1479,,2019/12/23,0,中立
在B區露營的夜晚和普通週六晚上的心得優點是環境很乾淨，距離北埔市區很近，非常方便取得補給，不想自己煮飯也沒問題。這裡適合想要輕裝露營、暫時放鬆的人。然而，還有一些需要注意的事項：1. 營區的照片沒有更新，原本A區旁的鞦韆、水池和沙坑都消失了，記得帶遊具到草皮區域玩耍。2. 洗澡時可能會遇到沒有熱水的情況（大約在晚上8:30左右），可能是尖峰時段的關係，而且洗髮精和沐浴乳的按壓裝置也有故障。3. 雖然標示上說晚上十點後要安靜，但第一晚隔壁區有人喝酒喧嘩到很晚，第二晚有小孩比賽奔跑喧鬧到晚上十點半，營區的管理者似乎沒有實際出來規勸。,3,1,0,1524,,2023/12/07,0,中立
雨天不適合前來，碎石路面容易變成泥濘地，十分濕滑；衛浴區沒有乾濕分離，但希望至少能增加垃圾桶的覆蓋，以減少氣味和保持美觀，從衛浴區到營地的排水系統也需要加強。碎石區的陡坡在下雨天對大人和小孩都有一定的危險性，務必加以處理。,3,1,0,1526,,2023/11/07,0,中立
營主親切有禮，只是缺少親子浴室。,3,1,0,1574,,2020/05/07,0,中立
這個營區尺寸小巧，但停車空間不足的問題比較明顯。遊戲區設施非常吸引，讓小孩玩得不願離開，可惜許多小黑蚊令人感到非常恐怖，全家都無法幸免，每個人至少被叮咬了200次。因為小孩被叮咬太多，只好硬拉回家，否則這個營區還是相當方便的。,3,1,0,1578,,2020/05/07,0,中立
在北埔市集附近，營區很小巧，附近道路狀況良好且易於前往，唯一要注意的是有很多小黑蚊，要小心注意。,3,1,0,1581,,2019/05/07,0,中立
車道和場地的配置不錯，適合中小型團體使用。設備也蠻乾淨的。,3,1,0,1592,,2019/05/07,0,中立
在交叉路口的地方，如果路標設置得更清楚一些會更方便。,3,1,0,1711,,2018/03/20,0,中立
營區人潮眾多，隔壁區噪音太大，營區內道路窄，導致車輛底盤被刮傷。,3,1,0,1753,,2023/11/07,0,中立
規劃太多帳了，有點像是分租套房太過細分，帳一滿就沒有活動空間了。浴廁看起來倒是很乾淨，但數量上相對比例來說有點少。,3,1,0,1767,,2023/05/07,0,中立
營地環境還算可以，但有5個帳篷共用2個插座和洗菜的地方，有點不夠用。另外，廁所和浴室還可以，但屋頂是透光的罩子，夏天待在裡面感覺就像在烤箱一樣太熱了。廁所前的洗手臺只有一個小小的，使用起來不太方便也不夠。,3,1,0,1780,,2023/05/07,0,中立
這個營地各個區域都不大，平日的人潮不多，所以不會感到擁擠。但要注意的是，夕陽景觀可能會被樹木擋住，還有最上層營位可能會比較吵，因為靠近馬路。環境整理得挺乾淨的！不過不好的地方是，剛到時說好車子可以停無需另外付費，但第二天離營前卻被告知車子不能用電，需要額外付費！付了相同的費用，為什麼露營區可以使用電，而車子卻不能用？看來營地老闆對車宿相對不太友善，如果有喜歡車宿的朋友要入住，可能需要自行斟酌考慮了......,3,1,0,1787,,2022/05/07,0,中立
我找朋友來載我去家人露營，當我們進入露營地時，訪客要支付100元的費用。幸好我並沒有被要求支付，因為我是跟家人一起去露營的。如果是一同露營的情況，就不需要付費嗎？如果我們事先知道這點，就應該說明我們是一起露營的人，這樣不是說不能收費，而是100元的費用有點太貴了。建議可以按照停留時間收費，例如入場一小時內免費，超過一小時收取50元，超過兩小時以上則收取100元，每人限制收費100元。這樣司機載我們進去後，就算在裡面喝杯茶也不會被要求再支付100元了。,3,1,0,1796,,2022/05/07,0,中立
景觀不錯，爬上去可以看到360°的風景。探訪每個營地需支付100元，位於最上方靠近路邊的營地是鋪著磚頭的，但不方便釘帳篷。,3,1,0,1800,,2022/05/07,0,中立
這個地方風景很美，但浴室的熱水時冷時熱。,3,1,0,1830,,2020/05/07,0,中立
今天濃霧潮濕，看不太清楚，曬衣服需要更多時間。,3,1,0,1831,,2020/05/07,0,中立
在第一次夜間露營時遇到非常濃密的霧，導致頭燈照射出來的光芒看起來像水滴一樣。露營地很大，地勢多為斜坡，而冰箱放置的位置雖然很宏偉，但需要走很遠的路程才能到達。露營地的主人會用貨車載著大小露營者到附近散步，但坐在貨車斗中有些不太安全。建議提供地圖給露營者，讓他們自行開車前往目的地。,3,1,0,1834,,2020/05/07,0,中立
草地挺不錯的，營區管理人員也很友善。但晚上的蟲蟲真的太多了，讓人有點不敢接觸。另外，衛浴設備相對的少。,3,1,0,1858,,2019/05/07,0,中立
老闆熱心的準備了夏日降溫的茶品，也很用心在種植樹木和經營露營區。,3,1,0,1859,,2019/05/07,0,中立
這個地方的風景不錯，但很遺憾的是沒有提供浴室用品和吹風機，這讓方便性大打折扣。,3,1,0,1861,,2019/05/07,0,中立
五月天的白天中午過後很炎熱，然而晚上卻十分清涼，露水相對較重。草木草皮狀態良好，但蒼蠅和蚊子略多。衛浴間的數量有點不足，洗澡時常需排隊等候。建議在中午之前搭建營地，翌日早點收營，這樣比較不會感到太熱。,3,1,0,1864,,2019/05/07,0,中立
露營地的管理人員並沒有照顧到露營的客人。凌晨時分仍有人在打麻將，喧鬧不已，甚至洗澡時沒有熱水。孩子們也只能硬著頭皮忍著冷水洗澡，後來我們告訴管理人員問題，他們換了瓦斯，但熱水問題依舊存在，並沒有多做關心。當我們跟他們反應孩子們洗冷水澡時，他們似乎完全不在乎！另一個區域的熱水也突然中斷，換瓦斯等了十幾分鐘，情況一樣。就這樣，孩子在星期日晚上發燒了！我想問一下，管理人員不應該定期檢查瓦斯供應嗎？晚上溫度低，客人只能等到洗完澡才通知，這樣的處理方式不是太合理了嗎？另外，管理人員並沒有管控露營區的秩序，凌晨兩點還有人在打麻將，另一區則大聲嬉鬧，這樣的情況真的讓人感到非常糟糕！,3,1,0,1879,,2024/04/23,0,中立
空間有點擁擠，我住在G區，廚房的水槽是共用的，有一個廁所和一個浴室。雖然不是很方便但還算乾淨。插座位置有點遠，我需要使用了兩條延長線。活動空間有點不足，只有營區的主樓樓下有冰箱。,3,1,0,1907,,2022/04/13,0,中立
營區很擁擠，總有狗狗來咬鞋子。,3,1,0,1942,,2020/08/12,0,中立
這次預定的是在七號草地區，場地非常狹長，非常小，無法容納七個帳篷。我向營地負責人反映此問題，但得到的答覆是無法接受。,3,1,0,1956,,2019/08/03,0,中立
有太多蟲了! 7號區域場地太小了，擠擁且小孩子沒有足夠空間奔跑，不建議露營!,3,1,0,2024,,2018/06/20,0,中立
營位比較擁擠，洗手台不夠方便。廁所位置顯然不夠，但其他地方都還可以，營地主人很親切。,3,1,0,2035,,2018/05/01,0,中立
營主的表現真讓人不滿意。原本預定在 2017 年 12 月 30 日至 31 日和 2018 年 1 月 1 日訂了包含 A 區 10 帳的套裝，卻因為不明原因多擠了三帳，營主聲稱是因為訂位系統出了錯，卻又不肯確認對方的訂位訊息。雖然營主很和善，不想得罪人，又要我們蒙受損失。我們提前五個多月預訂的意義何在？明明心裡很不爽，但只好自得其樂三天（否則怎麼辦），希望下次營主能有主見，不要再推說是別人的問題，解決問題就應該果斷解決。,3,1,0,2060,,2018/01/08,0,中立
營位的實際大小和網站上的描述不太相同。當我們要搭建方形天幕時才發現，營位太小無法搭建。（我們在草皮區，單帳那邊）方形天幕的大小是440*550，而營區網站上標示營位為5*5。只是提供給大家參考，沒有其他意思。,3,1,0,2116,,2017/07/14,0,中立
蟲蟲很多，浴室裡很多，很容易就會看到會動的Dior標誌。沒有提供飲用水，而且上山路不好開，需要二十五分鐘才能抵達。G區只有g1有景，但夜景並非宜蘭市夜景。可能不會再造訪了。一千塊的預算可以有很多其他選擇。,3,1,0,2175,,2023/05/07,0,中立
這次在宜蘭露營住在草地第G區，整個周末都在下雨，到的時候因為雨霧很重，G區只有一盞小燈，很暗，而且營地的排水不好，到處都是水坑，搭帳篷變得特別困難。因為下雨霧氣很濃，所以也看不到什麼景色...總結：之後應該不會再來宜蘭露營了。,3,1,0,2176,,2023/05/07,0,中立
營釘釘無法打進去很讓人惱火，山路沒有整修過，開起來相當困難。,3,1,0,2187,,2022/05/07,0,中立
廁所的數量有限，導致排隊不便,3,1,0,2222,,2020/05/07,0,中立
G區雖然尚未開放，但景色相當不錯。從那裡可以看到龜山島、蘭陽平原的夜景，晚上關燈之後，天空布滿星星，甚至有機會看到銀河。滑草區設於此地，讓小孩子玩得非常開心。草地中間適合進行各種遊戲，旁邊有遮陽區域玩沙或者戲水。但是需要留意的是，水池邊緣比較高，沒有可以進出的地方。天氣轉涼時要注意保暖。管理員很親切熱心，廁所和衛浴設施也維持得很乾淨。AB區距離浴廁較遠，如果營區帳篷數眾多，衛浴設施可能會供應不足，且冷熱水難以控制。雖然提供了水桶，但仍有遇到許多蒼蠅而沒有遇到小黑蚊。,3,1,0,2225,,2020/05/07,0,中立
剛好碰到營區的住客素質不太好，學生開趴聚會到半夜，老人清晨五點開始聊天上廁所，而且浴廁的清潔狀況也很差...... 還有熱水供應也不穩定.... 來這個營區可能要看運氣了。,3,1,0,2229,,2020/05/07,0,中立
營地空間有限，但海拔較高，晚上天氣晴朗時可以欣賞星空。天氣炎熱時不建議中午時分上山露營，因為缺乏遮蔽物擋陽光，但提供水電服務。,3,1,0,2236,,2019/05/07,0,中立
G區的夜景很美，但是衛浴設備需要改善，環境衛生也需要多加重視！,3,1,0,2244,,2019/05/07,0,中立
生日要過得開心，所以選擇的地方應該要安全便利一些。從台七甲上去那一段的路沒有路燈，晚上開車要特別注意安全。營區裡蚊蟲很多，而且沒有提供飲水機，入住的朋友要特別留意這些。看到露營樂網站上的照片，可能已經過了很多年，所以實際環境可能有所不同，一帳1000的價格也許可以考慮其他更好的選擇。,3,1,0,2278,,2022/12/08,0,中立
Ｇ區的營位白天和晚上的風景真的很美，兩者感覺截然不同！草皮長到膝蓋高度，環境似乎已很久沒有整理過了。偶爾虎頭蜂飛來飛去！那裡設有衛浴設備、冰箱和冷凍櫃，非常方便。洗澡間和廁所是分開的，但衛浴設施清潔度較差！這裡的風景是整個營地最吸引人的，尤其Ｇ區可以看到夜景和龜山島！,3,1,0,2281,,2022/08/01,0,中立
今天雖然下雨，但地面不泥濘。孩子們依然玩得很開心。,3,1,0,2285,,2022/04/08,0,中立
這裡看起來有些凌亂，設備也不是很好。,3,1,0,2288,,2021/11/22,0,中立
第二次到G區露營，遇到許多問題。營地空間狹小，停車亂停，公共空間受限，還需要跟別人分享停車位置。衛浴和廁所設施不足，洗澡水溫不穩。冰箱不夠冷，食材容易爛，洗菜洗手不方便。晚上常跳電，夏天無電扇。唯一優點是風景優美，晚上涼爽，但總體不建議訂G區。,3,1,0,2303,,2020/06/29,0,中立
需要改善草地保護墊、修整營區階梯、解決衛浴空間的蚊蟲問題。,3,1,0,2311,,2020/02/22,0,中立
連假期間即使一直下雨，營地仍然爆滿。看起來營地的設施可能不足以應付來的人潮，而且原本的冰箱好像有點髒，希望可以提供更多冷凍冰箱。,3,1,0,2315,,2019/07/17,0,中立
"1. 營位與車道距離太近（D和F區），可能對小孩造成危險。
2. 浴室熱水溫度時冷時熱。
3. 不清楚是放在冷藏還是冷凍室？冰箱的溫度不夠低。
4. 這次露營不巧遇到一對喝醉的夫妻吵架，半夜大聲爭吵吵醒了許多露營者。希望營區在晚上能有管理員或營主在場，以便及時處理任何問題。",3,1,0,2368,,2018/04/09,0,中立
下雨的元旦真讓人感到不舒服。上層區域的規劃似乎不太理想，浴廁也很普通，和去年來的感受相差很大。,3,1,0,2377,,2018/02/12,0,中立
天氣不好，無法看到美景，希望下次再來! 另外，沙坑區的遮雨棚破了，影響小孩玩耍，建議儘快修理。營位的洗手檯未清潔，堆滿了髒污，有點噁心。,3,1,0,2379,,2018/01/05,0,中立
營地環境不錯，營主很親切。,3,1,0,2452,,2016/12/30,0,中立
環境整潔，草地照料得很周到,3,1,0,2528,,2021/05/07,0,中立
不建議參加週五的露營活動，營主常常深夜才回家，導致我們無法儲存食物，主食雞肉就此報廢。但值得一讚的是，衛浴設施很乾淨，營主也經常保持各區公共清潔。,3,1,0,2542,,2021/05/07,0,中立
這個營地整潔舒適，衛浴設施也非常乾淨，周圍風景還不錯。距離瀑布很近，大概需要40分鐘的路程。,3,1,0,2549,,2020/05/07,0,中立
這個地方有著蟲鳴鳥叫的美好環境，雖然沒有設施，但讓人更親近大自然。附近有瀑布和清澈的溪水，還有小孩可以安心玩水的平坦小池。整個營區都很棒，只是螞蟻稍微有點多。,3,1,0,2550,,2020/05/07,0,中立
這個地方自然環境十分豐富。有很多毛蟲，夜晚可能出現各種昆蟲，怕昆蟲的人要小心。空氣清新，但景色簡單。管理人員很辛苦地清理垃圾和保持浴廁的清潔。,3,1,0,2582,,2022/12/08,0,中立
在C區要看看其他露營者是否有公德心。入住當天晚上十點半，有人在大聲聊天，也有人彈吉他；晚上十一點時，還有人在浴室使用吹風機並大聲聊天。儘管詢問老闆後得知晚上十點後原則上禁止大聲喧嘩，但上述情況仍然存在，老闆也沒有出來管理露營地，也沒有呼籲露營者。露友可能需要碰運氣了。,3,1,0,2622,,2019/08/20,0,中立
環境不錯，營區管理用心，但遺憾的是入口道路狀況有待改善，底盤多處被刮傷，泳池磁磚也需要修整，造成小朋友被劃傷，好在營區提供了保險，算是負責任的舉措。,3,1,0,2746,,2023/05/07,0,中立
沒有提供飲水機和沐浴用品，需要自行準備。周遭景色平凡，且附近有農地，可能會有蒼蠅。上山的道路狹窄且路況不好，底盤較低的車輛不建議前往。交通會很辛苦，個人不建議造訪這個地方。,3,1,0,2787,,2021/05/07,0,中立
營區早上10點才開門，不必過早到達，以免打擾營區管理員，造成不便請見諒。,3,1,0,2793,,2021/05/07,0,中立
草地區和洗澡堂之間有一段距離！,3,1,0,2797,,2021/05/07,0,中立
環境不錯，歡迎來玩。,3,1,0,2801,,2021/05/07,0,中立
基本設施還不錯，但從傍晚到隔天一直有一種濃烈的異味像是雞糞肥料的味道，非常讓人困擾，尤其是會一直追隨在身邊。以前去過許多種類蟲子很多的營地，但從沒遇過像這種蜜蜂會一直黏著你的情況，真的很令人困擾。,3,1,0,2812,,2020/05/07,0,中立
營地規定禁止卡拉ok，然而現在出現兩組卡拉ok在營地上演唱。原本以為在山上露營可以享受清新的空氣和美麗的景色，但沒想到會有噪音。所以扣一顆星。其他方面，廁所和營地整潔，是個不錯的地方！,3,1,0,2834,,2019/05/07,0,中立
這裡的景色不錯，只是周邊都有開發了！可以看得很遠！,3,1,0,2842,,2018/05/07,0,中立
營主非常熱情，設有地下噴水池，孩子們非常興奮。,3,1,0,2855,,2023/02/16,0,中立
路況：白蘭部落的道路相對平坦易行，但進入營區內的道路有些陡峭需要注意。冰箱：只有冷藏區，沒有冷凍區，而且冰箱只有在營區中央位置，取食物需要步行一段距離。浴廁區：四區和六區的浴室和廁所合併在一起，沒有乾濕分離，水泥地板因潮濕長時間變得微青苔。考慮到有這麼多分區帳使用，如果在繁忙時段大家同時使用，廁所和浴室一定會不夠用。浴室使用瓦斯熱水，同行朋友洗到一半就沒熱水，需要中途更換浴室使用，幸運的是隔壁浴室當時沒有被使用。熱水控制有問題，一不小心容易著涼，而且浴室隔間沒有加裝紗網，時常有蟲蟲進入。最後提到，唯一的小便斗漏水問題較嚴重，使用時體驗不佳。營位：營位蠻寬敞的，使用空間足夠，地勢平整適合釘搭。不過營地部分區域有些傾斜，可能會影響桌子和床的穩定性。電力供應：這次晚上突然斷電，其他區域也都無法供電，等營主維修後才恢復電力，我們影響不大因為用電少，但其他區域的使用者就不得而知了。,3,1,0,2964,,2024/01/07,0,中立
這段文字描述了8區的營地情況，包括草地維護不佳、坑洞泥濘、提供的設施和注意事項。此外還提到了共用的廁所、風景、冰箱位置及建議。路況狀況也有被提及，總的來說是一個關於露營經驗的詳細描述。,3,1,0,2986,,2022/05/07,0,中立
第一區營地風景不錯，但是兩隻雞整天輪流啼叫真的很吵，更何況10月間第二區到第六區的雞竟然消失變成貓。另外，浴室熱水器出了問題，洗澡時會聞到瓦斯味，還會變成冷水，這情況真的很糟糕。,3,1,0,3000,,2022/05/07,0,中立
廁所和浴室混在一起的設計，對一些人來說可能接受度較低，特別是如果環境偏老舊、有很多蟲、味道難聞。但除了這一點，這個地方的風景和草地都十分美麗。,3,1,0,3008,,2021/05/07,0,中立
露營時碰到吵鬧的人有點倒楣，但營區管理者也應該適時干預。有些人在半夜兩點還在吵鬧，雖然營區管理者很友善，整體露營體驗有點不盡如人意。至於廁所和浴室方面，還算可以接受。,3,1,0,3011,,2021/05/07,0,中立
櫻花很美，特別是在風吹拂下更是迷人，不過設施有些不足，多人洗澡時會有溫度不穩的問題，另外電壓也有點低，容易造成兩台吹風機同時使用時跳電。,3,1,0,3014,,2021/05/07,0,中立
場地空間有限，我建議您考慮到天湖露營區。,3,1,0,3018,,2021/05/07,0,中立
營位安排比較寬鬆，但是廁所沒有封頂，導致晚上有許多昆蟲飛進來，讓小朋友在洗澡或上廁所時感到害怕。此外，冰箱放在營地管理處內，營地管理人員不在或休息時會鎖門，對於帶食材需要放冰箱的露營者來說有些不便。,3,1,0,3036,,2021/05/07,0,中立
這個時間點在4區，陽光很強，山景還可以，但設施稍嫌欠缺（不是花季時有點無聊），要付錢後才見到營地負責人。,3,1,0,3052,,2020/05/07,0,中立
2區的配電箱，全區只有30安培的供電容量，跳電超過8次了，我感覺有點糟糕，另外廁所的衛生狀況也需要加強。,3,1,0,3064,,2019/05/07,0,中立
景色很美，但設施有點陳舊。,3,1,0,3072,,2019/05/07,0,中立
2015年的時候跟朋友去露營，選了一個靠近大自然的營區。那時的浴室是共用的，使用熱水器，水溫取決於隔壁是否有人在使用。晚上還有烤馬告，吃起來很美味。,3,1,0,3077,,2019/05/07,0,中立
夜景很壯觀，但浴室設備有點簡陋。,3,1,0,3096,,2018/05/07,0,中立
營區應該很美因為櫻花已經盛開。不過有點可惜的是，帳篷前被樹遮擋住山景，因此無法直接看到。廁所條件還算可以，但水溫有些不穩定。幸運的是，這次遇到了和我兒子相處融洽的露營朋友，他們讓整個旅程更加愉快。希望他們沒有因此感到不便。,3,1,0,3111,,2022/01/23,0,中立
第8區的帳篷位置相當遠離營區中心，需要走一段陡坡的樓梯才能到達浴廁。另外，廁所是露天的，所以常有蚊蟲困擾。,3,1,0,3125,,2020/12/14,0,中立
這個營地設施較為簡單，廁所數量有限，不太理想。,3,1,0,3141,,2019/09/20,0,中立
廁所缺衛生紙，不太方便。建議加裝衛生紙。另外，草地有乾掉的狗糞，不衛生。垃圾桶沒有裝垃圾袋，也沒有加入壓磚塊。這樣的情況可能會吸引野狗野貓過來翻垃圾。整體來看，還有些地方需要改善。,3,1,0,3156,,2018/11/26,0,中立
營區很安靜，沒有喪屍般的蒼蠅。,3,1,0,3184,,2023/05/07,0,中立
這個營區雖然很乾淨，但物價漲幅太高，我可能不太想再去了。,3,1,0,3189,,2022/05/07,0,中立
在這個大草地上，廁所設施很漂亮，營區還有地方可以買冷飲。,3,1,0,3217,,2021/05/07,0,中立
在草地上放著柔軟舒適的帳篷，在兩棵落雨松之間設立營位，帳篷搭在變色的落雨松下格外有情調。車與帳篷分開，即使遇到滿營也不會感到擁擠。而乾濕分離的衛浴設施讓洗澡更加舒適。路況順暢，進入營區的小田間路較為狹窄，周圍種植著果園和農田。上午時分有些許蒼蠅出現，下午則見到農民戴著口罩噴灑霧狀液體，希望不是農藥啊！,3,1,0,3237,,2020/05/07,0,中立
水龍頭流出的水是溫的，非常適合冬天露營。然而，包場的營區營主未提供完整的草地使用，原因是中央的走道要開放給營區營主騎高爾夫球車行銷產品，這算是一種特殊的商業手法。,3,1,0,3238,,2020/05/07,0,中立
環境整體還算不錯，但四周都是果園，所以出現了很多蒼蠅。,3,1,0,3243,,2020/05/07,0,中立
我覺得這地方不錯，適合遠離都市的喧囂，來此旅遊可以選擇住宿或露營。,3,1,0,3258,,2019/05/07,0,中立
這個地方環境舒適，草地很舒服，廁所保持乾淨，而且定期有人打掃。另外，衛浴設備有乾濕分離。但是人潮稍微擠擁了一點，導致收銀處要排隊。,3,1,0,3263,,2019/05/07,0,中立
這裡的環境保持得很好，特別是浴廁很乾淨。不過小朋友的活動空間可能稍嫌不足。,3,1,0,3279,,2018/05/07,0,中立
包棟民宿的露營地方可以增設電源。,3,1,0,3282,,2018/05/07,0,中立
優點是有一塊大草坪；缺點是有太多帳篷，小朋友沒有足夠空間玩耍。,3,1,0,3289,,2018/05/07,0,中立
"優點：衛浴設施很出色，草地風景優美，設施很新穎
缺點：蒼蠅太多，營地規劃過於擁擠，小孩玩耍空間有限。",3,1,0,3301,,2018/05/07,0,中立
這次活動確實是不受風雨阻擋的，營地主人的用心經營讓我們深受感動。我們還能免費採草莓，不過必須隨天氣變化而改變用餐地點，這讓人覺得有些無奈。總之，這將是一段難忘的回憶，尤其是在車上睡覺的經驗。,3,1,0,3305,,2017/05/07,0,中立
這個地方的空間很寬敞，有很多區域。A區是用來放行李，停車輛需要在停車場集中停放。這裡有民宿，裝潢設計感覺不錯，但舒適度則未知。整個營地很大，適合小朋友奔跑活動，地勢平坦主要安全，但缺乏景色，周邊只有果園，這一點有些可惜。,3,1,0,3315,,2017/05/07,0,中立
除了草地以外，我想不出還有什麼地方值得一提！,3,1,0,3323,,2017/05/07,0,中立
環境看起來很整潔很漂亮，但竟然有跳蚤，我被咬得很慘，收帳時開始癢了起來，真是苦不堪言～,3,1,0,3327,,2022-04-28T17:04:37+08:00,0,中立
各地區的範圍都稍微有點狹窄，每個營地都有些擁擠。最後十幾分鐘的路程有幾個非常陡峭的斜坡和彎道，十分考驗引擎、輪胎性能和駕駛技術，因此強烈不建議在夜間開車前往。,3,1,0,3396,,2022/05/07,0,中立
路顛波。接近目的地時，路很陡難以開。,3,1,0,3471,,2023/10/23,0,中立
快到營區大概5分鐘左右時，那段路很危險，超難開。,3,1,0,3472,,2023/10/23,0,中立
營地的噪音很多，鄰居的狗叫、羊叫，還有凌晨4點的公雞叫。,3,1,0,3568,,2023/12/07,0,中立
營區裡有一些困擾，例如小黑蚊和蒼蠅、貓狗翻垃圾桶，使孩子被跳蚤叮咬。晚上和清晨的時候，附近的野狗會亂吠，鄰居的鵝也很吵。雖然營區沒有飲水機，而且草地上有較多碎石，但衛浴設施很乾淨。營主人很友善，只是有點不太方便行動。,3,1,0,3592,,2022/05/07,0,中立
一帳包區的位置比較寧靜，很不錯。雖然射箭區比較小，但依然很有趣，可能是因為沒有其他人和我們搶，所以不用排隊（那天滿檔）。營區內還有沙坑和戲水池。當天有體驗搗麻糬的活動，營地工作人員會依營區分區通知體驗時間。,3,1,0,3609,,2021/05/07,0,中立
"1. 浴廁乾淨，有提供浴盆和水瓢，但建議自行攜帶D型扣環以便掛東西。
2. 提供Wifi、護草墊、吹風機、脫水機、冷凍和冷藏冰箱，以及廁紙。
3. 上層營區下大雨仍有良好排水。
4. 蚊蟲較多，特別是小黑蚊，同行親友和小朋友都被叮咬了不少次。
5. 營區有小貓在附近出沒。
6. 營位上的洗手台有遮陽傘，但只有一盞亮度不足的太陽燈，照明效果不夠。",3,1,0,3610,,2021/05/07,0,中立
越靠近營地入口的地方風景越美，特別是寮望台的景色也很漂亮，適合乘涼。那裡又涼風徐徐，樹蔭婆娑。主辦方有搗麻糬和其他活動，小朋友非常喜歡。不過，那裡的冰箱很小，坡道很陡。端午節時被小黑蚊叮得滿腿都是紅豆冰。營地內飼養的雞，半夜兩、三點就開始打鳴，一直叫到天亮。另外，也有水池可以讓小朋友玩水。,3,1,0,3617,,2020/05/07,0,中立
進入營區的道路比較窄，開車要小心，不要完全依賴導航。傍晚的景色很漂亮，也可以參加一些活動，到了晚上會有些潮濕，早上陽光照射時需要找個遮蔽的地方。雖然離公路有點遠，但因在山區，總能聽到汽車的聲音，尤其是跑車。總的來說，這是一個不錯的營區可以嘗試。,3,1,0,3620,,2020/05/07,0,中立
可以欣賞石門水庫湖面的美景，微風徐徐吹過非常舒適，喜歡露營的朋友可以考慮前往體驗一下。不過需要提醒您，那裡蚊蟲較多，請做好防蚊措施。,3,1,0,3627,,2020/05/07,0,中立
風景很漂亮！參加搗麻糬和竹筒飯DIY活動的品質略顯粗糙，射箭區缺乏整理，給人荒廢的感覺。淋浴間只有三間，但水量充足，熱水也豐富。,3,1,0,3630,,2020/05/07,0,中立
廁所乾淨，只是數量太少！其他的就很一般了。,3,1,0,3634,,2019/05/07,0,中立
這個營區的空氣清新，而且還在河流旁。,3,1,0,3635,,2019/05/07,0,中立
這個地方的設施很完善，提供充足的衛浴設備和插座，停車位也很充足。夏天來的話可能會有點熱，整個營區有點擁擠但算是舒適的。停車的方式可能會影響到小朋友玩球飛盤的空間，但整體環境乾淨，衛浴設備和廁所都不錯。建議小朋友在水池附近時父母陪同，因為水池很淺，要注意安全。營區主人很親切健談。唯一的缺點可能是路較難找。,3,1,0,3651,,2019/05/07,0,中立
"對於我們住在台北市區的人來說，這個營區其實有一點遙遠！這個營區是相對新的一個地方，佔地不大，營地被設計成了""階梯式""，總共有四層，我們這次使用的是最底層（靠近衛浴區）。原本這個地方可以容納八個帳篷，但因為大家都帶了大型或巨型的帳篷，再加上客廳帳篷，所以最後我們只搭了六個帳篷。營區還有一個""營棧""，可以在那裡採購飲品。此外，這裡也有瞭望台、兒童戲水池和射箭區，對小朋友來說，是一個非常適合消磨時間的地方喔！",3,1,0,3653,,2019/05/07,0,中立
這個露營區靠近石門水庫，位置在羅馬公路旁邊，交通便利。山路較曲折，可能會讓容易暈車的人感到不適。停車位較為狹窄，如果晚到可能會不太方便裝備。營區有推車提供。空間規劃像梯田，小孩的活動範圍有限，有小水池和沙坑。帳篷之間較為接近。營區有石門水庫景觀，附近有新溪口吊橋和角板山商圈，風景優美。衛浴設施方面，總共四間浴室、四間廁所和兩座小便斗，清潔狀況尚可，但沒有提供衛生紙。老闆和員工服務態度親切，是一個可以再次造訪的好地方！,3,1,0,3656,,2018/05/07,0,中立
設施都已經年久失修，沒再人來照顧了。遊樂設施如戲水池、沙坑和射箭場都已經荒廢。路面情況很差，營地主人也不確定是誰在經營。,3,1,0,3668,,2023/05/14,0,中立
這裡的衛生設施需要改善。如果對環境要求不高的話，這裡還算可以，但傍晚會有一些小黑蚊。,3,1,0,3670,,2023/04/05,0,中立
我在不知不觉中又到了第二次的营地。,3,1,0,3687,,2021/03/20,0,中立
手機訊號只有一格 (中華電信)，信號不穩，但營區有WIFI。不過洗澡時突然沒熱水，還得等30分鐘。,3,1,0,3769,,2024/04/07,0,中立
景觀一般且衛浴設施陳舊，還有兇猛的黑蚊蟻叮人，雨棚區1300感覺性價比不夠高,3,1,0,3798,,2023/05/07,0,中立
開車時遇到了極端的坡道，上坡很陡，轉彎時又陡下，非常困難，情況十分極端。A區前面的草地很短，但非常整潔，孩子們在那裡玩得很開心。廁所很乾淨，洗手臺的溫水很舒適，在冬天裡效果很好。由於地理位置在山谷，沒有風，晚上雖然寒冷但不會刮風。有一條小溪，但因為我們在A區，必須走一段路才能到達，不過釣魚的感覺是非常舒適的。唯一需要求助管理員的是，我本身晚上11點就想睡了，但鄰居竟然到凌晨三點還在喋喋不休，真是讓人難以入眠。,3,1,0,3807,,2023/05/07,0,中立
老闆準備得非常周到，每個平台活動區域都很寬敞。建議在設有廁所的平台裝設帳篷更為方便，廁所旁提供熱水洗手台非常貼心，特別適合冬天使用。營地坐落在山谷中，相對涼爽，早晨陽光出現較遲，可以睡個更久，但要注意防蚊！谷歌導航可能會誤導，注意聽從營地主人的指示！,3,1,0,3875,,2020/05/07,0,中立
營區活動範圍有限，通往裡面的道路狹窄。道路盡頭靠近小溪，晚上溪流聲音很響亮，建議不要在溪邊搭帳篷。每個區域的洗手台位置設計不太理想。廁所和淋浴間很寬敞，但熱水供應可能不足。,3,1,0,3876,,2020/05/07,0,中立
洗澡時熱水不夠，每30分鐘才有熱水真的很不方便，因為廁所太擁擠。,3,1,0,3905,,2022/09/19,0,中立
洗手間和浴廁的數量太少了。C、D、E三個區域共用浴廁實在是太少了，而且即使把熱水調到最高，也只有溫水，這種缺水問題不是我們露宿者能忍受的。將我們的浴廁鎖起來也不太合理，而且營區跳電是否是因為電力供應沒有足夠大，只要有人開了暖氣等用電設備就會整個營區斷電？是否可以在公約中訂立禁止使用高能耗產品？此外，D區只設置了三個水龍頭，其中兩個在後方，一個在廁所前方，我們根本要搶著用才行，因為廁所前的洗手台有熱水，其他區域的露友都來用，造成了我們的不便。當我們需要使用時，別的區域的露友也來用，真的非常不方便，甚至連上完廁所後要洗個手都得用自己帶來的茶水來清潔。,3,1,0,3922,,2022/01/03,0,中立
這個地方的排水系統很差，下雨的時候最好不要前往。第一次去草地時景色非常美麗，然而第二次去時草地已經消失不見，再加上下雨，整個地方都變成爛泥，是一次非常糟糕的經驗。,3,1,0,3952,,2020/10/13,0,中立
"1. 特1區的房間很整潔，但客廳有點奇怪，因為2樓的人可以穿梭過來。
2. 特1區的廚房在洗手間旁，時常會有尿味。
3. 其他方面還算可以。",3,1,0,3989,,2023/05/08,0,中立
這個營區雖然整體來說不大，但大部分的營位都有五葉松可以遮蔭，算是一個小而美的營區。夏天造訪時可能會有些小黑蚊，這點需要注意。除了戲水池的清潔度，管理方面也有待加強，因為營區未能嚴格執行夜間的規定，造成一些混亂和不良的行為，這已經影響到整個營區的形象。,3,1,0,3997,,2023/05/08,0,中立
營區的地方很寬廣，旁邊還有湖泊可以欣賞。洗澡間不會有時間限制，營區內有多種露營模式可以選擇，像是有遮雨篷的區域、松樹下、或是竹林與碎石地區。不過缺點是洗澡間少一些，冰箱也比較稀少。,3,1,0,4019,,2022/05/08,0,中立
在I區有許多人在空地擠滿帳篷，我覺得很擁擠。沒有人帶家用電暖器，整晚跳電好幾次。營地管理員處理得很快，但半夜跳電時得等到天亮才有電。浴室有男女各兩間，還有男女各一間的蹲式廁所，女生那邊可以使用吹風機。冰箱只有在浴室旁邊，旁邊還有一條步道可以走到石秀灣。,3,1,0,4027,,2021/05/08,0,中立
建議不選擇B區，因為浴廁太少，而且環境受到干擾。每個區域應該再減少一些帳篷，因為有小蚊子和跳電問題。不過五葉松林非常美麗。,3,1,0,4037,,2021/05/08,0,中立
現在是八月份，小黑蚊非常猖狂，每個人平均叮咬超過20次，建議隨身攜帶高效防蚊液，以免被叮咬，否則就像我們一樣，即使噴了防蚊液也無法防止蚊子叮咬。,3,1,0,4043,,2021/05/08,0,中立
希望雨棚區位置可以更寬敞一些！,3,1,0,4071,,2019/05/08,0,中立
營地內蚊子相當多，加上營主剛好在維修水管，但卻沒有注意到水管膠的排水問題。在洗澡時突然聞到水管膠的惡臭，令人擔心可能會誤喝到帶有水管膠的水，尤其帶著兩歲小孩更讓人擔心。向營主反映後，僅獲得抱歉的回應，殊不知這可能會造成某人誤食到有毒物質而出現問題。這顯示台灣人在環境教育方面仍有著許多成長的空間。這樣的情況在國外肯定會受到法律追究。,3,1,0,4081,,2019/05/08,0,中立
這個地方風景很美，老闆很親切，只是有一些小黑蚊。,3,1,0,4086,,2019/05/08,0,中立
營地設施很完善，提供免費地面防水隔板，水槽充足，用電也方便，廁所浴室乾淨，草地寬廣，只是因為鄰近竹林，小黑蚊比較多，叮咬有些厲害。,3,1,0,4100,,2018/05/08,0,中立
蚊子實在太多了，夏天幾乎沒辦法出門，因為得盡量避免穿短褲。,3,1,0,4178,,2024/03/07,0,中立
在這次露營中碰到了老闆娘，她的態度非常好。我們這次是在禮拜天去的，所以老闆娘讓我們隨意挑選營位。我們因此給了一顆星評價。可惜的是，1. 蒼蠅很多，不小心就會進帳篷，整個營區都是蒼蠅。2. 螞蟻超級多，似乎會把整個蟻窩移到帳篷裡，帳篷內都滿是螞蟻。3. 甚至還有飛著的蟑螂，外面一堆蟲子在四處遊蕩。4. 營區設施可能缺乏維護，發霉生鏽的情況很可惜，不然環境應該會更美好。5. 營區的燈光很少，晚上比較昏暗。優點是營區其實很美（除了發霉的部分），有湖岸和溪流，晚上聽著河流聲入睡，心情挺愉悅的。,3,1,0,4199,,2023/05/07,0,中立
雖然一開始以為離台北很近，看照片覺得不錯，而且有雨棚應該會很放鬆。剛好遇到下雨，雨棚內積水，又要從帳篷走到廁所，到處都是水坑和泥巴，腳永遠髒兮兮的，是露營過程中最痛苦的一次！另外蚊蟲非常多，但在戶外這點也難以避免！我建議修繕設施，並要做好排水，改善一下吧。如果改善得更好一點，我相信這個營地會變得非常棒！,3,1,0,4217,,2021/05/07,0,中立
小黑蚊很多，洗澡時熱水不穩定，女廁馬桶經常會淹水。,3,1,0,4228,,2021/05/07,0,中立
這地方本來是個魚池，後來變成婚攝場地。,3,1,0,4234,,2021/05/07,0,中立
優點是熱水穩定、廁所乾淨。不足之處是營地管理缺乏人情味，不巡視場地，對訪客多收費，晚上路燈不足，部分區域存在危險坑洞。,3,1,0,4238,,2020/05/07,0,中立
這個地方適合各年齡層的遊客，只是交通不太方便。,3,1,0,4266,,2019/05/07,0,中立
只有距離市區很近，其他方面還可以。,3,1,0,4268,,2019/05/07,0,中立
這次來露營是受網路照片吸引而前來的，但真實場景讓您感到失望，因為很多風景都顯得老舊且破敗。您建議讓網站相片更新，是吧？,3,1,0,4269,,2019/05/07,0,中立
出去露營最重要的是什麼？心情和夥伴。場地是可以的，老闆會熱情地帶路。晚上聽著蟲鳴鳥叫，偶爾能看到螢火蟲飄舞，在靜謐清幽的郊野露營區度過一段美好時光是寶貴的。即使網路上流傳著這個露營區內的景點可能已顯示出歲月的痕跡，但還是值得一去。記得，那裡甚至有一架鋼琴在湖上等著人彈奏呢！,3,1,0,4271,,2019/05/07,0,中立
在台北附近的露營地，露營地面是碎石鋪成的。在河邊的雨棚區下雨時不用擔心。水槽可以平均分配，兩個營位共用一組。靠近小溪邊可以下去玩水，但是應該先考慮集中處理汙水再排放到溪流中。,3,1,0,4277,,2018/05/07,0,中立
這個地方環境尚可，浴室衛生不錯，唯獨缺乏路燈感覺有點昏暗；住處離辦公總部較遠，需要走一段路才能取得飲用水，相對來說有些不太方便。,3,1,0,4282,,2018/05/07,0,中立
這個露營地適合全家大小，有山有水，可以讓家人互動，烤肉、玩水、爬山都很適合。,3,1,0,4285,,2018/05/07,0,中立
這裡的環境還不錯，衛浴設備也很齊全，只是在平地露營的時候有點熱。,3,1,0,4290,,2018/05/07,0,中立
營地的設施有點老舊，周遭也沒有更新維護。,3,1,0,4302,,2017/05/07,0,中立
美的太不自然了，一張1000有點貴。,3,1,0,4304,,2017/05/07,0,中立
這個營地看起來很棒，只是有點過於商業化了！,3,1,0,4305,,2017/05/07,0,中立
風景很漂亮，但門票貴了些有點可惜！,3,1,0,4308,,2015/05/07,0,中立
環境設備稍顯陳舊，有些可惜。湖周邊景觀可以再加強一下，那樣就更完美了。也許是因為附近有果園，才會有些小黑蚊。,3,1,0,4502,,2017/12/03,0,中立
很遺憾… 沒有露到。27號還沒到中午就開始下大雨，我打電話詢問，得知無法延期或退費。本以為下午就會停，結果越下越大。等了一會兒後，決定放棄露天活動，避免尷尬且擔心小朋友感冒。雖然花了1000塊，但這算是上了一課，要是天氣不穩定，還是要預訂有雨棚的區域比較保險。,3,1,0,4561,,2017/05/29,0,中立
可能因為下雨的關係，景觀沒有想像中那麼美，但最重要的是回家後手腳上多了一些紅豆冰...><,3,1,0,4562,,2017/05/28,0,中立
浴廁設施不錯，但還有改進的空間。,3,1,0,4569,,2017/05/14,0,中立
在台北地區，交通非常方便。,3,1,0,4611,,2017/02/28,0,中立
帳篷相連讓人感到不方便，浴室數量不夠。,3,1,0,4642,,2016/12/03,0,中立
這個地方的衛浴設施很棒，尤其淋浴間的乾濕分離做得很好！整個營區都有雨棚覆蓋，但附近的景點比較稀少。可能是因為營區位於山谷中，所以風向常常改變，有時候會讓人感到不太舒適。營區周圍有些雜亂，但有一條庫志溪可以釣魚和撈蝦。,3,1,0,4708,,2021/05/07,0,中立
營地長與夫人彼此都很友善！,3,1,0,4715,,2021/05/07,0,中立
在溪邊，有山嵐籠罩，是一個很適合露營的好地點！,3,1,0,4741,,2019/05/07,0,中立
這句話的意思是：「在雨棚搭起帳篷，在水泥地上，地面上有四個金屬孔，溪水很近，可以戲水，但是露營地不太大，也沒有規劃客廳帳篷空間。」,3,1,0,4754,,2019/05/07,0,中立
環境整潔，但營位空間有點小，水龍頭位置也影響了其他人的活動。,3,1,0,4846,,2018/09/25,0,中立
11/18的住宿經驗在竹雞區，總體評價是兩顆星，主要是因為以下幾點不足：1. 排水管斷裂沒有維修，導致洗手台的水直接流到草地上，造成積水問題。2. 兩間共用的浴室中，有一間熱水器於週六傍晚故障，但沒有人來修理或設立告示，讓人洗冷水澡。3. 廚餘桶的擺放方式不佳，未考慮到營地可能有貓狗進出，導致半夜廚餘桶被貓翻倒。4. 營位寬度五米，不適合大型帳篷，景觀被遮擋，竹雞區視野更差，整體而言視野不如旁邊的烏嘎彥獨立區或C區。,3,1,0,4868,,2023/12/08,0,中立
環境很好，但浴室的數量明顯不夠，開車時山路又狹窄又陡峭，低底盤的車輛要小心駕駛。,3,1,0,4929,,2020/05/08,0,中立
路小有幾段路會車有問題，風景不錯 = 這條路線有一些路段出現了交通問題，但風景相當不錯。,3,1,0,4930,,2020/05/08,0,中立
營地主人的服務很好。廁所和浴室很乾淨，但數量較少且集中在一起，造成需要排隊等候的情況。建議增加更多廁所和浴室，並避免過度擁擠。入口道路太小，難以夜間通行，需要想辦法改善。,3,1,0,5152,,2017/10/23,0,中立
這個營地的交通方便，提供親子設施、冰箱、飲水機，還有寬敞的草皮活動空間，整體環境很舒適，營主人也很親切。值得一遊。然而，需要注意幾點：1. 洗澡時間有限，白天沒熱水。2. 放裝備的柏油路狹窄，在下裝備時會有點壓力。3. 騎腳踏車的空間有限，只有柏油路。4. 撤營時間比較固定。5. 星空美麗但光害較大。6. A區距離草墊放置區有點遠。綜合來看，營地值得推薦，但下裝備需在柏油路下，希望營主可以解決這個問題。,3,1,0,5231,,2023/12/08,0,中立
這個地方的優點是冰箱和冷凍庫都很充足，還有足夠的空間讓孩子打棒球，籃球場讓大家運動，還提供腳踏車、玩沙區、戲水區和飲水機。我要特別稱讚營地主人家非常勤勞打掃，負責收集垃圾和分類，雖然廁所和浴室有點少，但他們定期會巡視和清理環境，還有專人指導開車，特別注意孩子的安全。他們在廁所門上還貼心地設置了櫃子，感受得出來他們用心經營。但是還有一些硬體設施需要改進，比如女廁浴室的冷水流太小，需要多久才能裝滿水桶？水溫不穩有時過燙，只有5間淋浴間，營主回應是因為有太多人在用水？這是該考慮加裝增壓馬達。最後，來這裡時要選對季節，因為今天風很大，幸運地沒有受到小黑蚊的騷擾，小黑蚊非常敏感，容易被風吹走。,3,1,0,5253,,2023/05/08,0,中立
這個地方的好處是海拔低、開車方便，有很多兒童設施，草地很適合小孩玩耍。但是缺點是有非常多的小黑蚊，即使噴了防蚊液也還是會被咬滿腳，從中午到傍晚都有，而且傍晚還會出現很大的斑蚊，被叮到會很痛，相當可怕。下次可能考慮在冬天來比較適合。,3,1,0,5259,,2022/05/08,0,中立
個人覺得這個營區非常適合喜歡大杂烩料理和白天无所谓吵闹的人。帐篷都挨得很近，遵循晚上10点安静就寝的规定。營位很拥挤，设置帐篷的方向甚至会被營主指点，地面没有明确的分区标记，如果铺设帐篷的位置有点偏移，也会被纠正。厕所和浴室明显应付不了周末涌入的五六十个人群，热水只提供晚上6点到12点，尖峰时段等待排队，水压也不稳定，冰箱冷冻室塞得满满的，食材被挤得乱七八糟，也经常遗失找不到。營位旁的插座电压相当不稳定，可能与使用者数量多少有关，夏天可能更容易出现跳电问题。建议夜爬要在晚上10点前到达，因为晚上10点后大门就直接锁上了。營地的清洁和维护做得很好，但我和朋友们可能不太适合这种类型的營地。前往这个營地之前最好仔细查看一下營地的规定，一不小心就可能违规，到时候就等着被责备吧。,3,1,0,5283,,2021/05/08,0,中立
冬天用電不穩定，需要改進才能提供更友善的露營環境品質。,3,1,0,5284,,2021/05/08,0,中立
A區和CD區不同之處在於車輛停放位置，A區的車輛需停放在停車場，而CD區的車輛可以停在帳篷的前面，但都共用廁所和浴室。若帳篷已滿，洗澡可能需要等待很久且容易感到寒冷。廁所很乾淨，有拉門和備有衛生紙。若選擇CD區靠近後面的位置，需要注意雖然靠近廁所，但需要走一段路，且12月份可能會有些蒼蠅和難以避免的螞蟻問題。建議選擇靠前一點的營位，不過營位之間通常不會讓帳篷相連。這裡適合帶小孩，有沙坑、籃球場、腳踏車和溜滑梯，是個放生小孩的好地方。另外，還有冰箱和飲水機，建議出發前準備好食物和飲品。離開時要開車下山約10至20分鐘才會遇到711便利店喔。,3,1,0,5288,,2021/05/08,0,中立
沒有全天熱水供應，孩子們玩水後洗澡有點不方便。,3,1,0,5331,,2023/12/28,0,中立
老闆可以不要過於嚴格監督員工嗎？這樣感覺很不自在。,3,1,0,5341,,2022/05/16,0,中立
鄰居每天早上六點就開始割草，太吵了! 可以跟老闆溝通一下嗎？,3,1,0,5353,,2020/11/30,0,中立
因為連日大雨，當天一早出發前已主動聯繫營地主人，詢問是否建議取消露營活動。直到晚上七點半才得知不用前往，但大家早已上路...黑蚊蟲非常多，讓我對生活產生質疑。草地積水嚴重，即使提供護草墊，依然泥濘不堪！整體設施中，浴室算是不錯的，但排水速度有待改善。,3,1,0,5376,,2019/06/10,0,中立
草太長了，需要修剪一下比較好。如果有A區的三組朋友同時到達，搭帳篷和付帳可能會出現問題，因為營位空間狹窄，客廳帳搭起後幾乎沒有活動空間。由於車輛無法進入營地，即使先完成收拾也無法離開，停車位距離營位較遠，也沒有推車可用，只能靠人力來回接駁，這容易引發家庭紛爭。可能是春夏季節，加上旁邊有果園，蚊蟲和蒼蠅非常非常多。浴室和廁所乾淨整潔。垃圾桶只有進口處，這倒還好，但假如帳篷多了就可能爆滿。下大雨時，草地排水問題，容易積水。,3,1,0,5426,,2024/05/05,0,中立
11月18日至19日在露營地，環境很好但早上洗澡的時候，突然變成冷水了，差點感冒，打了三四通電話卻沒人接。,3,1,0,5434,,2023/12/08,0,中立
整體來說都很不錯，但唯一的問題是棧板。,3,1,0,5435,,2023/11/08,0,中立
廁所規劃得不錯，但只有營本部有冰箱，C區到B區很不方便。B區有大片草皮讓孩子戲水很棒，也備有衛浴，但沒有冰箱十分不便。A區的營位較狹長，搭大帳篷可能會擠，而且草地不太平整，有些地方有坑洞，搭帳篷要注意。營位洗手台不夠，網站說是3帳，卻只有三個洗手台。營主把我們四帳安排在同一區。這個季節附近有很多螢火蟲，但也有許多小黑蚊、螞蟻、蜘蛛（都很大隻）。白天會有一些蒼蠅，最可怕的是還有大蟑螂，生態相當豐富。,3,1,0,5440,,2023/05/08,0,中立
香港回來的那位小哥非常友善和熱情，但每間床的距離都很近。晚上10點後其他住客開始變得很吵，儘管業者沒有有效勸導。有些人在玩桌遊時很吵，喝酒的團體則一邊放音樂一邊大聲講話......直到深夜12點才漸漸安靜下來，才可以入睡。,3,1,0,5450,,2023/05/08,0,中立
這次我們和大約20位朋友來到這裡，透過網路找到這個地方。總的來說，整體感覺挺不賴的，環境優美，廁所也算乾淨，設備很齊全，方便使用，而且營主也很熱情。不過讓我們有些驚訝的是，有幾位營主的朋友也來打招呼。起初，我們覺得他們很熱情，稍微聊了一下也還好，但後來他們越來越過分，一直跑到我們的營位，一直要我們過去喝酒聊天，還一直要找我們其中一位妹妹。我們婉拒了多次，但他們還是死纏不放。離開後沒多久，他們又來了，最後甚至直接在我們的營位待著不走。當時已經相當晚了，還有小朋友在睡覺。這實在嚴重侵犯了我們的私人空間，我們是來放鬆享受的，為什麼要被逼著和營主的朋友應酬呢？！根本沒有興趣知道他們的職業和經歷，更不用說要花時間和精力應付。這次是第一次遇到這樣的事情，雖然這個地方不錯，但這次的經驗讓我們對再次造訪卻步。,3,1,0,5468,,2022/05/08,0,中立
大約兩點左右抵達後，主辦方才開始準備搭放租借來的帳篷，直到傍晚才完成搭建。最糟糕的是，半夜時氣墊床漸漸失去氣，讓人倍感困擾。另外，第一天廁所的異味相當嚴重，小孩一直抱怨很臭。隔天清潔之後情況改善許多。建議在廁所外設置洗手台並提供洗手乳，特別是在疫情期間，這點真的是相當重要！,3,1,0,5477,,2022/05/08,0,中立
人潮眾多時會變得擁擠，我建議您前往其他區域。廁所的外觀不錯，但清潔方面還需加強；另外，長興國小附近是一個不錯的遊玩地點。,3,1,0,5500,,2021/05/08,0,中立
一些營位地地勢不平坦，各帳之間距離太過緊湊，需要認真考慮，與照片所示並不相同。,3,1,0,5524,,2019/05/08,0,中立
環境還不錯，但是帳數太多，有點擁擠，廁所不夠，D區旁的廢水臭味味道很難聞。早上有狗在帳篷邊叫得很吵，起床後發現帳篷旁有狗留下的排泄物，讓心情很差。,3,1,0,5527,,2019/05/08,0,中立
有小沙堆和小水塘，挺好玩的。,3,1,0,5540,,2018/05/08,0,中立
營地草地保持得很好，只是營地主人收費有點貴，所以人有點擠。,3,1,0,5541,,2018/05/08,0,中立
浴室清潔整潔，但當場卻要求支付額外的搭帳費給人一種不好的感覺。優點是浴室乾淨，服務態度良好。缺點是帳篷之間距離過近且地面不平整，租帳額外加收300元搭帳費卻無法自行選擇，當場才告知，詢問為何事先未告知時，回覆為網站無法提及，讓人感覺不佳。,3,1,0,5562,,2023/02/13,0,中立
在營區人多時，應該加強垃圾處理。,3,1,0,5610,,2019/03/02,0,中立
營地的環境很吵，晚上十點後仍有露友大聲聊天和小孩尖叫，加上狗狂吠且蚊蟲特多，讓人難以入眠。營主似乎沒有出面管理這些情況。,3,1,0,5663,,2018/04/06,0,中立
老闆人很好，只是不太擅長和客人聊天，也不會主動跟客人互動。,3,1,0,5719,,2024/04/08,0,中立
湖邊區域的風景真美，感覺很舒適。而且在大樹前的這兩個位置更加棒呢。,3,1,0,5786,,2019/05/08,0,中立
景觀不錯，但營位空間有點狹小，而且收費較高。露營一晚要求1500元。,3,1,0,5791,,2019/05/08,0,中立
這個地方的環境還可以，共有三層樓，最上層只有一間浴室，可能稍嫌不足，二樓空間不大，但有4間浴室，需要與三樓共用。如果人數較多，希望浴室的垃圾可以更頻繁清理一下會更好。,3,1,0,5793,,2019/05/08,0,中立
每個房間幾乎都有陽台，所以很方便休息！早上起床就能欣賞美麗的景色！可惜這個小區域有限...但這裡有商店，可以補充一些飲料或生活用品！,3,1,0,5844,,2018/05/08,0,中立
收費稍高但景色不錯，設備不用擔心。,3,1,0,5845,,2017/05/08,0,中立
空氣清新，環境純淨,3,1,0,5955,,2021/05/08,0,中立
離開城市，登上山頂欣賞風景，暫時脫離塵囂，讓心靈放空，為了重新出發！,3,1,0,5968,,2020/05/08,0,中立
要注意，開車前往營地的山路路況較差，需要小心行駛。不過一到營地，你會發現這裡的風景非常優美，而且有種獨特的坡度感。,3,1,0,6031,,2021/04/26,0,中立
這個地方很舒適，雨棚建置得很完善，前面空地不小。營地的狗狗和貓咪都很親人，非常可愛。但是小黑蚊實在太多了，近20位大人和小孩都被叮咬到了。或許天涼點時再來比較適合，這樣可能可以少一些蚊蟲困擾。,3,1,0,6072,,2023/08/08,0,中立
七月時訂了五帳的櫻花區，只有一間廁所和兩個洗手台（其中一個洗手台有點老舊且不太方便），對於五帳來說可能有點不夠。區內小黑蚊很多，但營主會提供大隻的蚊香。櫻花區的冰箱需到對面營本部使用，但那是營主私人使用的冰箱，裡面擺滿了醬菜罐等物品，味道像阿嬤家的冰箱，建議有冰箱的人使用自己的冰箱。碰巧遇到營主的朋友上山喝酒，冰箱爆滿啤酒，整天唱歌直到晚上十點，相當熱鬧。營區有親人的貓狗，性格溫和不怕小孩，步行四分鐘有冰涼的溪水可供玩耍，營主夫人也提醒可以把蚊香帶至岸邊。總結來說，場地有點小，設備建議增強，但自然環境不錯。,3,1,0,6092,,2023/05/08,0,中立
營地裡小黑蚊、蒼蠅叢生，再加上大雨，整個營區都淹水了。地面到處是爛泥巴，非常不舒服。洗澡和上廁所的設施也太少了，只有五個營位卻只有一間可供使用，電源供應也過於拉長，相當危險。,3,1,0,6093,,2023/05/08,0,中立
營區的主人夫妻非常友善，隨時樂意幫助客人，這一點真的很讚。此外，距離老街不遠，露營完後可以去老街逛逛、找美食，挺輕鬆舒適的。不過營區也存在一些問題：1. 浴廁是共用的，需要等待其他區域的人；2. 營區飼養許多貓咪，牠們常跑到露營區並跳上餐桌、咬到營帳。貓咪不怕人，難以驅趕；甚至有露友半夜聽到貓在咬帳篷拉鍊尖叫；3. 半夜沒有路燈，有許多露友在夜深人靜時走動、探險、聊天；建議可增設部分路燈，提供更好的控制；4. 洗水槽不足，需要排隊洗碗、洗菜，有時煮食時間會受到影響。,3,1,0,6105,,2022/05/08,0,中立
雨棚區場地較小，沒有照明設施，洗澡水壓不穩，可能會弄濕衣服。浴廁皆為鐵皮結構，在洗澡時可能聞到鄰房的異味，相當不舒服。五帳篷共用兩個洗手池，而每晚收費1200元，價格較為昂貴，相同價位的露營區多了去了，風景和設施都比這裡好。,3,1,0,6114,,2021/05/08,0,中立
營地有點大，感覺太分散，而且太小。,3,1,0,6133,,2019/05/08,0,中立
進入營區時，第一眼看到的是一個陡峭的斜坡，讓我對我家的小黑感到有點擔心。不過老闆娘非常親切地引導我們，並告訴我們晚上會有螢火蟲。果然在晚上關燈後，我們看見許多螢火蟲，可惜沒有拍照留念。營區採用了梯田式的佈局，每區不大，每個區都有一間獨立的廁所和浴室，插座數量有限。然而，我稍微不滿意的地方是蒼蠅比較多，整體風景還可以，唯一亮點是營區下面有一條小溪，可以讓小孩玩水，水質很乾淨，有大人照顧安全。小孩在那裡可以玩上半天。總的來說，這個地方並不是我強烈推薦的。,3,1,0,6143,,2018/05/08,0,中立
廁所和浴室共用一間，所以在晚上洗澡時間時，需要使用廁所的人可能需要等一下。,3,1,0,6146,,2018/05/08,0,中立
各區位置很好，出租帳篷沒有包含鋁箔墊。,3,1,0,6148,,2018/05/08,0,中立
雅房不太適合那些想要輕鬆露營的家庭，可能讓人有些失望。,3,1,0,6214,,2019/10/21,0,中立
場地環境還算不錯，有狗狗會跟著追人。草地還可以，交通方便，但主辦人沒有太多互動，重點是狗狗會追著人跑喔！,3,1,0,6217,,2019/09/17,0,中立
廁所需要改進！1.最好將廁所和淋浴間分開，否則會感覺很髒！2.在線上看到的浴廁配置圖與實際不符，實際的廁所間數較少，等於10至11個營位共用兩個浴廁。等到我都快要瘋了！3.營區的規劃有待改進，因為每次要到營區總部拿東西幾乎都要穿過別人營地(我在五葉松區)。不穿過別人營地的話，斜坡太陡了，加上階梯做得不太好，小朋友都在那裡跌倒擦傷。4.遇到沒禮貌的露營朋友，連續兩天都在唱卡拉ok！5.營區位置還算不錯，離附近景點都很近。,3,1,0,6230,,2019/01/07,0,中立
老闆對場地的維護很用心，草皮看起來很漂亮。他也很貼心地提供蚊香，關心客人。這裡的區域主要以小包區為主，風景沒有很多。衛浴設備比較簡單，並且晚上可能會有狗來翻垃圾、狗叫聲沒停過。,3,1,0,6245,,2018/11/26,0,中立
小區私密，是個放鬆的好地方。,3,1,0,6266,,2017/08/21,0,中立
我們這次的浴室，水量會時大時小，水溫也不太穩定，希望能改進一下。,3,1,0,6267,,2017/07/23,0,中立
這家店的服務很好又親切。老闆娘們都非常友善，服務也相當出色。,3,1,0,6284,,2017/03/12,0,中立
在制高點沿路可以看到雲霧飄移，可惜森林區形狀扁平，只能橫著架帳篷，看不到外面風景，而是要看著別人的帳篷；石子地面有些傾斜。夜景區風景漂亮，但很擁擠，帳篷也只能橫著架，與鄰帳篷相距太近，無法直接看到外面；浴室燈光昏暗，而且熱水壓力不穩定。如果不太在意擁擠的話可以考慮夜景區，不然的話可能不會再來了。老闆娘的服務態度很好，這算是個加分。,3,1,0,6335,,2022/05/09,0,中立
森林地帶的景色不錯，可以遠眺關西夜景。不過由於東北季風加強，森林地帶比較風大，且沒有浴室，建議帶備用。,3,1,0,6340,,2022/05/09,0,中立
Google Maps顯示可以通往竹62，但是因為大門被封鎖，也無法確定是否真的相通。,3,1,0,6354,,2021/05/09,0,中立
高地盤的路況崎嶇，比較適合行駛越野車，但風景和夜景非常美麗。,3,1,0,6373,,2020/05/09,0,中立
這個地方的風景不怎麼出色，地面都是鵝卵石，也沒有提供草坪護墊。不過老闆態度很親切，只是員工有點愛唠叨…,3,1,0,6634,,2021/05/09,0,中立
每個營區都有溪流和清幽的環境是最大的優勢！但營位偏小，帳篷相連且擁擠，讓人不太舒服。建議每區再少一帳才能更舒適。,3,1,0,6665,,2020/05/09,0,中立
老闆很熱心，浴廁很乾淨，地方不算太大。,3,1,0,6667,,2020/05/09,0,中立
四月以後是個很適合的時候，可以邀請朋友家人一起來欣賞螢火蟲，享受露營的樂趣。,3,1,0,6678,,2019/05/09,0,中立
普通。使用電暖爐在冬天時會造成跳電問題，即使使用低功率的電暖爐仍會遇到斷電的情況。在B1區只有一個插座，在同時開啟兩台380瓦的電暖爐時就會造成跳電的情況。老板建議使用煤油暖爐，因此如果沒有煤油暖爐的話，他建議在冬天時不要來。,3,1,0,6696,,2022/12/22,0,中立
A2區的景觀空間小，浴廁靠近，無法安裝天幕。早上醒來，我們帳前竟發現有其他狗的大便，差點中標^_^,3,1,0,6702,,2022/09/12,0,中立
午夜時分狗狗叫聲很吵，能否請您控制一下呢？,3,1,0,6715,,2021/10/17,0,中立
邱先生和邱太太都是很友善的人。,3,1,0,6744,,2019/03/05,0,中立
這次我們在A2區的營位，帳篷之間的空間非常擁擠，完全沒有空間感。雖然之前知道營主增加了營位，但沒想到會變得這麼擁擠。一個帳位大約只有5*8天幕大小（不建議帶這麼大的天幕），人多時廁所變得髒亂且臭氣熏天，營主也沒有勤於清潔和處理垃圾。除了景色還不錯之外，其他真的讓人感到相當失望。,3,1,0,6754,,2024/04/09,0,中立
這次去露營的經驗似乎有些不盡如人意。在最後一天的時候，遇到了一些讓人感到不悅的情況。例如洗澡沒有熱水，讓人感到很冷，還有其他客人在不懂得遵守露營規則的情況下遊走觀看。在撤收時間之前，卻發現其他客人卻提早進場，顯得營地管理並不嚴格。希望下次能有更好的規劃與管理，讓露營的過程更加順利愉快。,3,1,0,6767,,2024/03/09,0,中立
這個地方的風景真是美麗，而且設施也很完善！感覺管理者很費心地在維護環境！我們預定了一個平日三天兩夜的行程！第一晚遇到的露營朋友都相當有素質，讓人非常容易入眠！但第二天營區負責人告訴我們，晚上凌晨一點有三組露友要夜衝，而且就在我們附近的營位！沒錯！凌晨一點！！請問營區負責人，你們晚上還接受這樣的夜衝活動，難道不擔心會影響其他露營者嗎？當天我們就沒有留在那裡，直接下午收拾行李離開了！不在乎半夜有人搭帳、敲打營釘的事情！如果你喜歡這種挑戰的經驗，這裡或許適合你來試試看！,3,1,0,6772,,2024/01/09,0,中立
初次前往這個營地時，路標指示還算清楚，但是我發現營地的浴室設備有些不足，只有衣物放置架，沒有沐浴乳的擺放架，洗澡起來相當不方便！另外，電壓供應也不足，2023/11/18晚間跳電了兩次，實在很困擾！,3,1,0,6778,,2023/12/09,0,中立
營區的風景很美，但管理不夠完善，露營者在晚上十點多才到達，半夜一點還在打釘，造成了夜晚市區般的嘈雜聲音。這樣的行為不太適合在夜晚進行，需要注意周遭的環境和其他人的休息時間。,3,1,0,6784,,2023/11/09,0,中立
之前臨時訂的露營區，因為到達時間晚，所以所在位置較缺乏視野。營區根據不同地勢分布，主要設施包括一個大型且有頂蓋的活動平台。總括而言，樹木在營區內並不茂盛，浴廁雖有分區設置，但數量與空間都還有待改善。感覺營地正在擴張，部分區域看起來像是正在整地工程中。最高點的視野不錯，其他地區則普普。整體來看，營地的營位密度似乎過高，甚至有點過度擠迫的感覺。前往營地的路經九份二山紀念園區，反而成為一個不錯的遊憩點。這個營地勉強可以當作過夜的地方。總的來說，仍有許多地方可以進行改進。,3,1,0,6788,,2023/10/09,0,中立
"優點：
1. 營區道路平整，全部鋪設柏油路面。
2. 特區視野開闊，特2區面對美麗景致。
3. 天氣晴朗時可觀賞滿天星星。

缺點：
1. 營位空間狹小，僅有落羽松區較大，其他區域帳篷相鄰。
2. 衛浴設施不足且男女共用，尖峰時段需排隊等候，清潔不及時。
3. 飲水機、冰箱整理不佳。
4. 晚間休息時間未加強管理，一些露營者可能聊天至深夜2-3點。
5. 容易遇到二手菸。
總的來說，營區管理者表現良好，但對於不守規矩的露友似乎束手無策。",3,1,0,6795,,2023/09/09,0,中立
"這個地方有幾個優點要提的：首先，夏天來的時候風景宜人，溫度宜人，只要避開中午直接暴曬，找個通風處就會感覺舒適。其次，如果浴室沒熱水，他們會馬上解決，效率很高。再者，他們維護草地得很好，排水良好且營地容易釘營針。

不過也有一些缺點：首先，飲水機和馬桶水箱的蓋子等多處平臺明顯缺乏定期清潔。其次，露營區有很多大螞蟻，特別是停在樹附近的車輛需要注意，不用多久就可能爬滿整輛車。再者，跟其他露營區一樣，對於在露營區內抽菸或在深夜清晨吵架的人們，沒有得到勸告或明確的禁止，對於重視露營品質的人來說，可能需要特別留意。",3,1,0,6796,,2023/09/09,0,中立
整體環境還不錯，但晚上沒有管制，超過十點後唱ktv、播放音樂聲音很大，講話大小聲不一，客人並未互相尊重，雖然客人行為屬個人，但管理不周令人感到不悅。,3,1,0,6810,,2023/05/09,0,中立
浴廁的位置太近，冰箱比較凌亂且有異味。3帳包區的空間小，廁所和浴室沒有分隔，需要提高清潔度。營主很友善並提供幫助，往上走有觀景平台，風景很美。,3,1,0,6811,,2023/05/09,0,中立
"優點：
1. 晚上的風景很棒
2. 環山的景觀和晚上的星空令人驚豔
3. 衛浴的熱水穩定，清潔度OK
4. 如果沒有滿帳，可以和營地負責人溝通位置
5. 草地環境還算維護得不錯

缺點：
1. 最後一段到達營區的道路較狹窄，車輛不易通行
2. 假日時冷凍冰箱容易擠滿，建議攜帶自備冷凍箱
3. 晚上10點後缺乏管理，直到凌晨2點才相對安靜
4. 凌晨會有流浪狗翻垃圾，造成早晨垃圾漫延
5. 帳篷之間的間隔較為狹窄，不太適合搭設大型天幕或帳篷。",3,1,0,6841,,2023/05/09,0,中立
第一次露營的感受就像是在市集一樣，帳篷之間幾乎貼在一起，再加上滿滿的車輛。老實說，我認為營地應該只收取目前營位的60～70%，這樣才能有更好的品質。,3,1,0,6851,,2023/05/09,0,中立
我們真心推薦的露營區，在7/3到7/5期間遇到了一些困擾。由於C區需要整理，我們被轉移到特區，但過程卻相當糟糕。我們希望營區可以訂立宵禁規定，因為一些露友在深夜仍然很吵。我們來露營是為了享受大自然，但有些人卻來破壞這份寧靜。希望大家能互相尊重，不要影響其他露客。感謝營區長的關注。,3,1,0,6852,,2023/05/09,0,中立
浴廁空間寬敞，供水電充足，但需要加強清潔維護。,3,1,0,6871,,2022/05/09,0,中立
營區的面積相當寬廣，有專人負責環境整理，空氣清新，風景優美，但路較狹窄，開車時請注意安全，上山時速要減慢。,3,1,0,6899,,2022/05/09,0,中立
這個地方風景優美，但上山的路太窄，不太好開車。,3,1,0,6921,,2021/05/09,0,中立
這個地方的景色很漂亮，草地也很棒，但帳篷擠在一起了。可惜的是衛浴設施太少，需要等待的時間比較長。,3,1,0,6955,,2021/05/09,0,中立
熱水器壞了2-3台，在我那營位有2間熱水器，其中一台壞了，只剩一個可以用來洗澡。換去其他洗澡間洗澡後，發現熱水溫度無法控制，突然變成了100度的熱水，弄傷了我兩次。幸好我只用手試水溫。直到換到第三間才解決了洗澡的問題。然後有人帶著狗去營區露營，假日帳篷營位擠得太滿，小朋友活動的空間變少。儘管風景很漂亮，有百萬夜景，生態也很豐富，螢火蟲很多，草皮維護得很好，營區規劃也很不錯，但請營主多關注衛浴設施和活動空間的問題。,3,1,0,6965,,2020/05/09,0,中立
風景很美，夜晚的萬家燈火入眼，在此可惜的是衛浴設施太少，在客房滿員時等候時間較長，且熱水供應不穩定，溫度時冷時熱，甚至燙傷了我老公的手，希望旅館管理者能關注這個問題。,3,1,0,6967,,2020/05/09,0,中立
洗澡時熱水溫度難以調節，建議每間都裝設一台熱水器以確保供水穩定，但水壓可能需要改善，以免影響熱水器運作。,3,1,0,6974,,2020/05/09,0,中立
設施較簡陋，衛浴設施只有兩間，廁所也只有兩間，如需使用請提早前往，以免等待時間過長。,3,1,0,6980,,2020/05/09,0,中立
景色很美，只是空氣污染嚴重。營區提供的設施很豐富，也保留了公共空間。小朋友們玩得很開心，但衛浴設施確實有點不足。至少沒有小黑蚊，但在傍晚還是會有一些大蚊子。,3,1,0,6989,,2020/05/09,0,中立
衛浴設施不夠完善，每個區域的衛浴卻只備有一台吹風機，營位的分配由營地主辦單位負責。當天因為濃霧迷漫，並沒有欣賞到美景，好在提供了飲水機。,3,1,0,6990,,2020/05/09,0,中立
營區的道路普通，但風景很美！唯一讓人稍嫌昂貴的是營區的價格！,3,1,0,7011,,2019/05/09,0,中立
在台中、埔里、草屯以及彰化地區的景觀很美，不過確實這些地方缺乏遊戲場可以娛樂的地方，這可以視為一個缺點。,3,1,0,7026,,2019/05/09,0,中立
在搭帳時，如果選擇下方的碎石草地營位，地面不平且有凹洞，並且旁邊有廢棄感的大鐵皮雨棚。建議選擇上方的類森林系營位，比較整潔舒適。,3,1,0,58,,2023/05/06,0,中立
這裡除了台灣大哥大收訊不好以外，其他都還挺不錯的。,3,1,0,72,,2023/05/06,0,中立
覺得規劃不良，容易斷電，衛浴清潔不夠完美，不過空間很寬敞。,3,1,0,117,,2022/05/06,0,中立
這個老闆非常友善，體貼細心，地點交通便利，離市區很近。如果是要舉辦家庭聚會露營的話，這裡是個很不錯的選擇，我會推薦這個地方。但在假日的時候人潮眾多，可能會有廁所不夠用的情況。若是想要欣賞美景的話，這裡可能無法完全滿足你的需求，因為地勢較低，氣溫也相對較熱。,3,1,0,134,,2022/05/06,0,中立
熱水溫度變化大，夏天還能忍受，冬天遇到就會很冷。建議老闆處理這問題，同時要定期清潔廁所和處理臭味。另外，跳電情況嚴重，老闆應該改善這三個問題，投入這麼多錢結果卻不盡如人意。,3,1,0,138,,2022/05/06,0,中立
營位面積很大，但衛浴廁所卻太少，洗澡時水量時大時小，溫度時冷時熱！,3,1,0,146,,2021/05/06,0,中立
場地還不錯，只是沒有飲水機。,3,1,0,150,,2021/05/06,0,中立
路況良好，衛生環境還有改善的空間。廁所缺乏定期清潔，垃圾回收箱滿了沒有清理。,3,1,0,169,,2021/05/06,0,中立
四個月前，朋友安排好了露營計畫。昨天一早，十九個家庭各自從不同地區出發，北區來自基隆，南區從台南而來。約莫11:30，所有朋友都聚集在一起，總共有93位參與者，包含小孩在內。午餐後我們開始暢談、暢食、暢飲、暢歡、暢喊，一直持續到現在！根據現場情況，中秋連假的兩天後，肯定會是歡樂的時光！我對未來的兩天充滿期待！,3,1,0,175,,2021/05/06,0,中立
浴室廁所有點遠，但沒有飲水機，環境還可以。,3,1,0,201,,2020/05/06,0,中立
這個地方空間寬敞，草地和樹木都被整理得很好，開車前往營區的路很方便。,3,1,0,218,,2019/05/06,0,中立
寧靜區有很多地方都有落葉，而且下雨後很潮濕，洗澡時水壓不穩定。,3,1,0,243,,2022/03/01,0,中立
營主很親切，但管理方式有些問題。晚上7點多而不到8點，收銀員就說我太吵，讓我感到挫折。後來營主過來提醒我保持安靜，這讓我感到很不舒服。再加上還沒到晚上10點就被要求離開，真讓人感到氣憤。,3,1,0,303,,2023/05/06,0,中立
營區非常整潔，沒有過多的光源，而且很安靜，在昆蟲和動物的叫聲中，是一個很適合露營的地方。,3,1,0,335,,2023/05/06,0,中立
如果擔心車聲影響，建議選擇靠近釣魚池的位置訂位，離馬路會比較遠。營本部和雨棚區相連，如果不想在別人家門口睡覺，最好不要訂雨棚區。營本部有兩台冰箱，露營在雨棚區的話，晚上會聽到冰箱壓縮機一直運轉，聲音非常吵。營區路況良好，可以用導航設備順利導航到目的地。五星級衛浴設施非常寬敞，一家四口一起洗澡也不會擁擠，還提供洗髮精和沐浴乳。釣魚池的開放時間要看老闆安排，並非隨時都可以釣魚。,3,1,0,378,,2020/05/06,0,中立
優點是露營場地很寬敞，營位也很大，營主非常用心維護，設施很多，風景優美。缺點是野貓非常非常多，第一天星期五晚上我把牛肉放在水糟裡退冰，被貓整包咬走，第二天星期六我把整隻雞放在鍋子裡退冰再蓋上鍋蓋，還是沒有用，親眼看到三隻野貓掀開鍋蓋，偷吃我的雞，雞被咬得亂七八糟，最後我也不敢吃，直接扔進垃圾桶。另外，早上7點左右會有猴子群來到帳篷附近覓食，食物要特別注意。,3,1,0,470,,2024/01/06,0,中立
優點：園區保持得很乾淨，而且園主非常認真地維護著園區。缺點：地面很硬，不易插釘搭帳篷。每個營位都多多少少有被砍伐的樹幹，高低不平且有些不到三十公分高，而且沒有警示燈，因此夜間前進一定要小心，隨時可能撞到。此外，該地區有蜜蜂和虎頭蜂，務必注意安全。,3,1,0,473,,2023/11/06,0,中立
這個營地整理得很好，設施完善，地面石頭特別堅硬，且有很多遮陰的大帳篷。是一個十分熱鬧的地方。,3,1,0,497,,2023/05/06,0,中立
這個營區非常大，約有120個帳篷，整個步行到底約300公尺。根據這段路況評價：4.5顆星。最後一段上山路況較差，需謹慎開車。注意，Google導航可能會提示提前左轉，但營區主人已在150公尺前樹立提示牌，建議需在該位置左轉上山。關於水電和冰箱，評價為4顆星。兩個帳篷共用洗碗台，晚上洗澡時間電壓可能不穩定。四至五區共用一台商業用冰箱和一個冷凍櫃，所以要先放置物品優先。垃圾桶僅得1顆星，因為回收、廚餘和垃圾桶只有在廁所外，不方便。洗澡間被評為3.5顆星，4至5區共用4至5間廁所和浴室，尖峰時段需排隊。關於營地，評價為4顆星，不過釘子不好下，不夠粗易斜，釘子下面可能是水泥地。優點在於營地寬闊好停車，環境優美。整體而言，這個營區還不錯，但部分設施需改善，特別是洗澡時可能會有異味，建議自備小朋友玩具以避免排隊等候。,3,1,0,510,,2023/05/06,0,中立
"1. 洗澡水溫容易過熱或過冷，在調整溫度時要小心。露營的時候要特別注意水溫。
2. 碎石區的石子很鋒利，小心跌倒容易造成多處擦傷，釘營需要特別注意，因為地面又硬又難敲。
3. 乾淨的廁所是一個優點，可以讓大家感到舒適。",3,1,0,522,,2022/05/06,0,中立
營區空間寬敞，風景宜人，並提供冰箱設施。然而地面佈滿石子，插釘困難且容易鬆脫，需使用長度超過30公分且較粗的營釘才能固定。夜晚常受強風影響，許多帳篷被風吹倒，驚呼聲此起彼落。建議選擇晴朗天氣前往此營區，並不適合新手露營者，供您參考。我們也注意到有車宿的區域。,3,1,0,526,,2022/05/06,0,中立
營區的環境算不錯，雖然沒有什麼特別美麗的景色，但整個營區還算整潔。唯一讓人有些不滿的是洗澡時水溫時高時低，沒辦法好好沐浴。總的來說，其他方面表現還算可以。,3,1,0,527,,2022/05/06,0,中立
營地風很強，碎石草皮難以釘營！廁所不多，若可以有分區衛浴會更好。不過遊戲設施讓小孩玩得非常開心！,3,1,0,545,,2022/05/06,0,中立
營區的環境寧靜，但唯一的問題是有很多露營的人和小孩，所以有些吵。大家好像沒有注意到時間，晚上都快11點了還在說話很大聲，營區的管理者也沒有在管制。,3,1,0,547,,2022/05/06,0,中立
環境還可以，只是碎石比草皮多，走起來像健行步道。廁所雖然數量多，但有點遠。每小時都有人來清潔垃圾和整理廁所，環境保持得還算乾淨。,3,1,0,550,,2022/05/06,0,中立
去營地的路幾乎都是兩車道，可以迎面而來，交通通暢。營地地面有很多尖銳的碎石，建議攜帶不鏽鋼營釘或多帶一些營釘。周圍風景優美，非常適合放鬆心情！遊戲區位於最下面的區域，需要走一段小下坡路。當晚在露營地遇到至少5次以上的跳電情況。不清楚原因為何，建議攜帶非電源的照明工具。廁所的熱水並不穩定，時冷時熱。營地沒有飲水機，請記得攜帶足夠的水。,3,1,0,560,,2021/05/06,0,中立
營區很寬廣，非常適合小朋友放電。營區主人非常周到，戲水區有遮陽傘，讓家長陪同孩子不會曬傷。然而，還有一些地方需要改善才能提升舒適度：1. 營區的垃圾桶距離有點遠。2. 廁所內外的照明不足，晚上很危險。3. 熱水器冷熱不穩定。4. 營區的營釘不好下，地面有太多碎石，容易讓人踩到。,3,1,0,573,,2021/05/06,0,中立
被蚊子叮得超痒，地板很硬，還有積水。,3,1,0,575,,2021/05/06,0,中立
"1. 雖然石頭地不適合紮釘，但至少不會泥濘。

2. 租借帳篷時沒有得到幫助或教學，好在有朋友一起研究。

3. 沒有看到營地負責人，也不清楚其去向，不像其他地方那麼熱情。

4. 需要自行處理收帳事宜（且價格比外面租借還要貴）。

5. 充氣墊沒有充電功能，幸好有朋友幫忙，否則不知道需要踩多久才行。

6. 洗澡水溫度無法接受，又燙又冷，後來決定直接不洗。

7. 無法見到小孩有趣的玩耍地點，也離營地遠，無法在附近看到小孩。

環境很安靜且離老街不遠，希望能改善這些問題，否則可能只會前往一次。",3,1,0,583,,2020/05/06,0,中立
路況不太理想，導航路線經過內灣老街，假日時常塞車。營地地面很硬，有很多石頭，一般的營釘難以扎進地裡。衛浴設施還算可以。,3,1,0,592,,2020/05/06,0,中立
這次露營真的是一場挑戰，不僅帳篷被風吹斷，還有不少露友得趕在夜間撤營。听起來確實是個辛苦的經歷。,3,1,0,613,,2019/05/06,0,中立
這個地方雖然安靜，但還需要更多的宣傳和投資。,3,1,0,625,,2019/05/06,0,中立
露營地的環境很棒；不適合釘營釘的碎石地,3,1,0,634,,2019/05/06,0,中立
希望可以有更多獨立的廁所。,3,1,0,636,,2019/05/06,0,中立
因為泥土和石頭太多，所以很難把營釘打進去。,3,1,0,658,,2018/05/06,0,中立
碎石地太堅硬了，導致無法把營釘打進去。廁所太少，垃圾桶也不夠。,3,1,0,687,,2020/11/28,0,中立
這個營區的排水系統非常不理想。儘管這裡非常適合孩子露營，但一下雨不到5分鐘就會積水，還會淹過打在地上的營釘。當大雨來襲時，營主只是簡短地來關心一下就離開了。在過去三年中，我們雖然只露營了30次，卻從未遇過這麼嚴重排水不良的淹水營地。碎石鋒利，草地不平整，高低起伏明顯且排水緩慢。雖然有各種大小昆蟲，但這也是大自然的一部分。我相信在100%好天氣下，這個營區會是一個非常適合家庭和兒童的樂園。,3,1,0,700,,2020/05/18,0,中立
整體來說感覺還可以。營地很寬敞，5*8天幕擺放的空間很充裕，只是打釘真的有點困難，風大時可能會有拔釘的風險。,3,1,0,722,,2019/03/14,0,中立
晚上使用浴室時會感到通風很冷。,3,1,0,820,,2017/05/02,0,中立
總體來說，這個地方環境不錯，視野開揚，附近也有便利商店（全聯），但山路稍崎嶇需要小心駕駛，而且老闆的誠信讓整體感受打了折扣。,3,1,0,859,,2023/05/07,0,中立
D區女生只有一間蹲式廁所和一間淋浴間，覺得不夠用。當媽媽們帶小孩洗澡時，就必須等很長時間，我認為應該增加一間坐式廁所或者安裝安全扶手，這樣對老年人或不習慣蹲廁的人會更方便。DE區共用一個冷凍庫，希望也能有個冷藏空間，同時提供一個大雨棚，讓大家有遮風避雨的地方。,3,1,0,925,,2019/05/07,0,中立
這個地方環境整潔，視野開揚，空氣清新。,3,1,0,926,,2019/05/07,0,中立
這個地點非常方便，距離三星鄉的味珍香和全家大約開車10-15分鐘。附近也有很多景點，像是松蘿和九寮溪步道。不過秋冬季節容易刮大風，所以半夜可能會感到有點不穩定。,3,1,0,940,,2018/05/07,0,中立
這樣的天氣很適合露營，離市區也近，晚上的夜景應該很美。,3,1,0,944,,2018/05/07,0,中立
在營地碎石地下釘時需要特別小心。,3,1,0,982,,2021/12/14,0,中立
這次在C區草地，中間有許多護草墊造成排水問題，導致小朋友們無法盡情奔跑，甚至多次被絆倒並受傷。遊戲空間實際上只剩下接近沙坑的一小片區域。不過優點是該區設有熱水水槽和獨立衛浴區域供使用，衛浴清潔狀況尚可。,3,1,0,1042,,2024/02/07,0,中立
記得要從內灣那邊上去，雖然車子稍微多一點，但路程較短。,3,1,0,1062,,2023/05/07,0,中立
這句話的意思是「符合一般標準，可以爬上坡路，但杂草和樹枝需要修剪，總體給3.5顆星」。,3,1,0,1080,,2023/05/07,0,中立
看了大家對此地的評價，很期待前去參觀。我也跟老闆確認了，只有A區有飄飄河開放，其他區域都還未開放，非常令人失望。不過，水廁設有防蟲紗網，這點還算貼心。,3,1,0,1273,,2023/10/07,0,中立
下午下了一場大雨後，場地變得泥濘，我們可以看出，砂石鋪得不夠多。區域中石頭鋪得比較多的地方並沒有太大影響，那裡比較乾爽。其他的設施還算不錯，特別是有小孩可以玩水放電，水質感覺像直接從山上流出。在這個季節，有蝌蚪會從水管中跑出來，而晚上則有許多昆蟲和各種蛾類出沒。,3,1,0,1287,,2023/06/07,0,中立
這段評論指出新營主非常熱情，維持衛浴和廁所的清潔和消毒很好。建議增加各區的設施，如冰箱、飲水機和脫水機等。提到有許多浪貓浪狗，提醒晚上收好食物以免被貓貓找到。遇到熱水器問題時，闆娘提供了電池更換的幫助，但熱水器水壓不穩是一個問題。評論也提到C區的露營環境不佳，遇到大雨後積水成爛泥巴坑，建議改善環境。总体来说，營主答應會做出改善。,3,1,0,1347,,2023/05/07,0,中立
營地的營主很友善，只是營區劃分不太完善，先到先佔喔。,3,1,0,1377,,2022/05/07,0,中立
整體來說還算不錯，可能營區的評價不是很高，沒有滿房，我們兩間房包含 C 區，如果有 4 間房可能會稍微擁擠。冬天去的話沒有蚊蟲，只看到一隻小蟑螂，浴室設備不錯，但需要自己保持清潔，否則沒有看到營區主人打掃，附近就是大馬路，有時會有重機車隊經過很吵。可能也因為馬路旁有一隻大野狗闖入我的帳篷。,3,1,0,1382,,2022/05/07,0,中立
這個營地似乎從前經營很用心，但現在有些荒廢。可能因為大家都在補班、補課，所以當天我們去時人很少。營區沒有大門，感覺不太安全，有過路客直接把車開進來，造訪大觀園或使用廁所。營地主人似乎只在收費時出現，有時浴室的水溫會忽冷忽熱。,3,1,0,1388,,2021/05/07,0,中立
洗澡時瓦斯不足，晚上洗澡感覺很寒冷，但草莓很便宜。,3,1,0,1389,,2021/05/07,0,中立
A區旁邊有一條小溪，營位旁有一個生態池，裡面長滿了蝌蚪、青苔和水草，裡面的水道比較不乾淨且滑溜，小朋友玩水時要小心。然而，這裡有一些缺點：1. 廁所很髒，每天只固定清潔一次，需要讓露營者提醒才會打掃；2. 營區的排水速度慢，沒有提供護草墊，但可以提供帆布；3. 營位不是很大，帳篷靠得很近；4. 水槽旁沒有垃圾桶，而且垃圾桶沒有蓋子，會吸引半夜的流浪狗來翻垃圾。然而，這裡也有一些優點：1. 浴室的水量大且溫度穩定，提供洗髮乳和沐浴乳；2. 有冰箱、飲水機和脫水機，並且泡湯有優惠。,3,1,0,1401,,2020/05/07,0,中立
建議你在前往之前詢問一下漂漂河頂端區域是否開放。那裡的環境整潔嗎？是否有工作人員做維護？這個價格（1000元）是否值得？是否有排水系統在下雨時運作不良？另外，是否需要向鄰居借用遮陰墊（護草墊）？,3,1,0,1410,,2020/05/07,0,中立
空間有限，搭好帳篷後幾乎沒有活動空間，但環境整潔度還可以。,3,1,0,1412,,2020/05/07,0,中立
希望營地蹲式廁所能更清潔一點，一打開就看到一些骯髒的痕跡，實在不太好看。,3,1,0,1413,,2020/05/07,0,中立
D區的停車位很狹窄，我們四個營位的人剛好將車停進去，否則就得讓有些人把車停在路邊。營區就在路邊，所以要特別注意小朋友是否會跑到馬路上去。如果要來的話，包區可能會比較合適。,3,1,0,1453,,2022/10/12,0,中立
C區的排水系統和水壓需要改善。新的營主熱情又主動，衛浴和廁所保持得很乾淨，也有幫忙消毒。晚上睡覺時要把食物收好，因為貓咪可能會跳上桌子找食物。建議營主改善C區的排水系統和衛浴的水壓。,3,1,0,1457,,2022/06/27,0,中立
跟期待相比，稍微有些落差。,3,1,0,1472,,2021/03/03,0,中立
C區的浴室和廁所很髒，有許多蟑螂。可能是因為營區的營主沒有住在現場，這次去被隔壁區的人吵到無法入眠！一群年輕人晚上10點開始唱卡拉OK，一直唱到半夜12點！隔天向營主抱怨，但營主也無法解決並承諾不會再去相同的營地⋯⋯,3,1,0,1475,,2020/08/21,0,中立
整體來說還可以考慮推薦。在路邊的環境算是比較安靜的。,3,1,0,1478,,2020/03/04,0,中立
營區位於山谷間，夏天稍微有些悶熱，衛生間很骯髒，沒有打掃，我不會再去第二次。,3,1,0,1479,,2019/12/23,0,中立
B區的露營經驗：夜晚不用擔心開伙，環境乾淨，補給方便，適合輕裝偷閒露營。不過要注意照片未更新，設施可能有變動，建議自帶遊玩器材。洗澡可能會遇到沒熱水的情況，洗具可能故障。晚上要求安靜，但可能有鄰區喧囂情況，營主可能不會規勸。,3,1,0,1524,,2023/12/07,0,中立
下雨天最好不要來這裡，碎石區變成泥巴區，到處都是水坑；衛浴沒有乾濕分離，但希望至少能加個蓋的垃圾桶，這樣就不會影響氣味和美觀了。另外，從衛浴到營地的排水系統也應該要加強。在碎石區的大斜坡上，下雨天很危險，已經有人摔倒好幾次了，請務必注意安全。,3,1,0,1526,,2023/11/07,0,中立
主人非常親切有禮，只是少了親子浴室。,3,1,0,1574,,2020/05/07,0,中立
這個露營區空間有點狹小，不過有很多有趣的遊戲可以讓小孩盡興。可惜蚊子很多，每個家庭都受到了蚊蟲的困擾，小孩被叮了很多包，只好提早收營回家。如果不是被蚊子叮得太嚴重，這個露營區其實會是一個不錯方便的選擇。,3,1,0,1578,,2020/05/07,0,中立
北埔市集附近的營區很小，而且附近的道路很好走也很清楚，唯一需要注意的是有些小黑蚊，要小心。,3,1,0,1581,,2019/05/07,0,中立
車道和場地的配置相當合適，適合中小型團體使用。設備也算是維持得相當整潔。,3,1,0,1592,,2019/05/07,0,中立
在交叉口的地方應該設置更清楚的路標才行。,3,1,0,1711,,2018/03/20,0,中立
營區人潮眾多，隔壁營區非常喧囂。內部道路狹窄，導致汽車底盤受損。,3,1,0,1753,,2023/11/07,0,中立
太多事情需要安排，就像是在分租套房裡隔出太多隔間一樣。如果所有事情都排滿了，就沒有空間可以自由活動了。浴廁看起來還算乾淨，但數量上相對比例來看有點不夠。,3,1,0,1767,,2023/05/07,0,中立
營地的設施還可以，但共用的兩個電箱和洗菜枱不太夠用。另外，廁所和浴室還可以，但屋頂是透光罩，在夏天裡面很熱，跟烤箱一樣熱。廁所前的洗手枱只有一個小小的，不太好用也不太夠。,3,1,0,1780,,2023/05/07,0,中立
營地各區空間不是很大，但平日人流不多，不會感到擁擠。不過夕陽的風景有時會被樹木擋住，而最靠近馬路的營位可能會比較吵。環境整理還可以，比較乾淨。不太好的地方是，入住時車泊沒有折扣，隔天才被告知露營車不能使用電力，要另外加錢。付了同樣的錢，為什麼露營可以用電而車泊不能？看來營地對車泊不太友善。如果是車泊愛好者需要入住的話，要多加考慮了。,3,1,0,1787,,2022/05/07,0,中立
我跟朋友一起來露營，請朋友載我們來，剛進去不到一個小時，對方卻要每人收100元入場費。幸好我身為露營的人沒有被收費，如果是一起露營的人就不用嗎？如果是這樣的話，最好早點說清楚要一起露營，不是說完全不能收費，只是100元有點貴了。建議可以考慮按時間收費，入場一小時內免費，超過一小時收50元，超過兩小時以上再收100元，每人最多收100元就好，不要像司機載我們來只進去喝一杯茶也要收100元的情況。,3,1,0,1796,,2022/05/07,0,中立
這個地方環境相當優美，從遼望台可以一覽360度的風景。參觀遊園地每人需要支付100元的門票，但要注意最上面靠路邊的營地地面是磚砌的，最好不要亂釘東西。,3,1,0,1800,,2022/05/07,0,中立
風景很美，但是浴室的熱水時冷時熱。,3,1,0,1830,,2020/05/07,0,中立
今天濕氣重，霧氣濃厚，晾衣服需要更多時間。,3,1,0,1831,,2020/05/07,0,中立
夜間第一次前往露營地，遇到了非常濃密的霧，透過車頭燈照耀出的景象都像是水滴，還飛來了一些小黑蚊。露營地非常廣大，地勢多為斜坡，還有一座相當遙遠的大型冰箱。露營地的老闆會親自帶著露營者到周邊走走，但使用貨車載著各種大小的露營者坐在車斗裡，有些人會感到不安全。建議提供地圖，讓露營者自行開車前往目的地。,3,1,0,1834,,2020/05/07,0,中立
草地環境很不錯，營地主人也很親切，但晚上蟲蟲很多真讓人害怕，而且衛浴設施也太少了。,3,1,0,1858,,2019/05/07,0,中立
老闆非常熱心提供清涼的夏日茶飲，同時也非常用心種植樹木和經營露營區。,3,1,0,1859,,2019/05/07,0,中立
風景很美，只是有點可惜沒有提供沐浴用品和吹風機，方便性稍有不足。,3,1,0,1861,,2019/05/07,0,中立
五月時白天中午後很熱，但晚上涼爽，草木草皮狀態良好。然而，蒼蠅和蚊子有點多，衛浴間少了一些，洗澡時要排隊。建議在中午前搭營，隔天早點離開，這樣比較不會感到炎熱。,3,1,0,1864,,2019/05/07,0,中立
露營地營主沒有有效管理，晚上有人在半夜打麻將、喧鬧大聲，且洗澡時沒有熱水。孩子洗澡時也沒有熱水，營主換了瓦斯後仍然沒有熱水。即使反映給營主，也沒得到關心，導致孩子著涼發燒。希望了解為何營主不定期檢查瓦斯供應，晚上溫度低時要等別人洗完冷水才通知，這點讓人感到不滿。同时有人半夜打麻将、大聲聊天，環境品質令人失望。,3,1,0,1879,,2024/04/23,0,中立
空間很狹窄。G區的水槽兩間房共用一個(旁邊沒有隔板，否則是三個共用)廁所和一個洗澡間。這樣並不是很方便，但還算乾淨。插座位置太遠，需要用兩根動力線(10米+15米)。活動空間有限，只有營本部才有冰箱。,3,1,0,1907,,2022/04/13,0,中立
營區有些擁擠，總是有狗狗來啃鞋子.....,3,1,0,1942,,2020/08/12,0,中立
這次預定的場地是位於七號草地區，地形比較狹長，非常小，根本無法擺放七個帳篷。我向營地負責人反映後，收到了他無法同意的回覆。,3,1,0,1956,,2019/08/03,0,中立
7號區的場地太狹窄，不太適合露營，因為蟑螂太多了。,3,1,0,2024,,2018/06/20,0,中立
營區空間有點擠，洗手台不夠，不太方便。廁所不夠用，除此之外都還可以，營地主人很友善。,3,1,0,2035,,2018/05/01,0,中立
翻譯: 以前說得十分開心。2017年12月30日至31日、2018年1月1日，我們包了A區10個帳篷，但因不明原因被多安排了三個帳篷。營地負責人說是因為訂位系統出了錯，但又不願意確認對方的訂位訊息。營地負責人很友善，不想得罪任何人，但卻讓我們吃了悶虧。雖然只是一個晚上，但我們五個月前的預定是什麼？其實有些不滿，儘管我們還是過得愉快了三天（不然我們要怎麼辦呢？）。希望下次營地負責人能夠有主見，不要再歸咎於其他人，應該堅定地解決問題。,3,1,0,2060,,2018/01/08,0,中立
營位大小和網站上的資訊不相符。我們進去後並沒有看到對應的營位，卻立刻被問及尾款，這讓我們感到很不滿意。當我們準備搭建方形天幕時才發現，營位實在太小，無法搭建。我們位於草皮區域，靠近單人帳篷區。方形天幕的尺寸是440*550，而營區網站上標示的營位尺寸是5*5，這給大家一個參考。沒有其他意義，僅供參考。,3,1,0,2116,,2017/07/14,0,中立
有很多蟲蟲，而且浴室裡有很多蟲蟲。很容易讓人的身上出現Dior標誌的蟲蟲。並且缺乏水源，沒有提供飲用水。此外，上山的路很難開，看到標誌轉進來後還需要二十五分鐘才能到達G區，但只有g1區能看到景色。然而，夜景並非宜蘭市的夜景。或許不會再去造訪了。有很多地方可以花一千塊去玩。,3,1,0,2175,,2023/05/07,0,中立
這次在宜蘭露營的經驗不太理想，因為下了整個周末的雨，到了之後濃霧繚繞，整個G區看起來相當昏暗，浴室前只有一盞小燈。再加上營地的排水問題造成水坑無處不在，搭建帳篷變得非常困難。由於霧濛濛的天氣，也看不到周遭的風景，總結下來，這次宜蘭之行讓人無法愉快，以後應該不會再選擇來這裡露營了。,3,1,0,2176,,2023/05/07,0,中立
營實在難釘下，感到很惱火，山路未維護，開起來相當困難。,3,1,0,2187,,2022/05/07,0,中立
廁所不夠多，排隊很不方便。,3,1,0,2222,,2020/05/07,0,中立
這個地方的風景不錯，G區尚未開放，可以看到龜山島和蘭陽平原的夜景。夜晚如果關燈，可以看到滿天星空，甚至有機會看到銀河。滑草區讓小孩非常開心，中間的草皮很適合遊戲，玩沙有遮陽設施，旁邊也有玩水的地方。但是水池邊緣頗高，沒有提供可以上下的地方，需注意涼爽的天氣。管理員很友善和熱心，廁所衛浴打掃得很乾淨。AB區離浴廁較遠，如果營區人數眾多，衛浴設施可能不夠用，且冷熱水溫度難以控制。提供了水桶，沒有小黑蚊，但這次確實遇到很多蒼蠅。,3,1,0,2225,,2020/05/07,0,中立
剛好碰到營區的住客素質不太好，學生開趴到半夜，老人又在五點起床聊天上廁所，浴廁的清潔狀況也很糟糕，還有熱水不太穩定。看來在這個營區可能要看運氣了。,3,1,0,2229,,2020/05/07,0,中立
營地的面積不算太大，不過海拔相對較高。如果天氣晴朗，夜晚的時候可以看到繁星點點。建議在天氣炎熱的中午時段不要前往山上露營，因為那裡缺乏遮蔽物遮擋陽光。至於水電方面，提供的設施是正常運作的。,3,1,0,2236,,2019/05/07,0,中立
G區的夜景很漂亮，但是衛浴設備需要改善一下，環境衛生方面也需要多加注意！,3,1,0,2244,,2019/05/07,0,中立
這個地方真的很可惡。生日很少在那裡過，從台七線往上開轉段路完全沒有路燈，至少還要再開20分鐘。晚上前往的人要小心，露營區的蟲真的超級多，而且也沒有飲水機。有入住的朋友請注意，露營樂網站上的照片看起來應該是很久以前的了。一帳1000元的價格下，還有很多更好的選擇。,3,1,0,2278,,2022/12/08,0,中立
G區的營位白天和晚上的風景真的很美，感覺完全不同！草皮長到膝蓋，環境看起來很荒蕪已經很久未整理！經常可以看到虎頭蜂在四處飛來飛去！設備方面有衛浴和冷藏設備，十分方便，但衛浴設施乾淨度有待提升！整體來說，風景是這個營地最吸引人的部分，特別是可以在Ｇ區看夜晚的景色和龜山島！,3,1,0,2281,,2022/08/01,0,中立
雖然是雨天，但地面沒有變泥濘。孩子們依然玩得很開心。,3,1,0,2285,,2022/04/08,0,中立
情況一般。環境有點亂，設備比較差。,3,1,0,2288,,2021/11/22,0,中立
第二次去了G區，房間超小，營地設計不良。車子隨意停，公共區域僵化，別人的車停在帳篷前。18個房間只有2個浴室、4個廁所，洗澡水溫忽冷忽熱。提供兩台冰箱但無效，食材壞掉，洗材料很麻煩。一晚跳電5、6次，早上5:30又跳電！夏天無風扇，只好起床結帳。優點是風景不錯，晚上很涼爽！千萬別訂G區！,3,1,0,2303,,2020/06/29,0,中立
草地墊需要增強，露營區的梯級需要整理，衛浴空間的蚊蟲需要處理。,3,1,0,2311,,2020/02/22,0,中立
連假去營地即使一直下雨，也吸引了很多人，營地設施似乎不足以應付客滿的狀況。此外，原先的冰箱有點髒，希望能夠升級為冷凍與冷藏分離式冰箱。,3,1,0,2315,,2019/07/17,0,中立
"1. 營位距離車道太近(D和F區)可能對小孩造成危險。 
2. 浴室熱水有時會忽冷忽熱。
3. 不清楚是冷藏還是冷凍庫？冷藏不夠冷。
4. 這次露營不巧遇到有一對夫妻喝醉在吵架，他們半夜長時間大聲爭吵吵醒了許多露營的人，希望營區夜間能有管理員或營主在場，以便及時處理任何問題。",3,1,0,2368,,2018/04/09,0,中立
元旦那天下雨真的很讓人不舒服。上層區域的規劃似乎還有些不盡如人意，浴廁的設施也很普通，跟去年相比感受差很多。,3,1,0,2377,,2018/02/12,0,中立
天氣有些惱人，無法享受美好風景，希望下次再遇見好天氣！沙坑區的遮雨棚已經損壞，孩子們無法盡情遊玩，建議儘速進行維修；露營區的洗手台都還沒清理，堆積了許多污垢，有些令人不舒服。,3,1,0,2379,,2018/01/05,0,中立
營地主人很熱情。這是一個很棒的營地，營主待人很友好。,3,1,0,2452,,2016/12/30,0,中立
這裡的環境整潔，草地保養得很好,3,1,0,2528,,2021/05/07,0,中立
不太建議參加週五的露營活動，因營主半夜才回家，導致冰箱裡的食物得等他回來才能冷藏，很不幸第二天主食雞肉就壞了。不過值得稱讚的是，衛浴設備很乾淨，營主也很勤於維護各區的公共清潔。,3,1,0,2542,,2021/05/07,0,中立
營地整潔，衛浴設備乾淨，周圍景色還不錯。距離瀑布相當靠近，大概需要40分鐘的車程。,3,1,0,2549,,2020/05/07,0,中立
這個地方環境非常優美，讓人更能感受大自然的氣息。瀑布近在咫尺，溪水清澈涼爽，有一個安全的小水池供小朋友玩水。整個營區環境都很棒，只是可能會有比較多的螞蟻。,3,1,0,2550,,2020/05/07,0,中立
這裡的環境很自然。毛蟲相當普遍，夜晚會有各種昆蟲出現，怕昆蟲的人要小心。空氣清新，但景色並不多。管理員很辛勤地清理垃圾和保持衛浴乾淨。,3,1,0,2582,,2022/12/08,0,中立
在C區需要關心其他露營者的舉止。入住當天晚上十點半，有人在C區大聲聊天並彈奏吉他；同時在十一點，有人在浴室使用吹風機邊聊天，聲音比吹風機還要大。雖然問過老闆後得知晚上十點後原則上禁止大聲喧嘩，但老闆並未出來管理露營地，也未向露友宣導相關規定。露友可能需要碰運氣解決這些問題。,3,1,0,2622,,2019/08/20,0,中立
這地方的環境不錯，營地主人很用心維護品質。可惜的是，入口道路狀態不佳，底盤被刮傷好幾處，泳池的磁磚也需要改善，造成小朋友被磁磚劃傷。不過幸好營地主有提供保險，算是值得稱讚的盡責表現。,3,1,0,2746,,2023/05/07,0,中立
沒有提供飲水機和沐浴用品，需要自行準備，周圍的景色普普，靠近有農地，會有很多蒼蠅。上山的路很狹窄且路況差，底盤較低的車輛不建議前往，而且會有交通壓力，我個人不建議去。,3,1,0,2787,,2021/05/07,0,中立
營區早上10點開門，請大家不要太早到，以免打擾到營主，造成不便，感謝合作。,3,1,0,2793,,2021/05/07,0,中立
草地區和洗澡堂之間的距離有點遠！,3,1,0,2797,,2021/05/07,0,中立
很新的，你可以來玩，空氣很清新。,3,1,0,2801,,2021/05/07,0,中立
基本設施還好，但從傍晚到隔天一直有嗅到一股雞糞肥的臭味，有點困擾，而且這個味道一直繞在身邊，很討厭。之前去過許多有很多蟲的露營地，但從來沒有像這樣被蜜蜂一直跟著黏著，真的很令人困擾。,3,1,0,2812,,2020/05/07,0,中立
營地規定明確寫著不允許唱卡拉ok，但是現在卻有兩組在同時唱卡拉ok，讓整個營地都回響著聲音。我來這裡露營是希望享受藍天白雲還有清新的空氣，絕對不是為了吵東西。扣了一顆星。但營地其他方面，像廁所的整潔和營地的清潔維護，真是一個不錯的地方！,3,1,0,2834,,2019/05/07,0,中立
這個地方雖然周邊都開發了，但視野還算寬闊！,3,1,0,2842,,2018/05/07,0,中立
營地主人很友善，擁有地下噴水池，孩子們非常興奮。,3,1,0,2855,,2023/02/16,0,中立
路況：白蘭部落的道路還算順暢，但在營區內較陡峭，需多加留意。冰箱：只有冷藏區，沒有冷凍功能，且冰箱僅位於營地中央，取物有一段長路需走。浴廁區：四區、六區的浴室和廁所合併，未有乾濕分離，長期潮濕造成地板有些許青苔。面對多區分區制度，若在熱門時段使用，浴室和廁所必然會供不應求。浴室使用瓦斯，沖洗到一半便沒熱水，得換房間使用，幸運的是隔壁房間當時閒置。熱水管控問題嚴重，隨時可能感冒，浴室未設置紗網，內部有時會有蟲。值得一提的是，唯一的小便斗存在漏水問題，使用體驗不佳。營位：營位較寬敞，使用空間充足，土質也適合釘樁。但部分區域地勢較傾斜，可能影響桌子或床位的使用。供電：晚間突然斷電，其他區域也無法使用電力，待管理員維修後才恢復。我們電力消耗不大，影響較小，其他區使用者的情況則不明。,3,1,0,2964,,2024/01/07,0,中立
這營地位於8區，共有7個帳篷和2個天幕。空間很寬闊，還有大約可以再容納兩個帳篷的地方。不過8區的草地維護不佳，出現了一些坑洞，特別是因為下雨造成的泥濘情況嚴重。垃圾桶和回收設施齊全，電源插座也很充足，洗碗台乾淨而寬敞。前往8區注意低底盤和轎車，右轉上坡時要小心避開兩個大坑洞和石頭，需保持左側靠近才不會觸到底盤。草地上有坑洞並積水嚴重，營地缺乏護草墊。共用廁所與7區，整潔度不錯，但熱水供應可能有問題，第二天洗澡可能沒有熱水。風景有雲海和螢火蟲可觀賞。冰箱位於營區入口處，對於8區的露營者來說有些遙遠，建議增加兩區之間的冰箱。夜晚前往的露友要注意路況，中途有坑洞和水溝，霧氣較大。,3,1,0,2986,,2022/05/07,0,中立
第一區營地風景很漂亮，但兩隻雞輪流叫24小時，太吵了。更令人驚訝的是，10月二露六區的雞竟然消失，變成了貓。結果浴室熱水器出了異常，洗澡中會聞到瓦斯味，變成冷水。還好有三星的熱水器。,3,1,0,3000,,2022/05/07,0,中立
個人比較不喜歡廁所和浴室在同一個空間，尤其如果環境年久失修、有很多昆蟲、還有異味。但除了廁所和浴室以外，這裡的風景和草地都很美。,3,1,0,3008,,2021/05/07,0,中立
露營遇到吵鬧的人有些倒楣，但營區管理者應該得適時管控。有些區域的訪客不分晝夜吵鬧，雖然管理者熱心友善，整體露營體驗受影響。廁所和浴室還算可以接受。,3,1,0,3011,,2021/05/07,0,中立
櫻花盛開時非常美麗，枝頭在風中搖曳，讓人無法忘懷。然而設施方面有些不盡人意，洗澡時可能會遇到水溫不穩或電壓不足的問題，使用兩台吹風機可能會導致跳電情況。,3,1,0,3014,,2021/05/07,0,中立
營位安排比較寬鬆，但是廁所沒有天花板，晚上會有很多昆蟲飛進來，小朋友洗澡上廁所可能會有點害怕。另外，冰箱在營地辦公室裡，如果營主不在或是休息時間，冰箱就會被鎖起來，對露營者帶食材去冰箱存放會有些不方便。,3,1,0,3036,,2021/05/07,0,中立
在這個時候，在四區樹下太陽很強烈，雖然山景還可以，但設施有點不足（不是花季可能有些無聊），需要付費才能見到營地主人。,3,1,0,3052,,2020/05/07,0,中立
2區所有建築物都有電力供應，每個建築物都有30安培的電力。電力故障發生超過8次，讓人感到不舒服。廁所衛生需要加強。,3,1,0,3064,,2019/05/07,0,中立
2015年那次和露營的朋友相約去的時候，我們選擇了比較靠近大自然的營區。當時那裡的浴室是共用的，熱水器的溫度會受到隔壁使用者的影響而有所不同。當晚我們還一起弄了麻糬，當時吃起來真的很美味。,3,1,0,3077,,2019/05/07,0,中立
夜景很美麗，但浴室設施有點簡陋。,3,1,0,3096,,2018/05/07,0,中立
如果櫻花盛開的話，營區應該很美。不過帳篷被樹擋住，看不到山景有點可惜。廁所還算乾淨，但熱水不太穩定。幸運的是這次遇到了好的營友，我和兒子玩得很開心，希望沒有給他們添麻煩。,3,1,0,3111,,2022/01/23,0,中立
位於第8區的搭棚，距離營區本部相當遙遠，需要走下一段稍陡的樓梯才能到達浴廁，相對較不方便。浴廁的天花板未封閉，有許多蚊蟲。,3,1,0,3125,,2020/12/14,0,中立
營地不太理想，廁所少且簡陋。,3,1,0,3141,,2019/09/20,0,中立
廁所沒有備有衛生紙有點不方便，建議準備一些衛生紙。草地上有已經乾掉的狗糞便，不衛生。垃圾桶裡沒有換上垃圾袋。而且也沒有加重石頭在垃圾桶蓋上，這樣半夜時會有野狗野貓來翻拾垃圾。整體來看還有待改善。,3,1,0,3156,,2018/11/26,0,中立
營區如果沒有蒼蠅飛來飛去就是非常好的了。,3,1,0,3184,,2023/05/07,0,中立
這個營區很乾淨，但價格上漲得太誇張了，我想應該不會再去了。,3,1,0,3189,,2022/05/07,0,中立
大家一起分享草地，廁所和浴室很漂亮，營地還有販售冷飲。,3,1,0,3217,,2021/05/07,0,中立
草地柔軟宜人，兩顆雨松之間設有露營地，帳篷搭在色彩斑斕的雨松下別有一番風味，車與帳篷分開佈置，即使是滿營，也感覺不擁擠。設施分離的衛浴環境讓洗澡更加舒適，前往營區的小路路況良好，但田間小路較窄，四周環繞著果園和農場。上午偶見幾隻蒼蠅，而下午看到農民戴口罩噴灑霧狀液體，希望不是農藥呢！,3,1,0,3237,,2020/05/07,0,中立
水龍頭流出的水是溫的，非常適合冬天露營。不過包區的營位營主只允許部分草地使用，因為中央走道要讓營主開高爾夫車通行，進行產品行銷。算是一種特殊的商業策略。,3,1,0,3238,,2020/05/07,0,中立
這個地方的環境算是不錯，不過周圍都是果園，所以有些蒼蠅。,3,1,0,3243,,2020/05/07,0,中立
我認為這個地方很不錯，適合遠離城市的喧囂，可以來這裡遊覽並且露營住宿。,3,1,0,3258,,2019/05/07,0,中立
這個地方有舒適的草地，廁所保持得非常乾淨並定期清潔，甚至配備了乾濕分離的衛浴設備。但收費的方式稍微有些拥挤。,3,1,0,3263,,2019/05/07,0,中立
這裡的環境保持得相當仔細，尤其是浴廁很整潔，但小朋友的活動空間稍嫌不足。,3,1,0,3279,,2018/05/07,0,中立
包棟民宿外面的露營區電源可以增加。,3,1,0,3282,,2018/05/07,0,中立
優點是草地寬廣，但缺點是帳篷太多，小朋友沒有足夠的空間玩耍。,3,1,0,3289,,2018/05/07,0,中立
這個地方的優點在於衛浴設施很好，草地景色優美，設施也很新穎。然而，缺點是蒼蠅非常多，營地規劃過於擁擠，且小孩玩樂空間不多。,3,1,0,3301,,2018/05/07,0,中立
這次的營隊活動真的讓人深刻感受到主辦者的用心。雖然天氣不夠壞以致活動沒有被取消，但我們仍然享受免費的草莓採摘活動。依天吃飯的窘境讓這個經驗更加難忘。需要在車上睡覺的情況下也成為了難忘的回憶。,3,1,0,3305,,2017/05/07,0,中立
這個地方有很大的場地，有很多區域可供使用。在A區下完行李後，車子需要集中停在停車場。這裡有一些民宿，具有一定的設計感，但舒適度令人擔憂。營地相當寬闊，孩子們有足夠的空間奔跑，主要是平地，沒有危險性，但可惜的是沒有景色，周圍只有果園。,3,1,0,3315,,2017/05/07,0,中立
草地是不錯的，但還有什麼值得欣賞的地方真的很難想到！,3,1,0,3323,,2017/05/07,0,中立
環境看來整潔且美麗，不過卻發現有跳蚤！被叮咬得相當嚴重，收帳時竟感到癢得難受，實在是太痛苦了～,3,1,0,3327,,2022-04-28T17:04:37+08:00,0,中立
各區的空間都有點狹窄，滿帳都有些擁擠，最後十幾分鐘的路程有好幾個超陡的坡道和急轉彎，要考驗引擎、輪胎的表現和駕駛技術，建議不要在晚上前往。,3,1,0,3396,,2022/05/07,0,中立
路顛波。快到時，路坡很陡 不易開。,3,1,0,3471,,2023/10/23,0,中立
營區附近的道路狀況有點危險，開上大概5分鐘左右的路段就變得非常難開。,3,1,0,3472,,2023/10/23,0,中立
營地的噪音很多，有鄰居的狗叫聲、羊叫聲，還有凌晨4點的公雞啼叫聲。,3,1,0,3568,,2023/12/07,0,中立
營區內有小黑蚊和蒼蠅，還有貓狗常來翻垃圾桶，孩子被跳蚤叮咬，附近有許多野狗晚上和清晨會亂吠，隔壁鄰居的鵝叫聲也很吵！營區沒有飲水機，雖然說是草地但碎石很多，不過衛浴設施很乾淨，營主人也很友善，只是行動不太方便！,3,1,0,3592,,2022/05/07,0,中立
一帳包區的位置蠻不錯的，比較安靜。射箭區雖然不大，但還是滿好玩的，可能因為沒有人和我們爭搶，不用排隊（當天人滿為患）。營區裡有沙坑和戲水池。當天還有搗麻糬的活動，主辦單位會逐帳通知體驗時間。,3,1,0,3609,,2021/05/07,0,中立
"1. 浴室很乾淨，裡面有浴缸和水瓢，但建議自備一個D環，方便掛東西。 
2. 提供WiFi、草墊、吹風機、脫水機、冷凍冰箱、冷藏冰箱和衛生紙。 
3. 在上層露營區下大雨時排水很好。 
4. 蚊蟲很多，尤其是小黑蚊，同行的親友和小朋友都被叮咬不少。 
5. 營區經常有小貓出沒。 
6. 營位上的洗手台有遮陽傘，但只有較暗的太陽燈，照明效果不足。",3,1,0,3610,,2021/05/07,0,中立
靠近入口的營地風景特別漂亮，從寮望台眺望的景色也很迷人，適合乘涼。這裡有涼爽的風和樹蔭，營地主辦的搗麻糬和其他活動深受小孩喜愛。然而，這裡的冰箱很小，坡道很陡，到了端午節還會被小黑蚊叮到腿上全是紅腫，還有營地養的雞半夜兩三點就開始喧囂直到早上天亮。另外也有水池可以讓小孩玩水。,3,1,0,3617,,2020/05/07,0,中立
進入營區的道路比較狹窄，開車時要小心，不要完全相信導航。傍晚的景色很美，也有很多活動可以參加，到了晚上就會感到有點潮濕，早上陽光升起時需要找個遮蔭處。雖然位置有點偏僻，但因為坐落在山區，總是能聽到汽車的聲音，尤其是跑車的聲音。整體而言，這個營區是值得一遊的。,3,1,0,3620,,2020/05/07,0,中立
可以欣賞到石門水庫湖面的風景，微風吹過感覺很舒適呢。喜歡露營的朋友可以考慮一試，但要提醒大家，那裡蚊子比較多，記得做好防蚊措施哦。,3,1,0,3627,,2020/05/07,0,中立
這個地方風景真的很漂亮！但製作麻糬和竹筒飯的DIY活動看起來有點粗糙，射箭區也沒有整理好，感覺有點荒廢。還有，只有三間淋浴間，但水量很足，熱水也很多。,3,1,0,3630,,2020/05/07,0,中立
廁所乾淨，但間數太少！其他就很普通了。,3,1,0,3634,,2019/05/07,0,中立
營區所在地的空氣清新。,3,1,0,3635,,2019/05/07,0,中立
這個地方的衛浴設備充足，有提供電源插座，停車位也很夠用！但夏天來可能會稍微炎熱、陽光強烈，因為位置在山上。整個營區有點擁擠，但還算舒適。停車方式很重要，可能影響小朋友打球或玩飛盤的空間有點小（但還是有空間）。整體環境算乾淨，衛浴設備和廁所都不錯。對水池建議小朋友的父母陪同（水池很淺，沒有危險性，但要小心滑倒）。營區主人很親切、健談。如果要說缺點，可能就是地方不太好找。,3,1,0,3651,,2019/05/07,0,中立
營區對於居住在台北市區的我們來說，其實有點遠！這個營區相對來說算是新的，營區規劃成了「階梯式」，共有四層，我們所使用的是最底層（靠近衛浴區）的位置。原本可以搭建八個帳篷，但因為大家都使用大型或巨型帳篷，再加上客廳帳篷，所以最後只搭了六個。此外，營區還有一個「營棧」，可以補充不足的飲料。此外，還設有瞭望台、兒童戲水池、射箭區，對小朋友來說是一個很好玩的地方！,3,1,0,3653,,2019/05/07,0,中立
這個露營區位於緊鄰石門水庫的地方。交通方面，它位於羅馬公路旁，路況良好，但因為是山路，可能會讓容易暈車的人感到不適。停車空間較小，若晚抵達可能不太方便裝備，不過營區提供推車。空間方面，它採用梯田式配置，小孩活動區域有限，有小水池和小沙坑。帳篷之間距離相當接近。景觀方面，可以看到石門水庫、新溪口吊橋和角板山形象商圈，湖光山色非常美麗。衛浴設備方面，總共只有四間浴室、四間廁所和兩座小便所，不過並未發現排隊現象，清潔狀況不錯，但沒有提供衛生紙。老闆和工作人員都很親切，是一個可以再次造訪的露營區！,3,1,0,3656,,2018/05/07,0,中立
設施都很陳舊了，好像沒有再照料的感覺。比如戲水池、沙坑以及射箭場等設施。路面狀況不佳，而且也不確定是誰擁有這個營地。,3,1,0,3668,,2023/05/14,0,中立
我不知不覺間去了第二次的營區。,3,1,0,3687,,2021/03/20,0,中立
手機訊號只有一格很不穩定，雖然在營區有WIFI可連接，但沒熱水洗澡時要等30分鐘。,3,1,0,3769,,2024/04/07,0,中立
沒有風景且浴室陳舊，還有兇猛的黑螞蟻叮人，1300 的雨棚區感覺性價比不夠高。,3,1,0,3798,,2023/05/07,0,中立
開車時路況變化多端，有時須直接掉頭，又突然變窄，十分困難，到達極致。A區前的草地不僅短短乾淨，小朋友在那裡玩得很開心。廁所整潔，洗手台的溫水令人感到舒適，尤其是在寒冷的冬天。地理位置在山谷沒有風，晚上雖然有點冷，但不會刮風。有一條小溪，但因我們在A區，需走一段路才可抵達，不過垂釣的感覺很愉快。唯一需要營主協助的是，當我準備在11點入睡時，隔壁鄰居卻在深夜三點仍然大聲交談，讓我難以入眠。,3,1,0,3807,,2023/05/07,0,中立
退休老闆很用心地經營，設施完善，每個平台的活動空間都很寬敞。建議在設有廁所的平台裝設帳篷，更方便一些。廁所附近有洗手台並提供熱水，很貼心，特別適合冬天。營地位於山谷中，比較涼爽，早晨陽光到達會較晚，晚睡一點也沒問題，但要注意防蚊！使用谷歌導航可能會誤導，請留意營地主人提供的正確指引訊息！,3,1,0,3875,,2020/05/07,0,中立
營區活動空間有限，內部道路較窄。位於溪流旁，夜晚溪水聲音較大，建議不要在溪邊搭帳篷。洗手台的位置規劃不夠完善。廁所和淋浴間較寬敞，但熱水供應可能不足。,3,1,0,3876,,2020/05/07,0,中立
洗澡時，熱水供應不足，需要等待30分鐘才有熱水，這對洗澡造成不便。,3,1,0,3905,,2022/09/19,0,中立
浴室的設施太少了，C、D、E區共用浴室的情況讓人感到非常不便。洗澡的熱水溫度最高也只有溫水，這樣的設施問題不單單是我們露營的朋友們所煩惱的。浴室門被鎖住這點也讓人難以理解，而且營區跳電是否是因為初始電力容量不足，所以只要有人使用電力較大的設備，就會導致整個區域斷電呢？是否能夠在公約中訂立限制使用高耗電產品的規定呢？此外，D區只設有三個水管，其中兩個在後方，一個在廁所前方。這讓我們只能去搶使用，因為廁所前方的洗手台有熱水，所以廁所附近總是湧滿了人。造成了我們極大的不便，因為我們只能去其他區域使用，這真的很不便利。甚至上完廁所後洗個手都需要用我們自己攜帶的茶水來清潔。,3,1,0,3922,,2022/01/03,0,中立
感覺對露友們打招呼很舒服。,3,1,0,3940,,2021/03/20,0,中立
排水系統不好，雨天最好避免前往。第一次造訪時草地非常美麗，但第二次到訪時草都已不見蹤影，加上下雨，整個地方變成了爛泥，是相當糟糕的經驗。,3,1,0,3952,,2020/10/13,0,中立
"1. 特1區的房間很整潔，但客廳在1樓，2樓的客人可以穿梭其間，有些奇怪。  
2. 特1區的廚房設在洗手間旁邊，時常會聞到尿味。  
3. 其他方面還算可以。",3,1,0,3989,,2023/05/08,0,中立
這個營區的老闆很健談熱情，整體來說營區不算大，營位大多都有五葉松可以遮蔭，算是小而美的營區。夏天造訪的話可能會有小黑蚊，這點扣分。除了戲水池的清潔度有待加強外，主要問題在於管理方面未能嚴格執行夜間進營的規定。晚上11點仍有人進場，12點還有人在搭帳篷、充氣床墊。在這個營區兩晚都遇到了一些素質不佳的露營者，雖然這不是營主的錯，但營區應該要有管理責任，讓人感覺不是很好。,3,1,0,3997,,2023/05/08,0,中立
營區面積相當寬廣，旁邊有湖可供觀賞，洗浴設施使用時間沒有限制。在營區內可以選擇多種露營模式，包括雨篷區、松樹下以及竹林碎石區。然而，缺點是洗浴設施較少，同時冰箱也不夠多。,3,1,0,4019,,2022/05/08,0,中立
老闆客氣，但蚊子實在太多了，回來後身上癢了好幾天。,3,1,0,4026,,2022/05/08,0,中立
這段文字大概可以這樣翻譯：在I區空地因寒流而擠滿了帳篷，我認為超出了容量。沒有人帶家用電暖器，整晚跳電數次，營主處理得很快，但半夜跳電時就要等到天亮。浴室有男女各兩間，還有男女各一間（浴室內含坐式馬桶）。男女各自有一間蹲式廁所，吹風機可以在女生側使用，冰箱只在浴室旁邊。此外，有河口步道可以走到石秀灣。,3,1,0,4027,,2021/05/08,0,中立
不建議選B區，因為可能會受到干擾，浴廁數量也少了，其他區域可能再考慮少租一間，另外有小蚊子，電力也可能有跳電，不過五葉松林非常美。,3,1,0,4037,,2021/05/08,0,中立
現在是八月份，蚊子叮人的情況越來越嚴重。建議大家攜帶強效防蚊液，不然可能會被叮個滿身包。,3,1,0,4043,,2021/05/08,0,中立
希望雨棚區的位置能更寬敞一些！,3,1,0,4071,,2019/05/08,0,中立
蚊子很多，然後營地老闆剛好在維修水管，但沒有注意到水管膠的排水問題。當洗澡時，突然聞到水管膠的惡臭。由於帶著兩歲的小孩，很擔心不小心喝到含有水管膠的水。向營地老闆反映後，只得到一句抱歉，卻不了解有人可能誤喝到有害物質而出問題。台灣人在環境教育方面還有許多進步空間。這樣的情況在國外一定會被告吧。,3,1,0,4081,,2019/05/08,0,中立
廁所是流動式的，而且裡面有很多蚊子。,3,1,0,4099,,2018/05/08,0,中立
營地的設施很完善，包括免費提供地面防水隔板、水槽水量充足、用電方便、廁所浴室乾淨，草地也很寬廣。不過要注意的是，因為鄰近竹林，可能會有較多小黑蚊，叮咬起來比較兇狠。,3,1,0,4100,,2018/05/08,0,中立
蚊子很多，夏天去的話要小心叮咬，最好穿長褲。,3,1,0,4178,,2024/03/07,0,中立
"這次露營遇到的是老闆娘，態度很好。因為我們選擇在禮拜日去，所以老闆娘讓我們自由挑選營位，為此我們多給了一顆星。可惜的是：  
1. 蒼蠅超級多，一不小心就會從小縫縫飛進帳篷裡，一出去整個都是蒼蠅。  
2. 螞蟻超級多，感覺螞蟻會直接把蟻窩搬進帳篷裡，整個帳篷裡面都是螞蟻。  
3. 有會飛的蟑螂，在帳篷外徘徊，還有一堆其他蟲子。  
4. 營區設備可能缺乏照顧，有發霉、生鏽的情形，真的很可惜，不然應該會很美好。  
5. 營區的燈很少，夜間有點昏暗。  
優點是營區其實算美的（如果不看發霉的部分），有湖岸也有溪流，晚上可以聽河流聲入眠，心情蠻愉悅的。",3,1,0,4199,,2023/05/07,0,中立
原本以為離台北很近，看照片感覺不錯又有遮雨棚，應該會很放鬆。不過剛好碰到下雨天，雨棚裡積水，而且從帳篷走到廁所處處都是水坑和泥巴，腳永遠髒兮兮，這次露營經驗算是最痛苦的！再來就是蚊蟲很多，不過戶外這點難以避免！建議營區設施需要翻新一下，排水也要改進一點。如果能改進，我想這個營地會變得很棒！,3,1,0,4217,,2021/05/07,0,中立
小黑蚊太多，洗澡時熱水溫度不穩定，女廁馬桶經常淹水。,3,1,0,4228,,2021/05/07,0,中立
最初是一個魚池，後來改建成為婚攝場地。,3,1,0,4234,,2021/05/07,0,中立
優點是熱水穩定，廁所乾淨。缺點是營主缺乏人情味，收費不透明，夜晚缺乏路燈且地勢不平，存在安全隱患。,3,1,0,4238,,2020/05/07,0,中立
這個地方容易讓老少咸宜遊覽，但交通不太方便。,3,1,0,4266,,2019/05/07,0,中立
其他方面都還可以，只是離市區近。,3,1,0,4268,,2019/05/07,0,中立
這次前來露營是看到照片很美才特地來的，但到了現場卻感到失望，許多景點都已年久失修，讓人感到破舊不堪。你建議網站需要更新照片，才能展現真實的狀況。,3,1,0,4269,,2019/05/07,0,中立
出門露營最重要的事情是什麼呢？首先當然是心情要好，其次要有合適的夥伴。露營地方要有足夠的空間，而且希望老闆能親切地帶領。晚上可以聽到蟲鳴鳥叫，偶爾也能看到螢火蟲點綴著。這樣寧靜又清幽的露營區雖然網路上說已經有些陳舊的痕跡（但還是有像湖上彈鋼琴的地方喔）。,3,1,0,4271,,2019/05/07,0,中立
在台北近郊的露營地，露營地面是碎石地面，雨天可以躲在河岸雨棚區，營區的水槽可以平均分配給露營者使用，每兩個帳篷共用一組水槽。露營地靠近小溪，可以前往玩水，但應該注意將汙水集中處理後再排放到溪流中。,3,1,0,4277,,2018/05/07,0,中立
這裡的環境不錯，浴廁也很乾淨，唯一的問題是缺少路燈造成有點暗。此外，我住的地方離營區太遠了，沒有飲水機，需要走到營區取水，相當不方便。,3,1,0,4282,,2018/05/07,0,中立
場地布置沒問題，只是沒有特別的景色。,3,1,0,4283,,2018/05/07,0,中立
這個露營地適合家庭聚會，有山有水，很適合家人互動、烤肉、玩水和爬山。,3,1,0,4285,,2018/05/07,0,中立
環境還可以，浴室設備齊全，只是在平地露營時有點熱...,3,1,0,4290,,2018/05/07,0,中立
營地的設施保養得不太好，周邊擺設都沒有更新维護。,3,1,0,4302,,2017/05/07,0,中立
這個地方的價格稍微貴了一點。,3,1,0,4304,,2017/05/07,0,中立
這個營地很棒，但好像有點過度商業化了！,3,1,0,4305,,2017/05/07,0,中立
這個地方風景很漂亮，只是門票貴了些，有點可惜！,3,1,0,4308,,2015/05/07,0,中立
環境設施稍嫌老舊，有些可惜。若能在湖邊進一步加強景觀，將更為完美。此外，可能因為附近有果園，所以會有一些小黑蚊。,3,1,0,4502,,2017/12/03,0,中立
可惜... 沒辦法露出來。27號中午前就下起大雨，打電話詢問後得知無法延期或退款。原先以為雨會在下午停下來，結果卻越下越大。等了一陣子後，最後還是決定不露了，不想讓自己驚慌失措，也怕小朋友淋濕感冒。雖然花了1000塊，但當成了一堂課，下次再遇到天氣不穩定的情況，還是會考慮訂購雨棚區，比較安全保險。,3,1,0,4561,,2017/05/29,0,中立
可能是因為下雨天的影響，所以景觀沒有如期般美麗，但最重要的是回到家後享用了美味的紅豆冰。><,3,1,0,4562,,2017/05/28,0,中立
浴廁的設備不錯，但還有改進的空間。,3,1,0,4569,,2017/05/14,0,中立
在台北地區，交通真的非常方便。,3,1,0,4611,,2017/02/28,0,中立
帳帳相連讓人感到擁擠不舒服，浴室數量太少。,3,1,0,4642,,2016/12/03,0,中立
這個地方的衛生設施和淋浴間很高級，特別是淋浴間的乾濕分離設計令人印象深刻！整個營區都有雨棚，不過附近的景點相對較少。營區可能位於山谷間，風向比較雜亂，可能會讓人感到有些不舒適。周邊的景色也比較凌亂，那邊有一條庫志溪可以釣魚和捉蝦。,3,1,0,4708,,2021/05/07,0,中立
營地長與夫人相處融洽，氣氛十分和諧。,3,1,0,4715,,2021/05/07,0,中立
臨溪、山嵐是個很棒露營地點！,3,1,0,4741,,2019/05/07,0,中立
這個營地是在水泥地上搭建帳篷，地面上有四個金屬孔。附近有溪水，可以戲水。不過營地空間不大，而且沒有為客人規劃客廳或空間。,3,1,0,4754,,2019/05/07,0,中立
環境整潔。營位空間較狹，水龍頭位置影響到其他人通行。,3,1,0,4846,,2018/09/25,0,中立
11/18日在竹雞區的評價，總體來說先扣掉兩顆星，剩下的三顆星是給草坪還算不錯和方便釘營幕的地方。1. 靠近斜坡的排水管斷裂沒有得到處理，導致上層洗手檯的水直接流到地面上，造成積水問題。2. 九個營位共用兩間浴室，浴室算是乾淨，但其中一間熱水器星期六傍晚就故障，卻沒有人來修理或設置告示，冬天洗冷水澡的感覺很糟糕。3. 廚餘桶擺放方式不恰當，沒有考慮到貓狗在營地裡出沒的情況，果然半夜廚餘桶就被貓子打翻了。4. 營位寬度只有五米，大型帳篷要小心進入，觀景方面除了老鷹區有些風光外，其他區域都有一些遮蔽物，竹雞區更是看不到什麼景色，整體而言視野不如附近的烏嘎彥獨立區或C區。,3,1,0,4868,,2023/12/08,0,中立
環境很好，但浴室的數量明顯不夠，開車上山路又狹窄又陡峭，低底盤車輛要小心駕駛。,3,1,0,4929,,2020/05/08,0,中立
路小有幾段路有車子問題，但風景不錯。,3,1,0,4930,,2020/05/08,0,中立
營地的服務很不錯，廁所和浴室都很乾淨，但數量較少且位置集中，需要排隊等待。建議增加廁所和浴室的數量，避免超過場地容量，並擴建進出通道，以解決夜間使用時的困擾。,3,1,0,5152,,2017/10/23,0,中立
這個營地的路況不錯，提供了親子設施如溜滑梯、腳踏車、籃球、沙坑和泳池，還有冰箱和飲水機。草地空間也很大，整體來說是一個很舒適的營地，營主也很友善。不過有幾個問題需要注意：1.洗澡時間有限 (晚上12:30前)，白天沒有熱水。2.下裝備只能在柏油路旁完成，但柏油路只有不到3米寬，容易擋住後面的車輛。3.適合騎腳踏車的空間只有柏油路，但路面比較窄。4.撤營時間比較嚴格，較少彈性。5.海拔較低，可看到星星，但光害在門口路燈，希望能有手動開關。6.A區3帳後與草墊放置區距離不遠，但有些累。總的來說，這個營地還是值得推薦，希望營主可以思考解決下裝備放置的問題。,3,1,0,5231,,2023/12/08,0,中立
這個地方的設施相當豐富，冰箱和冷凍庫都很足夠。除此之外，還有足夠空間讓孩子打棒球，籃球場供運動使用，還有腳踏車、玩沙區、戲水區和飲水機。我也要稱讚營地的主人家非常勤勞，他們經常打掃、收集垃圾並進行分類，定時巡視並清潔環境。雖然廁所和浴室數量有點不夠，但他們很用心地維護。然而，還有一些硬體設施需要改善，例如女廁浴室的冷水流太小、水溫不穩且只有少數淋浴間。最後，如果能選對季節造訪，可能會更加愉快，今天的風有點大，幸好沒有被小黑蚊叮咬。,3,1,0,5253,,2023/05/08,0,中立
好處：營區海拔低，開車路況良好，兒童設施非常齊全，適合小朋友在草地上玩耍。壞處：許多小黑蚊，即使已經噴了防蚊液，依然被咬滿腿部，從中午一直到傍晚都有，晚上還有超大隻的花斑蚊，咬到會很痛，非常可怕。也許下次選擇在冬天時來會更適合。,3,1,0,5259,,2022/05/08,0,中立
這個營地對於習慣大雜燴、大鍋炒和白天不怕吵鬧的人來說很適合。營區裡的帳篷都相當靠近，晚上遵守宵禁時間，營位很擁擠，搭帳篷和天幕都需要依照營主的規定。廁所和浴室很難應付週末的人潮，熱水只有晚上6點到12點提供，水壓不穩定。冰箱很擁擠，插座的電壓也不穩定。建議夜晚10點前到達，否則大門會鎖閉。如果你不喜歡被管理規定束縛，或許這個營地不太適合。假如你打算前往，最好提前了解營地的規矩，以免觸犯規定而被責備。,3,1,0,5283,,2021/05/08,0,中立
冬天時電力供應不穩定，必須改進以確保提供友善的露營環境品質。,3,1,0,5284,,2021/05/08,0,中立
A區和CD區不同之處在於A區停車場在CD區前面，比較容易看到；然而，兩者共用廁所和浴室。若帳篷滿了的話，洗澡可能需要等很長時間，而且洗澡時可能會感到冷。廁所非常乾淨，有拉門，也提供衛生紙。若選擇CD區位置靠近尾巴，要注意雖然離廁所稍遠，但12月去可能會有一些蒼蠅，不容易避免；甚至還有可能蟻蟻侵襲到帳篷和車子。建議選擇靠前的營位，但營位由營主分配，不太可能有帳篷連天邊的問題。對小孩來說，這是個樂趣多多的地方，有沙坑、籃球場、腳踏車和溜滑梯，可放生小孩玩耍。此外，還有冰箱和飲水機。建議要備足食物和飲品再出發，因為離開時需開車下山約10至20分鐘才能找到711。,3,1,0,5288,,2021/05/08,0,中立
熱水供應不穩定，孩子們用水洗澡不方便。,3,1,0,5331,,2023/12/28,0,中立
老闆可以不要那麼緊盯我嗎，這感覺真的很不舒服。,3,1,0,5341,,2022/05/16,0,中立
無法控制鄰居在清晨6點割草所帶來的噪音。應該要求老闆加強與鄰居間的互動，能否請鄰居不要在清晨使用強力割草機，被噪音吵醒，是否還能稱為美好的露營呢？即使無法控制鄰居的割草時間，至少應該明瞭鄰居務農的作業時間，事先告知露營友，何時將進行割草，讓露營友自行考慮是否要忍受清晨的噪音。向老闆反映問題，老闆似乎只會口頭答應。,3,1,0,5353,,2020/11/30,0,中立
主動性不足的聯繫方式! 由於連日的大雨，出發當天早上我早早就主動聯繫營地負責人，詢問是否建議取消露營計畫。到了晚上七點半才得到回覆說不需要前往，但我們早已出發... 小黑蚊多到讓我不禁懷疑人生。 草地積水非常嚴重，儘管提供了草地保護墊，仍然泥濘不堪! 設施整體而言，浴室算是比較不錯的，如果排水速度再改善一下會更好！,3,1,0,5376,,2019/06/10,0,中立
草地需要修剪一下才好。如果A區的三層帳篷同時到達，搭帳和找地方非常困難，營位空間狹小客廳帳架滿後，幾乎無法活動。因為車子無法進出，即使先停好也無法離開，停車位與營位有一段距離，沒有推車可用，全部靠人力搬運，這容易導致家庭矛盾。在春夏季節，又旁邊有果園，蚊蟲很多。浴室和廁所整潔度算好。垃圾桶只有一個出入口（還好），只是帳篷多了就會滿。下大雨時，草地的排水有問題，會積水。,3,1,0,5426,,2024/05/05,0,中立
11月18日到19日去露營的地方環境很好，但早上洗澡時突然變成冷水，讓我差點感冒，打了三四通電話卻沒人接聽。,3,1,0,5434,,2023/12/08,0,中立
總的來說還不錯，但有些地方需要改進。,3,1,0,5435,,2023/11/08,0,中立
廁所設備規劃得不錯，但只有主要區有冰箱，對C區的客人來說不太方便。B區的草地很適合孩子們在草皮上玩水遊戲，同時也有衛浴設施，但缺少冰箱很不方便。A區的營位形狀較為狹長，對於大型帳篷可能稍嫌擁擠，而且草地不平整，有一些坑洞，所以在搭帳篷時需要注意選址。營位的洗手台不夠，網站上寫說有3個洗手台，但事實上只有三個，並且營地管理者將我們四個帳篷安排在同一區域。這個季節附近有很多螢火蟲，但也有許多小黑蚊、螞蟻和蜘蛛（體型都不小），白天還會有一些蒼蠅，最讓人害怕的是還有大蟑螂，生態環境非常豐富。,3,1,0,5440,,2023/05/08,0,中立
香港回來的朋友非常友善、熱情，但每個帳篷之間的距離很近。晚上十點過後，其他帳篷很吵，雖然多次勸告仍不見改善，營區管理者未能有效引導。有的帳篷在玩桌遊時大聲嬉笑，有的在喝酒時放音樂、聲音洪亮...直到深夜才漸漸安靜下來，讓人終於入睡。,3,1,0,5450,,2023/05/08,0,中立
這次我們有來一群大人小孩左右20人，透過網路找到這個地方，整體感覺還不賴，環境優美，廁所也算乾淨，設備也很齊全，方便使用，營主也很熱情。但是我們只給3顆星，原因是因為讓我們感到困擾的是，有幾位營主的朋友來打招呼，一開始覺得熱情有點小聊可以，但後來情況變得越來越誇張，一直跑來我們的營位，一直要我們過去喝酒聊天，還一直要找我們其中一位妹妹，我們都委婉拒絕了，他們還是死纏不放。最後甚至直接杵在我們的營位不離開，當時已經很晚，還有小孩在睡覺，這實在嚴重侵犯我們的私人空間。我們來這裡是為了放鬆和享受，為什麼要浪費時間和心力應付營主的朋友呢？這次是我們第一次遇到這樣的狀況，雖然地方本身不錯，但這次的經驗讓我們對再次造訪有所猶豫。,3,1,0,5468,,2022/05/08,0,中立
抵達時已經兩點左右，露營主人才開始準備搭起租借的帳篷，直到傍晚才完成。最糟糕的是半夜時充氣床漸漸失去氣，造成困擾。第一天廁所的異味相當嚴重，小孩一直抱怨很臭，但第二天早上清潔過後改善了很多。建議在廁所外設置洗手台，提供洗手乳，尤其在疫情期間非常重要！,3,1,0,5477,,2022/05/08,0,中立
人多的時候會有點擁擠，建議前往包區。廁所外觀不錯，但清潔還需加強，附近有長興國小，是個不錯的地方可以玩。,3,1,0,5500,,2021/05/08,0,中立
廁所雖然有不少小黑蚊，但整體還蠻乾淨的。,3,1,0,5519,,2020/05/08,0,中立
一些營位地地勢不平坦，各帳篷之間距離過於接近，必須認真考慮一下，與照片所示不太相同。,3,1,0,5524,,2019/05/08,0,中立
這個地方的環境還不錯，只是帳篷區域太擁擠、廁所設施較少，以及D區附近有惡臭的廢水散發。早上被狗吵醒，起床後發現周圍有狗的排泄物，讓心情大受影響。,3,1,0,5527,,2019/05/08,0,中立
營地草皮很精心維護，但營地主人收取的費用有點多，導致人潮較多。,3,1,0,5541,,2018/05/08,0,中立
浴廁乾淨，但現場才告知需支付額外搭帳費有點讓人不太滿意。優點是浴廁整潔，服務人員態度良好，但缺點是帳篷之間距離過近，地面不夠平整。另外，到了現場才被告知需要額外支付300元的搭帳費，並且無法自行選擇帳篷位置，詢問原因時得到的回應是網站無法提前註明，這點造成了負面印象。,3,1,0,5562,,2023/02/13,0,中立
營區人潮眾多時應加強垃圾處理。,3,1,0,5610,,2019/03/02,0,中立
營地空間不夠大，收費過多，導致環境過於喧鬧。晚上和白天都不清楚是營地的狗還是附近居民的狗在狂吠，造成非常吵雜。即使過了晚上10點，仍然有其他露營者大聲交談、小孩尖叫，營地管理者未出面管理。吵雜的聲音、狗吠、談笑聲、接連不斷，還有許多蚊蟲⋯⋯,3,1,0,5663,,2018/04/06,0,中立
老闆很關心服務，但不太善於交談和回覆。店裡除了兔子以外並沒有其他特色。,3,1,0,5719,,2024/04/08,0,中立
湖畔區的風景很美，感覺很舒適。坐在大樹旁的這兩個位置更加棒。,3,1,0,5786,,2019/05/08,0,中立
景觀不錯，但營位有點擁擠，而且收費有點貴...露營一晚要價1500元。,3,1,0,5791,,2019/05/08,0,中立
這個地方的環境還可以，房屋結構分為三層，最上層只有一間浴室，稍嫌不足；二層空間不大，但有四間浴室，需要和三樓的居民共用。如果人數較多時，廁所的衛生垃圾最好能頻繁清理。,3,1,0,5793,,2019/05/08,0,中立
每個房間都配有棧板，所以睡起來很穩適！早上醒來可以欣賞美麗的風景！可惜這營區比較小...不過有販賣部可以補充飲料或生活用品！,3,1,0,5844,,2018/05/08,0,中立
設備無虞，風景很美，只是收費稍微偏高。,3,1,0,5845,,2017/05/08,0,中立
乾淨的空氣，清幽的地方。,3,1,0,5955,,2021/05/08,0,中立
在離開城市、登上山頂欣賞風景時，暫時把世俗瑣事拋諸腦後，讓心情裡空，為了再次踏上旅程做準備！,3,1,0,5968,,2020/05/08,0,中立
去營地的山路挺難開的，需要小心駕駛。不過營地風景相當漂亮，有種陡坡的感覺。,3,1,0,6031,,2021/04/26,0,中立
場地很舒適，雨棚設置良好。前方的空地不小，營主的狗狗和貓咪很親人超可愛。不過小黑蚊實在是太多太多了，在場近20個大人和小孩都無一幸免。也許應該考慮在天氣涼爽的時候來，這樣比較適合。,3,1,0,6072,,2023/08/08,0,中立
七月租了五帳的櫻花區，當中只有一間廁所和兩個洗手台（其中一個洗手台較舊且不太方便），對五帳客人來說有點不夠用，小黑蚊很多。但營主會提供大隻的蚊香。櫻花區使用時需使用對面營區的冰箱，但那冰箱是營主自己使用的，內裡放了許多醃製食品，散發出阿嬤家冰箱的味道。建議擁有冰箱的客人最好使用自己的冰箱。碰巧遇到營主的朋友在區內喝酒，除了冰箱裝滿了啤酒外，還整天唱歌直至晚上十點，很熱鬧。營區有親人的貓狗，個性穩定且不怕小孩。走路約四分鐘有冰涼的溪流可供玩耍，營主夫人也建議可以把蚊香帶到溪邊。總的來說，營區空間略小，設備有待加強，但自然環境相當不錯。,3,1,0,6092,,2023/05/08,0,中立
營地的小黑蚊和蒼蠅太多，再加上大雨讓整個地面都變成泥巴，洗澡和上廁所的地方也不夠，只有一間能夠使用，電源供應的距離也太長了，讓人感到相當危險。,3,1,0,6093,,2023/05/08,0,中立
營區的主人夫妻非常親切，很樂意幫助解決任何問題，這一點確實讓人感到不錯。另外離老街很近，露營完還可以去老街逛逛尋找美食，相當輕鬆愜意。不過營區也有一些問題：1. 浴廁是共用的，多個區域共用一個浴廁，用廁所時需要排隊。2. 營區有飼養貓咪，牠們常跑到營位，甚至跳上餐桌、咬到帳篷，且牠們不怕人，難以趕開。有些露友半夜甚至被貓咪咬帳篷的拉鍊嚇到尖叫。3. 半夜沒有路燈，因此深夜時常有很多露友在走動、探險、聊天，建議設置一些簡單的路燈管控。4. 水槽不夠，洗碗洗菜也需要排隊，尤其在煮食時間時更是擁擠。,3,1,0,6105,,2022/05/08,0,中立
雨棚区的场地小，没有灯光，洗澡时水压不稳定，容易弄湿衣服。浴室都是用铁皮搭建，洗澡时还会闻到隔壁厕所的味道，非常让人反感。5个帐篷只共用2个洗手池，而且每晚要付1200元的费用，太贵了。用同样价格在其他营地可以找到环境和设施都更好的地方。,3,1,0,6114,,2021/05/08,0,中立
這個地方有點寬敞，分散得太開了，營地太小。,3,1,0,6133,,2019/05/08,0,中立
營區的第一印象是一座陡坡，讓我為我的小黑狗捏了一把冷汗。老闆娘很親切地介紹，並告訴我晚上會有螢火蟲。當天晚上關燈後果然有很多螢火蟲，可惜沒拍照。營區採用梯田式的場地，每區不大，每區設有一間廁所和一間浴室，插座不多。不過，蒼蠅比較多，風景一般。唯一比較好的是，營區下方有一條溪讓小孩玩水，水質很清澈，有大人陪同較安全，小孩可以在那裡玩上半天。總的來說，我不是很推薦這個地方。,3,1,0,6143,,2018/05/08,0,中立
廁所和浴室是合併在一起的，所以當洗澡時間到了，需要上廁所的人就得等一下。,3,1,0,6146,,2018/05/08,0,中立
各區位置都很方便，出租的帳篷裡面沒有附帶鋁箔墊。,3,1,0,6148,,2018/05/08,0,中立
雅房不太適合那些打算露營的家庭，有些失望。,3,1,0,6214,,2019/10/21,0,中立
場地條件還算可以，有隻狗會跟著人跑。草地狀況還行，交通方便，但主辦人缺乏互動，要注意狗會追人哦！,3,1,0,6217,,2019/09/17,0,中立
廁所的設施需要改善！1. 最好將廁所和淋浴間分開，否則會感覺很髒！2. 網路上的浴廁分配圖與實際情況有出入，實際的廁所少了，10到11個帳篷要共用兩個浴廁。這讓人快要發瘋！3. 營區的規劃還需加強，因為每次要到營地的總部拿東西，幾乎都要穿過別人的營地（我訂了五葉松區）。如果不經過別人營地的話，坡度太陡，且階梯建設不良，小孩經常在那裡跌倒受傷。4. 遇到沒禮貌的露營友，連續兩天都在唱卡拉ok！5. 營區的位置還不錯，離附近的景點都很近。,3,1,0,6230,,2019/01/07,0,中立
老闆維持場地得很好，草皮漂亮。老闆會主動提供蚊香，並關心露友們。區域環境偏向小包區，所以沒有太多景色。衛浴設備普通，但半夜可能有狗來翻垃圾，整夜狗叫聲不斷。,3,1,0,6245,,2018/11/26,0,中立
這次我們使用的浴室的水壓和水溫波動較大，希望能夠改進這個問題。,3,1,0,6267,,2017/07/23,0,中立
這裡的服務非常親切，老闆娘們都待人親切，而且服務也相當棒。,3,1,0,6284,,2017/03/12,0,中立
在制高點上，你可以俯瞰雲霧飄動的景色，但可惜森林區地形較平，導致帳篷只能橫著設置，無法直接欣賞外面的風景，而是必須看著別人的帳篷。地面稍微有些傾斜。夜景區的風景很美，但可惜人擁擠，帳篷布置也只能橫著，鄰近的帳篷距離太近，無法直接從自己的帳篷看到室外景色。浴室燈光昏暗，熱水供應穩定但水壓不足。如果人擁擠情況改善的話，可以考慮夜景區，否則下次可能不會再來。老闆娘的服務態度很好，這點加分。,3,1,0,6335,,2022/05/09,0,中立
這段話的意思是：森林區的景色不錯，可以遠眺關西的夜景。不過東北季風剛好加強，使得森林區風較大。森林區沒有浴室，建議可以用一個。,3,1,0,6340,,2022/05/09,0,中立
Google Maps 顯示可以經由竹62道路前往，但不幸的是大門被封鎖，也不確定是否通行。,3,1,0,6354,,2021/05/09,0,中立
高地盤的車輛比較適合，雖然路不好走，但風景和夜景都非常美。,3,1,0,6373,,2020/05/09,0,中立
這個地方沒有太多綠意，地面都是鵝卵石鋪設，也沒有提供草地保護墊，不過老闆的態度很親切。僅個人感受，員工可能有點愛唠叨...,3,1,0,6634,,2021/05/09,0,中立
營區最大的優勢就是旁邊有溪流和清幽環境！每一區都擁有超過的設備！營位較狹小！帳篷貼得非常近！造成人們感到擁擠不舒服！建議每區應該再少一帳才能達到最佳狀況。,3,1,0,6665,,2020/05/09,0,中立
老闆熱心，浴廁清潔，場地狹小。,3,1,0,6667,,2020/05/09,0,中立
四月以後的時候很適合，可以邀朋帶友或全家一起來欣賞螢火蟲，還可以露營呢。,3,1,0,6678,,2019/05/09,0,中立
普通。冬天使用電暖爐容易跳電，即使功率較低也難以抵擋嚴寒天氣，B1區僅能支援一臺380瓦的電器，如再開第二台就會跳閘。老板建議改用煤油暖爐，因此冬天若沒有煤油暖爐，不建議前來。,3,1,0,6696,,2022/12/22,0,中立
A2區的景觀空間較小，浴廁附近無法容納碟形天幕。早晨醒來發現有其他狗的大便出現在我們帳篷前面，差點踩到了^_^,3,1,0,6702,,2022/09/12,0,中立
晚上狗叫聲很吵嘈，能否請您控制一下呢？,3,1,0,6715,,2021/10/17,0,中立
這次我們的營位在A2區景觀，在帳篷之間的空間有些擁擠，沒有太多空間感。去之前我知道營地主人增加了營位（不同於以往的位置），但沒想到變得這麼擠迫。一個帳位大約是5*8英尺（建議不要帶這麼大的帳篷），人多了之後廁所就變得髒亂且臭氣熏天，營地主也沒有勤於打掃或處理垃圾。除了景色還算不錯之外，其他方面真的讓我有些失望。,3,1,0,6754,,2024/04/09,0,中立
景色確實很美，值得五星好評。這次在新年露營體驗還算不錯，我們選擇了五帳包區。但最後一天在結帳的時候，和其他客人發生了一些不愉快的事情。首先是洗澡時沒有熱水，讓人感到很不舒服。穿好衣服出來等其他浴室有熱水的時候，撤收時間卻比預期早了，導致下一組客人提前進場，遊走在我們附近，情況相當困擾。營地主人和服務人員的管理也不到位，在進出口處沒有有效的控制。這種隨意放任的狀況會導致問題。另外，其他露營者也需要遵守一些基本的規則，否則日後可能會發生衝突。離開時下山的路上也遇到了交通堵塞，這或許是因為營地主人沒有妥善規劃進出場次。這次是我第二次來騰雲，但不如第一次的感覺舒適，雖然第一次帳篷間隔較窄。這次選擇包區，但卻受到其他因素影響而讓人不愉快。,3,1,0,6767,,2024/03/09,0,中立
這個地方确實景色优美，设施完善！感覺管理非常用心地維護環境！我們訂了平日三天兩夜的行程。第一晚遇到的露營夥伴素質高，入眠很順利！但第二天營地管理人告訴我們晚上有三組露友凌晨一點受訓造訪，在我們附近的營區！是的，凌晨一點！我詢問營地管理人，凌晨一點接受夜衝的服務，是否顧慮到會影響其他露營客？當天下午我們決定直接結算離開，並不會在意半夜有人搭帳、敲打鐵釘的情況！這裡可以來試試看運氣！,3,1,0,6772,,2024/01/09,0,中立
這個營地的路標指示還算清楚，但浴室設備稍嫌不足，只有衣物置放架，卻沒有沐浴乳的置物架，洗澡時很不方便。另外，電壓也不足，11/18晚上就跳電2次，真的很困擾！,3,1,0,6778,,2023/12/09,0,中立
營區的風景很棒，但管理似乎有些不足，晚上十點多才來露營區，半夜一點還在大聲打釘，這樣影響到其他露營客。希望能夠互相尊重，共同營造良好的露營環境。,3,1,0,6784,,2023/11/09,0,中立
昨晚臨時訂了露營區，因為到晚了，所以被分配到一個視野較差的位置。營區分布在不同的台地上，主要設施區還有一個相當大且有頂蓋的活動平台。整體而言，松樹區的樹木長得不夠茂盛，浴廁雖然分區但數量和空間還有待改善。感覺營地的擴建還在進行中，許多地方看起來像是正在整理的工地。最高點的視野不錯，但其他地方就普通了。整體而言，營地的營位密度太高，甚至有點超過容納能力的感覺。沿途經過九份二山紀念園區，反而成為一個不錯的休憩點。總的來說，這個營地勉強可以作為過夜的選擇，但仍有許多需要改進的地方。,3,1,0,6788,,2023/10/09,0,中立
"優點：1. 營區內的道路都是柏油路，很好開；2. 特區的視野非常棒，特別是面對大景時；3. 天氣晴朗時，能看到滿天星星。

缺點：1. 營位太小，只有落羽松區位置較大，其他則是帳帳相連；2. 廁所衛浴設施太少且男女共用，在尖峰時刻需要排隊，廁所清潔無定時；3. 飲水機、冰箱管理混亂；4. 晚上沒有管制休息時間，有些露友聊天至凌晨2-3點；5. 可能會隨時吸入二手菸。總的來說，營區主人感覺不錯，但對於不守規矩的露友似乎束手無策。",3,1,0,6795,,2023/09/09,0,中立
優點：1. 溫度適宜，夏天的景色不錯，只要避開中午直曬，找個通風的地方就很舒服。2. 及時處理浴室沒熱水的問題，效率非常高。3. 草地管理得很好，排水良好，容易釘營。缺點：1. 飲水機和馬桶水箱蓋等地方需要定期清潔，表面有明顯的髒污。2. 露營區有許多大螞蟻，特別是停在樹旁邊的車子要小心，很快就會被爬滿。3. 跟大多數露營區一樣，對於露營區內抽菸或是在深夜清晨喧鬧的人，沒有加以勸導或明確禁止，請注重露營品質的人請留意。,3,1,0,6796,,2023/09/09,0,中立
整體環境看起來不錯，但晚上卻沒有管控。過了晚間十點後，有人開始在KTV大聲唱歌，放音樂聲音很大，談話聲音很小。客人之間缺乏尊重。雖然這些是個別行為，但缺乏管理真的給人一種不太好的感覺。,3,1,0,6810,,2023/05/09,0,中立
冰箱靠得太近，整理不夠，還有異味。D區3號包廁所有異味，空間較小，且廁所與浴室沒有分隔，需要更用心清潔。營主態度親切，幫忙搭帳。往上走有觀景平台，景色很美。,3,1,0,6811,,2023/05/09,0,中立
這個營地的優點是：1. 夜景很美 2. 山景和夜晚星空都很不錯 3. 衛浴熱水穩定，清潔度也可以 4. 如果人數沒滿足，可以跟主辦者調整住宿位置 5. 草地的狀況還算不錯。缺點是：1. 最後一段到達營區的道路比較窄，不太容易通行 2. 假日營區的冰箱常常擠滿，建議自備冰箱 3. 晚上10點後沒有安靜管理，直到半夜2點才相對安靜 4. 有野狗在半夜翻垃圾桶，早上會有一堆垃圾在地上 5. 營位之間距離很近，不太適合搭建大型天幕或帳篷。,3,1,0,6841,,2023/05/09,0,中立
露營的環境好像是在市集一般，帳篷之間幾乎貼在一起，而且人車滿滿的。我覺得建議營地管理者只收取營位的60～70%，這樣才能保持品質。,3,1,0,6851,,2023/05/09,0,中立
我認為你想表達的意思是：對於這個露營區的管理有一些意見想分享，你覺得有些露友在晚上的行為影響到其他露客的休息，希望管理單位能夠制定宵禁規則，並請求來露營的人能夠保持安靜，尊重他人的休息。,3,1,0,6852,,2023/05/09,0,中立
這個空間看起來很寬敞，水電供應充足，浴室和廁所設備也很完備，但可能需要更勤於打掃清潔。,3,1,0,6871,,2022/05/09,0,中立
營區有很大的空間，專人負責整理，空氣清新，風景優美，但路有些狹窄，自行開車時要注意安全，尤其在上山時要開得比較慢。,3,1,0,6899,,2022/05/09,0,中立
這個地方空間很大，景色也很好，只是上山的路太窄了，開車會有困難。,3,1,0,6921,,2021/05/09,0,中立
風景很漂亮，草地也很棒，但帳篷太靠近了，有點擁擠。很可惜衛浴設施也較少，需要花比較長的時間排隊。,3,1,0,6955,,2021/05/09,0,中立
我的營位熱水器有2間壞掉，只剩一個可以洗澡的。我換去其他洗澡間洗澡時，熱水溫度無法控制，突然變成100度，我被燙到兩次。幸好我只是用手試水溫，換到第三間才解決洗澡的問題。此外，有人帶狗去營區露營，造成假日帳篷營位太滿太擠，小朋友活動空間變少了。風景很漂亮，有美麗的夜景和豐富的生態，螢火蟲也很多。草皮被維護得很漂亮，營區的規劃也很好。建議營主多花心思在衛浴設施和活動空間上。,3,1,0,6965,,2020/05/09,0,中立
這個地方的夜景真是一百萬美麗，可惜的是浴室設施太少，我們入住時遇到了滿房的情況，需要等待的時間有點長，而且熱水非常不穩定，有時冷有時熱，甚至燙傷了我老公的手，希望業主能夠重視這個問題。,3,1,0,6967,,2020/05/09,0,中立
洗澡時溫度難以調節，建議考慮增強水壓以確保熱水器穩定運作。,3,1,0,6974,,2020/05/09,0,中立
設施較為簡陋，浴室和廁所僅有兩間，如果想趕在熱潮到來前洗澡，最好提早一點，否則可能得等很久。,3,1,0,6980,,2020/05/09,0,中立
這個地方風景很好，但可惜空氣污染很嚴重。營位很寬敞，也有保留公共空間；小孩們玩得很開心。但是衛浴設施實在太少了，好在沒有小黑蚊，只是傍晚會有幾隻大蚊子。,3,1,0,6989,,2020/05/09,0,中立
衛浴設備不夠完善，每個衛浴區只有一部吹風機，營位是由營地主人分配的。當天有濃霧，沒能看到美麗的景色，但提供了飲水機。,3,1,0,6990,,2020/05/09,0,中立
營區的路線普通，但風景很漂亮！營區的價位稍微有點貴！,3,1,0,7011,,2019/05/09,0,中立
景色很美，空氣清新，唯一遺憾的是，廁所太少了。,3,1,0,7013,,2019/05/09,0,中立
這些地方的景觀很美，但缺點是缺少遊戲場。,3,1,0,7026,,2019/05/09,0,中立
這個露營地的下方位置地勢不平，水溝蓋凹洞，不適合搭帳。下方的大鐵皮雨棚看起來有點荒廢。建議選擇上方的類森林營位，相對整潔舒適。,3,1,0,58,,2023/05/06,0,中立
這裡除了台灣大哥大收不到訊號外，其他都還不錯。,3,1,0,72,,2023/05/06,0,中立
覺得規劃需要再改進，容易斷電，衛浴清潔待加強，但地方很寬敞。,3,1,0,117,,2022/05/06,0,中立
老闆非常親切和體貼，地點便利，離市區相當近。這裡非常適合家庭露營聚會的需求，我強烈推薦這裡。不過在假日的時候，人潮可能會很多，可能會有廁所不夠用的情況。若是想要欣賞景色的話，這裡可能並不符合你的期待，因為海拔相對較低，天氣可能會有些炎熱。,3,1,0,134,,2022/05/06,0,中立
公司內部設施的狀況似乎出了點問題，熱水時冷時熱的情況現在還不算太嚴重，但如果冬天也這樣的話，恐怕會讓人感到很不舒服。建議老闆應儘快處理這個問題，另外廁所的清潔也需要重視，尿騷味應該不會讓大家感到舒適。此外，停電情況似乎也比較嚴重，老闆應該儘快改善這三個問題，投入這麼多資金卻得不到相應的舒適感，實在有點可惜。,3,1,0,138,,2022/05/06,0,中立
營位空間很寬敞，但衛浴廁所的數量太少，洗澡時水流時大時小，溫度也忽冷忽熱！,3,1,0,146,,2021/05/06,0,中立
這個地方的設施不錯，只是沒有飲水機。,3,1,0,150,,2021/05/06,0,中立
路況良好，但衛生環境還有改善的空間。廁所很少清潔，垃圾回收收滿了卻沒有清理。,3,1,0,169,,2021/05/06,0,中立
四個月前，友人安排好了露營計畫。昨天早上，十九個家庭分別出發，來自北區的基隆，南區的台南，約莫11:30時，全部朋友聚在一起，總共有93人，包括小孩。從午餐後，我們開始暢所欲言、暢適口、暢暢快活，一直持續到現在！根據目前現場情況，後面的兩天連假，肯定會非常愉快！我的心中充滿了這樣的期待！,3,1,0,175,,2021/05/06,0,中立
浴室廁所離這裡有點遠，沒有飲水機，但環境還算不錯。,3,1,0,201,,2020/05/06,0,中立
這個地方空間寬敞，草地和樹木都打理得很好，開車前往營區的路徑也很方便。,3,1,0,218,,2019/05/06,0,中立
寧靜區的一些地方有很多落葉，下雨後變得潮濕，而且洗澡水壓不穩定。,3,1,0,243,,2022/03/01,0,中立
營地主人很親切，但管理上可能稍有不足。晚上7點多不到8點，有位鄰營者提醒我不要太吵。雖然營地主人後來也要求保持安靜，但在晚上10點前我就決定離開了，感到相當不愉快。,3,1,0,303,,2023/05/06,0,中立
營區的環境很乾淨，沒有太多的光源，而且非常安靜，除了昆蟲和動物的叫聲外，是個很適合露營的地方。,3,1,0,335,,2023/05/06,0,中立
在營區附近有條馬路，如果擔心車聲的話，建議預訂時選擇靠近釣魚池的地方，因為這樣離馬路會比較遠。營本部和雨棚區相連，如果不喜歡在別人門口睡覺的話，就不要預訂雨棚區。營本部有兩台冰箱，在雨棚區露營的話，晚上會一直聽到冰箱壓縮機運轉的聲音，非常非常吵。營區的路況很好，導航設備可以順利導航到指定地點。五星級的衛浴設施非常非常寬敞，一家四口一起進去洗澡也不會擁擠，還提供洗髮精和沐浴乳。想要釣魚的話要看老闆每天的開放時間，所以不一定隨時都可以釣魚。,3,1,0,378,,2020/05/06,0,中立
"優點：露營場地很寬敞，營位大小適中，管理人員很貼心維護，設施適合親子活動，周圍風景優美。

缺點：有大量野貓出沒，星期五晚上放在水糟裡的牛肉被野貓偷走，星期六早上放在鍋子裡的整隻雞也被野貓弄走，即使蓋上鍋蓋也沒有用。甚至看到三隻野貓成功打開鍋蓋偷吃雞肉，雞被咬得一塌糊塗，最終只好作罷，直接丟進垃圾桶。另外，早上七點左右會有猴群出現在帳篷附近覓食，食物需格外注意。",3,1,0,470,,2024/01/06,0,中立
優點：這個園區保持得很乾淨，園主非常認真在做維護工作。缺點：地面很堅硬，不易插營釘。各帳篷區都有一些被砍伐的樹幹，高低不平，有些樹幹高度不到三十公分，並沒有裝設警示燈，夜晚行走需格外小心以免碰撞。園區內可能會有蜜蜂和虎頭蜂，請務必注意自身安全。,3,1,0,473,,2023/11/06,0,中立
這個營地環境整潔，配備完善，地面石頭很硬。遠處有許多帳篷，是個相當熱鬧的地方。,3,1,0,497,,2023/05/06,0,中立
這個營區非常大，約有120個帳篷，走到盡頭大約需要300公尺。根據我的經驗，路況大致上為4.5顆星。在上山的最後一段路上行駛時要小心，可能會有交通不便，特別要注意Google導航會建議要提前左轉，但實際上營區主人標示的立牌指示需要再開150公尺後才左轉才是正確的上山路線。另外，關於水電和冰箱設備，我給予4顆星的評價；兩個帳篷共用洗碗台，但晚上在洗澡時段可能會有電壓不穩定的情況。區域4到5共用一個營業用冰箱和一個冷凍櫃，建議可以事先做好垃圾處理，回收，廚餘和垃圾桶只在廁所外，如果帳篷不在廁所旁，這樣可能不太方便。關於浴室，我給予3.5顆星的評價，缺點是四到五區共用4到5間廁所和浴室，尖峰時段需要排隊，另外地板排水可能會溢出；但水壓穩定且24小時供應熱水。至於營地，我給予4顆星，缺點是下釘時不太方便，如果釘子不夠粗易歪掉，以及可能要過水泥地；優點是營地寬敞且停車方便。整體而言，營區被山群環繞，風景優美，是一個梯田式的營區，但晚上洗澡時可能會有一陣一陣尿騷味 (需視風向)，活動區基本上需要排隊，建議自備玩具以備小朋友使用。,3,1,0,510,,2023/05/06,0,中立
"1. 洗澡要注意水溫，避免被熱水燙傷或太冷
2. 碎石區的石子很銳利，小心跌倒造成傷口，鞋底要注意防滑
3. 衛生乾淨的廁所是很重要的优点",3,1,0,522,,2022/05/06,0,中立
這個營區地方很寬敞，看起來不錯，而且有提供冰箱。不過地面有很多石子，用來釘營帳很困難且容易鬆脫，需要使用至少30公分以上粗營釘才夠力。很不巧的是晚上常常會遇到強風，很多人的帳篷在深夜被吹倒，發出一陣驚呼聲。這個營區最好在好天氣時到訪，且不太適合新手露營者，供您參考。也有人看見過車宿的狀況。,3,1,0,526,,2022/05/06,0,中立
營區的環境還不錯，雖然沒有很壯觀的景色，但整個營區看起來還算整潔。唯一稍微讓人困擾的是洗澡時水溫時高時低，讓洗澡有些困難，不過整體表現算是可以的。,3,1,0,527,,2022/05/06,0,中立
營地風很強，釘子很難釘在碎石和草皮上！廁所不夠多～如果能有分區衛浴就更好了～但遊戲設施讓小孩玩得很開心！,3,1,0,545,,2022/05/06,0,中立
營區環境很寧靜，但有很多露營客人和小孩，有點吵。他們好像沒有注意到晚上11點了，還在大聲喧嘩，營區主人也沒在管理他們。,3,1,0,547,,2022/05/06,0,中立
這個地方的環境還可以，只是碎石比草地多，走起來有點像健康步道。浴廁設施雖然很多，但有點遠。不過每小時都有人來清潔垃圾和整理廁所，整體環境算是乾淨的。,3,1,0,550,,2022/05/06,0,中立
這個地方的道路大多是兩線道並且有對向車輛，開車比較順利。營地地面散落著許多尖銳的碎石，建議攜帶不銹鋼營釘或額外的營釘。這裡的風景非常美麗，讓人心曠神宜！遊戲區位於較低的區域，需要走一段坡路，建議多準備一些非插電的照明用具。露營當天至少停電五次以上，原因不明。廁所的熱水不太穩定，可能會遇到忽冷忽熱的情況。沒有提供飲水設施，請務必攜帶足夠的水。,3,1,0,560,,2021/05/06,0,中立
營區非常寬敞，非常適合小朋友放電，營地主人非常貼心，戲水區還有遮陽傘讓家長可以陪同小朋友不會曬傷。不過還有幾個地方可以改進使營區更舒適！1. 垃圾桶離得有點遠。2. 廁所內外的照明不夠，對夜晚不太安全。3. 淋浴水溫冷熱不穩定。4. 營區的營釘不易下，地上的碎石太多，容易打到腳底。,3,1,0,573,,2021/05/06,0,中立
"這句話的意思是""地板很硬，還會漏水""。",3,1,0,575,,2021/05/06,0,中立
"1. 雖然石頭地不適合紮釘，但也不會讓爛泥黏到鞋子上。  
2. 租借的帳篷並沒有提供搭建、教學服務，好在有朋友協助解決。  
3. 沒有見到營地主人，也沒有得到適當引導，缺乏熱情。  
4. 需要自行處理付款，但價格又比外面租借的更貴。  
5. 充氣墊沒有充電設備，幸好有朋友協助，否則不知道要踩多久。  
6. 洗澡水溫度難以調節，有時超燙有時超冷，後來幹脆放棄洗澡。  
7. 少見小孩玩樂的地方離營地很遠，周邊缺乏娛樂元素。  
環境安靜，離老街不遠，希望能改善以上問題，否則可能只造訪一次。",3,1,0,583,,2020/05/06,0,中立
路況很糟糕。導航走過內灣老街，假日塞車嚴重。營地地面非常硬，有很多石頭，普通的營釘幾乎敲不進去。衛浴設備還算可以。,3,1,0,592,,2020/05/06,0,中立
從來沒碰過這麼硬的碎石地面，安裝釘子非常困難，又遭遇到強勁的東北季風，帳篷被狂風吹斷一半，部分露營者迫不得已在夜間撤營，是一次非常艱苦的經驗。,3,1,0,613,,2019/05/06,0,中立
這個地方很安靜，還需要更多的宣傳和投入。,3,1,0,625,,2019/05/06,0,中立
希望公共廁所能夠增加一些。,3,1,0,636,,2019/05/06,0,中立
泥土石頭太多的情況下，很難把營釘打進去。,3,1,0,658,,2018/05/06,0,中立
碎石地太硬，很難把營釘打進去。廁所太少，垃圾桶也太少。,3,1,0,687,,2020/11/28,0,中立
這個營區的排水情況非常糟糕。雖然非常適合小孩露營，但下雨時水就會積在地面上，甚至淹過打在地上的營釘。即使雨只下了不到5分鐘，也會造成大量積水。在經歷過3年裡30次露營、遇過豪風暴雨的情況後，這個營區的排水問題依然影響著露營體驗，地面不平整、排水慢，加上蚊蟲和蟑螂等昆蟲出沒。雖然在好天氣下是個非常適合兒童玩樂的地方，但排水不良的情況卻常常讓人困擾。,3,1,0,700,,2020/05/18,0,中立
整體感覺還可以。營區很寬敞，5*8 的帳篷搭設空間還算夠，但打樁真的很困難，風大的時候可能會有拔樁的危險。,3,1,0,722,,2019/03/14,0,中立
晚上使用浴室時會感到通風，太冷了。,3,1,0,820,,2017/05/02,0,中立
整體環境不錯，視野很好，而且附近有全聯可以方便購物。唯一要注意的是山路比較陡需小心開車。另外，老闆的誠信問題讓整體感受打了折扣。,3,1,0,859,,2023/05/07,0,中立
D區的女生廁所只有一間蹲式廁所和一間淋浴間，覺得有點不足。當媽媽們帶小孩去洗澡時，就得等很久，我覺得應該考慮增加座式廁所或者安裝安全扶手，這樣對老年人或者不習慣蹲廁的人會更方便。另外，DE區只有一個共用冷凍庫，希望也能增設冷藏空間。另外，如果能夠設置一個雨棚，方便大家在下雨時躲風避雨就更完美了。,3,1,0,925,,2019/05/07,0,中立
這個地點很方便，距離三星鄉的味珍香和全家便利商店開車大概10-15分鐘。附近有一些值得一遊的景點，如松蘿和九寮溪步道，但在秋冬季節容易有大風。可能會讓您半夜睡覺感到有點不穩。,3,1,0,940,,2018/05/07,0,中立
天氣稍微涼爽的時候，去露營應該會很舒適，而且離市區很近，夜景也很美。,3,1,0,944,,2018/05/07,0,中立
在營地的碎石地下釘時要小心一點，因為地面比較硬。,3,1,0,982,,2021/12/14,0,中立
在C區，草地上有一大堆護草墊，讓小朋友根本跑不開，多次被絆倒摔傷。可供遊戲的空間只剩下靠近沙坑的一小塊。不過，C區設有熱水水槽以及獨立使用的衛浴區，清潔情況尚可。,3,1,0,1042,,2024/02/07,0,中立
記得要從內灣那邊開過去...車子稍微多一點但路程比較短。,3,1,0,1062,,2023/05/07,0,中立
這句話的意思是在評論一個地方或景點時，形容它很普通，有一些小問題，給它3.5顆星的評價。,3,1,0,1080,,2023/05/07,0,中立
經過評價後很期待前往，也向老闆確認過，只有A區開放飄飄河，其他區都沒有開放，有點失望。不過發現水廁裡面有防蟲紗網，覺得挺貼心的。,3,1,0,1273,,2023/10/07,0,中立
下午下了一場大雨，場地變得泥濘。明显可以看出有些區域缺少足夠的砂石鋪設，而其他地方鋪了更多石頭的區域則沒有太大影響，相對地乾爽許多。其他設施方面算是不錯，有小孩的話可以在水池遊戲放電。水感覺像是直接從山上流出來的。這個季節裡，水管裡會有蝌蚪跑出來。晚上則有許多昆蟲和各式各樣的蛾類。,3,1,0,1287,,2023/06/07,0,中立
新營主非常熱情地經營，衛浴及廁所的清潔保持得很好，也有協助消毒。每個區域都有獨立的衛浴設施，提供沐浴乳和洗髮乳。然而，僅A區提供一座冰箱、飲水機和脫水機，對於A到F區的遊客來說冰箱的數量太少，建議增加冰箱的數量。此外，營區內有許多流浪貓狗，晚上睡前應該把食物收好，以免貓咪跳上桌子找食物。晚上23:00遇到熱水器沒電，幸好店家值班協助更換電池，但熱水器的水壓不穩，變化多端。建議改善此問題以防止遇到冬天時的不便。我們在C區包區露營時發現4個營位實在太擁擠了，幾乎沒有活動空間。然而感謝老闆提供小朋友水球和可樂。可惜遇到了3天的大雨，導致C區積水成塘，地面變成爛泥巴坑，踩上去要麼陷進去或滑倒。營區努力排除問題，使用了許多護草墊，但整體而言初次露營經歷令人狼狽。準備回家時發現身上沾滿泥土，成為雨後的紀念。A、B、D區並無積水問題，唯獨C區狀況不佳。營主答應我們會改善。,3,1,0,1347,,2023/05/07,0,中立
營主很友善，只是營位區劃不夠完善，採取先到先得。,3,1,0,1377,,2022/05/07,0,中立
整體而言尚可，可能是因營區評價不高，我們的帳篷不在滿帳區，我們兩個帳篷在C區，若有四個帳篷可能會有點擁擠。冬天去的話蚊蟲不會太多，只見到一隻小蟑螂，衛浴設備不錯，但需要自己保持乾淨，否則如果管理員沒有清潔，旁邊就是大馬路，有時會有重型機車隊經過很吵，可能也因為馬路旁有一隻大野狗闖入我們的帳篷。,3,1,0,1382,,2022/05/07,0,中立
這個營地曾經是很用心經營的，但現在看起來已經荒廢了。或許因為大家都在補班補課，所以我們才能包下這個山。這個營區沒有大門，讓人有點沒安全感，常常會有過路客直接開車進來參觀或使用廁所。營地主人似乎只在收費時出現，而浴室的水溫不穩定，有幾間是冷熱交替的情況。,3,1,0,1388,,2021/05/07,0,中立
洗澡時瓦斯用量不夠，所以晚上洗澡感覺很冷，但草莓的價格很便宜。,3,1,0,1389,,2021/05/07,0,中立
A區旁邊有一條小溪，營位旁邊有一個生態池，裡面滿是蝌蚪、青苔和水草，裡面的水比較不乾淨，小孩戲水需要注意。不足之處有：1. 廁所很髒，每天只打掃一次，需要露營者提醒才會清潔。2. 營區排水慢，沒有提供護草墊，但可提供帆布。3. 營位有些小，帳篷相連。4. 水槽旁沒有垃圾桶，而且垃圾桶沒有蓋子，半夜會有流浪狗來翻垃圾。優點有：1. 浴室水量充足、溫度穩定，提供洗髮乳、沐浴乳。2. 設備有冰箱、飲水機、脫水機，湯屋泡湯有優惠。,3,1,0,1401,,2020/05/07,0,中立
建議下次去之前先詢問一下漂漂河 top 區是否開放，因為這個地方有點貴，又不夠整潔，可能沒有人在維護。而且下雨時可能會有排水不良的情況，還需要跟隔壁借護草墊。,3,1,0,1410,,2020/05/07,0,中立
這個空間非常狹小，搭好帳篷後幾乎沒有多餘的活動空間，但環境整潔度還可以。,3,1,0,1412,,2020/05/07,0,中立
希望營地的坐式廁所能保持乾淨一點，一打開門就看到一些不太好的痕跡真的讓人不太舒服。,3,1,0,1413,,2020/05/07,0,中立
D區的位置狹小，我們四個營位的人勉強將車子停進營區，否則就必須有人停在路邊。營區位於路邊，需要特別留意小朋友是否會跑到馬路上。若要前來，包區會是比較合適的選擇。,3,1,0,1453,,2022/10/12,0,中立
C區的排水系統和水壓有些問題。新的營主對待事務非常熱心，衛浴和廁所都保持得很乾淨，也有幫忙消毒。在睡覺時最好把食物收好，因為貓咪可能會跳上桌子找食物。建議營主改善C區的排水系統和衛浴水壓。,3,1,0,1457,,2022/06/27,0,中立
期望與現實稍有差距。,3,1,0,1472,,2021/03/03,0,中立
C區的浴室和廁所很髒，有很多蟑螂。可能是因為營地的負責人沒有住在現場。這次去時被隔壁區的人吵到無法入睡！一群年輕人晚上10點開始唱卡拉OK，一直唱到凌晨12點！第二天向營地負責人抱怨，但是他似乎無法解決這個問題，所以以後可能不會再去這個營地了⋯⋯,3,1,0,1475,,2020/08/21,0,中立
總的來說，我認為值得推薦。儘管在路邊，整體來說還算不會太吵。,3,1,0,1478,,2020/03/04,0,中立
營區位於山谷中，夏天有些悶熱，廁所很骯髒，沒有多少打掃，我不會再去第二次。,3,1,0,1479,,2019/12/23,0,中立
B區營位在夜間和普通週六晚上的優點是環境乾淨，距離北埔市區很近，方便補給，不想自己煮飯也沒問題，適合想輕裝露營放鬆一下的人。需要注意的是，1. 營區的照片可能沒有更新，原本的遊樂設施可能已經消失，所以要自備遊具。2. 洗澡時可能會遇到沒有熱水的情況（大約在晚上8:30左右），也可能洗髮/沐浴用品的按壓設備有故障。3. 營區規定晚上10點後要保持安靜，但第一晚可能有隔壁區的喧鬧聚會，第二晚可能有小孩比賽喧鬧到晚上11:30，而營地管理人員沒有出來制止。,3,1,0,1524,,2023/12/07,0,中立
建議不要在雨天前來，因為碎石區容易變成泥濘區，整個地方都被水淹了。衛浴區沒有乾濕分離，但希望至少能增加蓋子的垃圾桶，不影響氣味和美觀。從衛浴區到營地的排水系統也需要改善。碎石區的大斜坡在下雨天變得非常危險，許多人都在那裡跌倒，請務必處理。,3,1,0,1526,,2023/11/07,0,中立
營地主人親切有禮，只是沒有親子浴室。,3,1,0,1574,,2020/05/07,0,中立
這個營區雖然很小巧，但可惜停車空間有點不夠，遊戲區很有趣，小朋友玩得不想回家。可惜蚊子實在太多了，全家都被叮得很慘，一隻腳至少被咬了200個包，因此只好趕快帶小孩回家。總的來說，這個營區還不錯，就是叮蚊太嚇人。,3,1,0,1578,,2020/05/07,0,中立
在北埔市集附近，營地規模較小，附近道路狀況良好且易於辨識，但要注意小黑蚊的出沒。,3,1,0,1581,,2019/05/07,0,中立
車道和場地的配置蠻合適的，適合中小型團體。設備也比較乾淨。,3,1,0,1592,,2019/05/07,0,中立
在交叉路口的地方，如果路標設計得更清楚些會更方便。,3,1,0,1711,,2018/03/20,0,中立
營區人潮眾多，旁邊的區域非常吵雜。營區內的道路狹窄，車子底盤刮傷了。,3,1,0,1753,,2023/11/07,0,中立
我們看起來規劃了太多帳號，就像是分租套房一樣。如果所有帳號都有活動發生，就沒有多餘的空間了。雖然浴廁很乾淨，但數量方面可能略少了一點。,3,1,0,1767,,2023/05/07,0,中立
營地的設施還可以，但5帳共用2處電箱和洗菜檯不夠用。另外，廁所和浴室還好，但屋頂是透光的罩子，夏天裡面就像烤箱一樣太熱了。廁所前的洗手檯只有一個小小的，不太方便也不夠用。,3,1,0,1780,,2023/05/07,0,中立
這個營地的各區空間都不算很大，不過平時人潮並不多，所以不會感到擁擠。唯一可觀賞夕陽的地方常受到樹木遮蔽，頂層露營區靠近馬路可能有些吵雜，但整體環境算是相當乾淨的。唯一讓人感到不滿的地方是入住時和營地達成了沒有折扣的協議，但第二天離營前才被告知露營車不能用電，要額外付費才能插電！支付了同樣的費用，為何露營可以用電而車泊不能用電？看來營地主對於停泊車輛的旅客不太友善。如果是喜歡車泊露營的同好，需要考慮清楚再決定是否入住此營地。,3,1,0,1787,,2022/05/07,0,中立
我和朋友一起來露營，雖然朋友是訪客，但不到一小時就要收費100元。幸好我作為一起露營的人沒有被收費。我覺得收費100元有點貴，建議可以依據停留時間收費，入場一小時內免費，一到兩小時收50元，超過兩小時收100元，限制每人收100元。司機載我們進來後也要收費，這個規定也希望可以改進。,3,1,0,1796,,2022/05/07,0,中立
這個地方的環境相當好，可以步行約30分鐘到達遼望台，可以360度欣賞風景。參觀營地的費用是每人100元，最上面靠路邊的營地地面是磚砌的，釘子不好插。,3,1,0,1800,,2022/05/07,0,中立
風景美麗，但浴室熱水有時冷有時熱。,3,1,0,1830,,2020/05/07,0,中立
因為有濃霧和濕氣，所以視野受影響很大，晾衣服得花費很多時間。,3,1,0,1831,,2020/05/07,0,中立
第一次夜晚前往露營地時碰到了濃霧，頭燈照射出來的景物都模糊不清，有一些小蚊子在附近，露營地占地很大，有許多斜坡，冰箱很大但位置有點遠。露營地主人會用貨車接遇到困難的露營者，不過有些人覺得坐在車斗上不太安全，建議提供地圖，讓露營者可以自行開車前往。,3,1,0,1834,,2020/05/07,0,中立
草地很漂亮，營地主人也很友善，但晚上蟲蟲太多了，讓人不敢入眠，另外衛浴設備也太少了。,3,1,0,1858,,2019/05/07,0,中立
老闆很貼心提供清涼的夏日飲品，同時也很投入種植樹木和經營露營區。,3,1,0,1859,,2019/05/07,0,中立
這個地方的風景很美，只是有點遺憾沒有準備沐浴用品和吹風機，方便性有點打折。,3,1,0,1861,,2019/05/07,0,中立
五月天的白天中午後比較熱，晚上變涼爽，露水多一點，草木草皮都長得不錯。不過蒼蠅和蚊子多了點，衛浴間數量不夠，洗澡時總是要排隊。建議在中午前搭營，第二天早一點撤營，這樣比較不會感到太熱。,3,1,0,1864,,2019/05/07,0,中立
露營地的管理者不顧及露營客的需求，半夜仍有人在打麻將和大聲喧鬧，甚至洗澡時完全沒有熱水。小孩洗澡也沒有熱水，只好硬著頭皮忍著，我們趕緊向管理者反映問題，管理者後來來換瓦斯，但還是沒有熱水供應。管理者對此並不在意，當我們告訴他孩子只能冷水洗澡時，他直接無視。另一間洗澡到一半也沒熱水，等了超過10分鐘換瓦斯，結果讓孩子星期日晚上發燒！請問管理者不應該巡視一下瓦斯供應情況嗎？晚上溫度低，都要等別人冷水洗完才通知，這樣做並不適當！而且管理者也不管露營客，半夜兩點還有人打麻將，另一邊則大聲喧鬧，讓人感到非常不滿！,3,1,0,1879,,2024/04/23,0,中立
房間有點擠，G區的水槽共用兩個帳篷，旁邊的帳篷沒有搭帳，不然就是三個帳篷共用。裡面有一間廁所和一間浴室，不是很方便但還算乾淨。插座離水槽有點遠，我用了兩條動力線(10公尺+15公尺)。活動空間不夠，冰箱只有營區的基本設施才有。,3,1,0,1907,,2022/04/13,0,中立
營區有一點擁擠，有些狗狗會來玩鞋子。,3,1,0,1942,,2020/08/12,0,中立
這次訂的是第七區的草地，這個場地是狹長型的，非常小，根本容納不了七個帳篷。我告訴了營地負責人，但得到的回應是無法接受的。,3,1,0,1956,,2019/08/03,0,中立
7號區場地真的太擁擠了，建議不要露營！,3,1,0,2024,,2018/06/20,0,中立
營區有點擁擠，洗手台不夠不方便。廁所顯然不夠，其他地方都還不錯，營地主人很友善。,3,1,0,2035,,2018/05/01,0,中立
簡而言之，就是您預訂包A區10帳，但多擠三帳在營主不願確認訂位訊息的情況下，導致不愉快的入住體驗。希望下次營主能堅決解決這樣的問題。,3,1,0,2060,,2018/01/08,0,中立
營位的大小和網站上描述的不同。進入後並沒有看到營位，卻被要求支付尾款，感到很糟糕。當我們準備搭建方形天幕時才發現，營位實在太小無法搭建。（我們在草坪區，單人帳篷區）方形天幕的尺寸是440*550，而營位在網站上標示是5*5……給大家參考，沒有其他意思。,3,1,0,2116,,2017/07/14,0,中立
蚊蟲很多，浴室淋浴間也很多，容易在身上出現迪奧標誌。沒有水，也沒有提供飲用水。然後上山路不好開，看到標誌轉進來還要二十五分鐘。G區只有G1有景，但夜景不是宜蘭市的夜景。應該不會再造訪了。一千塊可以去很多地方。,3,1,0,2175,,2023/05/07,0,中立
這次在宜蘭露營真是遇到不少困難呢，下了整個周末的雨，造成G區很黑又潮濕，營地排水不良，地面到處有水坑，搭帳難度大增，又因為起霧還看不到風景，讓整個露營體驗很糟糕。結論是不會再來宜蘭露營了。,3,1,0,2176,,2023/05/07,0,中立
營釘釘無法完全固定，讓我很生氣，而且上山的路沒有維護好，開起來很困難。,3,1,0,2187,,2022/05/07,0,中立
廁所數量不足，導致需排隊不太方便。,3,1,0,2222,,2020/05/07,0,中立
G區的景色和設施都相當不錯，從那裡可以看到龜山島和蘭陽平原的夜景。晚上如果關燈，就能看到滿天繁星，甚至有機會看到銀河。小孩子會非常開心，在草皮上玩遊戲，玩沙、玩水也都很方便。不過需要小心的是水池邊緣比較高，沒有上下處，天氣轉涼時要注意保暖。管理員非常友善和熱心，廁所和衛浴設施打掃得很乾淨。唯一的問題是，ab區的浴廁距離營區較遠，如果有很多人一起露營，衛浴可能會不夠用。另外，冷熱水的控制似乎有些問題，但至少有提供水桶。雖然沒有小黑蚊，但這次確實碰到了很多蒼蠅。,3,1,0,2225,,2020/05/07,0,中立
碰巧碰到營區住客素質有待提升，學生聚在一起吵到半夜，老人清晨五點就起床講話上洗手間，浴廁的清潔狀況也很糟糕，熱水供應也不穩定。來這個營區可能要看運氣了。,3,1,0,2229,,2020/05/07,0,中立
營地空間不算寬敞，但海拔相對較高。在晴朗的夜晚，可以欣賞到繁星點點的星空。炎熱天氣時，建議避免正午時分登山扎營，因為缺乏遮蔭，陽光直射。另外，水電設備方面則是OK的。,3,1,0,2236,,2019/05/07,0,中立
G區的夜景很漂亮，但衛浴設備需要改善，並且在環境衛生方面需要更加注意！,3,1,0,2244,,2019/05/07,0,中立
那個地方真的很糟糕。這是一個很少有人去過的生日地點。從台七甲上去後要轉段路，完全沒有路燈，至少還需要再開20分鐘。要夜間前往的人要特別注意，因為營區裡的蟲真的非常多，且沒有提供飲水機。如果有朋友打算入住，請注意這些情況。此外，根據露營樂上的照片看來，可能是N年前的景象。雖然帳篷的租金是1000元，但還有很多更好的選擇。,3,1,0,2278,,2022/12/08,0,中立
G區的營位白天和晚上的風景真的很美，感覺完全不同！營位的草皮長到膝蓋，環境看起來好像很久沒有整理了！偶爾會有虎頭蜂在周圍飛來飛去！營位提供衛浴設備、冰箱和冷凍櫃，非常方便，洗澡間和廁所分開，但衛浴設備的清潔程度較不理想！營地的風景是最吸引人的地方，特別是選擇Ｇ區，可以欣賞到夜景和龜山島！,3,1,0,2281,,2022/08/01,0,中立
雖然是下雨天，但地面沒有泥濘。孩子們依然玩得非常開心。,3,1,0,2285,,2022/04/08,0,中立
環境有點凌亂，設備狀況也不太理想。,3,1,0,2288,,2021/11/22,0,中立
這段文字可簡化為：第二次去G區露營，地方小、規劃不好。停車亂、公共空間不足，洗澡水溫忽冷忽熱。只有兩間衛浴、四間廁所，冰箱不冷、食材壞。洗手台在廁所，不方便。電源問題，沒電扇很熱。風景好，但不建議訂G區。,3,1,0,2303,,2020/06/29,0,中立
草地墊需要加強保護，營區內的階梯需要整頓，衛浴空間裡的蚊蟲問題需要處理。,3,1,0,2311,,2020/02/22,0,中立
連假去露營即使一直下雨，也吸引了很多人，營地的設備好像有些不足以應付擠滿的營位情況，而且原本的冰箱看起來有點髒，希望可以增加更多冷凍式分離冰箱。,3,1,0,2315,,2019/07/17,0,中立
"1. 小孩的安全可能會受到威脅，因為營位與車道的距離太近（D區和F區）。
2. 浴室的熱水溫度時而冷時而熱。
3. 不清楚是放在冷藏室還是冷凍庫？溫度不夠低。
4. 在這次露營中不巧地遇到一對（喝醉酒）的夫妻在吵架，他們半夜持續大聲爭吵，吵醒了許多露營的朋友。希望在夜間營區能有管理員或營主在場，以便及時處理任何問題。",3,1,0,2368,,2018/04/09,0,中立
元旦那天下雨令人感到不舒服。上層區域的規劃似乎沒有做得很好，浴室很普通，和去年的感受相比有很大的落差。,3,1,0,2377,,2018/02/12,0,中立
天氣不好，無法享受美景，期待下次再來。另外，沙坑區的遮雨棚已經破損，小朋友無法玩耍，建議儘快維修。此外，營位的洗手檯沒有清潔，上面沾滿了黑垢，讓人感到不舒服。,3,1,0,2379,,2018/01/05,0,中立
營主很親切。這個營地不賴，營主待人十分有禮。,3,1,0,2452,,2016/12/30,0,中立
環境整潔，草坪處理得很不錯。,3,1,0,2528,,2021/05/07,0,中立
周五的露營之旅可能不是一個好的選擇，因為營主可能會深夜才回到家，導致無法使用冰箱保存食物，因此第二天我們的雞肉就爛了。值得稱讚的是，浴室設施很乾淨，而且營主會定期清潔公共區域。,3,1,0,2542,,2021/05/07,0,中立
營地整潔，衛浴設施乾淨，周圍景色還不錯。距離瀑布很近，大約需走40分鐘的路程。,3,1,0,2549,,2020/05/07,0,中立
這個地方環境優美，沒有太多設施，但能更親近自然。附近有瀑布和清涼的溪水，也有適合小孩玩水的池塘，整體露營區很棒，只是螞蟻比較多。,3,1,0,2550,,2020/05/07,0,中立
這個地方充滿自然。有很多毛蟲，夜晚可能會出現各種昆蟲，怕昆蟲的人要小心。空氣清新，景色卻無特色。營區管理員勤勞地收拾垃圾和清潔廁所。,3,1,0,2582,,2022/12/08,0,中立
在C區要注意其他露營者是否有公德心。當天晚上十點半時，有人在大聲聊天，還有人在C區浴室晚上十一點時還在用吹風機並且聊天聲音比吹風機還大。詢問老闆後得知晚上十點後原則上禁止大聲喧嘩，但是仍有上述情況出現，而老闆並未出來管理露營地且在入住時並未宣導露營者應當注意以上行為，只能靠運氣了。,3,1,0,2622,,2019/08/20,0,中立
環境好，營地主人很用心維護品質，可惜入口道路有些狀況，底盤被刮傷了幾條，泳池磁磚也需要改善，有小朋友被劃傷了。不過營地主人有提供保險，算是盡力了。,3,1,0,2746,,2023/05/07,0,中立
這個地方缺少飲水機和沐浴用品，需要自己準備，周圍景色平凡，附近有農地所以蒼蠅較多，上山的路窄且狀況不佳，底盤太低不建議前往，而且交通狀況艱困，我個人不推薦前往。,3,1,0,2787,,2021/05/07,0,中立
營區早上10點開門，請大家注意時間，不必提早到，以免打擾營地負責人，很抱歉造成困擾。,3,1,0,2793,,2021/05/07,0,中立
基本設施還好，不過從傍晚到隔天一直有一股雞屎肥的臭味在空氣中散發，另外，有點令人感到不舒服，因為這氣味一直纏繞在人旁邊，且從來沒遇過其他營地有這麼多蜜蜂一直黏在你身邊，讓人感到相當困擾。,3,1,0,2812,,2020/05/07,0,中立
營地規定明確寫著[禁止卡拉OK]，但是現在卻有兩組卡拉OK在營地中持續播放著。我原本期待到山上露營，享受藍天白雲，清新空氣，卻沒想到會有這麼吵雜的噪音。扣一顆星。不過其他部分，廁所整潔，營地環境乾淨，真的是一個好地方！,3,1,0,2834,,2019/05/07,0,中立
這地方發展得很快，但景觀還算不錯！,3,1,0,2842,,2018/05/07,0,中立
營地老闆非常熱情，有地下噴水池，孩子們非常開心。,3,1,0,2855,,2023/02/16,0,中立
路況：白蘭部落的道路還算通暢，但在營區內要小心，因為有些很陡峭的路段。冰箱：只有冰箱的冷藏區，沒有冷凍區，而且冰箱只有在營區的中心位置，拿取東西要花一些時間。浴廁：四區和六區的浴室和廁所是在一起的，沒有乾濕分離，地板因潮濕長時間留下些微青苔。考慮到有很多區域，如果大家同時使用，浴室和廁所可能會不夠用。浴室使用瓦斯，同行朋友沖完一半就沒熱水了，得中途換浴室使用，幸運地旁邊的浴室剛好沒被使用。熱水的控制有問題，很容易著涼，而且浴室沒有安裝紗門，裡面有時可能會有很多蟲。最後提到，唯一的小便斗有點漏水，使用起來不太方便。營位：營位比較寬敞，使用空間足夠，地質也適合打釘。但是有些地方有點傾斜，可能會影響桌子或床位的使用。電力：晚上突然斷電，其他區域也都停電，營主後來修復後才恢復電力，我們用電量不大，所以影響不大，但其他區的使用者就不清楚了。,3,1,0,2964,,2024/01/07,0,中立
營地8區的包區，有7個帳篷和2個天幕，地點很寬敞，還剩下約兩個帳篷的空間。目前看起來草地維護不夠好，有一些坑洞，因為最近下雨，所以泥泞情況相當嚴重。在營地有提供垃圾桶和回收桶，有足夠的電源插座，洗碗台也很乾淨且寬敞。前往8區時要留意，低底盤車輛要特別小心，轉彎時要盡量靠左側以避免觸碰到坑洞和石頭，盡量避免擦到底盤，希望這一點能夠改善。另外，草地上的坑洞積水相當嚴重，且缺乏草地護墊，容易在下雨時造成不便。廁所與7區共用，有樓梯可下去，整體算是乾淨，定期有人清理垃圾，熱水溫度充足，但第二天再次使用時發現沒有熱水了。風景包括雲海和螢火蟲。至於冰箱，位於營區入口處，相當遙遠，建議在兩區之間增加冰箱。夜晚開車的露友要注意路況，中途有幾個較大的坑洞和水溝，且霧氣比較濃。,3,1,0,2986,,2022/05/07,0,中立
第一區營地風景相當美麗，可惜兩隻雞輪流叫整整24小時，實在太吵了。更讓人傻眼的是，10月二露六區的雞竟然神秘消失，換成了貓！更糟糕的是，浴室熱水器出了問題，使用時會散發出瓦斯味，洗澡都沒洗完就變成冷水了。這可真是個讓人哭笑不得的三星級營地啊！,3,1,0,3000,,2022/05/07,0,中立
我個人較難接受廁所和浴室合併在一起，尤其是那些古老、蟲蟲多、有異味的設施。但除了廁所和浴室之外，這地方的風景和草地相當美麗。,3,1,0,3008,,2021/05/07,0,中立
在露營時碰到吵鬧的人可能是一種挑戰，但露營地的管理者也應該要及時介入處理。有些人在深夜兩點還在大聲喧嘩，即使營地管理者很友善熱心，整體露營體驗仍然受到影響。至於廁所和浴室，算是勉強能夠使用。,3,1,0,3011,,2021/05/07,0,中立
櫻花在風中盛開，美不勝收，但設施稍嫌不足，洗澡時易受熱水變化困擾，電力缺乏，容易造成吹風機跳電情況。,3,1,0,3014,,2021/05/07,0,中立
場地較狹小，我建議您可以考慮前往天湖露營區。,3,1,0,3018,,2021/05/07,0,中立
營位安排蠻寬鬆的，但廁所沒有天花板，晚上會有很多昆蟲飛來飛去，小孩洗澡上廁所可能會感到害怕。此外，冰箱在營區主部裡面，如果營主不在或是休息時間，就會被鎖起來。對於攜帶食材需要冷藏的露營者來說，這可能會有些不便。,3,1,0,3036,,2021/05/07,0,中立
在這個時候，週邊樹木稀少，太陽很熱，雖然山景不錯，但缺乏設施（不是花季可能有些無聊），需要付費才能見到營地主人。,3,1,0,3052,,2020/05/07,0,中立
2區的電源包括整個區域的30安培，如果有超過8次的停電，就會讓人感到不舒服，同時也需要加強廁所的衛生情況。,3,1,0,3064,,2019/05/07,0,中立
這裡風景很美，只是設施稍顯陳舊。,3,1,0,3072,,2019/05/07,0,中立
2015年的時候和朋友一起去露營，當時我們選擇了一個靠近大自然的營區，浴室是共用的，使用熱水器，所以水溫會受到隔壁是否在使用的影響。當時晚上我們還一起煮了麻糬，非常好吃。,3,1,0,3077,,2019/05/07,0,中立
因為櫻花滿開的關係，營區應該很美麗。不過，我們的營位前面被樹遮擋住，所以無法直接看到山景，有點可惜。廁所還算可以，但水溫稍微不穩定。幸運的是，這次遇到了很好的露營夥伴，他們跟我的兒子一起玩得很開心。希望他們沒有因為我們而覺得困擾。,3,1,0,3111,,2022/01/23,0,中立
第8區的座落位置很遠離營區中心，需要走一條稍微陡的樓梯才能到達浴室。此外，浴室是露天的，常有蚊蟲飛進來。,3,1,0,3125,,2020/12/14,0,中立
這個營地並不是很理想，廁所很少，而且相當簡陋。,3,1,0,3141,,2019/09/20,0,中立
廁所沒有衛生紙有些不方便，建議裝上衛生紙。草地上有乾掉的狗糞便，衛生狀況欠佳；垃圾桶也沒有裝上垃圾袋。此外，垃圾桶沒有壓磚塊固定，容易讓野狗野貓在半夜翻垃圾。整體而言，這些地方有待改進。,3,1,0,3156,,2018/11/26,0,中立
這個營區很乾淨，沒有像喪屍一樣猖狂的蒼蠅。,3,1,0,3184,,2023/05/07,0,中立
這個營區環境很好，但價格涨得太過分了，可能不會再考慮去了。,3,1,0,3189,,2022/05/07,0,中立
大家一起使用草地，廁所和浴室看起來很漂亮，營地主辦單位有提供冷飲販售。,3,1,0,3217,,2021/05/07,0,中立
在這個營區，草地柔軟舒適，營位剛好位於兩棵美麗的落雨松樹之間。帳篷在這變色的落雨松下架設，讓人感到格外舒適。車和營區分開，但即使營區滿了也不會感到擁擠。乾濕分離的衛浴設備讓洗澡更加舒適。路況不錯，但進入營區的田間小路比較狹窄，周圍是果園和農園。上午可能會有些許蒼蠅出沒，下午看到農民戴口罩噴灑霧狀液體，希望不是在使用農藥！,3,1,0,3237,,2020/05/07,0,中立
水龍頭的水是溫的，對於冬天露營來說真的很方便。唯獨包區的營位營主只允許部分草地使用，因中央走道要留給高爾夫球車通行做行銷用途，看來是採用了獨特的商業策略。,3,1,0,3238,,2020/05/07,0,中立
環境整體還可以，但缺點是周圍都是果園，所以蒼蠅特別多。,3,1,0,3243,,2020/05/07,0,中立
我認為這個地方相當不錯，適合遠離城市的喧囂，來這裡旅遊可以選擇住宿或露營。,3,1,0,3258,,2019/05/07,0,中立
這個地方環境整潔，有漂亮的草地和乾淨的廁所，而且會定期清潔。浴室設備也很貼心，有分開的乾濕區。不過因為客人眾多，有點擁擠。,3,1,0,3263,,2019/05/07,0,中立
您是說環境保持得很好，廁所很乾淨，但小朋友的活動空間稍嫌不足嗎？,3,1,0,3279,,2018/05/07,0,中立
可以在包棟民宿外面的營地提供額外的電源插座。,3,1,0,3282,,2018/05/07,0,中立
優點：有大片的草地可供使用；缺點：帳篷太多，小孩們沒有足夠的玩樂空間。,3,1,0,3289,,2018/05/07,0,中立
這個地方的衛浴設施很好，草地也很美，設施很新；不過蒼蠅很多，營地規劃過於擁擠，小孩玩樂空間不多。,3,1,0,3301,,2018/05/07,0,中立
這次活動的確是不受風雨阻礙，營主的用心經營讓我們深受感動。免費享用草莓並採摘，食宿取決於天氣，這是一段難忘的回憶，在車上睡覺。,3,1,0,3305,,2017/05/07,0,中立
這個地方有很大的空間，分為很多區域。A區是用來停放行李，車輛需要在停車場集中停放。這裡有民宿，設計感不錯但舒適度不明確。營地很大，適合小朋友奔跑，主要是平地沒有危險性，但沒有景觀，旁邊只有果園，這點有點可惜。,3,1,0,3315,,2017/05/07,0,中立
除了草地不錯，其他地方似乎沒有其他優點了！,3,1,0,3323,,2017/05/07,0,中立
這個地方看起來很整潔漂亮，但居然有跳蚤，我被咬得很慘，支付時開始癢起來，真是難受～,3,1,0,3327,,2022-04-28T17:04:37+08:00,0,中立
各區的地方都有點狹窄，滿帳都有些擠，最後十幾分鐘的路程有好幾處超陡坡髮夾彎，非常考驗引擎、輪胎的性能和駕駛技術，非常不建議晚上開車～,3,1,0,3396,,2022/05/07,0,中立
路顛波 (Lù diān bō) 的意思是路波動。快到時，路很陡，不好開。,3,1,0,3471,,2023/10/23,0,中立
那段路的路況很糟糕，離營區大概還有5分鐘左右的車程。,3,1,0,3472,,2023/10/23,0,中立
營地很吵啊~隔壁鄰居的狗一直在叫~還有羊叫聲~清晨四點還有公雞啼叫~,3,1,0,3568,,2023/12/07,0,中立
這個營區有些問題，如有小黑蚊和蒼蠅、貓狗到處翻垃圾桶、孩子被跳蚤叮咬，周圍有野狗常亂吠，隔壁鵝叫聲也很大。雖然沒有飲水機，但衛浴很乾淨。營主人很友善，只是有點不方便。,3,1,0,3592,,2022/05/07,0,中立
一個帳篷包的位置比較安靜，很不錯。雖然射箭區較小，但仍然很有趣，可能是因為沒有人搶著玩，不用排隊（那天滿滿的）。露營區內還有沙坑和戲水池。當天也有製作麻糬的活動，營地主辦單位會一一告知體驗的時間。,3,1,0,3609,,2021/05/07,0,中立
1. 浴室很乾淨，提供浴缸和水瓢，建議自行攜帶掛鉤環，方便懸掛物品。2. 提供WiFi、保護墊、吹風機、脫水機、冷凍和冷藏冰箱、衛生紙。3. 上層營區在大雨天排水仍良好。4. 蚊蟲較多，尤其是小黑蚊，同行親友和小朋友叮咬的情況較多。5. 營區經常有小貓出沒。6. 營位上的洗手台有遮陽傘，但只有光線較暗的太陽燈，照明不足。,3,1,0,3610,,2021/05/07,0,中立
入口附近的營地風景很漂亮，而且在寮望台底下的景色也相當迷人，非常適合乘涼，是一個有風有樹蔭的好地方。營地主辦的搗麻糬和其他活動深受小朋友喜愛，但要注意冰箱很小，坡道很陡。在端午節時，小黑蚊可能會叮滿小腿，而營地飼養的雞可能會在半夜兩三點就吵到天亮。營地有水池供小孩玩水。,3,1,0,3617,,2020/05/07,0,中立
營區的入口較為狹窄，開車時需保持小心，以免盲目跟隨導航。晚上的景色宜人，適合參加各種活動，但到了夜晚可能會感覺有些潮溼，因此在早上陽光照射時可能需要尋找遮蔭處。儘管離公路稍有距離，由於位置在山區，總是能聽到汽車的聲音，尤其是跑車的引擎聲。總括而言，這是一個值得一試的營區。,3,1,0,3620,,2020/05/07,0,中立
可以欣賞到石門水庫湖面的美景，微風吹過真是令人愜意，喜歡露營的朋友可以考慮來體驗一下。提醒各位，那裡的蚊子相當多，請做好防蚊準備。,3,1,0,3627,,2020/05/07,0,中立
這地方風景真的很漂亮！不過我覺得搗麻糬跟竹筒飯DIY活動的部分稍微簡陋了一些，而且射箭區看起來有點杂乱，没有維護好的感覺。淋浴間只有三間，但水壓很足，熱水也非常足夠。,3,1,0,3630,,2020/05/07,0,中立
廁所乾淨得很，只是太少間了！其他的就很普通。,3,1,0,3634,,2019/05/07,0,中立
營區的位置很幸運，因為空氣品質很好。,3,1,0,3635,,2019/05/07,0,中立
這地方的衛浴設備充足，有電源插座；停車位也很多！但夏天來可能會有點熱曬。整個營區有點擁擠但還蠻舒適的。停車方式影響了小朋友球類遊戲的地方有點小（但還是有空間）。整體環境乾淨，衛浴和廁所也不錯。對於水池，建議小朋友爸媽最好陪同（水池淺，安全性高，只需注意不要滑倒）。營區主人很友善、健談。如果要說個缺點的話，可能就是路有點難找。,3,1,0,3651,,2019/05/07,0,中立
營區對於住在台北市區的我們來說，其實有點遠！這個營區是比較新的，總共有四層，我們這次住在最底層靠近衛浴區的帳篷。原本設計可以容納八個帳篷，但因為大家都用較大的帳篷，再加上客廳帳篷，所以最後只有六個帳篷。營區裡有一個飲品供應站叫做「營棧」。此外還有瞭望台、兒童戲水池和射箭區，對小朋友來說是一個很適合玩耍的地方！,3,1,0,3653,,2019/05/07,0,中立
這個露營區位於石門水庫附近，交通方面，鄰近羅馬公路，路況良好，但山路可能讓暈車的乘客感到不適，停車空間較為狹小，晚到時裝備不太方便。營區提供推車使用。空間方面，採梯田式佈局，小孩活動範圍有限，有小水池和沙坑，帳篷之間距離較近。風景宜人，可欣賞石門水庫、新溪口吊橋和角板山形象商圈。盥洗設備包括四間浴室、四間廁所和兩座小便斗，整體清潔狀況良好，但未提供衛生紙。老闆和員工態度親切，是一個值得再次造訪的露營區！,3,1,0,3656,,2018/05/07,0,中立
設施年久失修，已經沒有人顧護了。戲水池、沙坑、射箭等設施都已經無法使用。道路狀況惡劣，營地主人身份未明確。,3,1,0,3668,,2023/05/14,0,中立
這裡的衛生設備還需要改善。如果對環境要求不高的話，這裡還算可以，但晚上會有一些小黑蚊。,3,1,0,3670,,2023/04/05,0,中立
我無意間去了第二次的營區。,3,1,0,3687,,2021/03/20,0,中立
手機訊號只有一格 (中華電信)，信號不穩定，營區有WIFI，但是洗澡時熱水突然沒了，需要等30分鐘才有熱水。,3,1,0,3769,,2024/04/07,0,中立
雨棚區的環境看起來有些陰暗，而且衛浴設施似乎有些老舊。另外，那隻黑螞蟻好像很兇猛，會咬人。整體來說，1300感覺效果不夠完美。,3,1,0,3798,,2023/05/07,0,中立
這段描述了在A區的環境，車子在那裡開起來很困難，但草地很乾淨，小朋友在那裡玩得很開心。廁所很乾淨，洗手台提供暖水，特別適合冬天使用。山谷地區夜晚比較冷，但風不大。有一條小溪，雖然離A區較遠，不過釣魚的感覺很愜意。最後提到讓人無法入眠的情況，因為鄰居在深夜仍然喋喋不休，對於11點就入睡的人來說確實是個困擾。,3,1,0,3807,,2023/05/07,0,中立
退休老闆很用心經營，設備逐步完善，每個平台的活動空間都很充裕。建議在有廁所的平台上增加帳篷，方便使用。廁所旁有洗手台且提供熱水，很貼心尤其適合冬天。營地位於山谷中，相對涼爽，早晨陽光晚照，可稍晚睡一點，但要注意防蚊！使用谷歌導航可能會導致走錯路，請留意營地主人提供的谷歌導引資訊！,3,1,0,3875,,2020/05/07,0,中立
營區活動範圍有限，進入道路狹窄。道路盡頭靠近溪邊，夜晚溪流聲音較大，不建議設置帳篷在溪邊。每區洗手台的位置設計不佳。廁所和淋浴間空間較大，但熱水供應可能不足。,3,1,0,3876,,2020/05/07,0,中立
洗澡時總是得等30分鐘才有熱水，這真的很不方便，可能是因為廁所太少的緣故。,3,1,0,3905,,2022/09/19,0,中立
洗手間和浴廁的數量太少了。C、D、E區共用的浴廁實在太少了，而且即使調到最熱，洗澡的水溫也只有溫水而已。缺水不僅是露營友人的問題，鎖起我們的浴廁也不太合理。另外，在營區跳電可能是因為電力供應容量不足，一旦有人開了暖氣等高耗電產品，整個區域就會斷電。是否可以制定公約規定不要使用高耗電產品呢？此外，D區設置了三個水龍頭，其中兩個在後面，一個在廁所前面，但我們只能用來搶。因為前面的洗手台有熱水，所以大家都會用那一個，造成我們很不方便。因為大家都會用，我們得去其他區域才能使用到水源，真的很不方便，甚至上完廁所洗手都要用自己攜帶的茶水來洗。,3,1,0,3922,,2022/01/03,0,中立
和露友打招呼感覺很舒服。,3,1,0,3940,,2021/03/20,0,中立
這個地方的排水很不好，下雨時最好不要前往。第一次造訪時，草地非常美麗；但第二次再去時，草地已經草荒蕪了，再加上下雨，整個地方變成爛泥一片，是相當糟糕的經驗。,3,1,0,3952,,2020/10/13,0,中立
"1. 特1區的房間很整潔，但1樓的客廳和2樓之間可以直通，這有點奇怪。
2. 特1區的廚房區域在廁所旁邊，時常會有尿味。
3. 其他方面還可以。",3,1,0,3989,,2023/05/08,0,中立
這個營區的老闆很健談和熱情，整體來說營區不算大而且大多數營位都有五葉松可以遮蔭，是一個小而美的營區。夏天造訪時可能會碰到一些小黑蚊，這點可以扣分。除了需改善戲水池的清潔度之外，管理方面也有待加強，例如晚間管理不夠嚴格，晚上11點仍有人進出營區，甚至到了晚上12點還有人在敲營釘、充床墊。在這營區兩晚的住宿中，都遇到了一些礙眼、沒教養的露友。雖然這不是營主的錯，但營區作為管理者，應該要負起管理責任，因為這已經影響到整體的印象。,3,1,0,3997,,2023/05/08,0,中立
營區面積很大，與湖相鄰，可欣賞湖景。盥洗浴室使用無時間限制，營區內提供多種露營模式，包括有雨棚區、松樹下和竹林碎石區。缺點是盥洗浴室和冰箱供應有限。,3,1,0,4019,,2022/05/08,0,中立
老闆客氣，但實在有太多蚊子，在家裡被叮好幾天癢。,3,1,0,4026,,2022/05/08,0,中立
天氣很冷，I 區的空地擠滿了帳篷(我覺得應該過多)。沒人帶家用電暖器，整晚跳電數次，營地管理人員處理得很迅速，但半夜跳電時直到天亮才恢復供電。浴室有男女分開的兩間，還有男女各一間，男女廁所是蹲式廁所。吹風機只能在女生廁所使用，冰箱只有在浴室旁邊。此外，附近有河口步道可以通往石秀灣。,3,1,0,4027,,2021/05/08,0,中立
B區不是最佳選擇，因為浴廁容易受他人干擾，而且數量較少。其他區域也應該減少一些帳篷，有些小蚊子並且會發生跳電問題，不過五葉松林風景很美麗。,3,1,0,4037,,2021/05/08,0,中立
現在是八月份，小黑蚊從早叮到晚，真是毫不客氣，每個人平均被咬超過20個包以上。建議大家攜帶頂級強效防蚊液，否則會像我們一樣，怎麼噴防蚊液都沒有用。,3,1,0,4043,,2021/05/08,0,中立
蚊子很多，而且營地主人剛好在修理水管，卻沒留意到水管膠排水不良的問題。洗澡時突然聞到水管膠的惡臭，讓人擔心小孩會不小心喝到含有水管膠的水。向營地主人反映後，只得到了道歉，卻沒有意識到可能有人會誤飲有害物質的水。台灣在環境教育方面仍有很大的改進空間，這樣的情況在國外一定會受到法律追究。,3,1,0,4081,,2019/05/08,0,中立
景色美麗，老闆友善，只是有些小黑蚊。,3,1,0,4086,,2019/05/08,0,中立
廁所是移動廁所，裡面有很多蚊子。,3,1,0,4099,,2018/05/08,0,中立
營區設備齊全，提供免費地面防水隔板，水槽水量充足，用電也方便，廁所浴室整潔，草地寬敞，但附近竹林有較多小黑蚊，叮咬力較強。,3,1,0,4100,,2018/05/08,0,中立
蚊子非常多，夏天時最好小心，穿長褲以防止蚊叮咬。,3,1,0,4178,,2024/03/07,0,中立
這次露營遇到了老闆娘，她的態度非常友善。因為我們是在禮拜日才到達，所以老闆娘讓我們自由挑選營位，因此我們多給了一顆星。可惜的是，1.蒼蠅非常多，一不小心就會進入帳篷內，整個營區都是蒼蠅；2.螞蟻也是相當多，感覺它們會直接將蟻巢移到帳篷裡，帳篷內處處都是螞蟻；3.有飛行的蟑螂，還有其他各種小蟲在帳篷外繞來繞去；4.營區的設施可能維護不當，一些地方都有發霉和生鏽的現象，實在很可惜，否則環境應該會很漂亮；5.營區的照明設施較少，晚上有點昏暗。優點是營區整體還算美麗（除了有發霉的部分），有湖泊和溪流，晚上可以聆聽水流聲入睡，心情還算愉悅。,3,1,0,4199,,2023/05/07,0,中立
原本以為離台北很近，看照片感覺不錯又有雨棚，應該會很放鬆。不過碰巧遇到下雨天，雨棚內積水，再者從帳篷走到廁所，到處都是水坑和泥巴，腳永遠弄髒，是露營過最痛苦的一次！再來就是蚊蟲很多，不過在戶外這是難以避免的。建議設施要更新一下，排水系統要做好一點。如果改善了，我相信這個營地會變得非常棒！,3,1,0,4217,,2021/05/07,0,中立
這裡有太多小黑蚊，洗澡的時候熱水不太穩定，女廁所的馬桶經常會溢水。,3,1,0,4228,,2021/05/07,0,中立
這個地方本來是一座魚池，後來變成了婚攝場地。,3,1,0,4234,,2021/05/07,0,中立
這個地方的熱水穩定，廁所也很乾淨。不過主人的服務態度有待改善，且缺乏巡場的管理措施。如果有訪客來訪可能會被要求額外支付費用。晚上缺乏路燈，某些區域存在坑洞，可能有安全隱患。,3,1,0,4238,,2020/05/07,0,中立
這個景點適合各個年齡層前來半日遊，但交通不是很方便。,3,1,0,4266,,2019/05/07,0,中立
只有離市區很近，其他都還好。,3,1,0,4268,,2019/05/07,0,中立
這次來營區是因為看到網路上美麗的照片而受到吸引，但到達現場後卻感到失望，許多景觀已經陳舊失修，給人一種破敗的感覺。不知道是出於什麼原因？建議更新網站的照片以符合實際情況。,3,1,0,4269,,2019/05/07,0,中立
出去露營最重要的是心情。在夥伴陪伴下，選擇環境適宜，有熱情的老闆帶路，夜晚聽蟲鳴鳥叫，偶爾看到螢火蟲飄舞，這樣寧靜幽雅的靠近城市的露營區就已經很值得了。儘管公園內的一些景點可能已經有些老舊，但還是可以彈著湖上的鋼琴。,3,1,0,4271,,2019/05/07,0,中立
露營地位於台北近郊，露營區地面鋪設碎石，沿著河岸有雨棚可遮風雨，營位水槽分布合理，兩帳篷共用一組設施。靠近小溪邊可供戲水，但應留意將水槽排放的污水進行適當處理，避免直接流入溪流。,3,1,0,4277,,2018/05/07,0,中立
環境不錯，浴廁乾淨，只是沒有路燈有點暗，住的地方離營地本部有點遠，沒有飲水機，需要走到營地本部，很不方便。,3,1,0,4282,,2018/05/07,0,中立
場地規劃沒問題，但沒有特別的景觀。,3,1,0,4283,,2018/05/07,0,中立
這個地方非常適合全家大小一起露營，因為有山有水，適合大家互動，可以烤肉、玩水、還可以爬山。,3,1,0,4285,,2018/05/07,0,中立
環境還可以，衛浴設備齊全，只是在平地露營有點熱…,3,1,0,4290,,2018/05/07,0,中立
普普的露營地，周邊的設施都沒有受到維護和更新。,3,1,0,4302,,2017/05/07,0,中立
這個美的價位有點高了。,3,1,0,4304,,2017/05/07,0,中立
這個營地很棒，可惜感覺有點過於商業化了！,3,1,0,4305,,2017/05/07,0,中立
風景很美，但是門票稍微貴了些！,3,1,0,4308,,2015/05/07,0,中立
環境設備稍微陳舊，有點可惜。如果能加強湖周邊的景觀，會更加完美。或許由於附近有果園，所以有一些小黑蚊。,3,1,0,4502,,2017/12/03,0,中立
很可惜，沒有舉辦露天活動。27號中午之前就開始下大雨了。我打電話詢問後得知無法延期或退款。原本以為下午會停的，沒想到雨勢越來越大。等了一會後決定取消活動，避免搞糟情況，也擔心小朋友感冒或弄濕物品。雖然花了1000元，但當作是上了一堂課，當天氣不穩定時還是應該考慮訂雨棚區，比較保險。,3,1,0,4561,,2017/05/29,0,中立
可能是因為雨天的關係，景觀沒有如期待的美麗，重點是回到家後手腳上多了紅豆冰...><,3,1,0,4562,,2017/05/28,0,中立
浴廁有其優勢，但還有改進空間。,3,1,0,4569,,2017/05/14,0,中立
帳帳相連使空間感覺狹窄，浴室數量不足。,3,1,0,4642,,2016/12/03,0,中立
這個營區的廁所及淋浴間設備非常豪華，而且淋浴間還有乾濕分離的設計很不錯！整個營區都設有雨棚，但周邊的活動選擇較少！營區可能位於山谷中，風來自四面八方，有時會讓人感到不太舒適！此外，營區周邊看起來比較凌亂，但有一條庫志溪可以去抓魚抓蝦。,3,1,0,4708,,2021/05/07,0,中立
營地長與夫人相處融洽，氣氛和諧。,3,1,0,4715,,2021/05/07,0,中立
在溪邊，山麓，是一個絕佳的露營地點！,3,1,0,4741,,2019/05/07,0,中立
帳篷架在雨棚下，地面鋪著水泥，上面有四個金屬排水孔。附近有小溪，可以戲水。營地空間不算太大，並沒有規劃客廳或帳篷空間。,3,1,0,4754,,2019/05/07,0,中立
營位稍小，水龍頭位置影響他人動線，但是整體環境乾淨整潔。,3,1,0,4846,,2018/09/25,0,中立
11月18日在竹雞區的營地，綜合評價給予兩顆星，主要是因為有幾項問題影響了營地的舒適度。首先，靠斜坡的排水管斷裂，導致洗手台的水直接流到草地上，造成積水問題。其次，九帳共用兩間浴室，雖然乾淨但有一間熱水器在週六傍晚故障，沒有人來處理或告知，讓洗澡時感受不佳。再者，廚餘桶擺放方式不良，沒有考慮到貓狗可能會翻倒，造成夜間的麻煩。最後，營位寬度僅五米，而且觀景效果不佳，竹雞區更是非常遮蔽，整體來說視野不及其他區域，如烏嘎彥的獨立區或C區。,3,1,0,4868,,2023/12/08,0,中立
環境很不錯，但浴室的數量明顯有點不足，另外開車的時候要小心，因為山路又窄又陡峭，低底盤的車輛要特別注意。,3,1,0,4929,,2020/05/08,0,中立
有幾段路存在交通問題，但風景不錯。,3,1,0,4930,,2020/05/08,0,中立
營區的服務很好，廁所和浴室雖乾淨但數量較少，常常需要排隊等候。建議增加更多的廁所和浴室設施，並擴建場地以避免擠迫情況發生。此外，進入營區的道路較狹窄，造成夜間車輛進出困難，需要想辦法改善這個問題。,3,1,0,5152,,2017/10/23,0,中立
這個營地的交通方便，設施完善，提供親子設施和草皮活動空間。總體來說，是個很舒適的地方，營主人也很友善。不過洗澡有時間限制，白天沒有熱水；裝備只能在柏油路放置，但路徑狹窄；只有柏油路適合騎行，且撤帳時間硬性。另外，海拔低可見星星但有光害，建議營主考慮手動路燈開關的方案。至於A區3帳後護草墊放置區，雖然不遠但較為費力。總體來說，這個營地還是一個不錯的選擇，儘管下裝備放置地點應謹慎考慮。希望營主能找到解決之道。,3,1,0,5231,,2023/12/08,0,中立
這段評論提到了這個地方的設施及營地管理的好處，例如有足夠的冰箱和冷凍設備、大片的草皮供孩子玩棒球，還有籃球場、腳踏車、玩沙區、戲水區和飲水機。稱讚了營地主人家整潔勤快，負責清理垃圾和分類，定期巡視環境，教導小孩安全開車等。但也提到需要改善的地方，如女廁浴室的冷水流太小、水溫不穩且過燙，只有5間淋浴間，營地主回應是因為用水的人太多。建議如果要前往這個營地，最好選對季節，以避免強風或蚊蟲問題。,3,1,0,5253,,2023/05/08,0,中立
這個地方優點是海拔低、開車方便，兒童設施很齊全，適合小朋友玩耍。不足之處是蚊蟲非常多，即使使用防蚊液也難以避免叮咬，尤其是從中午到傍晚，晚上還有大隻斑蚊，叮咬會很痛，相當可怕。考慮下次在冬天來可能會比較合適。,3,1,0,5259,,2022/05/08,0,中立
根據我理解，這個地方適合喜歡亂熟食、不在乎白天喧鬧的人。帳篷靠得很近，晚上十點就必須保持安靜。營區擁擠，搭帳篷的方向也會受到管理員的指示，沒有明顯的區域劃分。浴室無法應付周末的人潮，熱水僅提供晚上六點到半夜十二點。插座電壓不穩定，夜間十點後門就會鎖上。如果你不想被責罵，建議在到達之前先閱讀營地規定。,3,1,0,5283,,2021/05/08,0,中立
冬天用電不穩定，需要改善才能夠提供更友善的露營環境品質。,3,1,0,5284,,2021/05/08,0,中立
A區和CD區是兩個不同的區域，A區的車輛需停放在停車場，而CD區的車輛可以停在帳篷前面，但CD區和A區共用廁所和浴室。如果帳篷都滿了，洗澡可能要等很長時間，洗澡時可能會感到有點冷。廁所非常乾淨，有拉門，也提供衛生紙。如果選擇在CD區靠近尾巴的位置，需要注意離廁所有一段距離，12月去則可能會有一些蒼蠅和難以避免的螞蟻問題，甚至可能會入侵到帳篷和車內。建議選擇靠前的營位，但營地的位置可能不會有帳篷連接到天邊的問題。這是一個適合小孩的地方，有沙坑、籃球場、腳踏車和溜滑梯等設施，非常適合帶小孩去玩。此外，這裡有冰箱和飲水機，建議準備好食物和飲品再開車前往，下山需要10到20分鐘才會有便利商店。,3,1,0,5288,,2021/05/08,0,中立
熱水供應不足，孩子們無法方便地沖洗身體。,3,1,0,5331,,2023/12/28,0,中立
老闆可以不要那麼緊迫地盯著人嗎？感覺真的很不舒服。,3,1,0,5341,,2022/05/16,0,中立
鄰居清晨06:00在割草這件事情上，你感到難以控制，這讓你受困惱。或許可和老闆溝通，鼓勵他們促成鄰里和睦。或許可以請求鄰居不要在清晨使用噪音較大的割草機。清晨六點被噪音吵醒，這樣的露營體驗是否算得上美好呢？雖然無法完全掌控鄰居的割草時間，但至少可以請求清楚他們的農作業時間表，提前告知露友何時會進行割草，讓露友可以自行考量是否要忍受早晨的噪音。向老闆反映情況，但老闆僅表達口頭上的理解。,3,1,0,5353,,2020/11/30,0,中立
營地管理應加強主動聯絡，因為當天一早出發前應已提前勸退露營者。而回覆晚了，造成露營的人已經出發。另外，蚊蟲多到令人擔心，草地積水也十分嚴重，即使有草地墊也仍泥濘不堪。總體設施中，唯有浴室算是比較不錯，但應該改善排水速度會更好。,3,1,0,5376,,2019/06/10,0,中立
草地有些長，需要修剪一下比較好。如果三層帳篷的朋友們同時到達的話，搭帳篷和收帳篷可能會變得一團亂，營位的空間有限，幾乎沒有活動空間。因為車子無法駛入營區，即使先收拾好行李也難以離開，停車位距離營位有點遠，沒有推車可以使用，全部靠人力搬運行李，這容易導致家庭矛盾。在春夏季節，加上附近有果園，蚊蟲和蒼蠅非常之多。浴室和廁所算是乾淨整潔。垃圾桶只有入口處有，但如果帳篷多了可能就快要滿了。而且在大雨天，草地排水有問題導致積水。,3,1,0,5426,,2024/05/05,0,中立
11月18日到19日我們去露營的地方環境很好，但早上洗澡的時候突然變成冷水，讓我差點感冒。我打了三四次電話，可是都沒人接。,3,1,0,5434,,2023/12/08,0,中立
總的來說都不錯，就是缺少棧板。,3,1,0,5435,,2023/11/08,0,中立
廁所的設計很好，但只有主要營區設有冰箱，對於C區的我們來說，需要走很遠很不方便。B區的大草坪讓孩子可以在草地上玩水，這點很棒，同時也有浴室設施，但是缺少冰箱讓人感到不太方便。A區的營位形狀較為狹長，對於搭建大帳篷可能會有些擁擠，而且草地並不是非常平坦，有一些地方有坑洞，因此在搭建帳篷時需要注意位置。營位的洗手台數量不足，根據預訂網站顯示每三個帳篷共用一個洗手台，但營地主人將我們四個帳篷安排在同一區域。這個季節在附近可以看到許多螢火蟲，但也有很多小黑蚊、螞蟻和蜘蛛（都是較大隻的）。白天也會有些蒼蠅，最讓人害怕的是還有大蟑螂，生態環境非常豐富。,3,1,0,5440,,2023/05/08,0,中立
香港回來的那位小哥非常友善和熱情，但每個房客之間的距離很近。晚上過了10點後，其他房客很吵，而且雖然已多次勸說，但沒有得到業者有效的處理。玩桌遊的人很吵、喝酒的團體在放音樂和大聲說話...幾乎到12點才漸漸安靜下來，才能入睡。,3,1,0,5450,,2023/05/08,0,中立
這次我們一群人來了大約20位左右，透過網路找到這裡，整體來說感覺還不錯，環境優美，廁所也算乾淨，設施也很齊全方便使用，營主也很熱情。不過我們只給了3顆星是因為有一些令我們感到困擾的事情。營主的一些朋友也來打招呼，一開始我們覺得還不錯，稍微聊了一下，但後來他們越來越過分，一直來我們的營位要我們跟他們喝酒聊天，還特別要找其中一位妹妹，我們婉轉拒絕但他們卻死纏不放，後來竟然直接杵在我們的營位不走。整個過程中我們多次說明不方便，但他們屢次打擾。最後這讓我們感到我們的私人空間受到嚴重侵犯，我們來這裡是為了放鬆享受，而不是要應酬交際。對於這次不愉快的經歷，讓我們對第二次造訪感到有所顧慮。,3,1,0,5468,,2022/05/08,0,中立
我們大約在兩點左右抵達，在營地主人正準備搭起我們租借的帳篷時。直到傍晚才完成搭設，但最倒楣的是氣墊床在半夜漸漸漏氣，我們起來修補它。第一天廁所的味道相當濃厚，小朋友一直在抱怨很臭，但第二天清潔過後就好多了。建議在廁所外面放置洗手台和洗手乳，尤其在疫情期間更是非常重要！,3,1,0,5477,,2022/05/08,0,中立
多帳時會很擠，所以建議提前訂位。廁所外觀漂亮，但需要加強清潔。這個地方附近有長興國小，是個不錯的地方可以玩。,3,1,0,5500,,2021/05/08,0,中立
廁所雖然還蠻乾淨的，不過小黑蚊還蠻多的。,3,1,0,5519,,2020/05/08,0,中立
一些營位地的地勢不平整，各帳篷的距離過於接近，需要仔細考慮，與照片所看到的不太相同。,3,1,0,5524,,2019/05/08,0,中立
這個地方的環境算是不錯，但是帳篷太密集，稍微有些擁擠，而且廁所的數量有點不夠，D區旁邊的廢水散發出惡臭。早上被狗的叫聲吵醒，起床後發現帳篷旁有狗拉的糞便，心情都受影響了。,3,1,0,5527,,2019/05/08,0,中立
有小沙坑和小水池，挺有趣的玩意兒,3,1,0,5540,,2018/05/08,0,中立
營地草皮保養得很好，但是營地主人要求很多費用，導致營區相當擁擠。,3,1,0,5541,,2018/05/08,0,中立
浴廁保持著乾淨的狀態，但現場卻告知需要支付額外搭帳費，讓人感到不滿。優點是浴廁維持乾淨，服務人員態度良好。缺點是帳篷之間距離過近，地面不平，租帳時才被告知需多付300元搭帳費且無法供自選，詢問原因卻被告知無法在網站上寫明，造成負面印象。,3,1,0,5562,,2023/02/13,0,中立
營區人多時應該注意加強垃圾處理。,3,1,0,5610,,2019/03/02,0,中立
營地太小，帳篷太密集，導致太吵了，晚上和白天都分不清是營地的狗還是附近住戶的狗在狂吠，實在太吵了。超過晚上10點還有其他露營者大聲談話，小孩尖叫，營地負責人也沒有出來管理，各種吵雜聲、狗叫聲、嘈雜聲、噪音不斷，還有很多蚊蟲⋯⋯,3,1,0,5663,,2018/04/06,0,中立
老闆對待員工很照顧，但個性比較內向，不太擅長社交溝通，並且不常回訪。,3,1,0,5719,,2024/04/08,0,中立
湖畔區的風景很美，感覺很舒服。坐在大樹下的這兩個位置更加棒。,3,1,0,5786,,2019/05/08,0,中立
景色很美，但營位比較擁擠，而且收費有點貴...露營一晚要付1500元。,3,1,0,5791,,2019/05/08,0,中立
這個地方的環境還可以，建築共有三層，最頂層只有一間衛浴，有些不夠用。第二層空間不大，但有四間衛浴可供使用，與第三層共用。如果人比較多的話，希望可以更頻繁地清理衛浴垃圾，這樣會更好。,3,1,0,5793,,2019/05/08,0,中立
每個房間幾乎都有陽台，所以睡覺的環境很舒適！早上起床可以看到美麗的風景！可惜營區比較小一點...不過這裡有販賣部，可以購買一些飲料或生活用品！,3,1,0,5844,,2018/05/08,0,中立
設施不用擔心，風景不錯但費用有點高。,3,1,0,5845,,2017/05/08,0,中立
空氣清新，在這裡很簡樸。,3,1,0,5955,,2021/05/08,0,中立
離開都市，到山上欣賞美景，暫時遠離塵囂，放鬆心情，為了重新出發！,3,1,0,5968,,2020/05/08,0,中立
前往營地的山路比較艱險，駕駛時需要特別小心。不過營地的景色很美，讓人感覺身處於陡峭的地形之中。,3,1,0,6031,,2021/04/26,0,中立
這個地方很舒適，雨棚設置也很完善，但前方空地不算太大。營地的狗狗和貓咪都很友善可愛，但小黑蚊實在是太多了。差不多有20多位大人和小孩都被叮咬，可能要考慮在天氣比較涼爽的時候前來比較合適。,3,1,0,6072,,2023/08/08,0,中立
七月時訂了五帳的櫻花區，只有一間廁所和兩個洗手台（其中一個洗手台比較老舊，動線較不方便）。對於五帳的人數來說，這些設施有點不夠用，而且小黑蚊很多。營主提供大隻的蚊香給使用，但需要前往對面營區本部的冰箱。然而，該冰箱其實是營主私人使用的，內裡擺滿了醬菜罐等物品，聞起來像是阿嬤家的冰箱味道。建議有冰箱需求的人使用自己的冰箱。剛好碰到營主的朋友上山喝酒，在冰箱被兩箱啤酒塞爆的同時還整天唱歌，直到晚上十點，非常熱鬧。營區有親人的貓狗，性格穩定不怕小孩，步行四分鐘即有冰涼的溪水可供遊玩，營主太太也提醒可以把蚊香帶至岸邊。總結來說，場地有點小，設備有待加強，但天然環境不錯。,3,1,0,6092,,2023/05/08,0,中立
整個營地因為小黑蚊和無數的蒼蠅，再加上大雨的影響，讓整個地面泛濫成泥巴，相當不舒適。洗澡和上廁所的地方不夠，只有一個營位可以使用，電源供應也是拉得太長，相當危險。,3,1,0,6093,,2023/05/08,0,中立
營區經營者夫婦非常友善，不僅樂意幫助客人，並且位置靠近老街，方便逛街尋找美食。然而，營區存在一些問題。首先是浴廁設施共用，導致上廁所需要排隊；其次是營區飼養的貓咪會四處跑動，甚至在半夜咬拉鍊；另外，半夜缺乏路燈，導致部分露友在深夜時分仍持續活動。建議增設路燈以提高安全性，並改善水槽和浴廁不足的問題。,3,1,0,6105,,2022/05/08,0,中立
這個露營區的設施不盡人意，雨棚區的場地小且沒有照明，洗澡時水壓不穩可能會濺濕衣服。浴廁都是用鐵皮搭建，在洗澡時還得忍受隔壁間的異味，相當令人不舒服。此外，5個帳篷只有2個洗手枱可供使用，且$1200的價格過高。相較之下，同樣價格的露營區有更好的景色和設施可供選擇。,3,1,0,6114,,2021/05/08,0,中立
營地有點大，感覺有些分散，可能太小了。,3,1,0,6133,,2019/05/08,0,中立
進入營區時，我第一眼看到陡峭的坡，讓我替家裡的小黑著實擔心了一番。不過等老闆娘親切地介紹後，我得知晚上有螢火蟲，於是就關燈觀賞了一番。營區採取梯田式場地布局，每區不大，每區都設有一間廁所和一間衛浴，但插頭數量不多。不過我比較不滿意的是蒼蠅比較多，風景一般般，僅好處是營區底下有清澈乾淨的溪水供小朋友玩耍，比較安全且有大人陪同，小朋友可以在那裡遊玩半天。總結來說，我並不是特別推薦這個營區。,3,1,0,6143,,2018/05/08,0,中立
各區位置都不錯，只是出租的帳篷裡沒有附上鋁箔墊。,3,1,0,6148,,2018/05/08,0,中立
這種簡單的住宿設施可能不太適合準備輕露營的家庭，可能會有些失望。,3,1,0,6214,,2019/10/21,0,中立
場地狀況還可以，有狗會追人。草地還不錯，去的路徑好開，但營區的主人沒怎麼跟大家互動，重點是那些狗會追人！,3,1,0,6217,,2019/09/17,0,中立
廁所需要改善！1.最好將廁所和淋浴間分開，否則感覺很髒！2.在網路上看到的浴廁配置圖和實際有些不同，實際廁所的數量較少，10-11個帳篷共用兩間浴廁。等到快要發瘋了！3.營區的規劃有待改善，因為每次要到營地辦公室取東西幾乎都要穿過其他人的營地（我住在五葉松區）。如果不經過其他營地從五葉松區走，坡度太陡，而且階梯沒有做得很好，小孩們都在那裡跌倒擦傷。4.碰到沒有禮貌的露營朋友，甚至連續兩天都在唱卡拉OK！5.營區位置不錯，離附近的景點都很近。,3,1,0,6230,,2019/01/07,0,中立
老闆人很好，維持場地和草皮都很漂亮。他也會主動提供蚊香，關心在場的朋友們。場地以小包區為主，景色不算特別好。衛浴設備比較普通，半夜會有狗來翻垃圾，整晚狗叫聲不斷。,3,1,0,6245,,2018/11/26,0,中立
我們這次柚子區包區的浴室水流量不太穩定，希望能改善水溫和水壓的問題。,3,1,0,6267,,2017/07/23,0,中立
這家店的服務很親切，而且老闆娘們也很友善。服务态度很好。,3,1,0,6284,,2017/03/12,0,中立
在制高點沿路上可以看到雲霧飄移，可惜森林區形狀扁平，帳篷只能橫著架，無法直接面對風景，而是得看著旁邊帳篷，石子地面有些傾斜。夜景區風景雖美，但超過容量，帳篷也只能橫排，與鄰帳十分接近，無法直接在帳篷裡看外面風景。浴室燈光昏暗，熱水充足但壓力不穩定。如果不是人擠擁，可以考慮夜景區，否則下次不會再來，老闆娘態度很好是個加分點。,3,1,0,6335,,2022/05/09,0,中立
森林區的景色很不錯，可以遠眺到關西的夜景。不過剛好受到東北季風增強的影響，所以這裡的風比較大。另外要注意的是，森林區裡沒有浴室，建議前往時準備一個。,3,1,0,6340,,2022/05/09,0,中立
Google 地圖顯示可以通往竹62，可惜大門被封鎖，也不確定是否真的能通行。,3,1,0,6354,,2021/05/09,0,中立
高地盤的路比較不好走，但適合高底盤的車輛，沿途風景和夜景非常美麗。,3,1,0,6373,,2020/05/09,0,中立
這個地方沒有引人注目的景色，地面都是石子，也沒有提供草坪或地墊。老闆的態度很親切，但我覺得員工有點喜歡抱怨...,3,1,0,6634,,2021/05/09,0,中立
營區最大的優勢就是旁邊有溪流和清幽環境！每個區域都有超過設定的帳篷數！營位稍嫌狹小，帳篷貼得很近，讓人感到擠迫不舒服！建議每個區域減少一些帳篷，可能會更適合舒適。,3,1,0,6665,,2020/05/09,0,中立
老闆熱情好客、浴室整潔、空間不大。,3,1,0,6667,,2020/05/09,0,中立
四月以後是個很適合的時候，可以邀請朋友家人一起來欣賞螢火蟲，露營也是個不錯的選擇。,3,1,0,6678,,2019/05/09,0,中立
這個地方在冬天使用電暖爐容易跳電，即使是低功率也會有供不應求的情況，B1區只有一個電路，開2台380瓦的電暖爐就會導致跳電。老闆建議使用煤油暖爐，因此如果沒有煤油暖爐的話，冬天最好不要造訪這裡。,3,1,0,6696,,2022/12/22,0,中立
A2區的景觀空間小，浴廁近，無法容納碟型的天幕。早上起床後，我們帳前面出現其他狗的大便，差點中樂透^_^,3,1,0,6702,,2022/09/12,0,中立
深夜犬吠有些吵，可以請您控制一下嗎？,3,1,0,6715,,2021/10/17,0,中立
這次我們的營地位於A2區，帳篷之間的空間非常擁擠，完全沒有空間感。雖然事先得知營主增加了營位位置（與以往不同），但沒想到會變得這麼擁擠。一個帳位大約只有5*8天幕大小（不建議帶這麼大的天幕），人多時廁所又髒又臭，而營主也沒有勤於清潔和處理垃圾。除了景色還不錯之外，其他讓人相當失望。,3,1,0,6754,,2024/04/09,0,中立
這次雖然在五帳包區露營的過程中景色很美，但在最後一天遇到了一些不愉快的事情。首先，洗澡時沒有熱水，讓人感到不舒服。其次，撤營時間明明是在中午12點之前，但在11點初卻讓其他客人進場，這讓人感到很困惑。並且在離開露營地時遇到了交通壅塞的問題，沒有得到營主很好的安排和管理。希望下次能有更好的體驗。,3,1,0,6767,,2024/03/09,0,中立
這個地方風景很美，而且設施齊全！看來他們很用心在維護環境！我們預定了平日三天兩夜！第一晚遇到的露營友都很棒，讓人很容易入眠！但第二天營地負責人告訴我們，晚上有三組露友在凌晨一點夜間搬遷帳篷，就在我們附近的營位！真的嗎？凌晨一點？！請問營地負責人，你真的還允許凌晨一點的夜間搬遷嗎？難道不擔心會打擾到其他露營客嗎？那天我們決定不在那裡留下來，下午直接結帳離開！我們對半夜有人搭帳篷、敲擊帳篷釘的情況並不介意！這裡看來是一個碰碰運氣的好地方！,3,1,0,6772,,2024/01/09,0,中立
第一次來到這個營地，我發現路標指示還算清楚，但是營地的浴室設備有些不足，只有衣物放置架，卻沒有沐浴乳的置物架，洗澡時很不方便！另外，電壓也不足，昨晚已經跳電兩次，真的很煩人！,3,1,0,6778,,2023/12/09,0,中立
營區的風景很美，但管理欠缺。晚上十點多才到，半夜一點還在打釘，搞得像夜市一樣吵。這樣的行為並不值得讚揚。,3,1,0,6784,,2023/11/09,0,中立
前一個晚上臨時訂的露營區，因為到達得比較晚，所以被分配的位置視野比較差。這個營區根據不同台地分布，主營地上還有一個很大且有遮蓋的活動平台。整體而言，雨松區的樹木還沒有長得很茂盛，雖然浴廁都是分區的，但數量和空間還有待改進。感覺營地在不斷擴張，許多地方看起來像是在整地的工地。視野最好的地方是最高點，其他地區的視野一般。有種感覺是，營地內營位太密集了，甚至有點過度擁擠的感覺。來的路上經過九份二山紀念園區，反而是一個很好的遊憩點。可以勉強把這個營地當作過夜的地方。總的來說，還有很多地方可以改善。,3,1,0,6788,,2023/10/09,0,中立
"優點：
1. 營區路易於行走，全部是柏油路面。
2. 特區視野極佳，尤其兩面面對大景觀。
3. 天氣晴朗時，能看到滿天星星。

缺點：
1. 營位空間狹小，僅有部分位置在落羽松區較寬闊，其他地方都是相連帳篷。
2. 衛浴設備過少，男女共用時尖峰時段需排隊等候，廁所也沒有定時清潔。
3. 飲水機及冰箱整理不佳。
4. 晚上未執行管制休息時間，部分露營者可能一直聊天到凌晨2-3點。
5. 可能會隨時受到二手菸干擾。總體而言，營區經營者似乎不錯，但對於不守規則的露營者似乎束手無策。",3,1,0,6795,,2023/09/09,0,中立
"優點：1. 氣溫宜人，適合夏天遊玩，只要避開中午時段直曬，找個通風的地方就很舒適。2. 浴室沒熱水問題，立即反應並處理迅速，讚。3. 草地維護良好，排水良好且易插營釘。

缺點：1. 飲水機與馬桶水箱蓋等多處明顯未定期清潔。2. 露營區螞蟻很多，尤其在樹附近的車輛要小心，不久就會爬滿整台車。3. 與其他露營區一樣，對於露營區內抽菸或深夜吵鬧的人，缺乏勸導或明確禁止，重視露營品質的人應留意此情況。",3,1,0,6796,,2023/09/09,0,中立
整體環境還不錯，但是晚上沒有有效的管制措施。超過十點時，有人在KTV大聲歌唱，音樂聲響也很大，對話聲音也不斷，客人之間缺乏尊重。雖然這是每個人的個別行為，缺乏管理真的給人很差的印象。,3,1,0,6810,,2023/05/09,0,中立
浴廁內有異味，空間較小且廁所與浴室未分開。主人親切協助，樓上有觀景平台，景色優美。整體整潔需加強。,3,1,0,6811,,2023/05/09,0,中立
"優點:
1. 夜景很美。
2. 山景和夜晚的星空都很不錯。
3. 衛浴熱水穩定，清潔程度也可以。
4. 如果沒有滿帳，可以和營區負責人協商營位。
5. 草地還算滿意。

缺點:
1. 最後一段到營區的道路較為狹小，不太好開車。
2. 假日時營區的冰箱容易擠滿，建議自行攜帶冰箱。
3. 晚上10點後沒有管理，直到凌晨2點才比較安靜。
4. 凌晨有野狗會來翻垃圾桶，早上地上就會有一堆垃圾。
5. 營位之間距離很近，不太適合設置大型天幕或帳篷。",3,1,0,6841,,2023/05/09,0,中立
第一次露營感受到市集般的氛圍，帳篷彼此間距很近，而且營區擠滿了車輛，我認為營地應該只開放 60~70%的位置，這樣才能保有品質。,3,1,0,6851,,2023/05/09,0,中立
這篇文章的作者希望在露營區設立宵禁，因為有些露友在深夜仍大聲喧嘩，唱歌、喝酒聊天不停，讓其他露客無法好好休息。作者認為來露營是為了享受大自然，希望能有更寧靜、愜意的環境。他們呼籲其他露友考慮他人感受，讓露營區保持安靜與舒適。,3,1,0,6852,,2023/05/09,0,中立
視野很好，供水供電充足，有浴廁設備，但清潔打掃有點不足。,3,1,0,6871,,2022/05/09,0,中立
營區的面積相當寬廣，有專人負責整理，空氣清新，風景優美，唯一的小缺點就是道路較狹窄，開車的時候請注意安全，上山時也要減速。,3,1,0,6899,,2022/05/09,0,中立
場地寬廣，風景不錯，只是上山的路太窄開車很困難。,3,1,0,6921,,2021/05/09,0,中立
這個地方風景很漂亮，草地也很棒，但帳篷密密麻麻地連在一起，感覺有點擁擠。不過可惜的是衛浴設施太少，導致排隊等候時間比較長。,3,1,0,6955,,2021/05/09,0,中立
熱水器壞了兩到三台，我的營位有兩間熱水器，其中一台也壞了，只剩下一個可以洗澡。換到其他洗澡間去洗澡時，熱水溫度無法控制，突然變得 100 度！我被燙到兩次，還好我只用手試水溫。我後來換到第三間才解決了洗澡的問題。然後有人帶狗來露營，周末帳篷營位太滿太擠，小朋友的活動空間減少了。風景很漂亮，有美麗的夜景和豐富的生態，還有很多螢火蟲。草皮也保持得很漂亮，營區的規劃也很不錯。希望營區主人能多花心思在衛浴設施和活動空間上。,3,1,0,6965,,2020/05/09,0,中立
這個地方的夜景真的很漂亮，可惜的是浴室的設施太少，入住期間要等的時間有點久，而且熱水不太穩定，有時冷有時熱，甚至燙傷了我老公的手。希望負責人可以關注一下這個問題。,3,1,0,6967,,2020/05/09,0,中立
洗澡的時候，熱水溫度很難掌握，一間房間只有一台熱水器可能不夠，應該考慮提高水壓以避免熱水器不穩定。,3,1,0,6974,,2020/05/09,0,中立
這裡的設施很簡單，只有兩間浴室和兩間廁所。如果想要洗澡，最好提早去，否則就要等很久。,3,1,0,6980,,2020/05/09,0,中立
景色很美，但是空氣污染嚴重。營區提供的設施很寬敞，同時保留了公共空間。孩子們玩得很開心，然而衛浴設施確實有點不足。幸好沒有小黑蚊，但傍晚卻有些大蚊子。,3,1,0,6989,,2020/05/09,0,中立
衞浴設備不夠充足，每個衞浴區只有一台吹風機，營位是由營地主安排的，當天有濃霧，沒有看到美景，但有提供飲水機。,3,1,0,6990,,2020/05/09,0,中立
營區的路線普通，但風景很漂亮！價格稍微有些高。,3,1,0,7011,,2019/05/09,0,中立
這裡的風景不錯，空氣也很清新，唯一的問題是廁所太少了。,3,1,0,7013,,2019/05/09,0,中立
景觀在台中的埔里、草屯和彰化都很不錯，但是這些地方缺乏遊戲場這個設施，這是它們的一個缺點。,3,1,0,7026,,2019/05/09,0,中立
2022年2月第48期《氣候達人》報導的情況是，在下方的碎石草地上分配到的帳篷位子地勢不平且有水溝蓋凹洞，因此搭帳起來並不方便。旁邊的大鐵皮雨棚看起來有些荒廢的感覺。若要選擇這個營地搭帳的話，建議選擇位於上方的類森林營位，比較整齊清潔。,3,1,0,58,,2023/05/06,0,中立
這裡的訊號只有台灣大哥大收不到，其他都還可以。,3,1,0,72,,2023/05/06,0,中立
覺得規劃不良可能導致跳電的問題出現，衛浴清潔狀況有待加強，但整體空間很寬敞。,3,1,0,117,,2022/05/06,0,中立
這家老闆非常友善，體貼細心，地點交通方便，離市區很近。這裡非常適合家庭聚會露營，我會推薦這裡。不過假日人潮眾多，廁所可能不夠用。若是想享受美景，這裡可能不符合期待，也因海拔較低，所以可能會有點熱。,3,1,0,134,,2022/05/06,0,中立
熱水溫度變化大，現在夏天還能忍受，但冬天遇到這種情況就會讓人受不了。建議老闆應好好處理這個問題，並確保廁所定期清潔並處理垃圾，因為尿騷味很重！另外，跳電問題相當嚴重，老闆應儘速改善這三個問題。花了這麼多錢，卻得到這樣的待遇，實在不值得。,3,1,0,138,,2022/05/06,0,中立
營位空間很大，但衛浴設施太少，洗澡時水量時大時小，溫度忽冷忽熱！,3,1,0,146,,2021/05/06,0,中立
路況良好，但是衛生情況還有改進的空間。廁所很少清潔，而且垃圾回收箱滿了沒有清理。,3,1,0,169,,2021/05/06,0,中立
四個月前，朋友安排好的露營計劃，昨天早上，十九個家庭分別從基隆和台南出發，約莫11:30，所有人聚集在一起，總共有93位參加者，包括小孩。從午餐開始，我們開始盡情地聊天、享受美食、暢飲、歡笑，一直持續到現在！根據現場情況，接下來的兩天連假肯定會是非常開心的！我的內心充滿期待！,3,1,0,175,,2021/05/06,0,中立
浴室和廁所離得有點遠，沒有飲水機，但環境還算不錯。,3,1,0,201,,2020/05/06,0,中立
這個地方環境寬敞，草地和樹木都維護得很好，開去營區的道路很好開。,3,1,0,218,,2019/05/06,0,中立
寧靜區有許多地方落葉堆積，下雨後地面很濕潤，淋浴時水壓不穩定。,3,1,0,243,,2022/03/01,0,中立
營地的主人很友善，只是管理上可能有些疏忽。即使還沒到晚上8點，有些人可能覺得我說話太大聲了，後來主人來提醒我要小聲一點。最後，還沒到晚上10點我們就決定離開了，感到有些沮喪。,3,1,0,303,,2023/05/06,0,中立
露營的好地方一般都有整潔的環境，不會有太多的光源，且通常很安靜，除了可能有些昆蟲和動物的叫聲。,3,1,0,335,,2023/05/06,0,中立
如果您在營區訂位時擔心車聲的話，我建議您選擇靠近釣魚池的營位，離馬路會比較遠。營本部和雨棚區是相連的，如果您不喜歡在他人家門口睡覺，最好不要訂雨棚區的位置。在營本部有兩台冰箱，在雨棚區露營的話，晚上會一直聽到冰箱壓縮機運轉的聲音，非常吵。營區的路況很好，導航設備可以順利導航到指定地點。五星級的衛浴設備非常大間，一家四口一起洗澡也不會感到擁擠，提供洗髮精和沐浴乳。釣魚池的開放時間需要看老闆每天的安排，所以無法隨時都可以釣魚。,3,1,0,378,,2020/05/06,0,中立
優點：露營場地很寬敞，營位大小適中，管理者勤於維護，提供許多親子設施，並享有美麗風景。缺點：有非常多野貓出沒，第一天星期五晚上的牛肉被貓咬走，第二天星期六的整隻雞也被偷吃，即使藏在鍋子裡加蓋也保不住，我遭遇三隻野貓開鍋蓋偷吃我的食物，造成食物嚴重受損，最後不敢食用只好丟掉。另外，早上7:00左右有猴群出現在帳篷附近覓食，因此食材需要特別注意。,3,1,0,470,,2024/01/06,0,中立
優點是園區的清潔維護非常認真，缺點是地面太硬，難以插入營釘。每個營位都有被砍伐的樹幹，高低不一，有些只有不到30公分高，沒有警示燈，晚上活動時必須特別注意，以免撞到。此外，樹林裡有蜜蜂和虎頭蜂，一定要注意安全。,3,1,0,473,,2023/11/06,0,中立
這個營地環境整理得很好，設施完善，地面的石頭相當堅硬。有許多大型帳篷分佈著，是一個相當熱鬧的地方。,3,1,0,497,,2023/05/06,0,中立
這個營區非常大，有約120個營位，走到盡頭約300公尺。總結路況評分為4.5星。最後上山的路段有些難開，Google導航會建議提前左轉，但營地主有設立指示牌，要再開150公尺再左轉，才是正確的上山道路。關於水電和冰箱，評分為4星。兩個營位共用一個洗碗台，晚上容易出現電壓不穩的狀況，尤其在洗澡時段。4到5區共用一個商用冰箱和一個冷凍櫃。垃圾桶部分評分為1星。回收、廚餘和垃圾桶只有在廁所外，不方便。浴廁評分為3.5星，4到5區共用4到5間廁所和浴室，尖峰時段需要排隊。水壓穩定，24小時供應熱水。營地整體評分為4星，營地在群山環繞下，氣氛不錯。活動區設施基本上是人多就得排隊，建議自備玩具給小朋友。,3,1,0,510,,2023/05/06,0,中立
"1. 洗澡時水溫不穩定，要特別小心熱水燙傷
2. 碎石區的石子很鋒利，易造成多處擦傷，赤腳需留心地面硬度
3. 廁所的清潔度是一個值得讚賞的地方",3,1,0,522,,2022/05/06,0,中立
總結來說，這個營區環境寬敞且美觀，設備包括冰箱，但地面多是石子，難以釘營釘，需要使用較粗、長的營釘。晚上常有強風，造成帳篷被吹倒的情況，需要挑選好天氣前往，不太適合新手露營者。,3,1,0,526,,2022/05/06,0,中立
營區的環境相當宜人，雖然沒有令人驚豔的景色，但整體來看，營區都維持得相當整潔。唯一比較令人感到不便的是洗澡時水溫時高時低，讓無法好好淋浴，但其他方面表現還算不錯。,3,1,0,527,,2022/05/06,0,中立
營地風很強，碎石草皮難釘！廁所較少～如果能有分區衛浴會更好～但遊戲設施讓小孩很開心玩！,3,1,0,545,,2022/05/06,0,中立
營區的環境雖然清幽，但唯一的缺點是有很多露營的遊客和小孩，導致環境很吵。他們似乎缺乏時間觀念，在晚上11點多還在大聲喧嘩，而營區的管理者也沒有在管理他們。,3,1,0,547,,2022/05/06,0,中立
環境不賴，只是碎石比草地多，走起路來像健康步道。浴廁間數雖多，但有點遠。不過每小時都有人來清潔垃圾及整理廁所，環境維持得相當乾淨。,3,1,0,550,,2022/05/06,0,中立
大多數前往營地的路都是雙線道，可以順利通行。在營地內有很多鋒利的碎石，建議攜帶不鏽鋼營釘。環境非常美麗，遊戲區位於最底部，需要徒步下坡前往。當天露營時可能會遇到多次停電，建議攜帶非電源照明用品。廁所的熱水不太穩定，需要注意。另外，營地沒有提供飲水機，要記得攜帶足夠的水。,3,1,0,560,,2021/05/06,0,中立
營區空間寬敞，非常適合讓小孩盡情玩耍，管理者很體貼，水上遊樂區提供遮陽傘讓家長和小孩一同遊玩時不受曬傷，但還有一些地方需要改進才能讓營區更舒適！例如：1. 垃圾桶位置偏遠。2. 廁所照明設備不足，夜間可能存在安全隱患。3. 熱水器溫度不穩定。4. 營地釘子難以固定，地面碎石過多容易造成跌倒。,3,1,0,573,,2021/05/06,0,中立
這裡的地板非常堅硬，還會積水。,3,1,0,575,,2021/05/06,0,中立
"1. 雖然石頭地不容易插釘，但至少不會泥濘。
2. 帳篷租借完全沒有提供搭建服務或教學，幸好有朋友共同研究搭建。
3. 抵達後完全沒有見到營地管理員，也不清楚他們去了哪裡，缺乏其他營地熱情的招待。
4. 需要自己結帳且價格比外面租借能貴。
5. 充氣墊沒有充電器，幸好有朋友一起解決，否則不知道何時才能充好。
6. 洗澡水溫難以接受，冷熱調節不當，後來索性不洗。
7. 小孩玩樂區較少且位置較遠，無法輕易看到其他小孩在遊樂。
總體而言，營地環境較安靜，離老街較近，希望未來能改善上述問題以提升體驗，否則可能只會造訪一次。",3,1,0,583,,2020/05/06,0,中立
路況很糟糕。導航會經過內灣老街，但假日時塞車很嚴重。營地地面非常堅硬，有很多石塊，普通的營釘很難敲進去。但衛浴設施還算可以。,3,1,0,592,,2020/05/06,0,中立
這塊碎石地真的很硬，釘子都插不進去，再加上強烈的東北季風，讓整個帳篷都被吹壞了，有些露營的朋友都只好半夜收營離開，真是一次不愉快的經歷。,3,1,0,613,,2019/05/06,0,中立
場地環境優美，需要增加宣傳和投資。,3,1,0,625,,2019/05/06,0,中立
露營地的環境很棒；只是碎石地不容易釘營釘。,3,1,0,634,,2019/05/06,0,中立
希望有更多獨立的廁所能夠增加。,3,1,0,636,,2019/05/06,0,中立
因為土壤裡有太多石頭，所以很難把鐵營釘敲進去。,3,1,0,658,,2018/05/06,0,中立
碎石地很硬，營釘插不進去。廁所太少了，而且垃圾桶也太少了。,3,1,0,687,,2020/11/28,0,中立
"營區的排水非常糟糕。這個地方非常適合小孩露營；露營時難免會遇到下雨，但雨水下了不到5分鐘後馬上積水，水位甚至比釘在地上的營釘還要高。當下大雨過後營主才來""關心""，可是轉身就離開了，讓人感到無奈。我們在這裡露營了3年，遇到過不少大雨風暴，但從沒有遇過像這樣排水極度糟糕的淹水營區。地面鋒利，草地不平，高低起伏明顯，加上排水不良。蚊蟲、蒼蠅、蟑螂、螞蟻不計其數，應該都是大自然的一部分吧。我想在100%好天氣下，這個營區將是一個非常適合兒童玩樂的樂園。",3,1,0,700,,2020/05/18,0,中立
整體感覺還可以。營位很寬敞，5*8的帳篷搭建空間還挺充裕，但是釘打起來真的有困難，當風大時可能會有拔釘的風險。,3,1,0,722,,2019/03/14,0,中立
晚上使用浴室的時候會感覺有點冷，因為風會從外面吹進來。,3,1,0,820,,2017/05/02,0,中立
整體環境算不錯，視野很開闊，而且附近有全聯可以方便購物。唯一需要注意的是山路較陡，開車要小心。另外，和老闆的誠信問題稍嫌不足，讓整體體驗有些影響。,3,1,0,859,,2023/05/07,0,中立
D區女生廁所設施不足，只有一間蹲式廁所和一間淋浴間，對於媽媽帶小孩洗澡來說需要等待很久。因此建議設計座式廁所或增設安全扶手，方便老年人或不習慣蹲廁的人使用。另外DE區共用一個冷凍庫，希望也能增加冷藏功能，同時加設大雨棚以方便大家遮風避雨。,3,1,0,925,,2019/05/07,0,中立
這個地方環境清幽，衛生環境良好，視野開闊，空氣清新。,3,1,0,926,,2019/05/07,0,中立
離三星鄉的味珍香和全家大約開車10-15分鐘的路程，附近還有一些景點，如松蘿和九寮溪步道。不過秋冬季節容易刮大風，有時晚上睡覺可能會感到不太穩定。,3,1,0,940,,2018/05/07,0,中立
涼爽的天氣很適合露營，這個地方離市區近，夜晚的景色也很迷人。,3,1,0,944,,2018/05/07,0,中立
在營地上釘釘子時要注意地面比較硬，要小心插釘。,3,1,0,982,,2021/12/14,0,中立
在C區的草地上，由於排水問題，中間擺滿了護草墊，導致小朋友們根本無法奔跑，多次跌倒擦傷皮膚。實際可供遊戲的空間只剩下靠近沙坑的一小塊地方。優點是有熱水水槽和獨立區域可供使用衛浴，但衛浴清潔狀況一般。,3,1,0,1042,,2024/02/07,0,中立
記得要經過內灣那邊上去...車子有些擠但路程會比較快。,3,1,0,1062,,2023/05/07,0,中立
這段話的意思是指「表現一般，有待提升。爬坡小路上的雜草和樹枝需要修剪，評分給3.5顆星。」,3,1,0,1080,,2023/05/07,0,中立
看了評價後很興奮地期待著去，還向老闆確認了是否所有地區都有飄飄河，但結果卻只有A區有開放，其他區都沒有，讓人感到失望。不過值得一提的是，他們在水廁裡設置了防蟲紗網，這是挺貼心的。,3,1,0,1273,,2023/10/07,0,中立
下午下起了大雨，場地泥濘。有些地方砂石鋪得不夠，其他地方石頭鋪得多一點就沒有這個問題了，比較乾爽。其他設施還不錯，有小孩的話可以在水池裡玩水放電。這個季節因為水管有蝌蚪，所以感覺像是山上直接湧出的水。到了晚上會有很多昆蟲和各種蛾類出現。,3,1,0,1287,,2023/06/07,0,中立
新營主對經營非常熱情，他們提供乾淨且消毒的衛浴設施，每個區域都有自己的衛浴設備，還提供沐浴乳和洗髮乳。不過，只有A區有提供冰箱、飲水機和脫水機，其他區域則沒有這些設施，建議增加設施以提升便利性。此外，營區內有很多浪貓浪狗，晚上要注意保管食物，以免被他們偷吃。也提到了熱水器的問題，有時水壓不穩、溫度不準，希望能改善。另外，提到在露營期間遇到大雨，C區積水變成爛泥巴坑，希望能加強排水，以免影響露營體驗。營主答應會改進這些問題。,3,1,0,1347,,2023/05/07,0,中立
營主很友善，但營位區劃不夠完善，先到先搭。,3,1,0,1377,,2022/05/07,0,中立
總體來說還可以，可能營地評價不太高。這次沒有滿意度，我們兩人住在C區，如果有4人可能會有點擠。冬天去的話沒有蚊蟲，只看到一隻小蟑螂。衛浴設施不錯，但要自己保持乾淨，不然營區清潔可能會不夠好。旁邊就是大馬路，有時會有重型機車隊經過聲音很大。也許因為馬路旁邊有一隻大野狗闖進我的帳篷。,3,1,0,1382,,2022/05/07,0,中立
這個營地可能曾經用心經營，但現在已經荒廢了。由於大家都在補班補課，所以營區沒有大門。這樣會讓人感到沒有安全感，因為有時候會有過路客直接把車開進來參觀或使用廁所。營地的營主似乎只會在收費時出現。另外，浴室的水溫也有幾間會忽冷忽熱。,3,1,0,1388,,2021/05/07,0,中立
洗澡時瓦斯不足，晚間沐浴感到寒冷，而草莓價格便宜。,3,1,0,1389,,2021/05/07,0,中立
A區旁邊有一條小溪，營區旁邊有一個充滿蝌蚪、青苔和水草的生態池，池水有些許不清潔且滑溜，小孩戲水需小心。不足之處包括：1. 廁所很骯臟，每天只固定清潔一次，需要遊客要求才會清潔。 2. 營區排水速度慢，沒有提供草皮保護墊，但提供帆布。 3. 營位空間不大，帳篷緊密相連。 4. 水槽旁沒有垃圾桶，而且沒有蓋子，半夜流浪狗會來翻垃圾。優點包括：1. 浴室水壓大，水溫穩定，附有洗髮露和沐浴露。 2. 提供冰箱、飲水機、脫水機，泡湯享有特價。,3,1,0,1401,,2020/05/07,0,中立
建議事先詢問漂漂河頂端是否開放，因為該區域可能未保持整潔，而且沒有人在維護。另外，門票一千元有些昂貴，若下雨排水系統可能有問題，還需要向隔壁借護草墊。,3,1,0,1410,,2020/05/07,0,中立
這個空間非常狹小，搭完帳幾乎沒有活動空間，不過環境整潔度還可以。,3,1,0,1412,,2020/05/07,0,中立
營地的蹲式廁所若能保持乾淨些，一進去就不會看到一些難以名狀的污跡，會更加讓人感到舒適。,3,1,0,1413,,2020/05/07,0,中立
D區的位置空間狹小，我們四個營地的人勉強將車子停放進營地，否則就必須將車停在路邊。這個營地位於路旁，必須格外注意小朋友是否會跑到馬路上。若要來的話，包區選擇會更適合。,3,1,0,1453,,2022/10/12,0,中立
C區的排水系統和水壓有些問題。新的營主很熱心，保持衛浴和廁所乾淨，也定期消毒。要特別注意晚上清理食物，因為貓咪可能會趁機跳上桌子找食物。建議營主改進C區的排水系統和增加衛浴的水壓。,3,1,0,1457,,2022/06/27,0,中立
C區浴室和廁所非常骯髒，有許多蟑螂。可能是因為營主不住在營地，這次造成夜晚被隔壁區的噪音打擾，無法入眠！一群年輕人從晚上10點開始唱卡拉OK，一直唱到半夜12點！第二天向營主抱怨，但營主無法有效解決問題，讓人不想再去那個營地⋯⋯,3,1,0,1475,,2020/08/21,0,中立
綜合來看還是可以考慮推薦。雖然在路邊可能會有些噪音，但整體而言還算不錯。,3,1,0,1478,,2020/03/04,0,中立
夏天的營區山谷太悶熱了，而且廁所很髒，沒有什麼人打掃，我不會再去第二次。,3,1,0,1479,,2019/12/23,0,中立
B區營位的優點在於環境乾淨，距離北埔市區近，補給方便，適合短暫輕裝露營，不需要自行準備食材。然而，需要注意的是營區照片未更新，部分設施可能已經更動，需要自行攜帶遊具；洗澡可能遇到沒熱水且洗髮精按壓器有故障；夜晚要求安靜，但遇到隔壁區喧嘩情況，需自行處理並注意營區規定。,3,1,0,1524,,2023/12/07,0,中立
雨天時不建議前來，碎石區變成泥巴區，到處積水。衛浴沒有乾濕分離，但希望至少能增加垃圾桶的覆蓋，減少氣味和美觀的影響。從衛浴到營地的排水系統都需要加強。碎石區的大斜坡在下雨天很危險，許多人都摔倒了幾次，請務必加以處理。,3,1,0,1526,,2023/11/07,0,中立
營地主人友善有禮，只是少了家庭浴室。,3,1,0,1574,,2020/05/07,0,中立
這個營區地方不大，但停車位有點不太夠。裡面有很多好玩的遊戲，小朋友玩得忘記時間，可惜有很多又大又多的小黑蚊，全家都中招了，至少被咬了200次，因為小朋友被叮太多只好硬拉著回家，不然是個很方便的營區。,3,1,0,1578,,2020/05/07,0,中立
北埔市集附近的營地很小，附近的道路情況很好也很清楚，唯一要注意的就是有很多小黑蚊要小心。,3,1,0,1581,,2019/05/07,0,中立
車道和場地的佈置不錯，適合中小型團體。設備也算是保持得蠻整潔的。,3,1,0,1592,,2019/05/07,0,中立
在路口的地方，如果路標設置得更清楚一點，會更方便。,3,1,0,1711,,2018/03/20,0,中立
營區擁擠，隔壁區噪音很大。營區內的路很窄，造成車子底盤刮傷。,3,1,0,1753,,2023/11/07,0,中立
太多帳擾人了，就像分租套房的隔間一樣。如果帳擠滿了，就沒有活動空間了。浴廁倒是挺乾淨的，但數量相對來說有點少。,3,1,0,1767,,2023/05/07,0,中立
營地的條件還可以，但是5個帳篷共用2處電箱和洗菜枱，不夠用。另外，廁所和浴室狀況還可以，但屋頂是透光的，夏天在裡面會很熱，就像在烤箱裡一樣。廁所前的洗手枱只有一個小小的，不太好用也不夠夠。,3,1,0,1780,,2023/05/07,0,中立
營地各區空間不大，所以平日只有一輛車時感覺不會擁擠，不過唯一能看到夕陽的地方常常被樹木擋住。最上層的營位靠近馬路，可能會有點吵，但環境整理還算乾淨。有點遺憾的是，入住時講好停車不打折，隔天拔營前，卻告訴露營車不能使用電力，必須額外付費！付一樣的費用，為什麼露營可以使用電力，但停車就不行？看起來營區對停車的旅客並不友善。如果喜歡停車露營的朋友們有需要進入園區住宿的話，可能要三思了。,3,1,0,1787,,2022/05/07,0,中立
當我和朋友一起前往露營時，司機朋友不到一小時要收取他們100元的入場費。不過，由於我是和他們一起露營的家人，所以並未被要求支付入場費。我們建議管理單位可以考慮按時間收取費用，比如入場一小時內免費，超過一小時收50元，超過兩小時再加收100元。這樣的收費方式比每人100元來得合理。,3,1,0,1796,,2022/05/07,0,中立
這個地方的環境不錯，爬上去可以一覽360°的風景。如果想參觀營地的話，每人需要支付100元，就在最頂上靠路邊的地方，那個營地地面是用磚鋪成的，不太適合釘東西。,3,1,0,1800,,2022/05/07,0,中立
風景很美，只是浴室熱水有時冷有時熱。,3,1,0,1830,,2020/05/07,0,中立
霧氣和濕氣都很重，視野受到很大影響，晾晒衣物需要花很多時間。,3,1,0,1831,,2020/05/07,0,中立
晚上第一次夜晚前往露營時碰到濃霧，車頭燈照出來的景色都像被水滴覆蓋著，還飛來一些小黑蚊。營地很大，地勢很多都是斜坡，雖然冰箱很大但放得很遠。露營主人會帶著露營者到附近走走，但要坐在貨車上，這對於大人小孩都有點不太安全。建議提供地圖，讓露營者可以自行駕車前往。,3,1,0,1834,,2020/05/07,0,中立
草地很不錯，營地主人也很友善，但晚上的昆蟲實在令人不敢恭維，衛浴設施也顯得不夠。,3,1,0,1858,,2019/05/07,0,中立
老闆不僅提供清涼解暑的茶飲，也非常用心種植樹木並經營露營區。,3,1,0,1859,,2019/05/07,0,中立
這裡的風景很美，只是有點遺憾的是沒有提供沐浴用品和吹風機，方便性稍微打了折。,3,1,0,1861,,2019/05/07,0,中立
五月天的氣候特點是白天中午後比較熱，晚上涼爽，這時地面的露水較多，草木長得茂盛。然而，蒼蠅和蚊子也會比較多，衛浴間較少，洗澡時需要排隊。建議在中午之前搭營，第二天清晨早收營，這樣會比較適合避免高溫。,3,1,0,1864,,2019/05/07,0,中立
露營地管理者沒有處理露營客的問題，半夜還有人在打麻將，吵鬧不止，洗澡時沒有熱水。孩子洗澡時也沒熱水，只好堅持洗完冷水澡，我們趕緊向管理者反映，管理者出來換了瓦斯，但結果還是沒熱水，他根本不在乎我們的問題，當我告訴他孩子洗冷水澡時，他直接視而不見。另一個露營區也遇到同樣的問題，洗到一半沒熱水，等了十多分鐘換了瓦斯，導致孩子星期日晚上發燒！請問管理者難道不應該巡視一下是否有瓦斯的問題嗎？晚上溫度低，每次都等到洗完冷水才通知換瓦斯，這不太合理吧！而且管理者根本不理睬露營客，半夜2點仍有人打麻將、大聲聊天，情況狀況非常糟糕！,3,1,0,1879,,2024/04/23,0,中立
這裡很擁擠。我住在G區，水槽是兩間帳篷共用一組設施，不像旁邊的帳篷有三間共用。我們只有一間廁所和一間淋浴間，不太方便，但還算乾淨。插座位置太遠，我接了兩條長度分別為10米和15米的電源線。只是空間比較狹窄，冰箱只有在主營區才有。,3,1,0,1907,,2022/04/13,0,中立
營區有點擁擠~總會有些狗狗來咬鞋子.....,3,1,0,1942,,2020/08/12,0,中立
這次預定的是第七區的露營場地，這個地方很窄長，非常小，完全無法放下七個帳篷。已向營地管理者反映，但得到的回應卻是無法接受。,3,1,0,1956,,2019/08/03,0,中立
蟑螂太多了，7號區的場地太小了，建議不要露營在那裡！,3,1,0,2024,,2018/06/20,0,中立
營位空間有限，洗手台位置不太方便。廁所的數量明顯不足，但其他方面都不錯，營地管理者很親切。,3,1,0,2035,,2018/05/01,0,中立
2017年12月30日到31日，以及2018年1月1日，我們訂了A區的10間帳篷，但因為不明原因被擠了三間帳篷。營地的管理者說是因為訂位系統出了問題，但又不願確認對方的訂位訊息。他表現友好，不想得罪任何人，卻讓我們吃了虧。雖然只是一晚，但我們提前五個月預訂的意義在哪？其實很氣憤，雖然後來在那裡開心了三天（不然怎麼辦？），希望下次管理者能夠有自己的主見，不要再把問題推給別人，應堅決解決問題。,3,1,0,2060,,2018/01/08,0,中立
營區的位置跟網站上描述的不一樣。我們進去後發現營位並沒有看到，卻馬上被要求支付尾款…這讓我們感到很困惑。當我們準備搭建方形天幕時才發現，營位太小無法搭建。（我們在草地一區，旁邊是單人帳篷區）方形天幕的尺寸為440*550…而網站上標示的營位尺寸為5*5………。供大家參考，沒有其他意義。,3,1,0,2116,,2017/07/14,0,中立
這個地方有很多蟲蟲，尤其是在浴室裡洗澡時更是多。容易在身上看到會動的Dior標誌。那裏沒有提供飲用水，上山的路也不好開。看到標誌轉進來後還要再開二十五分鐘。G區只有g1有景，但夜景並非宜蘭市的夜景。或許這個地方不值得再造訪了，但一千元可以去很多其他地方。,3,1,0,2175,,2023/05/07,0,中立
這次去宜蘭露營，我住在草地第G區，整個周末都在下雨，到了之後因為霧氣影響，G區都被籠罩在黑暗中，營地的排水又不好，到處都是水坑，搭帳篷變得很困難，而且因為霧氣，看不到周圍的景色...總結就是，我以後不會再去宜蘭露營了。,3,1,0,2176,,2023/05/07,0,中立
營地不能釘營釘，讓我很生氣，上山的路沒有整修過，路很難開。,3,1,0,2187,,2022/05/07,0,中立
廁所數量有限，需要排隊不太方便。,3,1,0,2222,,2020/05/07,0,中立
G區的景色很美，可以看到龜山島和蘭陽平原的夜景，晚上關燈後有滿天星空，還有機會看到銀河。滑草區讓小孩超開心，中間的草皮適合遊戲，而玩沙有遮陽，玩水也在旁邊。不過需要留意水池邊緣頗高沒有上下處，天氣涼爽時要注意。管理員非常友善和熱心，廁所衛浴打掃得很乾淨。AB區距離浴廁有點遠，如果營區人數眾多，衛浴可能會不夠用，而且冷熱水控制不便。雖然有提供水桶，但碰到很多蒼蠅。,3,1,0,2225,,2020/05/07,0,中立
剛好碰到營區的住戶素質不佳，學生晚上開趴聚會到半夜，老人清晨五點起床聊天走廁所，浴廁的清潔狀況也很糟糕..... 熱水還不穩定.... 來這個營區可能得看運氣了。,3,1,0,2229,,2020/05/07,0,中立
營地雖然不大，但海拔很高。夜晚天氣好的時候可以看到星空。建議天氣炎熱時不要在中午時分上山扎營，因為沒有遮蓋物擋住太陽。水電設施方面 OK。,3,1,0,2236,,2019/05/07,0,中立
G區的夜景很美，但是衛浴設備需要改善，還有環境衛生要更加重視！,3,1,0,2244,,2019/05/07,0,中立
那個地方確實有點糟糕。生日難得去那裡過，從台七甲上去轉段路完全沒路燈，至少還需要開20分鐘。夜間前往的人需要注意，營區裡的蟲真的超級多，而且沒有飲水機。入住的朋友請留意，露營樂上面的照片應該是N年前的，用一帳1000元還有更多更好的選擇。,3,1,0,2278,,2022/12/08,0,中立
在G區的營地白天和晚上的景色真的很美，感覺大不相同！G區的草皮營位草已長到膝蓋，環境看起來好像很久沒有整理！不時有虎頭蜂飛來飛去！營位配備有衛浴設備、冰箱和冷凍櫃，非常方便。洗澡間和廁所是分開的，但衛浴清潔度稍嫌不足。這裡的風景是營地最值得一去的地方，建議選擇G區，可以看到夜景和龜山島！,3,1,0,2281,,2022/08/01,0,中立
雖然今天下雨了，但孩子們依然玩得很開心。,3,1,0,2285,,2022/04/08,0,中立
普通。環境比較雜亂，設備也不太好。,3,1,0,2288,,2021/11/22,0,中立
第二次到G區露營，房間很小，營地安排得不好。G區停車亂，公共區域受限，別人的車擋住了帳篷。營地有18個房間但只有2間浴室、4間廁所，洗澡水溫時冷時熱。提供兩台冰箱但不冷，食材變酸，洗手台在廁所區，洗食材不方便。晚上跳電5、6次，早上5:30也跳電！夏天沒電扇，只好趕緊收拾離開。優點是風景真的美麗，晚上很涼快！千萬別選擇G區！,3,1,0,2303,,2020/06/29,0,中立
需要補充草坪上的草皮、營區內的樓梯需要修理、衛浴空間裡的蚊蟲需要處理。,3,1,0,2311,,2020/02/22,0,中立
即使下雨，連假期間去營地的人還是爆滿。營地似乎沒有足夠設備應付所有入住者。此外，冰箱看起來有點髒，希望可以提供更多冷凍式分隔冰箱。,3,1,0,2315,,2019/07/17,0,中立
"1. D和F區的營位靠近車道，可能對小孩造成危險。
2. 浴室的熱水溫度會有時忽冷忽熱。
3. 不清楚是放在冷藏還是冷凍庫？溫度可能不夠低。
4. 在這次露營中，不巧遇到一對夫妻（喝醉）吵架，深夜的大聲爭吵打擾了許多露營的人。建議在晚間營區應該有管理員或營地負責人在場，以便發生問題時能夠及時處理。",3,1,0,2368,,2018/04/09,0,中立
元旦那天下雨真讓人感到不舒服。上層區域的規劃不夠完善，浴廁也只是普通，跟去年的體驗相比差了很多。,3,1,0,2377,,2018/02/12,0,中立
天氣不好，無法享受美景，期待下次再訪。另外，沙坑區的遮雨棚有破洞，小孩無法玩耍，建議儘快修復。另外，營位的洗手檯沒有清潔乾淨，上面有很多污垢，有些令人作嘔。,3,1,0,2379,,2018/01/05,0,中立
營地的營主很熱情，這個營地算是不錯，他待人很客氣。,3,1,0,2452,,2016/12/30,0,中立
我不建議參加星期五的露營活動，因為活動營地負責人半夜才回家，而且在他回來之前我們無法將食物放進冰箱，導致隔天的主食雞肉腐爛。不過值得一讚的是，浴室設備很乾淨，且營地負責人也非常勤於維護每個區域的公共清潔。,3,1,0,2542,,2021/05/07,0,中立
營地整潔，衛浴設備乾淨，景色還可以。離瀑布很近，約莫40分鐘車程。,3,1,0,2549,,2020/05/07,0,中立
這個地方環境優美，可以更親近大自然的氛圍。附近有瀑布和清涼的溪水，還有適合孩子玩水的小池塘。整個營區設施完善，唯一的小缺點就是螞蟻比較多。,3,1,0,2550,,2020/05/07,0,中立
這個地方很自然。就像你所描述的，那裡有很多毛蟲，夜晚可能會有各種昆蟲出現，如果怕昆蟲的人要小心。空氣很新鮮，但景色並不出眾。營地管理人員很辛苦地處理垃圾和維護浴廁。,3,1,0,2582,,2022/12/08,0,中立
在C區的時候要看看住在那裡的露營者是否顧及他人。入住當天晚上十點半，有人在大聲聊天，還有人彈吉他。C區的浴室在晚上十一點仍有人在那裡使用吹風機並且聊天，而聊天聲音甚至比吹風機還要大聲。詢問了老闆後，得知晚上十點後原則上禁止大聲喧嘩，但是卻遇到了以上的情況。老闆似乎沒有出來管理住宿地點也沒有告知露營者應如何處理。看來只能碰碰運氣了。,3,1,0,2622,,2019/08/20,0,中立
環境良好，營區主人很用心照顧品質，可惜出入口路況較差，底盤被刮傷好幾條，泳池的磁磚需要改善，造成小朋友被磁磚劃傷，幸好營區主人有提供保險，算是盡了責。,3,1,0,2746,,2023/05/07,0,中立
沒有提供飲水機，也沒有準備沐浴用品，需要自行準備。周圍景色平凡，附近有農田，蒼蠅較多。上山的路窄且路況不佳，車輛底盤太低不建議前往，且易遇到交通很辛苦。個人不建議去。,3,1,0,2787,,2021/05/07,0,中立
大家要留意，營區早上10點開門，不必過早到達，以免影響營地負責人，不好意思。,3,1,0,2793,,2021/05/07,0,中立
草地區和洗澡堂之間有一定距離！,3,1,0,2797,,2021/05/07,0,中立
這個地方很新，歡迎來這裡玩，空氣品質也很好。,3,1,0,2801,,2021/05/07,0,中立
基本設施不錯，但從傍晚到隔天一直飄散著雞糞肥的臭味，有些令人困擾的是，這個味道一直纏繞在身邊。曾經去過各種有很多蟲的營地，但從來沒有像這樣被蜜蜂纏著，實在令人非常困擾。,3,1,0,2812,,2020/05/07,0,中立
營地規定明確表示[禁止卡啦ok]，然而，目前卻有兩組人同時在營地內唱卡拉ok。我原本以為來到山上露營可以享受蔚藍天空、美麗山景和清新空氣，卻沒想到會被吵雜的噪音打擾。因此扣一顆星。不過營地其他部分，如廁所整潔、環境乾淨，真是個好地方！,3,1,0,2834,,2019/05/07,0,中立
營地主人很親切，設有地下噴水池，孩子們非常開心。,3,1,0,2855,,2023/02/16,0,中立
路況：在白蘭部落的道路較為順暢，但營區內的道路較為陡峭，需特別留意。冰箱：只有冷藏區，沒有冷凍區，且冰箱僅在營地本部，取物需要走相當長的路程。浴廁區：四區與六區的浴廁是合併在一起，且沒有乾濕分離，水泥地面因潮濕長時間有些許青苔。由於分區眾多，若在熱門時段使用，浴室和廁所可能會供不應求。浴室使用瓦斯，同行友人沖洗一半就沒熱水，需換房間使用，幸好旁邊房間當時沒在使用。熱水的控制有問題，容易讓人感冒，且浴室內並未安裝紗網，有時會有許多蟲。最後，唯一的小便斗有漏水問題，使用起來不太順暢。營位：營位較為寬敞，使用空間充足，地面平整，適合釘搭營帳。但部分地方稍微傾斜，可能影響桌椅或床位的使用。供電：晚上突然斷電，其他區域也無法使用電源，直到營地維修後才得以恢復，我們的用電量較少並未受太大影響，但其他區域的使用者受影響的程度則不明。,3,1,0,2964,,2024/01/07,0,中立
營地8區包區，共有7座帳篷和2座天幕，位置很寬敞，目前還有約兩座帳篷的空間可供使用。不過，8區的草地看起來維護得不太理想，有些地方出現坑洞，特別是因為最近下過雨，地面泥濘難行。在營地提供了垃圾桶和回收設施，電源插座很充足，洗碗台也很寬敞乾淨。露營的朋友們需特別留意，若是駕駛汽車底盤較低或是轎車進入8區時，要小心右轉進入的彎道，有兩個大坑洞和石頭，轉彎的時候要盡量靠左行駛，以免車底受損。希望能改善這個狀況。再者，由於草地上有坑洞，積水問題嚴重，而營地並未提供護草墊，若碰上好天氣可能還好，但若下雨時就會有困擾。至於廁所方面，需和第7區共用，需要走下一段樓梯，整體算是乾淨，垃圾定期清理，熱水供應足夠，不過，第二天洗澡的時候發現熱水用盡。風景方面有雲海和螢火蟲。關於冰箱，我們位於8區最上層，而冰箱在營區入口處，相當遙遠，所以我們只能開車下山拿食材，整個營區只有一個冷藏雙門冰箱並不算很大，且沒有冷凍功能，建議可以在不同區域增設冰箱。至於晚上夜間開車離營的露友們，路線還算順暢，但要留意中途會有幾個較大的坑洞和水溝，而且霧氣會比較大。,3,1,0,2986,,2022/05/07,0,中立
第一區營地的景色非常美麗，不過有兩隻雞在不停地輪流叫24小時，實在太吵了。更令人意想不到的是，10月時二區到六區的雞竟然消失了，變成貓了。最後，浴室熱水器出了異常，會散發出瓦斯味，洗了一半就變成冷水了。這情況真是令人困擾，還是三星的熱水器比較好。,3,1,0,3000,,2022/05/07,0,中立
個人較不喜歡廁所和浴室放在一起。那個區域老舊、有很多蟲，還有異味。除了這個問題，這裡的風景和草地相當美麗。,3,1,0,3008,,2021/05/07,0,中立
在露營中碰到吵鬧的情況可能有點倒楣，但營地管理者應該要立即處理。有些人在半夜兩點還一直吵鬧，雖然營主很熱心友善，整體露營體驗仍有些不如意。廁所和浴室設施還算可以。,3,1,0,3011,,2021/05/07,0,中立
櫻花盛開時很美，風吹來時更添迷人風采，只是公共設施不夠，洗澡時會感受溫差，而且電力供應不穩，兩臺吹風機就有可能造成跳電。,3,1,0,3014,,2021/05/07,0,中立
這個場地有點狹小，我建議您考慮前往天湖露營區。,3,1,0,3018,,2021/05/07,0,中立
營位安排比較寬鬆，但廁所沒有頂蓋，晚上會有很多昆蟲在裡面飛來飛去，讓小孩洗澡上廁所會感到不安。另外，冰箱放在營區管理處裡面，如果營主不在或休息時間，就會被鎖起來。對於攜帶食材需要冰的露營者來說有點不太方便。,3,1,0,3036,,2021/05/07,0,中立
這個時間點在第四區的樹很少，太陽很熱，山景還不錯，但設施有點少（不是花季可能有些無聊），得付錢後才看到營地主人。,3,1,0,3052,,2020/05/07,0,中立
2區的 subdomain 全部電源供應是 30 安培，跳電超過 8 次，對生活影響不佳，且衛生不容忽視。,3,1,0,3064,,2019/05/07,0,中立
這個地方的風景很美，只是設施有點陳舊。,3,1,0,3072,,2019/05/07,0,中立
在2015年的時候，和一些朋友一起去露營，我們選擇了一個靠近大自然的營區。當時浴室是共用的，使用了熱水器，水溫會受到隔壁使用情況的影響。晚上還有搗麻糬，吃起來真的很美味。,3,1,0,3077,,2019/05/07,0,中立
這裡的夜景美不勝收，只是衛浴設備有點簡陋。,3,1,0,3096,,2018/05/07,0,中立
營區應該很美，櫻花盛開的時候。不過帳篷前被樹木擋住，沒辦法直接欣賞到山景這一點有點可惜。廁所設施還算可以使用，只是水溫稍有不穩。幸運的是在這次露營中遇到了友善的露營夥伴，我的兒子和他們玩得很開心。希望沒有給他們造成困擾。,3,1,0,3111,,2022/01/23,0,中立
第8區的位置離營地中心相當遠，去洗手間需要走下一段稍陡的樓梯，不太方便。洗手間沒有天花板，容易有很多蚊蟲。,3,1,0,3125,,2020/12/14,0,中立
這個營地設施很簡陋，廁所很少。,3,1,0,3141,,2019/09/20,0,中立
廁所沒有衛生紙不太方便，建議補充衛生紙。另外，草地上有乾掉的狗大便，不衛生；垃圾桶沒有裝垃圾袋，也沒有壓磚塊，導致半夜可能會有野狗野貓翻垃圾。整體環境還有改善的空間。,3,1,0,3156,,2018/11/26,0,中立
營區如果沒有像喪屍般的蒼蠅，就算是100分的完美了～,3,1,0,3184,,2023/05/07,0,中立
這個營區環境乾淨整潔，但價格漲幅太大了，可能不太想再去了。,3,1,0,3189,,2022/05/07,0,中立
草地很大，廁所和浴室看起來很好，營區還有賣冷飲的地方。,3,1,0,3217,,2021/05/07,0,中立
帳篷搭在兩棵變色的落雨松之間，草地柔軟舒適。即使車與帳篷分開也感到擁擠，但乾濕分離的衛浴設施讓洗澡變得更舒適。進入營區的小路比較窄，周圍是果園和農園。早上有些零星的蒼蠅在周圍飛舞，下午看到農民戴著口罩在噴灑霧狀液體，希望不是農藥！,3,1,0,3237,,2020/05/07,0,中立
水龍頭放出的水溫適中，對冬季露營很貼心。然而，營區管理者卻不允許完全使用草地，因為中央走道需要給高爾夫球車通行，用於行銷產品，這也算是一種獨特的商業策略。,3,1,0,3238,,2020/05/07,0,中立
環境整體來說還不錯，不過唯一的缺點是四周都是果園，因此有許多蒼蠅。,3,1,0,3243,,2020/05/07,0,中立
我認為這個地方很適合遠離繁囂的都市生活，可以在這裡住宿或露營。,3,1,0,3258,,2019/05/07,0,中立
這個地方有舒適的草地和乾淨的廁所，而且定期有人打掃，甚至提供乾濕分離的衛浴設備。唯一的缺點是人數較多，稍微擁擠一些。,3,1,0,3263,,2019/05/07,0,中立
看得出您很用心保持環境清潔，浴廁很整潔，但小朋友的活動空間有些不夠。,3,1,0,3279,,2018/05/07,0,中立
優點是有一片大草地，但缺點是設置了太多帳篷，讓小朋友沒有足夠的空間玩耍。,3,1,0,3289,,2018/05/07,0,中立
"優點：衛浴設施很不錯，草地很美觀，設施新穎。
缺點：有很多蒼蠅，營地規劃過於擁擠，小孩遊玩空間較為有限。",3,1,0,3301,,2018/05/07,0,中立
這次活動真是不受風雨影響，感受到營主用心經營，讓我們享受免費的草莓採摘。但這次在車上吃飯的經驗真的讓人印象深刻，這絕對是一個難忘的回憶。,3,1,0,3305,,2017/05/07,0,中立
這個地方有很多區域，A區是用來停放行李後車子的地方，還有民宿，設計感不錯但舒適度不明，營地很大，適合小朋友奔跑，地勢平坦且安全，不過沒有景觀，周圍只有果園，有點可惜。,3,1,0,3315,,2017/05/07,0,中立
草地真是不錯，其他地方就沒什麼值得一提了！,3,1,0,3323,,2017/05/07,0,中立
環境看起來很整潔很美觀，但竟然有跳蚤，我被咬得很慘，結帳時開始癢了起來，真是難受～,3,1,0,3327,,2022-04-28T17:04:37+08:00,0,中立
各地區的範圍都有點狹窄，車道都顯得有些擁擠，最後十幾分鐘的路程有好幾處非常陡的坡道和彎道，極度考驗引擎、輪胎的性能和駕駛技術，非常不建議晚上開車。,3,1,0,3396,,2022/05/07,0,中立
路顛波即將到來。快抵達時，這條路很陡，不好開。,3,1,0,3471,,2023/10/23,0,中立
那段路開起來很困難，特別是接近營區前大概5分鐘左右的路段。,3,1,0,3472,,2023/10/23,0,中立
營地很吵，鄰居的狗一直叫，羊也在叫，而且凌晨四點公雞就開始啼叫。,3,1,0,3568,,2023/12/07,0,中立
這個營區環境有些嘈雜，有些無法避免的麻煩，但衛浴設施很乾淨，營主人態度也很友善，只是有些不太方便。,3,1,0,3592,,2022/05/07,0,中立
一個包含一帳包區和射箭區的地方，不太會受到干擾，相當不錯。射箭區雖然小，但依舊很有趣，可能是因為沒有其他人與我們搶場地，無需排隊（那天很擁擠）。營地內還有沙坑和戲水池可供使用。當天還有搗麻糬的活動，營地負責人會逐帳通知體驗的時間。,3,1,0,3609,,2021/05/07,0,中立
"1. 浴廁很乾淨，有浴盆和水瓢，但建議自備掛勾，方便掛東西。
2. 提供Wifi、草墊、吹風機、脫水機、冷凍和冷藏冰箱、衛生紙。
3. 上層營區在大雨時排水還算順暢。
4. 蚊蟲較多，尤其是小黑蚊，同行的親友和小朋友都被叮咬。
5. 營區有小貓在四處走動。
6. 營位上的洗手台有遮陽傘，但只有不太明亮的太陽燈，照明不足。",3,1,0,3610,,2021/05/07,0,中立
離入口越近的營區風景越漂亮，最底下寮望台上的景色也很迷人。那裡涼爽並且有樹蔭，非常適合休息。營區主辦的搗麻糬和其他活動深受小朋友喜愛。冰箱較小，坡道很陡，在端午節被小黑蚊叮滿小腿，營區裡主人養的雞半夜兩三點就開始啼叫直到天亮。此外，也有水池可以讓小孩在水裡玩耍。,3,1,0,3617,,2020/05/07,0,中立
進入營區的道路較為狹窄，開車時需保持小心，切勿完全依賴導航。傍晚時分的景色宜人，可參加各項活動，然而到了晚上則稍顯潮濕，早上陽光出現時需尋找遮蔽處。儘管營區位置略偏遠公路，卻位於山區，常常可聽到車輛的聲音，特別是跑車。整體而言，值得一試的營區。,3,1,0,3620,,2020/05/07,0,中立
可以欣賞石門水庫湖面的景色，微風吹拂非常舒適呢。喜歡露營的朋友可以考慮前往感受一下，但需要提醒您，那裡的蚊子相當多，記得做好防蚊措施喔。,3,1,0,3627,,2020/05/07,0,中立
風景很漂亮！參加搗麻糬和竹筒飯DIY活動過程有點簡陋，射箭區的整理可以更加注意一下。淋浴間只有三間，但水量充足，熱水也非常足夠。,3,1,0,3630,,2020/05/07,0,中立
廁所雖然乾淨，但是數量太少了！其他的則很普通。,3,1,0,3634,,2019/05/07,0,中立
這個地方的衛浴設備很充足，也有提供電源插座，而且停車位也很多。不過，夏天來的話因為在山上，可能會比較熱、曬。整個營區有點擁擠，但還蠻舒適的。另外，停車方式很重要，可能會因為停車的方式讓小朋友的活動空間變小一些(但還是有空間)。整個環境算是乾淨，衛浴設備和廁所都很好。至於水池的部分，我建議小朋友的爸媽最好陪同(水池很淺，沒有危險，但要注意滑倒等事故)。營區主人很親切，也善於交談。說到缺點的話，大概就是路比較難找。,3,1,0,3651,,2019/05/07,0,中立
對於我們這些住在台北市區的人來說，這個營區其實有點遙遠！這個營區相當新，佔地不大，營主將它設計成了「階梯式」，共有四層，我們這次使用的是最底層（靠近衛浴區），原本可以容納八個帳篷，但由於大家都攜帶了大型或巨型帳篷，還有客廳帳篷，最後我們只搭了六個帳篷。營區裡有一個「營棧」，可以在那裡補充飲料。此外還有瞭望台、兒童戲水池、射箭區，對小朋友來說，是個很適合消磨時間的營區！,3,1,0,3653,,2019/05/07,0,中立
這個露營區位於石門水庫附近，交通便利，但山路可能讓暈車的乘客感到不適。停車空間較小，如果晚點到可能不太方便。營區提供推車。空間分布像梯田，小孩的活動範圍不大，有小水池和小沙坑。帳篷之間距離較近。風景優美，可以看到石門水庫和附近的新溪口吊橋和角板山。盥洗設備有四間浴室、四間廁所和兩座小便斗，整體清潔維持良好，但未提供衛生紙。老闆和工作人員態度友善，是一個適合再次造訪的營區。,3,1,0,3656,,2018/05/07,0,中立
設施破舊不堪，看起來已經無人維護很久了。道路狀況艱難，甚至營區負責人都無法確定。,3,1,0,3668,,2023/05/14,0,中立
這裡的衛生設施需要改善。如果對環境要求不高的話，這裡還可以接受。傍晚可能會有一些小黑蚊。,3,1,0,3670,,2023/04/05,0,中立
沒有注意到的情況下，我竟然來到了第二次的營區。,3,1,0,3687,,2021/03/20,0,中立
手機信號只有一格 (中華電信) 非常不穩定，但營區有WIFI。洗澡的時候突然沒熱水了，還得等30分鐘。,3,1,0,3769,,2024/04/07,0,中立
這裡的風景不怎麼樣，衛浴也有些陳舊。在雨棚區1300，還有一些狡猾的黑螞蟻會叮人，整體來說，我感覺這裡的性價比不夠高。,3,1,0,3798,,2023/05/07,0,中立
開車的過程中，路況非常變化無常，有時快速上升，接著馬上急轉彎，再突然急降，讓人難以駕馭到極致。A區前面的草地不僅短小整潔，讓小朋友盡情遊玩。廁所清潔整潔，洗手台的溫水讓人感到舒適，在冬天裡帶來不錯的效果。位於山谷的地理位置，夜晚雖然涼爽但風不大。雖然有條小溪，但要前往A區需步行一段路程，不過釣魚的樂趣是非常愉快的。需要求助營地管理員的是，關心我們早睡的習慣，但隔壁鄰居竟然在三點仍然談天，讓人難以入眠。,3,1,0,3807,,2023/05/07,0,中立
老闆為了經營，設備一步一步到位，每個平台都很寬敞，建議在有廁所的平台補充帳篷，方便一點。廁所旁還有洗手台和熱水，尤其適合冬天。營地位於山谷中，比較涼爽，早上陽光會晚一些，可以再睡個懶覺，但要注意防蚊！使用谷歌地圖時要小心，營地主人提供正確的指引訊息！,3,1,0,3875,,2020/05/07,0,中立
營區活動範圍有限，道路較窄小。在道路盡頭處靠近溪邊，晚上溪流聲音會較大，建議不要在溪邊搭帳篷。每區的洗手台位置設計比較不理想。廁所和淋浴間較寬敞，但熱水供應可能不足。,3,1,0,3876,,2020/05/07,0,中立
洗澡時總是要等30分鐘才有熱水，這讓使用洗手間的情況變得有些不方便。,3,1,0,3905,,2022/09/19,0,中立
洗手間和浴室的數量太少了。C、D、E區的浴室分享實在太少，而且即使將熱水調至最高，水溫也只是溫水，沒有熱水。這不僅是我們露營的問題，浴室鎖門的做法也有待商榷。再者，營區跳電是否是由於電力供應申請量不足，一旦有人使用暖氣等高耗電設備就會造成全區斷電？我們是否能在共同協議中制定不使用高耗電設備的規定？另外D區只設置了三個水龍頭，其中兩個位於後部，一個則在廁所前。我們總是需要搶著使用，因為前面的洗手台有熱水，所以大家都會選擇用它，這造成了我們的不便，當我們需要用時，其他區的人也會前來使用。這給我們帶來了很大的不便，甚至上完廣場還要用帶來的茶水來洗手。,3,1,0,3922,,2022/01/03,0,中立
覺得和露友們打招呼很愉快。,3,1,0,3940,,2021/03/20,0,中立
排水系統很不理想，建議雨天不要前往，因為第一次去的時候草地很美，但第二次去時草都沒了，又碰上下雨，整個地方都變成爛泥，是相當糟糕的經驗。,3,1,0,3952,,2020/10/13,0,中立
"1. 特1區房間整潔，但1樓客廳和2樓客廳可以互相通行，這點有點奇怪。
2. 特1區的廚房靠近廁所，時常會有尿味。
3. 其他方面還可以。",3,1,0,3989,,2023/05/08,0,中立
這個營區的老闆很健談熱情，整體來說營區不算大，大多的營位都有五葉松樹可以遮蔭，算是小而美的營區。夏天造訪時可能會有小黑蚊，這點扣分。除了戲水池的清潔度有待加強外，管理方面也需要改善，例如未能嚴格執行晚間11點停止進場的規定，有人在12點還在扎營釘、充氣床墊。在這個營區兩個晚上都遇到部分露營者行為不當，雖然這並非營主的責任，但營區仍有管理的責任，造成了觀感不佳。,3,1,0,3997,,2023/05/08,0,中立
這個營區地方很大，非常寬廣，旁邊還有湖可以欣賞風景。浴室使用時間沒有限制，營區內有不少露營模式可以選擇，像是遮雨篷區、松樹下、還有竹林和碎石區。然而，缺點是浴室較少，冰箱也比較不足。,3,1,0,4019,,2022/05/08,0,中立
老闆客氣，但蚊子太多了，咬了幾天都很癢。,3,1,0,4026,,2022/05/08,0,中立
在I區，由於寒流來襲，空地上擠滿了帳篷（我覺得有點擁擠）。由於沒有人攜帶家用電暖器，整晚跳電好幾次，營地主辦方處理得相當迅速，但半夜跳電時一直到天亮才有電。浴室分為男女各兩間，另外還有男女各一間蹲式廁所。吹風機只能在女生浴室使用，冰箱則只能在浴室旁使用。此外，附近還有河口步道可通往石秀灣。,3,1,0,4027,,2021/05/08,0,中立
"B區不太適合, 因為浴廁太少且容易受到干擾。每個區域的設施應該再增加一些。而且有小蚊子出現，還有跳電的情況，不過五葉松林非常美麗。",3,1,0,4037,,2021/05/08,0,中立
現在是八月，小黑蚊非常猖狂，整天叮咬不停，平均每個人身上有超過20個蚊蟲包，建議大家隨身攜帶強效防蚊液，否則可能會被蚊子纏得像我們一樣，噴了也不怕。,3,1,0,4043,,2021/05/08,0,中立
希望雨棚區能夠擴展一下！,3,1,0,4071,,2019/05/08,0,中立
在營地裡遇到一些困擾，蚊子很多，而且營地正在維修水管，卻沒注意排水問題，造成水管膠的惡臭。特別是在洗澡時，讓人很擔心會不小心喝到帶有水管膠的水。即便向營主反映，得到的回應也只是道歉，並沒有意識到可能造成的嚴重問題。這樣的環境教育仍有待提升，在其他國家可能會引起更嚴重的後果，甚至被告吧。,3,1,0,4081,,2019/05/08,0,中立
廁所是移動廁所，裡面有許多蚊子。,3,1,0,4099,,2018/05/08,0,中立
營地的設施很齊全，還提供免費的地面防水隔板，水槽水量豐富，用電也很方便，廁所浴室保持乾淨，草地很寬廣。但是因為鄰近竹林，小黑蚊比較多，叮咬的情況比較嚴重。,3,1,0,4100,,2018/05/08,0,中立
蚊子很多，夏天最好多加小心保護自己，盡量避免穿短褲。,3,1,0,4178,,2024/03/07,0,中立
這次露營碰到了老闆娘，對我們態度很好。因為我們在禮拜日才去，老闆娘讓我們可以自由選擇營位，因此我給了多一顆星。可惜的是：1. 蒼蠅很多，一不小心就會進到帳篷裡，走出去整個營區都是蒼蠅。2. 螞蟻也非常多，感覺它們會將整個螞蟻窩搬進帳篷裡，帳篷裡面滿是螞蟻。3. 有會飛的蟑螂，在帳篷外飄來飄去。4. 營區的設施可能缺乏照顧，有發霉的地方和生鏽的物品，真的很可惜，要不然應該會很漂亮。5. 營區的燈很少，晚上有點昏暗。營區其實算漂亮的（如果不考慮發霉的部分），有湖岸也有溪流，晚上可以聽著河流聲入睡，感覺還算不錯。,3,1,0,4199,,2023/05/07,0,中立
最初以為離台北很近，看照片覺得不錯且有雨棚應該會很放鬆。恰巧碰到下雨天，雨棚積水，走到廁所時到處都是水坑和泥巴，腳永遠是髒的，這是我露營過最痛苦的一次！再加上蚊蟲很多，但戶外難免吧！建議設施需要更新一下，排水也要改善。若處理得更好，我相信這會是一個很棒的營地！,3,1,0,4217,,2021/05/07,0,中立
小黑蚊非常多，洗澡時熱水不穩定，女廁所馬桶經常會漫出水來。,3,1,0,4228,,2021/05/07,0,中立
這個地方原本是一個魚池，後來改造成了婚攝場地。,3,1,0,4234,,2021/05/07,0,中立
優點是熱水穩定、廁所乾淨；缺點是營地管理者缺乏人情味，並且不巡視。訪客可能需要付額外費用。晚上缺乏路燈，有些區域有危險的坑洞。,3,1,0,4238,,2020/05/07,0,中立
雖然這個地方適合各個年齡層來半日遊，但交通不是很方便。,3,1,0,4266,,2019/05/07,0,中立
我來露營這個營區是受到網路上美麗照片的吸引，但實際到達後感到很失望，因為很多風景看起來都已經老舊破損。你建議營區應該更新網站的相片以避免造成這樣的誤會。,3,1,0,4269,,2019/05/07,0,中立
出來露營，最重要的是要有一個好心情。夥伴在場，空間也足夠，老闆熱情地帶路，晚上可以聽到蟲鳴鳥叫，偶爾能看到螢火蟲點綴夜空。在這靜謐清幽的露營區附近的短程旅程，即使園內的景點可能有些時間的痕跡，但還是很值得。另外，那裡還有一個湖上的鋼琴可以彈奏喲。,3,1,0,4271,,2019/05/07,0,中立
台北近郊的露營地營位以碎石地為主，沿著河岸設有雨棚區，方便在下雨時保持乾燥。水槽設於合適位置方便使用，並由多個營位共同使用。附近有小溪，可供享受戲水樂趣，但需注意將水槽污水處理後再排放到溪中。,3,1,0,4277,,2018/05/07,0,中立
住宿環境整潔，但缺乏路燈有點昏暗。位置稍稍偏遠，需步行至營區取水。,3,1,0,4282,,2018/05/07,0,中立
這個露營地適合親子家庭，有山有水，適合全家大小互相互動，可以燒烤、玩水還可以爬山。,3,1,0,4285,,2018/05/07,0,中立
環境不錯，衛浴設備齊全，唯獨平地露營比較熱…,3,1,0,4290,,2018/05/07,0,中立
營地的設施都看起來有點疏忽，沒有做好維護和更新。,3,1,0,4302,,2017/05/07,0,中立
這家美的冷氣真的太貴了，一台要一千元呢～,3,1,0,4304,,2017/05/07,0,中立
這個營地很棒，但可能有點過於商業化了！,3,1,0,4305,,2017/05/07,0,中立
風景很漂亮，但門票貴了有點可惜！,3,1,0,4308,,2015/05/07,0,中立
環境設備稍微老舊，有點可惜。如果能加強湖周邊的景觀，會更完美。可能因為地處果園附近，有些小黑蚊。,3,1,0,4502,,2017/12/03,0,中立
很遺憾，沒有露天活動。27號中午前就開始下大雨了，打電話詢問後得知無法延期或退費。原本以為下午會停，沒想到雨勢越來越大。等了一會後，決定放棄露天活動，以免搞狼狽。同時也擔心小朋友感冒或濕掉，所以收起露天計畫。儘管花了1000元，但也算是上了一課。天氣不穩定時還是訂雨棚區比較妥善。,3,1,0,4561,,2017/05/29,0,中立
可能是因為下雨的關係，所以景色沒有如預期般美麗，但重點是回家後多了一份紅豆冰，讓人開心！><,3,1,0,4562,,2017/05/28,0,中立
浴廁的地方不錯，但還有改進的空間。,3,1,0,4569,,2017/05/14,0,中立
帳帳相連讓人感到拘束，浴室數量太少造成不方便。,3,1,0,4642,,2016/12/03,0,中立
這個地方的設施很豪華，尤其是廁所和淋浴間，還有乾濕分離設計！整個營區都有雨棚，但周邊地方比較少。可能位於山谷中，風向不定，令人感到不太舒適。營區周邊看起來比較混亂，但有一條庫志溪，可以去釣魚捉蝦。,3,1,0,4708,,2021/05/07,0,中立
營地長和夫人相處融洽，環境清新。,3,1,0,4715,,2021/05/07,0,中立
在溪邊，有山嵐襯托，是一個很適合露營的好地點！,3,1,0,4741,,2019/05/07,0,中立
這個地方搭了雨棚用水泥鋪地，地面上有四個金屬孔，溪流很近，可以在水裡玩。這個營地空間不大，客廳帳區域並沒有顯著規劃。,3,1,0,4754,,2019/05/07,0,中立
環境整潔，但營位空間較小，水龍頭的位置影響了其他人的活動空間。,3,1,0,4846,,2018/09/25,0,中立
11月18日在竹雞區，這個地方的評價並不太好，先被扣掉兩顆星。剩下的三顆星是因為還算可以的草坪和好用的釘子。1. 靠近斜坡的排水管斷裂了並沒有被修理，導致上層洗手台的水直接流到草地上，使得整個帳篷區塊積水。2. 九個營位共用兩間浴室，浴室算是乾淨，但其中一間在週六傍晚就出現熱水器問題，卻沒有人來修理或者標示警示，在寒冷的天氣中洗冷水澡的感覺很糟糕。3. 廚餘桶的擺放方式不太理想，沒有考慮到營地中會有貓狗出沒，果然半夜廚餘桶就被貓打翻了。4. 營位的寬度只有五米，帶有大帳篷的遊客應該要小心進入，視野方面只有老鷹區稍微有一些風景，其他地區都有一些遮擋物，竹雞區更是幾乎看不到什麼，整體而言視野不如旁邊的烏嘎彥獨立區或C區。,3,1,0,4868,,2023/12/08,0,中立
環境很不錯，但浴室數量顯然不足。此外，山路狹窄陡峭，低底盤車輛要小心駕駛。,3,1,0,4929,,2020/05/08,0,中立
路線上有幾段路有交通堵塞，但風景很不錯。,3,1,0,4930,,2020/05/08,0,中立
營地的服務很貼心，廁所和浴室都很乾淨，但數量較少需要排隊等待。建議增加更多廁所和浴室設施，並擴大場地，以便遊客進出更順暢，特別是夜間需注意改善進出的便利性。,3,1,0,5152,,2017/10/23,0,中立
這個營地的路徑很好開，提供了許多親子設施如溜滑梯、腳踏車、籃球、沙坑和泳池，還有冰箱和飲水機。草地活動空間也很大，整體來說，是一個很舒適的營地，營主人也很友善。然而，有幾點需要注意：1.洗澡時間有限，白天沒有熱水。2.放置裝備的空間可能會有壓力。3.適合腳踏車的空間有限。4.撤營時間比較嚴格。5.海拔低，星空美麗，但光害問題需改進。6.A區3帳後到護草墊放置區的距離有些遠。整體來說，這個營地還值得推薦，但裝備放置地點需要改進。希望營主能思考解決辦法。,3,1,0,5231,,2023/12/08,0,中立
優點：設施完善，可容納孩子打棒球和籃球，還有腳踏車、玩沙區、戲水區、飲水機等。營地清潔，營主勤勞且環境整潔，有撤帳開車指導，並注意孩子安全。硬體待改進：女廁所冷水量小且水溫不穩，淋浴間不足，需改進設施。建議選擇季節來，避免風大和小黑蚊騷擾。,3,1,0,5253,,2023/05/08,0,中立
優點：營區海拔不高，開車方便抵達，兒童設施相當豐富，草皮適合小孩遊玩。缺點：遇到非常多的小黑蚊，即使已經噴了防蚊液仍被叮滿腳，從中午到傍晚都有，傍晚還出現大隻的斑蚊，被叮到會很痛，讓人相當害怕。或許下次考慮在冬天來較為適合。,3,1,0,5259,,2022/05/08,0,中立
這個地方對於喜歡開放式聚餐、不怕吵鬧且習慣大雜燴的人來說很適合。相鄰的帳篷位置相當接近，晚上10點前必須保持安靜。營區空間狹小，搭帳篷和搭天幕時需遵守特定規定，否則會受到注意。營區沒有明確的劃分區域，設置營釘時會受到指示。浴室和廁所無法應付週末高峰時段的使用人潮，洗熱水只提供晚上6點到12點，需排隊等候，水壓不穩定。營地插座電壓波動較大，建議夜晚前來是因為晚上10點後大門將上鎖。整體而言，營區清潔衛生維持得很好，適合習慣細心規範的人前來。需要特別留意營地須知及規定，以免不小心觸犯規定而引起問題。,3,1,0,5283,,2021/05/08,0,中立
冬天的電力供應不穩定，需要改善以提供更好的露營品質給露友們。,3,1,0,5284,,2021/05/08,0,中立
在A區和CD區之間有明顯的差異，A區車輛需要停放在停車場，而CD區則可以把車停在帳篷前面，能夠更容易看得到。不過兩者都共用廁所和浴室。如果帳篷全部滿了，洗澡可能需要等很長時間，且在洗澡時可能會感到有點冷。 廁所很乾淨並有拉門，還有提供衛生紙。若選擇CD區靠近尾巴位置時，需要注意要走一段路到達廁所。十二月去還會有些許蒼蠅，很難避免，甚至會有螞蟻侵襲帳篷和車子。建議選擇靠前一點的營位，但營位分配可能不會有帳篷連接到天邊的位置。對小孩來說是個喜歡的地方，有沙坑、籃球場、腳踏車、溜滑梯等。這裡也適合帶小孩到戶外放生。還有提供冰箱和飲水機。建議事先準備好食物和飲品再出發，因為要開車下山約需十幾至二十分鐘才有便利商店711。,3,1,0,5288,,2021/05/08,0,中立
熱水不足24小時，孩子們戲水後洗澡不太方便。,3,1,0,5331,,2023/12/28,0,中立
老闆可以不要這麼緊迫地盯人嗎？感覺很不舒服。,3,1,0,5341,,2022/05/16,0,中立
無法控制鄰居早晨六點割草的噪音是個困擾。建議向老闆提出協調鄰里關係的工作，請求鄰居不要在清晨使用強力機器割草。感受到清晨六點被打擾，難以享受露營樂趣。即便無法避免鄰居清晨割草，應至少了解鄰居農作的時間表，提前通知露營者，割草日期，以便讓露營者可自行考慮承受早晨噪音。反映至老闆後，老闆僅抱怨沒有實際行動。,3,1,0,5353,,2020/11/30,0,中立
主動性有待加強！因為近日大雨，我在出發當天早上就提前聯繫了營地主人，問是否應該勸退露營的計劃。直到晚上七點半才得到回覆說不用前來，但我們已經出發了…草地上的小黑蚊實在太多了，讓我對人生產生了質疑。草地積水嚴重，雖然有提供草地保護墊，但還是泥濘不堪！整個營地的設施，唯獨浴室算是不錯，若能改進排水速度將更完善！,3,1,0,5376,,2019/06/10,0,中立
草很長，但應該修剪一下比較好。如果A區分三層朋友同時到達，搭帳和收帳會變成災難，營位狹小，客廳帳搭完後幾乎無法活動空間。由於車子無法進出，即使事先收拾好也無法離開，停車位和營位距離遠，無法使用推車，全部要靠人力運送，容易造成家庭矛盾。在春夏季節，加上旁邊有果園，蚊蠅非常多。浴室和廁所算是乾淨整潔。垃圾桶只有一邊有入口（但這還好），只是如果帳數增加就會爆裂。下大雨時，草地排水有問題，容易積水。,3,1,0,5426,,2024/05/05,0,中立
11月18日到19日露營的地點環境很棒，只是早上洗澡洗到一半突然變成冷水，差點感冒。我打了三四次電話都沒人接。,3,1,0,5434,,2023/12/08,0,中立
整體來說都相當不錯，唯一的問題就是棧板。,3,1,0,5435,,2023/11/08,0,中立
廁所的設計算不錯，但只有主營地區設有冰箱，C區離B區很遠，不太方便。B區的大草地適合孩子玩水活動並有衛浴設施，但卻沒有冰箱，有些不方便。A區的營位形狀比較狹長，適合小型帳篷，但地面不平整，有坑洞，搭帳篷時需要留心。洗手台有點不夠，預訂網站上寫明有3個洗手台，但卻只有三帳。再者，營區管理人員將我們四個帳篷安排在同一區域。這個季節在附近有很多螢火蟲，但也有許多小黑蚊、螞蟻和大型蜘蛛。白天還會有一些蒼蠅，最令人驚恐的是還有大蟑螂，生態環境非常豐富。,3,1,0,5440,,2023/05/08,0,中立
從香港回來的小哥非常友善和熱情，但每個房客房間的隔音效果都不太好，晚上過了十點後其他房客很吵，即使被多次勸告也無動於衷。業者沒有有效地管理，玩桌遊的大聲喧嘩，喝酒的團體放著音樂並大聲交談...差不多到了凌晨十二點才漸漸安靜下來，終於可以入睡。,3,1,0,5450,,2023/05/08,0,中立
這次帶著一群大人小孩大約20人，透過網路找到這個地方。整體來說，環境不錯，風景優美，廁所也算乾淨，設施很齊全方便使用，而且營主也很熱情。但給三顆星的原因是，讓我們感到困擾的是，有幾位營主的朋友過來打招呼。起初我們只覺得熱情地小聊一下無妨，卻漸漸變得過度，一直跑到我們的營位，不停地邀請我們喝酒聊天，還想找出我們其中一位女生。我們婉拒了卻死纏不休，（已多次表示不方便）離開後不久又回來，最後甚至直接留在我們的營位不肯離去。當時已很晚，還有小朋友在睡覺，這已明顯侵犯了我們的私人空間。我們來這裡是想放鬆享受，為什麼要花錢特意前來而要應對營主的朋友的交際應酬呢？關於你的職業和經歷我們當時並不感興趣，更不用說要耗費時間精力應付。雖然這地方不錯，但這次的經驗讓我們有二訪猶豫。,3,1,0,5468,,2022/05/08,0,中立
抵達時大約是兩點左右，營區主人才剛開始搭租借的帳篷，到了傍晚才成功搭起。最糟糕的是我們睡到半夜發現氣墊床漸漸漏氣，不只一個有這個問題。第一天使用廁所時嗅到濃重的怪味，小孩一直抱怨很臭，等到隔天早上清潔過後情況好了很多。建議在廁所外設置洗手臺，提供洗手乳，尤其在疫情期間非常關鍵！,3,1,0,5477,,2022/05/08,0,中立
人多的時候會很擁擠，建議分區排隊。廁所的外觀不錯，但清潔需要更加努力，附近有個很適合玩耍的長興國小。,3,1,0,5500,,2021/05/08,0,中立
廁所雖然有不少小黑蚊，但整體還算是相當乾淨的。,3,1,0,5519,,2020/05/08,0,中立
一些營位地地勢不平，各帳安排過於拥挤，需要仔細考慮，與照片中所示有所出入。,3,1,0,5524,,2019/05/08,0,中立
環境很好，但是帳數太多，有點擁擠，廁所不夠，D區旁邊的廢水有難聞的味道。早上有隻狗在帳篷附近打鬧，起床後發現有狗來過留下的排泄物，心情都變差了。,3,1,0,5527,,2019/05/08,0,中立
有小沙坑和小水池，好玩的地方,3,1,0,5540,,2018/05/08,0,中立
營地的草皮保持得相當不錯，但營地主人收費有點貴，所以人潮比較多。,3,1,0,5541,,2018/05/08,0,中立
浴廁很乾淨，但值得注意的是現場告知需支付額外搭帳費會讓人感到不悅。優點是浴廁整潔，服務人員態度友善；缺點是帳位間距過近，地面不平整，且需要現場支付多出300元搭帳費，且不能自選帳號。當詢問為何沒有事先告知，卻得到網站不可更改的回應，給人的感覺不佳。,3,1,0,5562,,2023/02/13,0,中立
人數眾多的時候應該加強垃圾處理。,3,1,0,5610,,2019/03/02,0,中立
這個營地的情況確實很吵雜，晚上超過10點仍有露營者大聲聊天、小孩尖叫，加上狗的叫聲從不止。營區管理似乎有所欠缺，讓人感到困擾，還有蚊蟲特別多。,3,1,0,5663,,2018/04/06,0,中立
老闆熱心的對待，但不太擅長聊天，也沒有回訪的習慣。,3,1,0,5719,,2024/04/08,0,中立
湖畔區的美景讓人感到舒適，大樹下的這兩個位置更是絕佳。,3,1,0,5786,,2019/05/08,0,中立
營地的風景不錯，但營位有點擁擠，而且收費也很昂貴，露營一晚要價1500元。,3,1,0,5791,,2019/05/08,0,中立
這個地方的環境還可以，地形分成三層，最上層只有一間浴室，有點不太夠用，二樓雖然空間不大但有四間浴室，與三樓共用。如果有很多人的話，希望垃圾桶能更頻繁地清理一下會更好。,3,1,0,5793,,2019/05/08,0,中立
每個房間都提供棧板，所以睡起來很舒適！一早醒來就能享受美麗的風景！可惜營區較小，不過提供了販賣部，可以補充飲品或生活用品！,3,1,0,5844,,2018/05/08,0,中立
設備無虞，風景不錯，只是收費稍微高一點。,3,1,0,5845,,2017/05/08,0,中立
離開城市，在山上欣賞風景，暫時遠離世俗煩囂，放空心靈為了重新出發！,3,1,0,5968,,2020/05/08,0,中立
前往營地的山路比較難走，要小心開車。但營地風景很漂亮，讓人有種坡度感。,3,1,0,6031,,2021/04/26,0,中立
場地舒適，雨棚設置得很好，前方空地不小。營主的狗狗和貓咪很親人，超可愛。但小黑蚊實在是太多了，近20位大人和小孩都無一幸免。要想辦法解決才行，或許天涼點再來會比較適合。,3,1,0,6072,,2023/08/08,0,中立
這個櫻花區共有五個帳篷，但僅設有一間廁所和兩個洗手台。其中一個洗手台已顯老舊，使用起來有些不方便。小黑蚊比較多，但營主會提供大隻的蚊香。洗手台以外，如果需要冰箱，必須前往對面營區的營本部使用。營本部冰箱是營主私人的，內有許多食物，味道像是阿嬤家的冰箱。建議有冰箱需求的客人自備冰箱。偶遇營主朋友上山喝酒，冰箱兩箱啤酒擠滿了，還一直唱歌到晚上十點，氣氛很熱鬧。營區也有親人的貓狗，溫馴不怕小孩，步行四分鐘有涼爽的溪水可供戲水。營主太太也友善地提醒可以攜帶蚊香到溪邊。總括而言，場地較小，設備需要加強，但自然環境不錯。,3,1,0,6092,,2023/05/08,0,中立
營地內的情況並不理想，有許多小黑蚊和蒼蠅，再加上大雨，造成整個營地被淹泡。地面滿是泥巴，非常不舒適。洗澡和上廁所的空間不足，只有一間設施可供使用，導致五個營位的人需要排隊等候，這也增加了電源供應的風險。,3,1,0,6093,,2023/05/08,0,中立
營主夫婦人非常親切，對於任何需求都會即時幫忙，這點真的很讚。另外，離老街很近，露營完還可以去老街逛逛找吃的，相當輕鬆舒適。但營區也有幾個問題： 1. 浴廁都在同一個地方，且幾個區域共用一個區域的浴廁，所以上廁所要等待。 2. 營區有養貓，貓經常跑到營位，甚至跳上餐桌，有時咬營帳。因為不怕人，很難趕走！甚至聽到有露友半夜尖叫說貓在咬帳篷拉鍊。 3. 半夜沒有路燈，所以到了深夜兩三點，仍有許多露友走來走去、探險、聊天！建議能開關部分路燈，設置簡單管制會更好。 4. 水槽不夠，跟浴廁一樣問題，洗碗洗菜都要排隊，煮食時間更是卡住。,3,1,0,6105,,2022/05/08,0,中立
這個露營區的設施真的不盡如人意，雨棚區場地狹小且沒有照明，洗澡水壓不穩，容易把衣服弄濕。浴廁全部使用鐵皮搭建，洗澡的時候還要忍受隔壁房間的異味，相當令人感到噁心。此外，五帳篷只有兩個洗手枱供使用，而且收費高達$1200，明顯過於昂貴。相同價位的營區，景色和設施都比這裡好太多了。,3,1,0,6114,,2021/05/08,0,中立
有點宽敞，太稀疏，露营地有点小。,3,1,0,6133,,2019/05/08,0,中立
進入營區時，第一眼看到陡峭的坡地讓我擔心起家裡的小黑，但老闆娘非常親切地介紹，並告訴我晚上可以看到許多螢火蟲。當天晚上關燈後果然看到了許多螢火蟲，可惜沒有拍照留念。營區以梯田的方式分區，每區都不算太大，設有一間廁所和浴室，插座的數量也不多。然而，我比較不滿意的是蒼蠅比較多，風景方面還可以，唯一亮點是營區下方有一條溪流可供小孩玩水，水質很清澈，安全性也很高。在那裡小孩可以玩上半天，但老實說，我不是特別推薦這個營區。,3,1,0,6143,,2018/05/08,0,中立
廁所和浴室是合併在一起的，所以...晚上洗澡時要排隊等候上廁所的人。,3,1,0,6146,,2018/05/08,0,中立
各地區的分佈情況良好，只是出租的帳篷未包含鋁箔墊。,3,1,0,6148,,2018/05/08,0,中立
雅房或許不太適合想要輕裝露營的家庭，可能有些失望。,3,1,0,6214,,2019/10/21,0,中立
場地環境還可以，有些狗喜歡追人。草地狀況還不錯，路況也順暢，但主辦者缺乏互動，要注意有些狗會追人的情況喔！,3,1,0,6217,,2019/09/17,0,中立
廁所需要改善！1.最好將廁所和沐浴區分開，不然會感覺很髒！2.網路上的浴廁配置圖和實際情況略有落差，實際的廁所間數較少，10-11個房客要共用兩間浴廁。讓人快要發瘋！3.營區的規劃有待加強，因為每次要到營地主辦處取物品幾乎都要穿過其他營位（我在訂五葉松區）。不經過其他營位直接從五葉松走，坡度太陡加上階梯做得不好，小孩經常在那裡摔倒受傷。4.碰到一些無品味的露友，連續兩天都在唱卡拉OK！5.營區位置還不錯，離附近景點都很近。,3,1,0,6230,,2019/01/07,0,中立
老闆很周到，場地維護良好，草皮也美麗。老闆主動提供蚊香，關心客人。場地以小包區為主，景色較少，衛浴設施普通。但半夜可能有狗來翻垃圾，整晚狗叫聲不斷。,3,1,0,6245,,2018/11/26,0,中立
小區獨具特色，是一個放鬆的好去處。,3,1,0,6266,,2017/08/21,0,中立
我們這個地區的包廂有點問題，浴室的水量和水溫都不穩定，希望能夠改善一下。,3,1,0,6267,,2017/07/23,0,中立
這家店的服務很親切 且周到。老闆娘們都很友善，服務態度也很好。,3,1,0,6284,,2017/03/12,0,中立
在制高點的沿路上，雲霧在身旁飄移，然而森林區的地勢較為平坦，帳篷只能橫著架設，無法直接面向風景，需要看著別人的帳篷。地面有些斜坡。夜景區的景色很美，但人潮過於擁擠，帳篷也只能橫著放置，與旁邊的帳篷相距很近，無法直接從帳篷內看向外面。浴室的照明不足，昏暗，熱水夠熱但水壓不穩定。如果不是因為人潮太多的話，可以考慮選擇夜景區，否則下次可能不會再來。老闆娘的態度很好，這是一個加分的地方。,3,1,0,6335,,2022/05/09,0,中立
森林地區的景色不錯，可以遠眺關西的夜景。不過近來東北季風增強，這裡的風比較大，並沒有浴室。建議可以帶一個來用。,3,1,0,6340,,2022/05/09,0,中立
Google 地圖上顯示可以到達竹62，但不巧大門被封鎖了，也不確定是否另有通道。,3,1,0,6354,,2021/05/09,0,中立
高地盤的道路狀況並不理想，適合開越野車，但風景和夜景卻非常美麗。,3,1,0,6373,,2020/05/09,0,中立
這個地方沒有什麼風景，地面都是石子鋪成的，也沒有提供草坪或護墊。老闆的態度很親切，但我覺得員工常常愛唠叨...,3,1,0,6634,,2021/05/09,0,中立
營區的最大優勢就是旁邊有溪流和環境清幽！每一區都擁有超好的風景！不過營位偏小，帳篷相連到天邊！造成人們覺得擁擠且不舒服！建議每區應該再少一個帳篷才是最理想的～,3,1,0,6665,,2020/05/09,0,中立
老闆很熱心，浴廁很乾淨，腹地不大。,3,1,0,6667,,2020/05/09,0,中立
四月是個適合的時候，可以邀請朋友家人一起來欣賞螢火蟲並露營。,3,1,0,6678,,2019/05/09,0,中立
"優點：D區場地寬敞，座落在樹蔭下，不用搭帳篷也可以避免曬到陽光，非常方便。
缺點：環境整理有待加強，水槽極其骯髒，廁所內留有許多蜘蛛網，看起來已經很久沒有打掃了。營區和廁所門口的洗手槽上有非常多的蟑螂，而且是那種很大隻而且會飛的，衛生狀況確實有待改善。",2,1,-1,1,,2024/05/06,0,負向
廁所的清潔工作沒有固定的時間，所以有點臭。風扇表現不佳，比起飯店的乾熱停電情況更常見。淋浴時熱水突然中斷也常有發生，而且水溫不夠。冰箱的空間不足以擺放太多東西。洗手台歪斜，無法使用。,2,1,-1,16,,2023/12/06,0,負向
這個營地的衛生狀況很糟糕，雨天時積水很大，草地變成泥濘，而且沒有照明到廁所，環境很糟糕。冰箱也不乾淨。這個營地一直都有這些問題，但營主似乎沒有改善。在中秋連假期間，除了看到一個老人在打掃外，其他人力明顯不足。由於這些問題，我不會再去那裡了。,2,1,-1,21,,2023/11/06,0,負向
這句話的意思是：有一些人在進行10月8日的萬聖節活動時扮演《鬼滅之刃》的女生角色，環境還可以，但人員的態度需要改善。他們對於被問到問題時非常不耐煩，如果不是有小朋友在場的話，他會當場表示不高興的情緒。,1,1,-1,22,,2023/11/06,0,負向
營區照明較暗，中午抵達時廁所已經十分骯髒，直到晚上十點仍未有改善！垃圾桶滿溢，衛生紙四處飄落，馬桶骯髒不堪，幾乎每間廁所都讓人感到恐懼…,1,1,-1,36,,2023/05/06,0,負向
露營環境有點惡劣，建議不適合太嘈音或不擁有基本禮貌的人前往。,2,1,-1,38,,2023/05/06,0,負向
營區應該是規定22:00後要降低音量的吧？怎麼還有一群人在半夜兩點還在彈吉他、喧囂不休卻沒有任何管理呢？難道不顧其他人的休息時間嗎？,1,1,-1,45,,2023/05/06,0,負向
廁所氣味難聞，好像已經三天兩夜沒有清潔過了，衛生紙都用完了卻沒有補充，環境雖然優美，可惜卻擁擠到無法進入帳篷或車內。,2,1,-1,46,,2023/05/06,0,負向
這個地方雖然很寬敞，但F區真的不太好。為什麼要在旁邊放加壓機，還有人搭帳篷的規劃呢？24小時都在轟轟轟地噪音，停了也只是瞬間，馬上就又開始噪音了。根本讓人無法好好入睡啊~~~~,1,1,-1,50,,2023/05/06,0,負向
營區的環境很美，佔地很大，空間足夠，但因為入住人數眾多，使得廁所不足且髒亂。希望能加強清潔頻率，補充衛生紙。浴室也明顯不足，倒數第二間沒熱水，水溫及水壓不穩定，排水系統不良導致淹水。最無法接受的是，垃圾被直接當地焚燒。這樣的狀況可以適用嗎？,1,1,-1,68,,2023/05/06,0,負向
服務經歷真是糟糕！在假日人潮眾多時洗澡，沒有熱水的情況可以理解，我們可以等待！告知老闆後，對方卻說沒有瓦斯，並要求換了瓦斯後再重新開啟熱水。脫光身上的衣服，身上抹滿沐浴露，而且在山上寒冷的環境中等待了整整20分鐘！最後仍然沒有熱水？？？ 我只是好奇瓦斯去哪裡了？實在太誇張了！這種服務讓我決定再也不會光臨了！,1,1,-1,96,,2022/05/06,0,負向
廁所太多，清潔狀況糟糕，熱水供應不穩定，建議不要住在這裡。,2,1,-1,106,,2022/05/06,0,負向
這段露營經歷真是太糟糕了！從初三到初五連續三天都淌著爛泥，讓人苦不堪言啊！而且上廁所的路途沒有路燈，走去也是踩著爛泥，回帳篷也是一樣。排水系統不夠完善，即使雨沒下很大，地上還是能看見積滿雨水的地方。另外還經常跳電，熱水也不夠熱，這真是讓人難以忘懷的露營經歷啊！,1,1,-1,108,,2022/05/06,0,負向
廁所跟浴室在同一個房間，洗澡時可能會聞到馬桶的味道，且洗手盆也有嚴重的問題。,2,1,-1,112,,2022/05/06,0,負向
房間雖然不太乾淨，但春節價格很優惠。,2,1,-1,114,,2022/05/06,0,負向
這個地方真是不怎麼好，第一天沒熱水洗澡，第二天還斷電，看來營主賺了不少啊。,1,1,-1,118,,2022/05/06,0,負向
營區環境非常舒適，有溪水和螢火蟲，不過聽說一年前有人反映浴室水溫忽冷忽熱，今天卻一直保持恆溫，因為全程只有冷水沒有熱水，實在令人有些失望。,2,1,-1,148,,2021/05/06,0,負向
營區地點雖然很大，但規劃過於密集，導致缺乏活動空間。活動區域缺乏樹蔭，容易過熱，洗澡需要排隊，並且在高峰時期人潮眾多，容易不便。雖然有螢火蟲和溪水可以玩，但比這裡更好的露營區還有很多。,2,1,-1,149,,2021/05/06,0,負向
建議營主在晚間十點之後規定降低音量，因為遇到隔壁房間的人半夜十二點還在大聲聊天。雖然有向他們反應讓他們稍微變小聲，但不久後他們又放肆起來。其中一位一直在自誇業績成長了好幾倍，要求其他人多學習，這讓人覺得非常吵雜。,1,1,-1,176,,2021/05/06,0,負向
浴室數量不夠，洗澡水溫忽冷忽熱，浴室排水不暢，地板有太多碎石，洗碗槽不夠多。,1,1,-1,190,,2020/05/06,0,負向
這個營地設施很不好，廁所很髒，洗澡的地方只有一間有熱水，價格卻要收1200。,1,1,-1,204,,2020/05/06,0,負向
這個露營區真的糟糕透了，沒有熱水可以洗澡，廁所又髒又臭。還要收1200，根本不值得，完全沒有提供小朋友玩耍的地方。我對這個地方印象很差，再也不想去了，真的是個雷區。,1,1,-1,205,,2020/05/06,0,負向
排水狀況不佳，下雨後草地變得泥濘。,2,1,-1,207,,2019/05/06,0,負向
熱水不太穩定，我不建議使用。,1,1,-1,209,,2019/05/06,0,負向
營區有規定不能唱卡拉ok或使用高音量音響，但我們遇到了這樣的情況。有人唱歌唱到晚上11點，其他區域卻仿效接著播放音樂。此外，營區外還有施放臭肥，散發出難聞的氣味，吸引了許多蒼蠅。雖然晚上有提供桂圓銀耳甜湯，但還是希望營主能制止這樣的情況，以免損害營地的聲譽。,2,1,-1,279,,2024/04/06,0,負向
"1. 營主很熱心，在這樣炎熱的天氣裡，送來了清涼透心的點心。  
2. 營主也很專業，聲稱有很多黑蚊子，但我們前三名的捕獲數字卻只有34、33、19，讓我很好奇在老闆的眼中認為哪個數字才算多。  
3. 廁所一共有四間，都很乾淨又寬敞，不過如果怕小昆蟲或寵物的話要特別留意。  
4. 愛釣魚的朋友請小心，釣到的魚要放好，因為老闆會通過監視器監控，看你有沒有私藏他的魚。與其呼叫老闆，其實只要在監視器前面揮揮手，他就會立刻前來。感謝這個一次性露營區讓我創下被黑蚊叮咬的紀錄。",1,1,-1,334,,2023/05/06,0,負向
雖然螞蟻繁殖期間數量眾多，但沒有提前告知，導致露營體驗受到影響。,1,1,-1,373,,2021/05/06,0,負向
這個營區的環境真的很糟糕，不建議夏天再去，下午常常會下雷陣雨造成排水問題，泥濘的路面也會讓露營心情受影響，必須予以改善。,1,1,-1,375,,2021/05/06,0,負向
洩水道旁並不是一個好的選擇來設置草地營地，因為大雨時可能會有一條水溝在附近，我建議營主應該重新考慮是否將營地設置在排水系統旁邊是否更為理想。,2,1,-1,376,,2021/05/06,0,負向
露營60天，我第一次遇到這樣特別的營地。雨棚就搭在營主的家門口，營主一家人經常從旁邊進出，真的很缺乏隱私。明明租了營位，卻無法把帳篷搭滿，還要留出一條通道給他們進出，導致搭帳空間被壓縮，實在有點不方便！,1,1,-1,417,,2024/04/03,0,負向
在園區放置捕獸夾可能涉及違法行為！帶寵物前往的人要小心。,1,1,-1,467,,2024/02/06,0,負向
這個地方實在讓人感到不滿，以後應該不會再來了。每年跨年大家都希望過得開心，但這裡卻不允許這個、不允許那個，好像什麼都要受到法律約束一樣。我們來這裡難道是要花錢來睡覺的嗎？只給你六顆星，這一顆星已經夠多了。,1,1,-1,468,,2024/01/06,0,負向
因為颱風即將來臨，導致營地取消雙十連假的帳篷訂單，被扣訂金60%，我認為這是合理的。然而，營地不給退租借裝備的費用，竟然表示是因為請了廠商代訂，實際上裝備一直在營地倉庫內，不合理。詢問營主淹水情況處理方式，但得到模稜兩可的回覆。營地淹水現象無法否認，建議在訂位前多了解營地評論，以免意外發生。,1,1,-1,475,,2023/10/06,0,負向
在露營地，沒有提供垃圾桶，需要將垃圾帶到廁所外面的垃圾桶丟棄。營主沒有提前告知季風問題，強風導致帳篷和炊事帳被損壞。地板是石頭，難以釘營釘，並且可能是連假時電力不足。打算去露營的朋友們請多加考慮！,1,1,-1,482,,2023/05/06,0,負向
這次露營的營地設施乾淨，尤其衛浴清理打掃積極，但其他方面都不盡如人意。地面碎石太硬，難以釘營釘且容易折損，且缺乏護草墊。垃圾桶和廚餘桶位置不便，需要走很遠。營位的階梯邊坡又陡又沒有護欄，對小朋友非常危險。在半夜溫度接近零度時，營區竟然停電多次，營主要求賠償卻沒有合理解釋。服務態度差，導致小朋友感冒，這樣的營區實在適合找虐的人，絕對是黑名單營地。,1,1,-1,486,,2023/05/06,0,負向
"1. 老板一開始很客氣，但當付款後他的態度就完全轉變了。當我告訴他我的露友家人臨時離世，說無法前往露營，他不斷催促我提供證明才能退款。我能理解他需要相關資料，但訃聞不是當天就會有的，也沒有人會拿這種事開玩笑。
2. 當我們到達露營區時，已經花了兩個小時才把帳篷搭好，但營主已經來收尾款，讓人感覺很差。
3. 我們租借的床墊有漏氣問題，我們換了一個還是漏氣。當我們向營主反映時，他管理不當還生氣地說：「知道會漏氣就不要租！」
4. 垃圾桶離露營區很遠。
5. 熱水器的水溫不夠熱，我們建議冬天不要前來露營。",1,1,-1,487,,2023/05/06,0,負向
對於裝備不足的露營友們來說，這是一個非常不推薦的經歷。因為朋友租的充氣床一直漏氣，所以半夜不得不打給營地主人。儘管營地主人有過來換新的充氣床，但他們的態度和口氣相當惡劣。即便換了新的床仍然漏氣，最後全家人只好睡在硬硬的地面上。關於付款問題，營地主人一會要我們收費，一會又說不用收費，態度反覆並且惡劣。最終，他直接告訴我們不要再來了。這是我第一次遇到如此糟糕的經驗，必須跟其他裝備不足的露營友們分享這個糟糕的遭遇。,1,1,-1,489,,2023/05/06,0,負向
營區冰箱存在漏電問題，可能造成危險。營主處理問題的態度消極，且表現出不友善的態度。,1,1,-1,490,,2023/05/06,0,負向
"1. 我借的氣墊床有問題，找營區主管來換床時他態度惡劣，也沒解決問題，整晚睡在硬石地板上，經驗糟透了。
2. 早上結帳時，營區員工說租借的帳篷和客廳帳不用還，因為下雨要讓設備曬乾，過了一陣子營區主管過來說要還設備，向他解釋之前員工說不用還，營區主管表示他是老板他說了算，離開了，我們開始收拾設備，過了一會兒他又回來說『所以你們不用還嗎？』我們正在整理裝備時覺得十分困擾... 這營區是怎麼了？這次體驗太差，以後不會再來了。",1,1,-1,491,,2023/05/06,0,負向
這次帶團露營真的讓我有些不開心。營地下雨積水，我跟營主反應後，他只會找藉口說尖石營地就是這樣。營釘都打歪了幾支，還沒有垃圾桶，垃圾得自己提到廁所去丟。晚上貓咪把我整理好的垃圾袋咬破，垃圾滿地，一早營主看到就生氣要我立刻清理。我才剛發現垃圾被亂弄，覺得非常無奈，好像是我們隨意亂丟垃圾。不到中午十二點就一直說我們花了太久收拾，但我們有繳過營地費，時間也還沒到，為什麼這樣呢？難道營主能夠隨意更改時間收費嗎？總之，真心不推薦這個營地。儘管營區風景美，但營主的態度不友善，還有營地的種種問題。我希望跟我一樣注重露營開心的人，別花錢買氣受。只能給一顆星星，至少營區風景不錯。我們離開時留下的垃圾也沒亂丟，這是作為戶外人應有的品格。,1,1,-1,492,,2023/05/06,0,負向
"1. 搭帳的時候很難下釘，許多釘子都敲壞了。
2. 丟垃圾必須走到浴室才能找到垃圾桶可以丟。
3. 廁所除了當天清潔過後乾淨，隔天就開始變得骯髒，似乎沒有維持清潔，而且廁所缺乏衛生紙後也沒有補充。
4. 排水系統非常差，下大雨時雨水直接沖進帳篷，無法排走水。",2,1,-1,498,,2023/05/06,0,負向
原本要參加萬聖節走秀，卻突然遇到大雨，變成摸蜊仔和洗衣服的體驗。帳篷擋雨效果不佳，宛如漂浮在河面上。大家只能用土法煉鋼與挖水道來對抗積水，但似乎無濟於事。雖然比不上北部暴雨，最後我們決定在雨中拆帳篷。心慌慌地擔心會下到深夜，家人在半夜驚醒得更恐慌。不過在雨前，體驗還算不錯。哦，對了，營釘打得很困難（可能是因為我工具太差，力氣不夠）。,2,1,-1,499,,2023/05/06,0,負向
雨天時排水不良容易造成積水，想要學習挖溝技能的話可以趁著雨天來練習！記得先買好鏟子。,1,1,-1,500,,2023/05/06,0,負向
營區的排水系統出了問題，導致泥水淹滿了帳篷裡，無法繼續露營。其他地方都是乾燥通透的，這裡卻像是提早遇到了豪雨。原來露營真的應該要帶把鏟子啊！,1,1,-1,501,,2023/05/06,0,負向
上週去了一個親子露營，帳篷在下雨後都淹水了。營地沒有排水系統，活動主也無法釐清積水問題，小朋友無法參與活動。最後大家只能決定撤營，浪費了一千五百元。,1,1,-1,502,,2023/05/06,0,負向
這個營地停車方便是優點，但排水情況不佳且沒有提供草坪保護墊確實是一個嚴重的問題。特別是梯田式地形下面的營位更加不堪，我們這次遇到大雨時，完全無法排水，短短三分鐘就讓帳篷淹水。整個區域都變成小河，露營的朋友們不得不自己挖溝來救援帳篷。這是我第一次露營時就在當晚被迫撤營回家，經歷相當誇張，絕對不推薦在下雨天前往的營地。,1,1,-1,503,,2023/05/06,0,負向
在這裡若下雨時就要小心，因為營地容易積水並可能導致帳篷內進水。另外，可能有些淋浴間沒有熱水供應。,1,1,-1,504,,2023/05/06,0,負向
場地的排水出了問題，導致嚴重的積水情況，經過反映後卻沒人理會，只好自己謀求解決。,1,1,-1,505,,2023/05/06,0,負向
茄苳D區排水問題嚴重，第一次下雨時因積水導致撤營（後來整區的露營友也都撤營），營地是草皮和石頭混合，底層的石頭較大，雨天時要多注意避免困難。,1,1,-1,506,,2023/05/06,0,負向
地面排水不良，導致地面不平整，未種植護草，造成積水問題，對此商家反應消極。,1,1,-1,507,,2023/05/06,0,負向
我們在4/30到5/2這三天兩夜第一次參加學校的露營活動。我們使用登山野營帳篷，在搭建帳篷時遇到很多小石頭，營釘插得不穩，與營區的工作人員借了鐵錘。詢問營地工作人員如何在滿是小石頭的草地上敲入營釘。有一位女生工作人員和男生（不知道是不是老闆）說讓我們多換位置（但態度不是很友善）。第二天我們去爬山回到營地時想洗個熱水澡。洗澡時一開始還有熱水，後來洗頭後再開水只有冰水（當時的溫度只有13度），所以我在13度的天氣裡洗了冷水澡。這是我生平第一次的體驗。回到家後才發現雨傘忘記在他們入口處的長凳上，便打電話詢問，接電話的是一位男士，他告訴我營地沒有我遺留的東西⋯⋯ 我覺得他們不太樂意麻煩，如果有需要不要找他們。這次露營經驗總結起來不算太好。,1,1,-1,517,,2023/05/06,0,負向
在4/30的週末連假，我和一大群朋友一起露營三天兩夜。剛到營地時，覺得環境還算不錯，浴廁也算乾淨。雖然後來遇到好幾次跳電和冷熱水問題，但我們都沒有發牢騷。然而，最後一天營主在中午12點臨時通知我們必須在1點前離開，這件事之前完全沒有提過。當時正下著大雨，我們只好趕緊收拾。大約12:40，有位男性再次冷淡通知我們必須在1點前離開，甚至有朋友被罵要趕快收拾。有幾位朋友因雨天臨時跟營主租了帳篷或客廳，然而由於我們同時也跟其他廠商租了帳篷，其他廠商會直接來收拾，我們不需要處理。朋友們忽略了必須自行處理的事情，結果離開後收到營地打來的責罵電話，威脅說不回來就報警處理。朋友們感到抱歉，趕緊返回處理，但也不理解營地為何如此不友善。很多事情都是雙方共同的，遇到水電問題我們忍耐一下就行，解決後就好；若有疏忽，只要營主提醒一聲，我們都會盡力合作，沒有必要如此刻薄。營地環境不錯，可惜經營者的態度讓我們失去對此地的喜好。,1,1,-1,520,,2022/05/06,0,負向
老闆態度很差，而且浴室沒有熱水。,1,1,-1,521,,2022/05/06,0,負向
水溫變化極端，只有極熱和極冷可以調整，常常停電。,1,1,-1,523,,2022/05/06,0,負向
老闆說話相當刻薄，遇到停電和浴室水溫不穩時至服務中心詢問事宜，卻遭到嘲諷。進入營地的路上石塊落下，相當危險。,1,1,-1,524,,2022/05/06,0,負向
在這個旅館住了三天兩夜，洗澡時總是只有低溫的熱水，讓小孩寒冷到發抖。老闆不知道在忙什麼，還有不能直接駕駛車輛前往預定的地點。當客人詢問時，他的態度十分凶悍，甚至問：「你是哪位？」服務態度根本是零，連收錢時也態度傲慢，簡直讓人印象極差。建議大家不要選擇這家旅館，尖石好多了。,1,1,-1,525,,2022/05/06,0,負向
廁所浴室的數量有些不足夠，因為四個區域共用的四間浴室和四間廁所可能會造成洗澡或早晨使用時需要等待一段時間；另外，熱水供應可能不夠穩定，會出現時冷時熱的情況；此外，主人的態度也讓人感到不悅。,1,1,-1,529,,2022/05/06,0,負向
營地主人態度很惡劣，並且還說要趕客人下山。,1,1,-1,530,,2022/05/06,0,負向
營地老闆的態度非常差，建議不要去，明明還有空車位，為什麼還要不停地請人離開？真是搞不懂。,1,1,-1,531,,2022/05/06,0,負向
去了三天兩夜跨年，但熱水一直不足且不穩定。和房東女兒反映後感覺沒有改善，回應也冷淡。廁所雖然有打掃，但其中一天很髒，讓人印象不佳，真是可惜。每個區域都滿滿的。,1,1,-1,532,,2022/05/06,0,負向
場地草皮規劃得很不錯，但熱水供應沒有很穩定，享受了8度的冷水淋浴，真的有點冷！,2,1,-1,534,,2022/05/06,0,負向
這周我們去露營，租了露營區的帳篷和客廳帳篷。其中一頂客廳帳篷不防水，嚴重滲水。下午四點我們請老闆來檢查，但工作人員直到晚上七點雨停才來。他們只是擦了一遍裡布，檢查沒有任何破洞，就準備離開。我們強調問題是防水處理失效，因為另一頂沒有滲水問題，要求更換。老闆卻堅持這是正常現象，客廳帳篷內部就是會滴水，態度強硬且輕蔑，完全不理會客人的反應，堅持自己的觀點，甚至表現出嫌錢難賺的態度。看了過往的評論後發現處理問題的方式與我們這次的經驗相似，不小心就習慣了這樣的老闆。露營區風景優美，但遇到問題時讓人心累。,1,1,-1,538,,2022/05/06,0,負向
營地的整理狀況不錯，但管理人員的服務態度非常糟糕。當我到達時，發現冰箱擠滿了東西，付尾款時提及了這個問題，建議將冰箱進行分區，但管理人員回答說無法做出改變，還建議我們提早到達。所有區域都沒有垃圾桶，我們需要自己整理，他們聲稱人手不足，詢問我有什麼建議。,1,1,-1,548,,2022/05/06,0,負向
這次露營經驗並不如預期，帳篷設置困難，風勢大到影響睡眠品質，也有浴廁設備問題，對營地環境不滿意，無法推薦給朋友。,1,1,-1,554,,2021/05/06,0,負向
營區內有太多電器使用導致半夜斷電，早上9點才恢復供電。廁所不太乾淨，還有許多蜜蜂。,1,1,-1,561,,2021/05/06,0,負向
印象尖石營地讓我印象最差，第一次也是最後一次去，地板非常硬，釘子敲到手都發軟，營地空間極小，營主還不斷地超收人數，帳篷擁擠排列，貼得密密麻麻，看不到盡頭。還沒有提供理想的停車位，大家亂停亂搭，每個區域至少有40個帳篷位，要共用一台冰箱和8間浴室。,1,1,-1,572,,2021/05/06,0,負向
洗澡時水溫不穩定，唯一好處是還能夠裝水。小孩被熱水燙到哭了起來。,1,1,-1,579,,2021/05/06,0,負向
營地地面有很多石頭，所以釘營釘十分困難，大風時可能會把營釘吹走，所以下次應該考慮選擇其他地方。,1,1,-1,584,,2020/05/06,0,負向
說好要保留好的位置，到達目的地後卻被告知沒有預留，感覺很不好，不過在結帳時有道歉，浴室的花灑突然爆開，水到處亂噴，不過小孩的遊樂設施很棒。,1,1,-1,593,,2020/05/06,0,負向
營區地面都是石頭，一般的釘子根本插不進去，晚上還會沒熱水，洗澡洗到一半快冷死了。,1,1,-1,597,,2020/05/06,0,負向
車在快抵達目的地之前，卻遇到了無法通過的山路。,1,1,-1,624,,2019/05/06,0,負向
營地位於山區腰間，受到季風影響，可能產生特別強烈的奇怪風。營地負責人應該瞭解當地地形特徵並提供協助，因為在這裡已經連續兩次發生帳篷支柱被風吹斷，導致夜晚慌忙離去的情況。,2,1,-1,765,,2017/11/21,0,負向
假日放鬆的最佳選擇，就是到一個能觀賞夕陽的露營地享受時光。,1,1,-1,813,,2017/05/02,0,負向
這個露營地不適合想要享受高品質露營經驗的人，因為管理方式不當，禁止卡拉OK的規定也被忽略了。建議尋找其他地方。,1,1,-1,1263,,2023/11/07,0,負向
公告上明明寫著禁止唱卡拉OK，但卻任由某個區域的露營地晚上唱出超級難聽的噪音。其他人為何還要遵守規定呢？,1,1,-1,1264,,2023/11/07,0,負向
和露營地主人的朋友在同一區露營，起初覺得露營地主人很友善、很親切，但最後一天我們在打包東西的時候，露營地的員工也一起幫忙收拾，將我們的洗碗精和菜瓜布誤放進垃圾桶裡去了。一開始詢問員工，他直接否認拿走，直到我們向露營地主人求援，員工才去垃圾桶找回洗碗精才給我們。大家都在忙著整理露營用品，員工卻一直在旁邊盯著收拾！有時候收拾稍晚一點並不表示不需要該物品。另外，我們的一條延長線差點被丟掉，詢問員工都說沒有動過，找了卻找不到，最後只好請露營地主人幫忙才在共用空間找到。還好當場發現哪些物品遺失了，要是不知情或忘記的話，后果不堪設想。另外，在玩水區域接近廁所和營地主部附近，總是能聞到濃厚的二手菸味，帶小孩去玩水的家長要特別注意。露營地的朋友帶狗一同露營，狗主人的行為真的很讓人無法接受，讓自家寵物亂便在別人的營地，也沒有清理。此外，還得忍受他們刺耳的歌聲和喧囂的笑聲，直到半夜12點才安靜下來。,1,1,-1,1288,,2023/06/07,0,負向
玩水很有趣，但是在營地附近一直聞到有人在抽菸，味道很難聞！,1,1,-1,1289,,2023/06/07,0,負向
最後一天在收拾東西的時候，營地雇用的工作人員也在我們的營區一起收拾，我們還沒離開場地耶！真是超級扯！他們把我們的洗碗液和擦布都丟掉了；連延長線也沒放過，拔起來移到露營的營地主人朋友群旁邊，一開始問工作人員時，他還直接否認說沒有拿，直到我們找營地主人要求回東西，工作人員才去垃圾桶撿回洗碗液給我們，但延長線還是不肯承認！！大家正在忙著收拾東西離開營地，工作人員卻跟在後面收拾！有時候收拾稍晚並不代表不需要，為什麼要亂動別人的東西，這樣沒有水準，也缺乏教養。在水區附近廁所的營地本部，總是可以聞到濃烈的煙味，還叫每個人都去聞那煙味！營地主人的朋友帶著狗去露營，讓自家寵物亂拉在別人的營區，卻不清理，這樣缺乏品德！也缺乏教養。這次真的很倒霉，和營地主人的朋友在同一區，不得不忍受他們難聽的音樂和吵雜的聲音，一直到深夜12點。,1,1,-1,1290,,2023/06/07,0,負向
聽說新的營區管理者接手後，在C區進行了一次水測試，當打開車門時，就能聞到一股腐爛泥土的味道。在6月25日至26日，這個區域下了約100毫米的豪大雨，結果整個C區地面全部積滿了水，水不會消退，直接變成了爛泥坑。踩在地上就會沾滿爛泥，拖鞋會直接黏住，小朋友經常滑倒。營區的營主和老闆娘為了解決問題，將全區的護草墊都搬到了C區。這是我第一次露營，在小包區鋪了26片護草墊後下雨後去A、B、D區一看，完全沒有積水。而C區的水則約積了5公分左右。營主答應我們會改善，當然如果真的改善了，我會再多給5顆星評價的。,2,1,-1,1348,,2023/05/07,0,負向
淋浴時熱水不穩定，輪流變熱變冷，讓人感到非常不舒服。還有使用過的衛生棉被黏在淋浴間，真的讓人感到困擾。,1,1,-1,1379,,2022/05/07,0,負向
錢不是問題，關鍵是我包下的區域。廁所沒有整理，兩間牆壁上黏著女生用過的衛生棉。另外，一間沒有熱水，另一間熱水調不了溫度。,1,1,-1,1381,,2022/05/07,0,負向
網友提到的情況令人感到困擾！營地環境髒亂，蒼蠅和蚊蟲很多，下山後多人遇到皮膚過敏和蚊蟲叮咬起水泡的問題。水壓不穩，會讓人不知道是熱水還是冷水，整個營區就像是一個冰箱。四人包場只有一間廁所，且連衛生紙都沒有。因此，我非常不建議這個地方，特別是有小孩的家庭更不應考慮前往。,1,1,-1,1384,,2022/05/07,0,負向
我們露營已經七八年了，但這次遇到的營區蒼蠅多到不可思議，白天蒼蠅無數，晚上則是各種小蟲。衛生紙竟然沒有，熱水溫度十分難以調節，要麼太燙太熱，要麼太冷。根據評論，似乎長久以來都未曾改善過。我們被安排在D區，空間擁擠，小孩子幾乎無法玩耍。更令人匪夷所思的是，四張包區竟然只有一間廁所和一間浴室。總之這個營地我無法推薦。,2,1,-1,1385,,2022/05/07,0,負向
環境很髒亂，有很多蒼蠅，3天2夜沒有按時進行清潔整理。,1,1,-1,1386,,2022/05/07,0,負向
在查看了Google評論後，我對營地的狀況感到擔憂。然而實際到現場後才了解，網友的評論是公正的。廁所沒有提供衛生紙，晚上停電而無法開燈。水槽未清潔，也沒有照明設施，也缺乏廚餘桶。浴室有些地方積水嚴重且不定期沒有熱水供應，生態池散發著難聞的臭味。A區的帳篷擠滿了12個，顯得非常擁擠，還有一個角落看起來像是未被整理過的荒地，因空間有限只能硬塞一個帳篷。幸運地，有朋友一起前往，否則這次228連假的遊玩可能會大受影響。,1,1,-1,1390,,2021/05/07,0,負向
營地官網上說有提供衛生紙和沐浴乳，但實際上廁所沒有衛生紙，沐浴乳也沒有補充。洗澡時水溫幾乎是冷的，在3天2夜的露營中，浴廁一直沒有清潔過且缺乏垃圾桶。此外，我們還發現了一些蟑螂和蒼蠅。雖然這個營地整體設備還不錯，但這次的髒亂經驗讓人感到非常失望。,2,1,-1,1391,,2021/05/07,0,負向
總體而言，露營地不是個令人愉快的選擇，因為營主態度不佳、廁所沒衛生紙且有異味、草坪未處理、照明不足，所以不建議大家前往露營。,1,1,-1,1392,,2021/05/07,0,負向
抵達露營區後發現環境很糟糕，洗手槽很髒沒有清理，草地也沒有打理，接到電話確認營區有獨立冰箱，到現場才發現要在營本部才有且距離遙遠。營區裡有很多會飛的小蟑螂，兩晚沒有清潔廁所也沒有提供衛生紙。只有在付款時見到營主，友人是新手，帳篷和睡袋都直接從營區租借，結果發現全濕，反映後雖有換新但造成糟糕經驗。,1,1,-1,1393,,2021/05/07,0,負向
環境看起來還不錯，但河道的水還沒有清理，底部堆滿了樹枝、樹葉、以及蟲屍體和泥巴。廁所兩天都沒人清潔，垃圾都堆滿到地上，洗澡的時候熱水突然變成冷水（不僅我遇到這個問題，其他露營的朋友也有）。只有在收費時才能看到工作人員，其他時間都找不到人。午後下雷陣雨後積水很嚴重。,1,1,-1,1395,,2021/05/07,0,負向
室外正下著大雨，營區排水不良導致大量積水。,1,1,-1,1396,,2021/05/07,0,負向
衛浴沒有補充衛生紙，戲水區的清潔狀況也不佳。營區空間有限，並且沒有提供草地保護墊，有很多小蟑螂。,1,1,-1,1397,,2021/05/07,0,負向
"晚上到了沒有人接待，廁所有衛生紙了，還有許多蟲，馬桶還堵了，洗澡間水溫忽冷忽熱，但好在天氣熱。兩天兩夜都沒人來打掃廁所，只是放了一些衛生紙，也沒打招呼。最重要的是預定的飄飄河呢？場地大小不要緊，草地不夠蓬密或滿是泥也沒關係，小強在四處爬也沒關係。但飄飄河卻長滿青苔和樹葉，根本沒有整理，連說水源不足怎麼能讓遊客玩？我們難道不是客人嗎？即使它像洗腳水般骯髒，但那是孩子們期待的重頭戲。若事先說清楚，我們還能做其他的活動啊。只差沒穿上泳衣、拿著水槍和游泳圈，就只能""玩手機""了。",1,1,-1,1398,,2020/05/07,0,負向
露營區很擁擠，草皮空間有限，小朋友除了玩水之外沒有其他地方可以遊玩。,2,1,-1,1403,,2020/05/07,0,負向
這個地方與附近的土牧驛相比，經營上缺乏用心，露營區的設施有些問題，比如浴室熱水不穩定、水道有青苔、有小蟑螂，洗水槽也不太乾淨，需要請營主清潔。很可惜，尤其是和其他地方比較後，更為明顯，還聽到營主自豪地說這周客人滿滿，希望他們能努力保持品質。,2,1,-1,1416,,2020/05/07,0,負向
營位位置在馬路邊，有點小，如果每個帳篷前都有流理台會比較方便，公共廁所距離有點遠，建議水池保持乾淨。另外，提供飲水機、過濾系統、烘乾機以及優質的洗髮精和沐浴乳是很棒的服務！,2,1,-1,1417,,2020/05/07,0,負向
在露營區域，一些不太愉快的事情正在發生。遊水區域和廁所附近都飄散著濃厚的煙味，提醒家長們帶著孩子注意。另外，有位露營的朋友帶著狗，但卻讓牠亂拉屎而不清理。此外還有吵雜的音樂和尖銳的笑聲持續到半夜，讓大家難以入眠。雖然我們可以忍受歌聲、笑聲、二手菸、狗的大便等問題，但遺失物品的情況實在不容忽視，我們應該提醒大家留意。,1,1,-1,1440,,2023/05/15,0,負向
在露營時，我們和營主的朋友同區露營，營主人非常友善且熱心。然而，在我們收拾東西的最後一天，營地的員工也參與幫忙收拾，不小心把我們的洗碗精和菜瓜布丟到垃圾桶裡了。起初詢問員工時，他們否認有拿走，直到我們找到營主求助後，才去撿回洗碗精。大家都在忙著離營收拾東西，但員工一直跟著我們在後面收拾，有時候延遲收拾不代表不想要。另外，我們的延長線差點就這麼不見了，詢問員工也說沒有看到，只好請營主幫忙尋找，最後在營主的朋友的共用空間找到了。幸好當下知道少了什麼東西，要是忘記或不知道的話，可能就會被誤拿走了⋯⋯,1,1,-1,1441,,2023/05/15,0,負向
浴廁非常骯髒，營地裡有很多隻蟑螂。,2,1,-1,1474,,2020/08/21,0,負向
覺得經營不夠用心。廁所都沒有清潔。,2,1,-1,1477,,2020/05/07,0,負向
增強水槽的清潔和維護草地,2,1,-1,1483,,2019/09/09,0,負向
"1. 衛浴空間小，小朋友如何盥洗？
2. 沒有護草墊的露營區，雨後草地爛泥巴，裝備該怎麼擺放？
3. 洗手台很少，真是可憐！
4. 廁所很髒！",1,1,-1,1519,,2024/04/23,0,負向
"1. 我訂了D區的碎石區1號帳篷，但到現場後發現已經是3號帳篷，我原本以為只有3號帳篷，但營主說是4號。我訂這區是為了要有更寬敞的空間，沒想到營區超過訂位，隔壁露營的小朋友一直在我帳篷附近玩球，空間明顯不足。我很在意空間，感覺被擠進去有點被欺騙了。(照片中可以看到4號帳篷)
2. 再來就是洗手間，衛生紙擺放過多，看起來不太整潔。不過洗澡的熱水倒是穩定。
3. 碎石區沒有鋪設護草墊，對帳篷底布造成一些損傷，其他露營區都有這項設施。
4. 飲水機的水流很小，比滴水只快了一點點。
5. 傍晚蚊蟲稍微多了一些，沒有看到前面露友提到的驅蚊線香。
6. 營區的垃圾桶只在少數幾個地方，也沒有廚餘回收桶，對於來自北部的露友來說都不太習慣。",2,1,-1,1533,,2023/05/07,0,負向
事先約好了，到了現場卻改變主意不做！雖然說沒關係可以等，但最後還是沒做，要我們直接到塵土飛揚的桌子區露營？回答不中問題，蚊蟲又多，環境也骯髒！,1,1,-1,1542,,2022/05/07,0,負向
小黑太可愛了，可愛到不行！,1,1,-1,1547,,2022/05/07,0,負向
沙坑球池和熱水都讓小孩子玩得很開心，建議老闆可以在沙坑周圍加上沙圍，這樣風吹的沙子就不易進到帳篷地墊。另外，在C區後面有一條死水溝，要注意小黑蚊很多，建議清理水溝，整體露營感覺還不錯！另外，希望露營者如果玩仙女棒的廢棄物記得丟掉，以免造成危險，老闆在後續收拾時也要注意，不然小孩差點受傷了。,2,1,-1,1585,,2019/05/07,0,負向
首先提到最大的缺點是晚上11點後，營地管理者並未控制聲量，造成很吵難以入眠。建議強烈要求營地管理者採取措施，以提升露營品質、吸引更多品質優良的露友。除此之外，露營地點位置很好，離下山購物區不遠，約15分鐘步程即有全家便利商店。營地面積寬闊，草地維護得很好，景觀也算美麗，頂層還有餐廳。,2,1,-1,1746,,2024/04/16,0,負向
總的來說，營地的環境很好，草坪維護得很好，廁所也很乾淨。營主很友善，在燈條壞掉時借了燈串給我們使用。但唯一令人無法接受的是狗狗拉的大便，尤其是遇到營地旁的狗大便而感到困擾。雖然試圖提醒散步的小妹妹們要清理，但她們卻忽略了這個要求。我們最後只好自行清理，以免其他人不小心踩到。這樣的環境讓我們感到非常失望，兩天露營被大便味圍繞的感覺令人作嘔。希望營主能重視這個問題，特別是因為那四隻大狗是營主的。,1,1,-1,1756,,2023/06/07,0,負向
這個週末我們在該地區露營，設施和景觀都很好。但是帳棚區的草地經常出現狗狗大便，我們的同伴第一天入住就不幸踩到，晚餐不太愉快。第二天早晨他們遇到遛狗的小女孩，要求她清理狗便，但對方沒有理會，我們只好告知營地管理員。可是在結賬時，那個小女孩又帶幾隻狗來我們帳篷附近，其中一隻大黑狗在我們帳篷旁的草地大便，還不只一次。她仍然視而不見離開了。雖然露營要與自然共存，狗狗大小便也是無可避免的，但管理員是否該至少保持住客住宿環境的清潔呢？,1,1,-1,1757,,2023/06/07,0,負向
"優點：這個地方離三義市區近，開車只需要15-20分鐘。

缺點：1. 由於營區在山路旁，早上半夜有人跑山，對其他人造成困擾。2. 整個營區共有5-6層區域，但卻只有30-40個帳篷空間，只有入口的營本部有冰箱，夏天帶東西需要時會不方便。3. 有些層數的營位太短或太窄，安裝帳篷後無法放客廳天幕或通行，建議營地主人不要為了賺錢而擁擠營區。4. 營地主人種有柑橘樹，但如果在沒有人露營的情況下不修剪樹枝，周六日修剪的機油味與噪音對他人確實造成困擾。",1,1,-1,1772,,2023/05/07,0,負向
這地方曾是個溫馨舒適的休憩地點，然而隨著野心愈來愈大，忽略了初心。雖收取少量門票費用，卻漸漸疏遠了遊客的心。,2,1,-1,1773,,2023/05/07,0,負向
這個地方的蟲子很多，水溫不穩定，還有很多餐廳老闆家養的狗總是亂吠，而且廁所不夠用，經常要排隊。,2,1,-1,1778,,2023/05/07,0,負向
我們這次去露營選了第九區，那裡的環境真的很迷人。營地經營得很整潔，營主一家也非常友善，但周遭的生態非常豐富，因此到處都充滿各種昆蟲。草地雖然美麗但稍嫌過高，造成了更多的蟲類。建議在廁所的洗手台多安裝一盞燈，早上會聽到些許施工聲音、吵雜的昆蟲和鳥鳴以及狗叫聲，對於容易驚醒的人建議戴上耳塞。另外，使用吹風機可能會造成電壓不穩，建議帶上較長的延長線。以上僅為個人體驗，對於害怕蟲子的人可能不太建議。总體而言，我給予這個營地兩顆星的評價，因為環境美麗且營主親切。,2,1,-1,1781,,2023/05/07,0,負向
草地很厚但排水不良，容易泥濘！戶外有許多昆蟲跳躍，但蟑螂經常出現在桌上下，在室外也太多了！照顧好養的狗，避免牠對客人咆哮，如果小孩受驚逃跑跌倒，誰來負責呢？這樣的經歷一次就夠了，謝謝。,1,1,-1,1782,,2023/05/07,0,負向
營地的花草維護做得不錯，但我們租到的卻是沒有木棧板的營地。由於下了超大雨，整個營地都變得泥濘，帳棚區也被泥水淹沒。整天都踩在濕泥中，更糟糕的是到處都是會飛的小蟑螂，無論內帳外帳都有蟑螂在。帳篷也因泥水損壞了。環境雖然風景優美，但因為沒有其他服務，場主只是開門讓我們付費進入，所以我們將場地環境、小蟑螂問題和租金都給了差評。總結來說，下雨天不建議來這裡，尤其是沒有租到木棧板區，會有很多蟑螂。個人體驗給予1.5星評價。,2,1,-1,1783,,2023/05/07,0,負向
不太建議，老闆不太親切。如果有寵物的話，應該先打電話問能不能帶寵物，不然抵達現場直接要收300元。廁所很髒亂，浴室裡的水龍頭溫度忽冷忽熱，洗澡時還會聞到廁所的異味，真的不太理想。,1,1,-1,1786,,2022/05/07,0,負向
蚊子超級多啊！而且營區提供的冰箱有異味，冷度也不夠，就算放了保冷磚一整晚還是沒結冰。,2,1,-1,1788,,2022/05/07,0,負向
整體來說環境不錯，沒有什麼可以挑剔的。設施齊全，唯一不可接受的是在2021/11/20(六)露營時，有一區超過十點後仍在放音樂、喧嘩，甚至有人打電話給老闆。老闆的回應僅是讓他們小聲一點，持續到晚上11:30。這造成了睡眠困擾，如果不是這一點，整體評價可以給予四顆星。,2,1,-1,1795,,2022/05/07,0,負向
營地主人非常熱情！他會帶著狗來「關心大家」，同時讓狗拉屎（可能是來查看人數與帳篷數）。,1,1,-1,1798,,2022/05/07,0,負向
營主很親切，環境也很舒適，但晚上出現太多蟑螂，而且它們還會飛。抓了20多隻蟑螂還找不完，實在太誇張了。本來很愉快的氣氛完全被破壞了，真希望可以改善這種情況。,2,1,-1,1820,,2021/05/07,0,負向
營主認真周到，主動提供青草茶供大家享用，草地翠綠美麗，夜晚能觀賞星星。然而，近三天都有許多會飛的小蟑螂出現，干擾到食物、人和帳篷，讓害怕蟑螂的同伴無法放鬆，我們一直注意著食物和餐具，害怕蟑螂會爬上去。各營區相距不遠，音樂或談話聲音較明顯，擔心會打擾到他人。下方營區偶爾會飄來刺鼻的廁所氣味，幸好不常且不持續很久，未向營主反映此事。交通便利，駕駛不困難，冰箱容量足夠，大多露營者的需求都能滿足，但留意擔心蟑蟂和隱私的露友可能要多加考慮。,2,1,-1,1821,,2021/05/07,0,負向
在這次的露營經驗中，我住在三號區的營地。雖然營主非常熱情友善，但是有太多會飛的蟑螂！其他像蛾、大螞蟻、蒼蠅、蚊子還好，但是蟑螂真的讓我很崩潰。另外，下面那區的廁所有臭味飄上來，非常不舒服，衛浴間稍嫌不足，燈光也昏暗，有較多的昆蟲。營區比較狹小，離其他帳篷很近。對於非常怕蟑螂的人要三思而後行，但如果不怕蟲的話，這個露營地仍然是個不錯的選擇。只是我實在太怕蟑螂又會飛了！這次的露營經驗完全沒有放鬆，一直保持著警戒狀態，所以我只能給一顆星⋯⋯,1,1,-1,1822,,2021/05/07,0,負向
為什麼一早去找露營的朋友探訪，還需要付費呢？,1,1,-1,1837,,2020/05/07,0,負向
老闆被客人要求多收費用，但卻讓我們不得不接受，因為在跨年前一星期通知我們包區將多一帳客人。然而，在跨年連假時，卻強迫我們接受了三個完全陌生的人進入我們的包區。他們聲稱也是預訂了我們包區的區域，指責是訂位系統的錯。實際上，後來查證發現是營主自己沒有核對這三個人的身份就讓他們進入我們的區域。我們感到委屈且不舒服。,2,1,-1,1867,,2018/05/07,0,負向
這個露營地的草坪和浴廁環境很好，營主也很親切，提供自煮的飲料給露營的人。不過一點可惜的地方是狗屎很多，而且營主的狗有在露營區內隨處拉屎，即使有人抗議，也被忽略了。這樣讓人大感無法接受，希望營主可以注意這個問題。,2,1,-1,1887,,2023/05/19,0,負向
這個地方曾經是我們同學每年聚會的好地方，主人似乎忘了初衷，服務變得不盡人意。連假日前的基本檢查都沒有做好，民宿和浴室的瓦斯檢查也被忽略了。二十多年來第一次在露營區沒熱水，回應後才重新修好。忘卻了初心的熱情服務才是我們持續光顧的原因。現在只想趕快收錢，甚至當客戶面詢問是否已經收到錢。如果不信任客人，建議早點收手，留在自己的領地，免受欺騙。我們不是挑剔的客人，只是覺得可惜這個曾經溫馨的露營區如今變了樣。無論您理不理會我們，現在有很多其他地方可以露營，那些缺乏誠意的地方不值得我們花錢。,2,1,-1,1892,,2022/11/22,0,負向
浴室的水龍頭溫度變化很大。建議所有寵物都不得進入，或者是可以帶進去但不要支付任何費用。,2,1,-1,1905,,2022/04/18,0,負向
營主讓狗亂吠，晚上吵得無法入眠。儘管可以攜帶寵物，但是要支付300元的清潔費實在無法接受。山上氣溫寒冷，但浴室的水龍頭時冷時熱，差點感冒。廁所和浴室有點髒亂，請營主改善這些問題。,2,1,-1,1906,,2022/04/18,0,負向
在半山腰，風景儘管很美，但由於缺乏用心經營和規劃，失去了美景⋯抵達營區後發現並非每個營位都配備護草墊，管理員表示大部分都已經損壞丟掉，建議我們去其他地方找找看⋯雜草叢生，地面布滿碎石，下過點雨後處處爛泥，幸好雨不大，否則可能會淹水。晚上洗澡時熱水不足，水壓不足，忽冷忽熱。跨年連假客滿，廁所沒有定期清理，垃圾桶滿溢且散發尿騷味。營區只有一區域放置垃圾桶，需要走一段路才能找到，非常不方便。當天中午12點要離開，卻發現已經沒有供應水源，浴室的水也被關閉，感覺相當糟糕。營位停車場缺乏規劃，車輛亂停。整個營區給人一種難民營般擁擠的感覺。,1,1,-1,2171,,2024/01/07,0,負向
蟲很多，而且還有蜜蜂，吹風機只有一隻。,1,1,-1,2172,,2023/11/07,0,負向
這間露營區不太適合那些希望能夠放鬆享受的人，因為他們會在中午12點將客人趕離露營區。即使客人沒有按時收拾好，露營區也會在上午10:30提醒客人應該開始準備離開，而在11:46當時，甚至還沒有完全收拾好時，露營區就已經把水電和冰箱都關掉了，這種待遇給人極差的印象。,1,1,-1,2173,,2023/05/07,0,負向
隔壁的聲音很大，讓大家都睡不著。,2,1,-1,2174,,2023/05/07,0,負向
由於分開預訂而導致出現問題。原先被安排到別人預定的營位上，需要搬家到正確位置，造成不便和困擾。在搬移的過程中遇到大雨，讓整個露營體驗變得艱難。雖然浴室比較大且熱水供應迅速，但路況不佳、設施破損、排水問題等缺點，讓帳篷進水，氣墊床也濕掉。,1,1,-1,2177,,2023/05/07,0,負向
露營區風景美麗，地方寬敞，位置稍微高一些不會太熱，我們去的時候選擇了G區的營位。然而，廁所清潔度不盡如人意，晚上九點左右洗澡時水根本沒有，我們得自行調整才能使用，而且吹風機沒有電、洗手台沒有水。此外，受到大量蚊蟲的困擾，當天被蟲咬到眼睛，眼睛腫起，需要就醫。起初營區負責人有主動聯繫保險方面，讓人感謝，但後續聯繫並不積極。總體來說，這次經歷與感受並不是很好。,1,1,-1,2179,,2023/05/07,0,負向
這個地方的環境優美，不過棧板較小，只能容納300人。浴廁部分則整潔度有待改善，3月飛蟲和飛蛾很多，每個浴廁裡都有一些垃圾。浴室和廁所是分開的，但水壓較弱且不穩定，溫度也不穩定，排水效果不佳。此外，浴室內的椅子和水桶上長了一些霉斑。另外，水槽旁沒有垃圾桶比較不方便，且週日離開時，營主清潔廁所會直接流到C區帳篷，也有很多營位靠近道路。,2,1,-1,2181,,2022/05/07,0,負向
"1. 上山的路沒有整理，充滿枯枝雜草，開車困難。
2. 營區規劃不足，無法應付連續假期人潮所需的熱水和電力。
3. 電壓不穩定，燈光閃爍頻繁無法使用，建議攜帶充電型LED燈。
4. 熱水供應不穩定，沖了20分鐘的冷水後來一分鐘的熱水再轉為冰冷，建議中午洗澡或事先在外洗好再進入。
5. 營區的泥濘多坑，雨天行走不方便，建議穿靴子以方便移動。
6. 儘管風景優美，但營地經營不用心，建議考慮其他選擇。",1,1,-1,2184,,2022/05/07,0,負向
這裡的環境真的很差，蒼蠅多到像非洲一樣，洗澡的水要麼熱到像燙傷，要麼冷得讓人寒心，滑草更是讓人感到心碎，游泳池的水更像是從去年留下的一樣髒，垃圾居然都集中在帳篷附近。整體來說，這裡除了差沒有任何優點，總之，非常糟糕，給一顆星都太多了。,1,1,-1,2185,,2022/05/07,0,負向
訊號很差，還有一些人以為自己唱歌很好聽，一直唱得聲音很難聽、很吵，沒事的話就不要再來了，否則你會後悔一輩子。,1,1,-1,2186,,2022/05/07,0,負向
這露營區的山路十分危險，在入口和出口之間，路途兩旁長滿了雜草，路徑狹窄，幾乎無法容許兩輛車並行。行駛時會不斷被路邊的樹枝、竹枝擦傷，遇到對向車輛時，就像是走在繩索上的高難度挑戰，嚴重損壞車輛的風險很高，除非您是車技高手。,1,1,-1,2189,,2021/05/07,0,負向
收到您的描述，讓我用簡單的方式回答您：浴室只有4間，但是水問題使用不便；燈光微弱，管理人員說很有可能是電力問題，但無法處理雨水排水困難，小雨就造成積水。,1,1,-1,2194,,2021/05/07,0,負向
廁所到晚上沒有維護，變得骯髒且垃圾桶塞滿了；淋浴沒有熱水供應。並且周日（2020/09/20）早上開始，去營區的水槽也沒有水了。,1,1,-1,2198,,2021/05/07,0,負向
冰箱冷凍區的溫度設定為冷藏溫度，冷藏區的溫度是常溫。蛋撻放進去後發現螞蟻慢慢爬在食材上，向園區反應後被告知冰箱沒有問題，因為只是額外提供的設備。每個區域的間隔很小，冰箱還頻繁跳電。即使忘記拿東西且食材已丟棄也得不到即時回應，第二天問起才被告知東西全都報廢。之後又改口說沒發現。建議考慮是否要前往該地。處理事情的方式讓旅遊心情受損。,1,1,-1,2203,,2021/05/07,0,負向
這個露營區的衛生狀況不太良好，冰箱裡發霉的情況也很嚴重，可以說還不夠完善。要確保一個露營區的品質，應在完善規劃之後再開放收費。,1,1,-1,2211,,2020/05/07,0,負向
請在洗手台排水口安裝過濾器。,1,1,-1,2216,,2020/05/07,0,負向
營地規劃太擁擠了，營位過多，導致停車位滿了，除了大草原之外，帳篷周圍沒有太多的活動空間。浴廁的整潔度有待改善，淋浴水壓不穩定，水溫時冷時熱，馬桶經常無法正常沖洗，使用起來令人煩惱。泳池只在第一天使用，第二天就說水量不足無法使用，讓孩子們感到失望。電壓也不穩定，我們在中秋連續露營三天兩夜，三次停電，有點無奈。大草原空間很棒，讓孩子們有足夠的活動空間，但滑草區有點危險，底下的帆布破裂，一位朋友（大人）在那滑行時被尖物割傷腳。景觀很美，但僅限於第一排，後面只能看到擠滿的車輛和人潮。冷藏冰箱壞了，只剩下冷凍櫃，很快擠滿，裡面味道難聞，缺乏管理，其他營位的保麗龍箱和保冷袋直接放在冷凍櫃裡，導致後來到場的人無法使用空間。總的來說，這次露營經驗令人失望，感覺營地管理不善，營位管控不當。,1,1,-1,2224,,2020/05/07,0,負向
在G區碎石區下雨時遭遇了一些問題，最讓人無法接受的是當晚竟然三次停電。此外，G區的兩個淋浴間沒有熱水可用，甚至連溫水都沒有，即使對於不怕冷的人也相當不舒適。當天氣溫應該至少在15度以下，再加上下雨，感覺真的沒有把客人放在心上。而且，水槽放置在衛浴旁邊，清洗東西時需要走一段路程，特別是下雨天非常不方便。以往露營經驗中，也曾遇到冷又下雨的情況，但這次的狀況確實是最糟糕的一次，前所未有。,1,1,-1,2238,,2019/05/07,0,負向
總括來說，這個營位的設備有些不足，包括電壓和衛浴設備都有些問題。而且水槽都聚集在廁所旁，導致下雨天刷牙洗臉需要打傘，也沒有遮雨棚，讓人有點失望。,2,1,-1,2259,,2018/05/07,0,負向
上山的路況非常糟糕，極度危險，無法通行。建議營地管理者應限制上山和下山的時間，因為山路狹窄又路況惡劣，無法讓車輛通過。帶著許多露營裝備和小孩，風險非常高。此地完全無視安全問題，強烈建議避免前往。,2,1,-1,2291,,2021/05/02,0,負向
我誠心選擇了F區，但因其他客人的關係，被迫調換到了C區。對於第一次來的客人來說，不熟悉這個營區的位置，不知道自己已經脫離了原先預訂的區域，直到查看了位置圖才明白。我不清楚原先營區劃分的意義是什麼，好像需要在事前和營長溝通過。,2,1,-1,2362,,2018/05/07,0,負向
這個地方很偏僻，吃飯和購物都不便利。我們可以考慮做以下幾點改進：1. 提供一些食物販賣。2. 增加一些工作人員來協助。3. 監控住宿者的行為（避免大聲吵鬧，超過午夜仍在活動）。4. 考慮降低價格。,2,1,-1,2400,,2017/08/29,0,負向
我沒有機會去，但在訂位後接到電話要求讓位給另一組更多人的情況下，感到相當尷尬。我表達了我的不滿，但取消後才被告知不需要勉強，這讓我失去了一點熱情。,2,1,-1,2561,,2019/05/07,0,負向
營區的衛生環境需要改善，有許多螞蟻和爬蟲，廁所裡有很多小昆蟲，並且缺乏提供衛生紙，洗手台在晚上沒有燈光。,2,1,-1,2576,,2023/10/09,0,負向
最近地震頻繁，加上大雨，造成許多人擔心走山會有落石的危險。政府已經呼籲民眾這段時間不要自行上山，以免發生危險情況。在這樣的背景之下，取消行程是一個謹慎的做法。 ,1,1,-1,2715,,2024/04/30,0,負向
園區整體來說算是乾淨的，包括廁所也保持得很好。不過唯一的缺點是G區離衛浴廁所和冰箱都相當遠，要跑好幾趟才能取得食物料理。G區只有一間蹲式廁所，孩子們可能不太習慣使用，有時候會導致一些狀況發生。山區本來就會有較多的昆蟲，但居然遇到了不知名的大型螞蟻會叮人，造成腳上出現三、四個腫塊，感覺非常刺痛。露營這麼多次，還是第一次碰到被要求限制帳篷只能容納四個人，否則得多付費。而且沒有考慮到年齡，只要超過四人就需要額外支付費用。,1,1,-1,2717,,2024/04/07,0,負向
這個地方的草皮不算太好，旁邊種有一些帶刺的植物，不太方便和安全。營地旁邊有些枯葉和小蟲，味道也不太好。不過，小水池還可以讓小孩子拍照。,1,1,-1,2749,,2023/05/07,0,負向
車輛低底盤需小心進出高低不平的道路。總共有六間衛浴並分為七個區域，每個區域有特定使用者，超過十個帳篷的露營者需共用兩間衛浴，且這兩間集中在特定區域，可能會有時間限制，因此在洗澡時會感到有壓力，尤其是當人數眾多或有許多小朋友。雖然提供了wifi，但卻無法連接，手機基本上也沒有訊號，導致無法與同行的朋友聯絡，這種情況有點困擾。,2,1,-1,2775,,2022/05/07,0,負向
第一次到這個露營區，包了A.B兩個區。整理一下，首先要注意這個露營區底盤低，開車路況不太好。露營位規劃稍嫌不足，需要先把車停在外面的石子地，帶完裝備才能搬進營地。而且越裡面越需要搬遠，很消耗體力。營區訊號不好，提供的WiFi也連不上，是地區問題嗎？衛浴設備不足，有時間限制（早上7:30到11:00），想像一個帳篷五個人，營區總共有30個營位，共150人，卻只有六個衛浴間，平均一間要25人使用，一個人洗30分鐘，750分鐘除以60是12.5小時，時間可能有點緊迫⋯。另外，ABC三區共用一個廁所，ABC三區總共14個帳篷，廁所實在有點壓力。而且營位旁邊的洗手台燈在晚上10點關閉，只能在黑暗中洗碗了。總結來說，這次經驗讓人不太想再造訪這個露營區。,1,1,-1,2776,,2022/05/07,0,負向
營區只有一個冰箱，大家都沒地方放東西，準備好的德式香腸整包也不見了。這個營區管理完全沒有控制，早上起來心情就不好。不打算再吃了，收拾好離開山下享用美食，以後也不會再來了。,1,1,-1,2778,,2022/05/07,0,負向
這個營地草地長到超過黑墊是很常見的，所以有些蚊蟲是正常的，但是這麼多蒼蠅就不尋常了。在露營那麼久，第一次碰到這麼多蒼蠅，從早上八點被蒼蠅吵醒，整天都被蒼蠅團團圍繞，一直到晚上六點才終於沒有了。浴室很寬敞，水池也不錯，只是蒼蠅的數量實在太誇張了。,2,1,-1,2803,,2021/05/07,0,負向
連中央走道都擺滿了帳篷,1,1,-1,2822,,2020/05/07,0,負向
這段描述中提及一些負面經驗，且有一些建議要求。綜合而言，感覺整體體驗並不完全順遂。建議改進營地的設施與服務品質，例如提高水壓、改善衛生設施，以及修改退場時間和罰金規定等。希望貴營區能夠接受這些建議，提供更好的露營體驗給露客們。,2,1,-1,2828,,2019/05/07,0,負向
進入營地的山路狹窄且陡峭，不建議兩車會面，水溫不穩，洗到一半會有冷水出現，容易讓人發抖。,1,1,-1,2829,,2019/05/07,0,負向
山路很危險，對於車況不佳的人真的不建議前來。山路又陡又崎嶇，不適合在夜間開車。雖然營區有許多規定，但廁所非常乾淨，而且還有冰箱可以使用。,2,1,-1,2836,,2019/05/07,0,負向
水壓水溫電壓不穩，黑沙坑水池容量有限。鄰近有果園，但全家都感到困擾（見圖）。,1,1,-1,2837,,2019/05/07,0,負向
營地內蟲蟲相當多，無論在廁所、浴室還是營區裡都可以看到蟲蟲和蛾蛾。這次碰到的蟲蟲真的是太多了！洗澡時被蟲蟲圍繞真是太困擾了，連冰箱也離得太遠，而且裡面居然也有蟲！整個營區只有一個共用冰箱，衛生狀況實在讓人擔心。,1,1,-1,2987,,2022/05/07,0,負向
雨天時積水和泥濘確實很麻煩，我們露營時幾乎都沒遇到雨，但一旦下雨，水就會不斷流進帳篷裡。,1,1,-1,2992,,2022/05/07,0,負向
這個露營地好像有很多吵雜的人嘛？是因為容易吸引到吵鬧的團體，還是這些囉嗦的人之間有所傳言說這個營地會放任吵鬧？都已經半夜一、兩點了，不僅是週六，他們仍在大聲唱卡拉OK，聲音又難聽，整個山頭都充滿他們的嘶吼聲！還有一次已經在凌晨兩三點，一群人大聲喧譁閒聊，我在遙遠的地方仍能聽到有人在呼喚自己的狗回來！聽到他們露營隔壁的狗亂吠！我在白蘭露營的經驗並不多，但碰巧遇到了許多次這個營地對於吵鬧的容忍度高！試過跟營地主理溝通似乎也沒有什麼效果！,1,1,-1,3006,,2022/05/07,0,負向
天氣預報說會下大雷雨，而且我提前一週詢問能否延期，但營主不給改期。場地很偏遠，沒有景觀，排水不好，廁所也非常髒。建議大家不需要特地趕遠路來受罪，這裡甚至不值得一顆星。,1,1,-1,3058,,2019/05/07,0,負向
不太好，排水不良，廁所非常骯髒，沒有人管理。,1,1,-1,3059,,2019/05/07,0,負向
不要踩！地毯上有積水！廁所看起來好像是沒有人在管理的狀態。,1,1,-1,3060,,2019/05/07,0,負向
即使有訂金規定，只要你沒收取，事情也就算了。抱怨有什麼用呢？小朋友得腸病毒還需要你唸嗎？,1,1,-1,3075,,2019/05/07,0,負向
不易推，容易積水，並且服務不佳。,1,1,-1,3097,,2017/05/07,0,負向
營地環境不佳，有很多積水和泥濘，場地小且擁擠，車位規劃不良，服務也不夠好。,1,1,-1,3101,,2017/05/07,0,負向
"1). 衛浴雖然有乾濕分離，但廁所空間還需加強。  
2). 帳篷排列有點密，難以在草地上活動。  
3). 露營區對攜帶寵物的管理沒有限制，導致半夜狗狗吠叫，早上起床發現草地上充滿狗糞的問題！",2,1,-1,3199,,2021/05/07,0,負向
營位費一直在變動，漸漸增加。,1,1,-1,3204,,2021/05/07,0,負向
營地收了200元清潔費，沒有提供任何服務，有些人只是想和在露營的親朋好友聊聊天打打屁，就要被收200元！ 營地管理者啊～有點貴喔！,1,1,-1,3205,,2021/05/07,0,負向
1. 地方景色很美，草坪看起來很漂亮。2. 帳篷相連，感覺很擁擠，沒有足夠空間讓小孩奔跑。3. 收費是1200元，還會有跳電問題。4. 總結：如果要收1200元的費用，就應該限制帳篷的數量；營區的電力系統也需要改善，一晚上跳電3、4次讓人難以忍受。這樣的狀況下我應該不會再來了。,2,1,-1,3214,,2021/05/07,0,負向
在悄悄話營地，草地看起來頗寬廣，但一個帳篷要價1200元，不過佈局卻相當規整，衛浴設施看起來豪華美觀，然而，實際使用起來卻水溫時冷時熱相當嚴重，要麼冷得讓人發抖，要麼熱得叫人受不了，真的令人相當生氣，尤其是收費這麼高還提供這麼糟糕的服務。,2,1,-1,3267,,2019/05/07,0,負向
"1. 環境保護的狀況不錯。
2. 可以點披薩或石鍋拌飯，開伙不用自備餐具。
3. 沒什麼景觀。
4. 入場時間是下午2點，退場時間是中午12點，條件有些嚴格。
5. 每張票價是1200元，若提早入場則需另外支付100元，性價比不夠高，以上是指後花園區。",2,1,-1,3278,,2018/05/07,0,負向
這地方非常擁擠，就像在難民營一樣。,1,1,-1,3321,,2017/05/07,0,負向
營區的主人態度不好，只要我啟動車子，他就問我為什麼要啟動車子，難道啟動車子就要先向主人報告？洗澡時，主人正在打掃浴室，總共有3間，前兩間都打掃好了，只剩第三間還沒有打掃，主人竟然叫我去洗第三間。付了同樣的錢，別人都洗乾淨的浴室，我卻要去洗第三間，而且熱水非常不穩定。這樣不顧客人感受的營區，我不會再去第二次了。水質也不乾淨，同行的朋友洗完澡後都過敏，洗手檯的水超級濁濁的，感覺碗都洗不乾淨。晚上12:30還有人拉吉他自彈自唱，打電話發訊息給主人也沒有回應，第二天早上主人說他睡著了，要去敲門他才知道。如果今天失火了，他還會繼續睡嗎？真不知道為什麼評價這麼高，想去的人自己考慮吧。,1,1,-1,3335,,2024/03/07,0,負向
當我們抵達露營地時，老闆馬上說我們看起來很高興，晚上10點後不要太吵，否則會被趕出去。儘管這可能只是開玩笑，但我覺得這不是一個營地主應有的態度。在我和朋友之間的幾次對話中，讓我們感到不舒服。例如：“我知道你們不會再來了。”儘管這個地方的位置很好，但我還是想提醒老闆和老闆娘，和氣生財，否則真的會沒生意做。,1,1,-1,3356,,2023/09/07,0,負向
營地勘查時，剛到門口營主就極其不友善地阻止進入，並對人打槍。,1,1,-1,3413,,2022/05/07,0,負向
元旦心情很愉快，我們在10點半抵達營地，當我們一打開車門和營地主人說我們訂了今天，營地主人臉色不悅地回應：「訂了今天也要晚一點才能來，怎麼現在就來了？」他不停地重複著這些話，我們強調說我們不是要搭帳篷，只是要來附近散步一下，但營地主人卻一直強調必須晚一點才可以到。覺得這種情況很奇怪，還要忍受他的不悅表情，可能還要再忍受三天。我提醒營地主人反思自己的口氣，不要反過來說我口氣不好，是因為他自己的態度和口氣有問題。我並不是第一次露營，也不是老大，從來沒有自認為是老大，為什麼不能好好說話呢？難道整座山頭都是他的嗎？尊重應該是雙向的，我尊重過他嗎？誰會想得到他的營區不能停車呢？,1,1,-1,3435,,2021/05/07,0,負向
這個營區的情況確實有些困擾。除了美景以外，其他方面似乎都不太理想，衛生設施老舊且維護不良，周遭環境有蚊蟲又很吵雜。總之，總體來說這個營區真的不太適合推薦。,2,1,-1,3570,,2023/11/07,0,負向
"原文：營主很不負責任，讓客人頭疼。

改寫：這位營主實在太不負責任了，讓客人相當困擾。",1,1,-1,3573,,2023/06/07,0,負向
優點：衛浴乾淨，熱水充足；缺點：熱水供應至晚間10點截止，不便晚間洗澡。深夜及清晨羅馬公路上飆車族很吵，營區下方有四隻狗，一有動靜便狂吠；假日清晨7點多便有人使用割草機割草，以上問題令人難以入眠。另有一隻名為黑糖的狗，清晨會進營區內在帳篷旁小便，待結帳時才發現，令人困擾！,2,1,-1,3576,,2023/05/07,0,負向
營地觀景台前面長滿了竹子和雜草，擋住了視野。鄰居整晚唱歌吵到清晨，還有施工的噪音。深山裡有瘋狗叫聲，整個露營區都很可怕。,1,1,-1,3578,,2023/05/07,0,負向
冰箱只有送風功能，向廠商反應後，對方卻表示冰箱會製造冰。另外，水質不佳，水龍頭放出的水都帶有泥土味。,1,1,-1,3587,,2022/05/07,0,負向
這個地方環境差，缺乏整理和清潔，晚上還有吵雜的包區活動，讓人難以入睡。原本預定的活動也全部取消了，沒有任何吸引人的地方。這次經驗令人失望，不會再考慮第二次造訪。,1,1,-1,3595,,2022/05/07,0,負向
營區很擁擠，實在是超出了容納人數！沒有沙坑、也沒有戲水池，更沒有射箭場⋯只有搗麻糬的活動。底下的營區在舉辦電音派對，連續兩天兩夜都聽著動感的音樂，離開前兩天營主才通知我們！真的很無語，我們並不是去參加這樣的活動～難道不應該提前告知嗎？,1,1,-1,3597,,2021/05/07,0,負向
這個營區本來是預定可以搭建7個帳篷，但事實上只有足夠空間搭建4-5個帳篷，這點有點令人困擾。看起來網路上描述的沙坑、戲水池和射箭場都已經荒廢，只有廁所比較乾淨，也提供搗麻糬的活動。在下方的營區舉辦電音派對，使得整晚聽到動滋動滋的聲音，營主也是在露營前兩天才通知大家，讓人有些措手不及。這次營區評價不佳，看來營區還有許多需要改進的地方。,2,1,-1,3599,,2021/05/07,0,負向
小黑蚊真的太多了啊，使用防蚊液、止癢藥還有開水龍頭都無法擋住它們。,2,1,-1,3613,,2021/05/07,0,負向
露營區的遊客行為很不符禮儀，早上6點就開始洗碗時聲音很大，7點便大聲吵鬧，還任由小孩尖叫。,1,1,-1,3622,,2020/05/07,0,負向
位於水源地旁可能會對環境造成影響。,1,1,-1,3631,,2020/05/07,0,負向
只想賺錢的露營地，面對沒有禮貌的露營者（凌晨一、兩點還大聲吵鬧、放肆）時，逃避處理的方式嚴重影響其他遵守規則的露營者的權益！即使硬體設備再好、風景再美，也只是在浪費上帝的恩典！,2,1,-1,3726,,2018/09/15,0,負向
總結來說，這次的租棚經驗相當糟糕。原本預定租C區水泥雨棚1帳，後來改成8帳，還要我改去B區碎石雨棚，完全沒有徵求我的意見。對方更以8帳的規模為由，要我接受他們的安排，變得很不尊重。我當初之所以選擇C區，就是因為我喜歡那裡，並不是你們說去哪就去哪的。,1,1,-1,3767,,2024/04/30,0,負向
這個地方對於露營客戶的服務似乎令人感到失望，尤其是洗冷水澡的情況。他們的態度和處理方式也讓人感到不悅。希望大家在選擇露營地時能夠慎重考慮。,1,1,-1,3781,,2023/12/07,0,負向
感覺非常糟糕，不想多說什麼。營主只會把責任推給客人，說再多也沒有用。,1,1,-1,3782,,2023/12/07,0,負向
我的經歷是在五月27日露營了三天兩夜，不料遇到許多蚊子叮咬，讓我被蚊子咬了好幾個包。然而，不愉快的事發生在第三天早上，當營主要求我們在中午12點前結清賬款，他提醒了兩次。當我們在早上十點開始收拾時，卻突然沒有水。我立刻通知了營主，他解釋說由於下雨導致管線阻塞。當時我覺得營主可能是為了催促我們結清賬款才讓水停了。整體而言，這次露營經歷讓人印象不佳，應該不會再去那個地方了。,1,1,-1,3824,,2023/05/07,0,負向
露營收費高達三百元有些不合理，管理人員總在巡邏好像在抓小偷一樣。26號來到溪遊記，連續浪費了四天連假⋯營地主人不太友善，除了沙坑，小孩們基本上沒地方可以玩。第一次帶小孩來露營，他說很無聊，唉～我們的車來來回回超過十幾次嗎？「停車費收了1800元，怎麼可能？」星星評價完全是虛假的，怎麼一天之後多了五顆星？未經同意就擅自錄影車牌還發到公開網站上，現已請家人與律師處理！業者留言說付不出錢就去免費野營？？？,1,1,-1,3833,,2022/05/07,0,負向
整體環境還算可以，隨時進行巡邏，看看是否有新訪客到來。若有車輛停放，每輛需支付300元，並進行錄影以作存證。雖然付款不是問題，但工作人員的態度令人難以欣賞。在我們要離開時，一位營區員工要求我們移走護草墊，我們當然會樂意幫忙，但是否有必要根據平台規定做出這樣的舉動？最後，我們還是將護草墊集中在一起，不過該員工態度令人感到有待改進。最初他們還否認有錄影我們的車輛，後來卻展示出對我們車輛的影片，並表示我們的音樂影響到其他露營者的品質。當時僅是晚上7點，符合規定，但只唱了兩三首歌，音量也不大。不確定是否真的有其他露友抱怨，但他們的態度並不友善。,1,1,-1,3834,,2022/05/07,0,負向
當天包場地要價800塊，訪客停車每輛要收300塊，而且巡邏一會兒來一次收停車費。朋友開車短暫停留，就被要求繳交300塊停車費。這次露營3天，停車費共計花了1800塊，真是～～老闆態度惡劣，毫無親切感，下次可就免了。,1,1,-1,3835,,2022/05/07,0,負向
擔心的並非下雨天，而是因營地規劃不佳、排水不良，下雨後會導致地面變成一片泥濘，對於小孩和寵物都須關在帳篷內，實在是令人遺憾。,2,1,-1,3842,,2022/05/07,0,負向
營區目前情況不佳，營主態度惡劣且有許多大約2-3公分大的虎頭蜂，令人感到害怕。處理這個問題非常重要，不應該掉以輕心。營主卻將責任推到客人身上，聲稱是他們招惹而來。至於虎頭蜂夜晚出沒是否正常，陸續出現20-30隻是相當嚴重的情況。如果虎頭蜂叮到小孩的話，不僅需要負擔治療費用還可能引發嚴重後果。因此，前往此營區前應三思而行。,1,1,-1,3844,,2022/05/07,0,負向
不建議前往那個營區，因為那裡有虎頭蜂。而且營區的管理者處理這個問題的態度非常消極，甚至還推卸責任，說是因為我們在營地噴香水所以吸引了蜜蜂。蜜蜂來了三天是因為我們營地上的花蜜很吸引牠們，所以牠們一直在採蜜。因此，在決定前往那個營區之前，務必三思，以免浪費金錢並招致不必要的麻煩。,1,1,-1,3845,,2022/05/07,0,負向
車聲超級吵耶！清晨5點就被吵醒睡不著，衛浴的使用率也太高要排隊。但營地主人人很親切有說服力！,2,1,-1,3979,,2023/09/08,0,負向
在靠近水庫、羅馬公路的地方，晚上車聲很大，以致睡不著。除了B區以外，其他的小帳篷區位置都相當狹小，彼此距離太近了。建議營地管理者將CD區劃分為一個新的區域，位置可能會更為合適。此外，衛浴廁所的數量並不多，如果有需要洗澡的人，建議顧好時間前往。,2,1,-1,3984,,2023/05/08,0,負向
我們席地！1.地板有很多雜草。2.廁所裡多人同時使用會沒熱水。3.四周環境不明亮，在半夜上廁所不方便。4.一直斷電⋯,1,1,-1,4048,,2021/05/08,0,負向
因為環境很優質，所以複育的螢火蟲不使用殺蟲劑，這導致小黑蚊的數量變多。,2,1,-1,4097,,2018/05/08,0,負向
這裡的衛生間和浴室維護得相當好，但因為使用山泉水，所以水質稍微混濁。這裡沒有提供飲用水，需要自己準備。另外要小心蟻螞和蜘蛛網，避免觸碰。露營區的樹木間距較窄，停車較為困難。然而晚上聆聽河流聲音睡覺是一種美好的體驗。,2,1,-1,4176,,2024/04/07,0,負向
宮廷帳是值得讚賞的，但飲水機沒有，熱水溫度不穩，冬天不夠用，其他設施都很平庸。整體環境還算不錯。,2,1,-1,4179,,2024/03/07,0,負向
只有一個地方有廁所和浴室，其他區域都需要走一段路才能到達，而且有幾個浴室水溫時冷時熱，不穩定。整個區域只有一部冰箱（出現晚的冰箱根本沒冰），也是在廁所附近的位置。如果你喜歡健行的話，歡迎來，保證你會走得很開心。另外，主人嚴格禁止外面的車輛和訪客進入，即使你忘記帶東西，朋友送過來後馬上離開也不行。只能在門口交接，不管你的物品大小或重量。還有一點是，這裡沒有提供飲水機，記得自行攜帶足夠的水喲。,2,1,-1,4181,,2024/01/07,0,負向
營區環境比較簡陋，設施並不算很完善，需要小心走路以避免踩到地上潮溼的地面。廁所外有放衛生紙，但其他設施可能稍嫌老舊，晚上照明也比較不足。整體來說，這個營區可能沒有預期中的美麗和舒適度，因此沒有提供照片。,2,1,-1,4182,,2024/01/07,0,負向
基本上，我們會接受使用者付費。我們對營地主人印象深刻，他們似乎對金錢比較在意。有些資訊在網頁上並未提供，但經討論後無需額外付費。觀察者有在兩天內多次造訪，感覺對收費方式有些不滿。提出的問題被模糊地帶過，是否需要另一位解釋呢？該營地的雨棚設施雖很棒，但下雨時卻有水往雨棚內流。整體設施及場地規劃似乎還有改進的空間。好評之處是，廁所和浴室都維持相對乾淨。道路設計似乎還有改善的餘地。總評兩顆星，主要是基於廁所環境優質且客人的素質不錯。,2,1,-1,4183,,2024/01/07,0,負向
雨棚區的石子鋪得很薄，下大雨直接會淹到爆⋯⋯無論是人、車、還是帳篷的數量，這計算得相當精確...,1,1,-1,4188,,2023/07/07,0,負向
營主的算師說，雨棚漏水已經很糟了，再加上低窪淹水更讓人擔心。,1,1,-1,4189,,2023/07/07,0,負向
這個工作環境惡劣，而且男老闆的態度也不好。,1,1,-1,4200,,2023/05/07,0,負向
這位男老闆的服務態度差，總是讓遊客感到困擾。,1,1,-1,4201,,2023/05/07,0,負向
很抱歉因為大雨，到處都泥濘了，而且還要多收兩個小帳的錢$1200，完全沒有人情味。洗手間也不方便，沒有安裝防滑設施，我們的家人還滑倒受了平底鍋的燙傷。可以說對我們來說，這個露營地的經營是以營利為主，完全缺乏人情味。他們也沒有關心我們的狀況，這種態度讓露營的經驗變得令人不悅，真的很可惜。,1,1,-1,4203,,2023/05/07,0,負向
"這個露營區 有著以下的問題：
1. 洗澡的時候沒有熱水，小孩孤立無援泡泡等了近一小時，水壓小又不穩。
2. 口袋估計有至少6間帳篷共用同一個電路，電壓不穩，保證大批LED燈都無法亮起，打氣機也沒辦法運作，只能手動打氣，還得換用LED燈條。
3. 環境髒亂，生態池無人管理，被許多小黑蚊圍繞，每個人至少需要20包蚊香或防蚊液。
4. 浴室和帳篷區都有大隻的蟑螂在四處飛舞。
5. 草地長得超過腳踝那麼高，石階被青苔佈滿，十多個人中有4人無意中滑倒，所有人都想盡量避開。
6. 收費方式不合理，一般來說4個人以上每人需支付100元，但幼兒以下免費，在這個營區卻是每人250元，孩童也需支付。
7. 照片與現實景象不符，多數拍照景點都相當老舊，並沒有在官網上做好介紹。雖然唯一的好處是靠近小溪環境算乾淨幽靜，但其他都有問題，並且詢問服務人員的態度也相當不友善。",1,1,-1,4204,,2023/05/07,0,負向
在端午節當天前往湖區包場，才發現露營車無法進入，下著大雨，返回時路途遙遠，心情受影響。老闆的服務態度惡劣，還推卸責任。這個露營區真的不友善。還不確定能否退款。,1,1,-1,4205,,2023/05/07,0,負向
營地的排水設施很差，也沒有提供草地墊，下雨時帳篷裡的床墊都濕透了還有積水，無法入睡，只好直接收拾行李回家，這營區真的讓人很失望。,1,1,-1,4212,,2022/05/07,0,負向
中央最大的水池已經被围起来了，所以周围有很多青蛙，晚上会举办派对，声音很壮观，记得带耳塞。上游的小溪水叮咚作响，但周围有蜘蛛网和蚊虫干扰，要进去玩水似乎要考虑一下。此外，小黑蚊和大只蚊的班表应该已经协调好了，前者大约在上午11点开始上班，后者则在黄昏前出门觅食，所以3瓶防蚊液很快就会用尽，出门露营本来就需要与大自然相处，充分准备才能玩得愉快。,1,1,-1,4214,,2022/05/07,0,負向
建議在營區廁所前面的大水溝裝設圍欄，以增加晚上上廁所的安全性。地點缺乏路燈，孩子前往廁所有一定的危險性，因此這項改善對於保障大家的安全十分重要。,1,1,-1,4215,,2022/05/07,0,負向
這個露營地離新店碧潭非常近，開車大約只需要10分鐘。是個適合城市露營的地方，你可以從外面買外食進來用餐。這個地方原本是婚宴拍攝地點，所以並不是專為露營而設計的。有約30個露營帳篷，大家需要共用只有一處的洗手間，有些區域需要走一段路才能到達。建議早一點洗澡，晚上可能沒有熱水。設施較老舊且整理不夠好，相對其他露營地來說費用較貴一些。但這裡最大的賣點是湖景，晚上還可以看到螢火蟲。,2,1,-1,4216,,2021/05/07,0,負向
這個地方的服務態度不夠積極，結帳收費時倒是很積極。網路訊號很差，設施也相當破舊，蚊子超級多，場地空間很狹小！營位和洗手台沒有燈光，洗手台總是堵塞不通，洗澡時熱水不穩定！營位規劃非常草率，到處都是雜草，指示牌不明顯，位置也難找，再見之後不會再來！,1,1,-1,4218,,2021/05/07,0,負向
這個地方有很多小黑蚊，如果不怕小黑蚊的話可以考慮。這裡的包區和隔壁包區的帳篷緊緊相連，帳尾連帳尾！設施並不美觀，只有一些殘破不堪的設施可以拍照，其他的我懶得拍了。這裡沒有鋼琴，也沒有教堂，因為有露營客在，所以不好意思近距離拍照。整體來說，和網路上美照差距甚遠⋯⋯⋯區域劃分和安排確實不太好，太密集了。關於露營和參觀的價格，請自行參考。兩個包區的價格是2200，夜間冲洗要加600。希望以上資訊能幫助你。,1,1,-1,4219,,2021/05/07,0,負向
這段描述的意思是，他們在露營時遇到下雨，遮雨棚滴水，積水，環境很糟糕。然後他們試圖和老闆溝通遮雨棚容納人數和收費的問題，但老闆回答說人太多，車輛太多，收費也不變。作者覺得老闆有點過分，因為收費太貴，所以表示不會再去那裡露營。,1,1,-1,4222,,2021/05/07,0,負向
這個雨棚包區每天都塞滿了，但實際上和其他人的距離很近。而且半夜沒有管理，隔壁一群人在半夜2點一直玩狼人殺，第二天的垃圾桶也沒有人來清理。如果不是因為不能評論，我真的連一顆星都不想給。,1,1,-1,4224,,2021/05/07,0,負向
這個露營區收費方式不合理，一個帳篷收費1250元並且無法容納兩個帳篷，而且雨棚營位實際尺寸只有400*600，也收取高額費用。此外，訪客收費太貴，一人150元，小學生和車輛也分別被收取高額費用，還限定離開時間。整體來說，這個露營區確實不值得推薦。,1,1,-1,4225,,2021/05/07,0,負向
拒絕接納大型犬，只是謙虛地表示我還是新手，詢問是否可以參觀場地。雖然拒絕是店家的權利，但作為建議，請自己先做功課。這顯示該店可能並非風評所說的那麼優秀。儘管離家很近，我也不會再考慮了。,1,1,-1,4280,,2018/05/07,0,負向
訂位付款後遇到中央氣象局發佈大雨特報，營主拒絕改期，塞責任給露營樂訂位中心，強制扣除60%費用並要求另外支付30元處理費，更不提供發票，業者僅著眼於賺錢，缺乏同理心，極不推薦此處，爛到了極點。,1,1,-1,4288,,2018/05/07,0,負向
7月18日下午3點，大門關著，旁邊的標誌寫著需要先預約，讓我感到相當失望，只好回家了。,1,1,-1,4291,,2018/05/07,0,負向
環境很好，但是有很多小黑蚊又毒又多，下雨時無法延期，帳篷也需要收集很多。,2,1,-1,4295,,2018/05/07,0,負向
沒人接電話，我去了才發現園區關門了！,1,1,-1,4307,,2016/05/07,0,負向
門票不能用於抵消餐費。東西價格高，煎個蛋要220元真是貴啊。廁所男女共用，環境暗且隔音效果差，真是有些不方便。寧願去土雞城吃飯。,1,1,-1,4309,,2015/05/07,0,負向
大家請注意，進入園區的每人費用是100元，並且有最低消費的規定是另外180元！這樣的要求在許多餐廳裡是少見的！看來這樣是在暗中多收費用！大家在前往之前要仔細考慮清楚。,1,1,-1,4310,,2015/05/07,0,負向
這個露營區狀況真的很糟糕，許多設施和環境都不盡如人意。浴室熱水不穩，水壓小，還有多人共用迴路，營區充滿了大蟑螂和小黑蚊，甚至有人在石階上跌倒。收費也不合理，拍照景點不如預期。總之，這裡的服務真的很差，不建議大家前往露營。,1,1,-1,4338,,2022/06/08,0,負向
這個露營區真的很糟糕，有很多問題，像是洗澡時沒有熱水、電壓不穩、環境髒亂、大蟑螂出現、草地長得很高、收費過高，還有拍照的地方不盡如人意。,1,1,-1,4339,,2022/06/08,0,負向
營地越來越冷清了。如果超過每個營位的人數限制，他們會很嚴格地收取額外的人頭費和停車費。浴廁還算可以，但因為有水池，所以小黑蚊非常多，其他的部分就不多做評論了。,2,1,-1,4349,,2022/01/05,0,負向
照片拍得不賴，但親自去看就知道。營區的風景拍得很美，但實際去看時設施方面可能只能遠觀或眺望比較好。,2,1,-1,4357,,2021/04/26,0,負向
草地上有積水，可能是因為排水不良。,2,1,-1,4358,,2021/03/05,0,負向
選擇北部營區是因為連假中南部塞車，但到了營區發現沒有設施，還有很多小黑蚊，即使噴霧也沒有用。,2,1,-1,4381,,2020/03/25,0,負向
這次露營經驗真的很差，之後應該不會再來這裡了，也不太會推薦給朋友來！原因有三：一，營區不准朋友來串門子，並且收取昂貴的探營費用，而且在預訂時沒提前告知這個規定。我們有四個朋友來串門子，得付900元。二，洗澡水時冷時熱，更糟糕的是洗到一半時，突然沒水，得打電話給營主才會重新開水。三，廁所的衛生紙供應很少，導致很多人在廁所間相互借用衛生紙。,2,1,-1,4434,,2018/05/27,0,負向
態度很差，我不會再去了。一個人的態度不好，會影響到所有人。,1,1,-1,4437,,2018/05/20,0,負向
翻譯成更標準的講法是：「沒有想像中那麼漂亮。照片與實際情況相差甚遠。洗手台太少，插座距離太遠，雨天時草地容易積水排水系統有問題。」,2,1,-1,4643,,2016/12/01,0,負向
不要以為收了錢就可以不負責任，如果晚上洗澡沒熱水而找不到人處理，對天氣這麼冷的情況只提供冷水，這樣的服務非常不合適。,1,1,-1,4704,,2021/05/07,0,負向
在竹雞區訂了房間，沒有什麼風景可看，最令人感到不舒服的是，有很多人在那裡抽菸。而且營區上的年輕人一直喧鬧到凌晨一點，完全無視別人的存在，好像沒有人在管理一樣。這真的是一個很糟糕的體驗。,2,1,-1,4908,,2021/05/08,0,負向
這個時候果蠅很多，下午又停電，而冰箱離很遠，晚上中華電信塔架超載，無法聯繫。,1,1,-1,4946,,2019/05/08,0,負向
當天在貴營區（竹雞區）露營，原本是一個很輕鬆愉快的活動，但卻被一群年輕人搞砸了。這些年輕人從晚上開始喝酒，大聲吵鬧、罵髒話，一直吵到半夜3~4點都不肯安靜，讓我們露營的地方就在他們對面，完全無法入睡，只能等他們安靜下來後勉強小睡一陣。當天已向營區管理人員反映，但僅接到電話告知晚上請保持安靜，然而效果不彰，所以我們對這個營區的體驗非常糟糕，決定不會再去了。,2,1,-1,4977,,2021/06/02,0,負向
營主一直嚴密監控，限制很多，態度口氣也很差，我們是來露營放鬆的，不是來受氣的，非常不推薦。,1,1,-1,5224,,2024/03/08,0,負向
這個營地的管理者對待客人的態度真的非常差，尤其是對待小孩和寵物更是不友善。在遊玩過程中，球打到車子上後，他們的反應也十分激烈，甚至對於整理尚未完成的事情也表現得十分不耐煩。他們的口氣與態度讓人感到非常不舒服，完全沒有歡迎的感覺。這樣的營地實在讓人感到極度不愉快，對待老太太及寵物更是顯得不友好，連言語也相當嚴厲，好像完全不想招待任何人一樣。,1,1,-1,5225,,2024/03/08,0,負向
這位服務人員態度相當惡劣，說話的口吻就像在吵架一樣。,1,1,-1,5226,,2024/03/08,0,負向
這次參加的是露營活動，營區整體環境保持得相當乾淨，草坪也很舒適，廁所有提供衛生紙。不過，一開始聽說只要天氣許可就會開放泳池，結果前一天卻因早晚溫差大而取消了開放。不過星期六的天氣卻是相當炎熱，有點可惜沒有能利用到泳池設施。畢竟，營主可能是出於對露友健康的考量，才做出這樣的決定。後來才知道，營區要在12:30全部撤營離開，或許這是原本就有的規定，但當下仍感到有些意外。露營應該是一個讓人放鬆的活動，以往的經驗都是在下午2點前離開，所以可能以後不會再考慮再去這個營區了。另外，營區提供的腳踏車都很舊，而騎乘區域也很狹窄，孩子們常常出現相撞受傷的情況，相當危險。營位共有50幾個，共同分享一個衛浴設施，熱水只供應到晚上12點，導致有媽媽帶著小孩的女性會在白天有龍龍長長的等待洗澡的情況。如果喜歡前一天就開始整理裝備或者輕裝備的露友，這個營區可能很適合；但如果習慣在營區吃點簡單午餐後才離開，或是早上10點才開始整理帳篷、沾太陽露水的露友，就需要好好考慮一下了！,2,1,-1,5235,,2023/11/08,0,負向
電閃電爍，蚊蟲密佈，廁所離得很遠。,1,1,-1,5236,,2023/06/08,0,負向
這個營地的設施真的有待改善，像是女生淋浴間只有5間，廁所離很遠，還有熱水供應時間到12點卻早就洗冷水。另外，柴燒方式讓水溫難以穩定，連轉到最冷的地方都還可能超熱。女生吹風機只有一台，營地區域空間又小，帳篷之間距離也太近了。雖然規定沒有寫不能打麻將，卻又告知影響小孩觀感，要求圍布拉上帳篷。再者，只有一台飲水機，時不時水就不夠用。總之，完全不推薦這個營地。,1,1,-1,5243,,2023/05/08,0,負向
衛浴要排隊的人不多，冰箱只有一台擠滿東西，還要小心小黑蚊。,2,1,-1,5258,,2022/05/08,0,負向
"1、燃木取暖的熱水溫度難以調節，洗澡不太方便。
2、遊戲區要求小孩在玩沙時不可讓沙子掉出遊戲區域並有工作人員監督。如果擔心沙子掉出去，或許應該考慮不開放。
3、大雨天設置帳篷已經有些難堪了，再另外制定一堆規定似乎有些太多了。
4、規定將桶分類，每個區域只能放1-2個，要求停車時裝備也需有組織，一直在催。因為草坪墊對雨水不好，所以也不宜過多使用。
5、洗澡時有人叮囑不能用太多水。
6、車輛必須進入停車場（可以理解）。
7、即使天氣好也不允許使用游泳池，寧可用水清洗護草墊⋯整體感覺真的很糟糕，保持整潔固然重要，但有時候可能過度，不如干脆不開放！",1,1,-1,5260,,2022/05/08,0,負向
1. 如果沒有提供廚餘桶，廚餘應該要丟到哪裡呢？2. 下著大雨，我們沒取消活動，整個場地都泥濘了，營友的小孩子踩到泥巴弄滿了腳，要去洗腳，還被訓斥說要開小一點的水，讓孩子不要再踩到水坑和泥巴！否則就要再洗一次了。3. 沙坑有專人管理，見到不熟的小孩子玩沙會灑到外面（沒有掉出去），馬上告訴小孩子，不要把沙子撒到外面，要在裡面玩，其他營友也對他說，小孩子這樣玩會怎麼樣，被工作人員責罵說，那你就不要來玩。4. 把自行車放在籃球場裡，小小孩經過隨時會被大孩子的籃球擊中，很危險。5. 雖然提供了舊自行車供使用，但沒有專用自行車道，只能與汽車共用，非常危險。6. 護草墊被放在泳池裡清洗。7. 浴室的水壓不穩定，只有一個區域供廁所和浴室使用，很不方便。總的來說，這是我第一次遇到這麼嚴格的營地管理人員，對於想要體驗挑戰的營友可以去試試看！但對於經驗不足的營友，請謹慎考慮再參加！,2,1,-1,5261,,2022/05/08,0,負向
今晚露營經歷非常糟糕，溫度只有12度，沒電了，暖爐和電熱毯通通無法運作，我覺得我可能會在這個晚上被凍死。,1,1,-1,5267,,2022/05/08,0,負向
全營區有200多位成人和小孩需要在晚上12點前洗澡，如果沒能在時限內洗完，水就會被關掉，這樣處理真的有點過分。此外，只有一台飲水機供應需要大量飲水的人，用大桶裝水時還會被抱怨，很可能會造成缺水情況。我可以用一個大桶裝水讓10個人喝，但這和10個人分別去裝水有什麼不同呢？雖然營區有這麼多人，但只有一台飲水機，難道不考慮增加設備數量嗎？另外，沙坑在傍晚時分就趕人，這樣的用意是什麼呢？總的來說，營位的位置很擁擠，前方狀況還可以。,1,1,-1,5278,,2021/05/08,0,負向
民宿的空間規劃需要加強，因為鐵皮屋旁的空地成為了所有小孩的遊玩地點，這造成住在民宿的人無法有一個安靜的休息空間，建議應該做出改善。,1,1,-1,5289,,2021/05/08,0,負向
很久沒有露營了，洗澡洗到抓狂。幸好現在不是寒流來臨，小黑蚊還行，但那溫水真的受不了。,2,1,-1,5300,,2020/05/08,0,負向
我認為需要重新整理與整地營區的草皮，因為雨天露營時，如果積水太多會讓露營活動變得非常困難。這不是天氣的問題，而是因為營區的排水系統做得不好。這樣的情況會破壞露營的氣氛，讓人感到非常沮喪。儘管營主人很nice且提供乾淨的廁所，營區也有寬闊的視野，但若是不能解決排水問題，依然難以獲得好的評價。,2,1,-1,5436,,2023/11/08,0,負向
這個營地的草太長了，沒有修剪過。地面凹凸不平，蚊子多得要命，大小超肥。各種生物都在這裡，甚至還有蟑螂。這次露營的體驗不太愉快，也許唯一的優點就是廁所和衛浴間比較乾淨吧。,2,1,-1,5438,,2023/08/08,0,負向
綜合來說，這個營地的環境設施條件並不理想，很多問題需要改進。例如，草地長高、蚊子、蟻、蟑螂問題頻傳，還有排水和水質設施不足，甚至飲水機壞了也未提前通知。此外，地面不平導致護草墊壓壞了，價格卻不便宜。唯一好處是兩位年輕工作人員態度友好，廁所相對乾淨。總體而言，這個營地有很多需要改進的地方。,1,1,-1,5439,,2023/07/08,0,負向
這裡的唯一優點就是廁所乾淨，但草地不平坑坑巴巴，睡得腰痠背痛，營區沒有風景可看，有點可惜。,2,1,-1,5448,,2023/05/08,0,負向
必須給一顆星才能發布評價，其實我想選零顆星。收場地費那至少水槽應該乾淨，造夠好，不能讓客人自己刷水槽。電線插座也應該是好的，修繕時間要在2至3個月內完成。這個問題應該是你們自己營區經營要克服的問題。事實上，營區的高度不是問題。這樣的回答讓人難以接受。草地維護建議暫時休園！護草墊太泥濘且破損很嚴重。另外，停車問題非常糟糕！這也應該是在營運時該考量的事務之一。,1,1,-1,5453,,2023/05/08,0,負向
露營原本帶來歡樂，但營區沒有停車位讓我的車受損，水槽水管也脫落了，讓我決定不再造訪了。,1,1,-1,5454,,2023/05/08,0,負向
營區居然沒有停車位，要我們自己找，水槽漏水，我們向營地負責人反應，結果讓我們與他人共用，露天營區這麼多，真的讓我感到無奈！,1,1,-1,5455,,2023/05/08,0,負向
設備非常不完善，停車位有限，水槽壞了只能與他人共用，電插座也有故障。整體而言，提供的設施十分糟糕。,1,1,-1,5456,,2023/05/08,0,負向
廁所沒有清潔、有虎頭蜂沒有處理、蚊蟲很多、游泳池沒水、早上10:30就在收帳，還被一直催，整體體驗非常糟糕。,1,1,-1,5458,,2023/05/08,0,負向
如果可以的話，我們希望草坪不要長太多。雖然只有一個工作人員，雖然有點可憐，但我們去露營的目的就是為了開心渡假，這樣的服務，已經算是不錯了。,1,1,-1,5461,,2023/05/08,0,負向
整體環境不太好，廁所有濃重的尿味，淋浴間沒有被清潔過，冰箱等到客人才開，兒童戲水池也很髒，還有很多小黑蚊⋯,1,1,-1,5462,,2023/05/08,0,負向
廁所沒有清掃草地長得像小樹冰箱發霉沒有整理溪水池看起來像生態池整個情況很糟糕。,1,1,-1,5463,,2023/05/08,0,負向
從週六中午到接近周日中午，廁所沒有進行清理，也沒有補充衛生紙。,1,1,-1,5464,,2023/05/08,0,負向
因為收過多個房間靠得太近，晚上鄰居吵得無法休息，所以給了一顆星。環境乾淨，營主親切，但應該不會再光臨了。,1,1,-1,5471,,2022/05/08,0,負向
植被稀疏，營地排水不良，導致土壤鬆軟，大風一吹營釘就連根拔起。再加上沒有棧板，滿地都是泥巴凝結，可以用一個字來形容：＂慘＂。然而，還有一顆星是給打赤膊的帥哥，他的服務還算不錯。,1,1,-1,5472,,2022/05/08,0,負向
營地營主對於吵鬧的客人放任不管，從中午開始一直到凌晨四點！？我們雖然無法阻止酒醉的客人，但是營地的管理員也沒接電話，並且在半夜12點後仍未出來制止，這嚴重影響其他客人的休息時間。而營地的使用規章明確禁止卡拉ok，卻讓人一直唱到快天亮，引來警察勸導，還是繼續大聲吵鬧。對此營地我們不推薦。,1,1,-1,5476,,2022/05/08,0,負向
這個地方的景色很不錯，營區的主人很熱心，但是環境清潔工作需要更加努力，尤其是洗水槽和冰箱。這次我們住在貨櫃屋露營，一進屋裡拖鞋就濕透了。我問打掃阿姨，她說有用酒精消毒水，但也許噴得太濕了。令我們非常困惑的是，洗澡時竟然多次停水，甚至停水2-3分鐘之久。在這種天氣裡被停水實在令人哭笑不得，小朋友和大人都洗到驚叫不停，感覺真的很冷。,2,1,-1,5482,,2022/05/08,0,負向
這個帳篷並不像網路上的評論所描述的那樣，當裝滿東西時，小朋友幾乎沒有活動空間，不過其他公共設施狀況還可以。,2,1,-1,5491,,2021/05/08,0,負向
帳與帳之間的距離太近，這樣會有影響。洗碗槽太矮，只到身高170公分的膝蓋，洗碗時必須劈開腿。B區和C區共用衛浴，人多時廁所變得非常骯髒，且缺乏定期清潔，必須特別通知才會處理。深夜沒有控制其他露營者的噪音，甚至連續兩夜都聽到隔壁帳篷傳來大聲歌唱聊天聲，一直到清晨五、六點。多次向營主反映，但沒有改善。整晚都有人聊天唱歌，從午夜12點一直持續到早上6點，沒有限制其他客人。這種情況影響整體品質，讓人感到非常煩惱，再也不想再來了。,1,1,-1,5497,,2021/05/08,0,負向
飲水機離冰箱太遠，營位又太近，聲音很吵，停車位置又遠，不方便。,2,1,-1,5498,,2021/05/08,0,負向
環境設備很好！可惜營地管理的規定執行力不夠！讓其他客人隨意吵鬧到凌晨！影響他人休息時間。,1,1,-1,5515,,2020/05/08,0,負向
硬體設備很好，廁所衛浴設備也很乾淨。不過在營區裡有三隻大狗不斷在帳篷附近打轉，從晚餐到半夜都很影響我們的活動⋯入睡時甚至還在附近嬉鬧，所以睡得不太好。雖然不討厭狗狗，但在吃飯時不斷繞來繞去還是相當困擾，一邊要煮東西一邊還要防止它們偷吃。除了狗狗的問題之外，其他一切都還不錯真的。,2,1,-1,5520,,2020/05/08,0,負向
環境雖然不錯，但是小黑蚊很多，野狗半夜會翻垃圾筒，一直在帳篷外走來走去，所以我睡不好。,2,1,-1,5521,,2020/05/08,0,負向
這個地方看起來很熱鬧，因為靠近羅馬公路，晚上要麻煩不是機車就是超跑。對於營地對客人踩草皮很嚴格的規定，感到有點不解，難道他們希望客人飛上天嗎？而且一個帳篷要1200元，卻沒有景觀或是新鮮空氣，價格有點貴。唯一讓我欣賞的地方是附近有很多螢火蟲，可以給人一些療癒。,2,1,-1,5534,,2019/05/08,0,負向
這個地方風景優美，非常適合露營。,2,1,-1,5535,,2019/05/08,0,負向
各個區域之間的距離太近，營地太擁擠，晚上鄰居聊天聲音一直持續到凌晨一兩點，讓人感到吵雜。,2,1,-1,5538,,2018/05/08,0,負向
兔子最好不要養在室外，且飲用食物需要注意。若有意養兔子以營利為目的，應該好好了解兔子的需求。建議店家提供兔子無限量的提摩西草和煮過的飲用水，並適量提供飼料。兔子適居溫度為17-25度，應避免潮濕和淋雨，以免引發皮膚疾病。長期暴露在高溫下兔子也容易中暑。曾有兔子因在室內夏天無冷氣環境下，肝功能值過高的情況。我本人也曾養過兔子，了解不讓牠長時間在無冷氣環境下活動。分享這些知識給店家，希望能促進友善對待動物和環境的意識。,1,1,-1,5737,,2022/05/08,0,負向
景色很美，但環境和人員的素質還有待提升。,1,1,-1,5799,,2019/05/08,0,負向
這家五星級飯店收費高，但卻有很多蚊子和蒼蠅，無論是早上或下午都是如此。營主還說他們有賣蒼蠅貼片呢。,1,1,-1,5807,,2019/05/08,0,負向
會放鳥的營主，請注意不要觸雷。,1,1,-1,5813,,2019/05/08,0,負向
設施方面算是平價，景觀也很一般。,2,1,-1,6069,,2023/12/08,0,負向
一開始說這個區域可以搭帳篷，但在悶熱的天氣下搭好帳篷後又說這個地方不能搭帳篷，需要停車。又得移動一次，真的很令人沮喪，而且路況不佳，車底盤都被敲到了。,1,1,-1,6073,,2023/07/08,0,負向
洗澡的時候水溫難以調節，而且沒有提供飲水設備。,2,1,-1,6076,,2023/05/08,0,負向
菠蘿蜜區的熱水剛洗頭就沒了！這個區域與其他區共用2間廁所和浴室（蹲式廁所和浴室在同一間）。營區禁止車輛進入，必須由營區負責人開著牛車將設備運到指定地點。,2,1,-1,6079,,2023/05/08,0,負向
房間整潔狀況較差，有些許跳蚤，會讓皮膚發癢。食材遺漏了，已經傍晚了才發現，詢問卻被誤解。工讀生決定清理房間並拿走東西。下次可能要確認物品，處理方式有待改善，但要記得自己也有疏忽的地方。,2,1,-1,6090,,2023/05/08,0,負向
這個營區環境還不錯，但衛浴設施只有一間，所以洗澡時需要排隊等候。如果五帳包區已經有8個人覺得排隊時間很長，如果是正常10-15人的話需要洗到什麼時候呢？,2,1,-1,6099,,2022/05/08,0,負向
看來您參加的露營經驗並不盡如人意。您提到當初參考網路評價定的這個地方，但事實和預期有些出入。例如，入住後老闆老闆娘不在，感受不到評論中提到的親切服務；盥洗室衛生狀況也讓露友們有所顧慮。另外，洗澡時要排隊，甚至在特定時段不能使用也讓大家感到不便。總結來說，這次參與露營的11人都有相似的不滿情緒。,1,1,-1,6137,,2019/05/08,0,負向
有人會這樣做生意嗎？為了加班接包場的夜晚，就讓已經預訂的客人取消訂位，甚至要求他們改訂其他日期嗎？我真的輸給你了，老闆！「人無信不立，業無信不興」，這是古訓！,1,1,-1,6320,,2023/06/09,0,負向
所有房客都很安靜，只有星期日早上房東的朋友來訪，竟然從早上六點多開始在前面聊天，一直聊到快要八點，真叫人有點困擾該如何入睡。對於經營生意，這一點是需要注意的，其他方面還算不錯。,1,1,-1,6328,,2023/05/09,0,負向
這個露營區並非由原住民經營，訂單確認後卻被管理員修改，多收了不少錢。環境並不是很讓人放鬆，隨時都有被營主監視的感覺。也許應該將這樣的營區關閉，並交還給原住民經營生活。,1,1,-1,6580,,2023/09/09,0,負向
這個營區冬天來的話最好不要使用高功率電器，容易跳電，而且營主不耐煩，有時還會抽煙，對小孩不友善。唯一的優點就是廁所很乾淨。,1,1,-1,6593,,2023/05/09,0,負向
這個營區不適合在冬天來，因為無法使用低功率的電暖器，容易造成跳電情況。另外，營主可能會對那些抱怨寒冷的露營者不客氣，甚至工作人員可能會指責你。,1,1,-1,6594,,2023/05/09,0,負向
營地廁所非常乾淨！來山上露營是為了放鬆心情和吸收芬多精，但營主經常在帳篷旁抽菸，對於計劃帶孩子來露營的人來說可能會擔心二手菸和三手煙的問題。如果你在意這方面的話，可能不太建議選擇這個地方。這則好評星給了營地主人的二手菸環境。,1,1,-1,6597,,2023/05/09,0,負向
營區的衛生環境良好，整體情況還算不錯，洗澡水很熱。然而，營區的電力供應並不穩定，若無法提供足夠電力，請提前告知，切勿隨意指責露營友。建議定期檢修供電設備，因為電力固定在凌晨會斷電，甚至上廁所都沒有燈光，這點相當糟糕。營區使用卡拉OK設備無限制，因為營主本身也在唱卡拉OK。此外，已清楚標示護草墊的使用方式，不需要強調讓露營友坐在上面。,1,1,-1,6614,,2022/05/09,0,負向
露營地和浴室環境很好，但除了營地主人以外，其他女性工作人員的態度非常差，一點都不友善。許多露營的人問問題時，有位女性工作人員回答得很不耐煩。這樣讓人很不愉快，所以不會再去那裡了。,1,1,-1,6617,,2022/05/09,0,負向
環境整潔，熱水只供應到晚上十點，洗手台旁的燈也只亮到十點，經營者夫妻的態度似乎不夠友善⋯⋯⋯⋯,2,1,-1,6625,,2022/05/09,0,負向
我們11月7號入住了馬臺227露營區，因為網友好評，我們抱著期待的心情帶著家人前往。我們選擇了廣場區，在初次到訪時感覺整個環境非常清幽乾淨。晚餐後，小孩跟著隔壁營區的家長玩夜間探險，雖然下了雨，但也算是體驗到了露營的樂趣，直到睡覺時間。可是深夜來了一群客人，持續地嘻笑喧鬧、大聲唱歌聊天，在深夜2-3點，山區的寧靜被打破，營主沒有出面制止，基於安全考量，我也沒有馬上反應，直到友人在3點半氣憤地告誡後才有所改善。因為下雨和沒睡覺，我的心情受到影響，一大早就趕著收拾準備離開。這時營主前來幫忙移車，主動提到昨晚客人吵鬧的事情，說是熟客，營主表示他也有聽到深夜的吵雜聲，我質問為什麼不制止，營主笑笑回答說客人喝酒，所以才會這樣，沒有辦法。唉，營區在預訂網站上有5星評價，可惜營主只為熟客好客。,2,1,-1,6640,,2021/05/09,0,負向
營區非常擁擠，每個人都被收費，活動空間幾乎沒有，酒鬼很多且很吵，不太適合親子活動。,1,1,-1,6655,,2021/05/09,0,負向
完全被擁擠，擠得不得了，無法言語。,1,1,-1,6659,,2021/05/09,0,負向
只有中華電信有訊號，其他家都沒有，但營地有WIFI。在前往馬胎227營地的路上，需要開得慢，因為道路彎曲看不到來車，有點危險。快到營地之前的道路正在整修，凹凸不平，到處是大小石頭，容易刮傷車輛底盤。休旅車應該沒問題，但一般轎車要小心。這次待在營主家前的廣場區，場地很小，5帳相連，孩子沒有活動空間，感覺營主有點收得過頭。營地環境有蟑螂，非常多蒼蠅（可能是當地最多的營地），但因海拔750公尺，沒有小黑蚊。廁所離廣場區不遠，約1分鐘的距離，很乾淨旁有小溪，可以抓溪蝦，水不深，適合小朋友泡腳。營主養的雞到處跑，沒有關籠子，凌晨3點就開始咕咕咕，吵得難以入眠。早上的時候還會來營地玩耍。如果以上情況您可以接受的話，可以試試看，但我不會再去了。,2,1,-1,6660,,2021/05/09,0,負向
前往目的地的大約一公里路程真的很糟糕，路面多次磨損，營地規模很小，甚至連供小朋友奔跑的草地也沒有。抵達營地後，下山的路段非常顛簸，車子無法行駛，只好暫時停放在別處，然後步行前往營地。,1,1,-1,6661,,2021/05/09,0,負向
營地已經擁擠了，還有太多客人，老闆養的雞整晚不停叫，真是無法入眠。,1,1,-1,6664,,2020/05/09,0,負向
這個營區地方不大，沒有美景可欣賞，但有溪水和兒童滑梯，滑梯的設施很像公園，不過沒有沙坑。廁所和浴室很乾淨，只是地面常常潮濕。逛了一圈後發現只有B區適合搭帳篷。在營地裡有幾隻放養的雞在自由走動，不停地咕咕叫有點吵。相較之下，這些雞應該比被關在籠子裡的狗更快樂。每天早上都聽得到雞鳴狗叫一直不斷。不過，大自然中我們還是可以聽到蟲鳴和鳥鳴，難得有這麼多自然的聲音，但真的沒有更好的選擇了！,2,1,-1,6668,,2020/05/09,0,負向
營地可能會收取多一些費用，營位有點狹窄，而且停車空間有限！,1,1,-1,6676,,2019/05/09,0,負向
這家店家成員的態度不友善，還讓自家狗隨地亂拉亂尿。,2,1,-1,6693,,2023/03/07,0,負向
沒使用高功率電器卻持續跳電，並且建議不要露營在寒冷天氣，並且使用不當的措辭，這有點不太好。其中有使用到第六代的電源供應器，功率為380W。,2,1,-1,6697,,2022/12/13,0,負向
B2區有很多蟑螂，偶爾會聞到狗屎的味道。,2,1,-1,6728,,2020/08/21,0,負向
營地營主疏於管理，廁所不掃、垃圾不夾，導致廁所氣味令人不敢恭維。洗澡區瓦斯不足，每晚都要搶熱水洗澡，帳位擁擠。隔壁帳位的喧譁讓人難以入眠，打電話請營主上來需要等兩個小時。這次經驗讓我不太想再來第二次，同樣價格卻有更好的選擇。只能給一顆星是因為美景。,1,1,-1,6753,,2024/04/11,0,負向
這個地方非常狹窄，空間很緊湊。每晚都有流浪狗前來覓食，造成困擾。垃圾桶不能獨立使用，必須與其他人共用。,1,1,-1,6756,,2024/04/09,0,負向
不建議入住這間房間，因為隔音效果很差，廁所還在房間外面，連吹風機都沒有，非常不方便。而露營區的廁所也是很骯髒，因為很多人使用完都沒有清潔整理。,1,1,-1,6758,,2024/04/09,0,負向
這段句子可以這麼說：我第一次來這裡，晚上營地管理人員也沒來巡視。當我打電話給管理人員時已經11點多了，有些人還在帳篷中群聚喝酒作樂。管理人員來了後，還是很吵。,1,1,-1,6766,,2024/03/09,0,負向
評論者建議 ABC 三區應減少露營人數，或者實行包區制度。他們認為露營帳篷太過擁擠，並且相當不滿在高處拍照時有如難民營。他提到南投地區流行這種擁擠情況，相較之下他寧願前往苗栗或新竹等地露營。他呼籲管理者應重視單獨露營者的品質和舒適度，而不只著重賺錢。,2,1,-1,6771,,2024/01/09,0,負向
當初在線上訂位時，前排夜景區的位置都還有空位，所以我們提前付款預訂了位置。然而當晚到達時，我們卻被分配到中間的草皮區。我們問老闆我們不是訂前排的嗎？老闆回答說那是要留給夜衝的人。我們又詢問老闆現在不就是夜衝嗎？老闆只是無奈地說沒有辦法⋯⋯後來才得知是他把位置給了後面才訂位的6個人⋯⋯感覺有點被耍，超級失望。,1,1,-1,6773,,2024/01/09,0,負向
"1. 在12/1到12/2的半夜1點多時，B區有一些露營的人，大聲交談，並且有小孩一直嘻鬧著。
2. 營位之間的距離很接近，營繩只差一步就會相互碰撞。
3. 垃圾桶太少，被擺放在營位前面，建議將其擺放在營位後方或區域入口處，這樣才不會有人一直來回走動。
4. 營友的素質非常重要，希望大家不要在別人的營位前走來走去，打量別人的裝備，這樣很不禮貌。若需要走過，請繞到帳篷後再行走。
5. 請設立吸煙區，因為下風處常常會聞到煙味，地上也常見煙蒂，這樣的營地不被推薦，也不會再去了。",1,1,-1,6776,,2023/12/09,0,負向
我剛從騰雲露營區回來，真的要說，我的露營體驗非常糟糕。浴室大部分沒熱水，飲水機超級髒，連冰箱都很小，而且沒有做區分規劃，大家都亂放食物。馬桶水箱沒有蓋子，草地上還有很多蜈蚣。營區的環境設計怪異，沒有小孩活動空間，每個營位間隔也超近，感覺像是夜市攤位的擺放方式。晚上很晚了，隔壁營位的人超吵，營主也不管。還有一些帶狗的露友控制不好，經常跑到我們帳篷附近，對於有小孩的我們很困擾。我是在看完評論後才決定去的，因為真的很不推薦這裡。,1,1,-1,6786,,2023/11/09,0,負向
"遇到一隻野狗把半隻雞叼走, 還有其他野狗和帶項圈的狗, 洗澡水忽冷忽熱弄傷皮膚, 還有一個沒有禮貌在浴室小便的女露客丟衛生紙在地上。",1,1,-1,6797,,2023/08/09,0,負向
這個露營區的服務真是讓人無法接受，不僅沒有熱水，還持續讓人等待超過二十分鐘，水溫還不穩定，真的是讓人沮喪。這樣的狀況根本無法給予好評，簡直是令人火大。,1,1,-1,6802,,2023/05/09,0,負向
這次露營的營區廁所清潔頻率很低，我打電話反應後他們還沒來清理。此外，營區的熱水時冷時熱，睡覺時醒時睡，早晨的寒氣真的很令人痛苦。,1,1,-1,6817,,2023/05/09,0,負向
廁所的數量少，又很骯髒，熱水時大時小，打了電話反應廁所髒，但營主沒有處理。,1,1,-1,6818,,2023/05/09,0,負向
這個露營地雖然靠近野營體驗，但收費卻像五星級消費。上山的路況狹窄，會車不易，到了營區後也沒有指引讓露營者找到自己的地方。這個營區位在海拔1000公尺以上的高山，車多時很難轉彎，更何況遇到雷雨天氣，半夜還有停電的狀況，真是讓人吃不消。訊號不好，電箱炸裂跳電，就連Wi-Fi都沒辦法用。洗碗槽沒水，營主還想讓露營者無水洗碗，洗澡時水壓不穩，甚至連馬桶也沒水沖，只能自己用桶子舀水。廁所髒亂有屎未沖，晚上更沒有宵禁，對於夜貓族來說太過擁擠，讓人感到非常不愉快。這個營區管理混亂，承載不了這麼多露營者，真是糟糕的經驗。,1,1,-1,6822,,2023/05/09,0,負向
在打電話給營主反映廁所沒衛生紙時，若營主直接掛電話是顯示不太友善的態度。,1,1,-1,6825,,2023/05/09,0,負向
聖誕夜時停電，營區主人處理得比較慢，之後還警告說如果再浪費用電，整個區域都會斷電。朋友幫忙修水電時都沒有另外收費了，而營區用電量本來就要節約。清潔廁所也不需要那麼頻繁，後來還打算開發新的營位，讓人擔心這個營區的情況。,1,1,-1,6832,,2023/05/09,0,負向
上方特區的營主需要改進的是提供露營的品質，不僅要解決晚上帳位難安排的問題，還要確保所有露客在第二天中午12點前離開。此外，靠近浴廁的兩個營位過於狹小，無法容納兩個帳篷，因此在訂位網站上應該更新照片，讓顧客清楚了解實際情況。營主必須重視信譽與服務品質，才能獲得長期的經濟收益，而不是短期的斷斷續續。,1,1,-1,6833,,2023/05/09,0,負向
最令人無法忍受的是夜間車輛沒有時間限制，甚至在晚上11、12點仍有車輛續往山上開，車燈和露營者的吵雜聲直到深夜未停。第二天早晨退帳發現帳篷下滿滿的蜈蚣，幸好用了草坪保護墊，但仍有蜈蚣鑽進帳篷裡，數量比螞蟻還多。营地景观很好，傍晚可觀賞夕陽，晚上能觀星空，早晨有濃霧，仿佛置身仙境。廁所和浴室少，有冰箱和飲水機。幸好來的是連假前一天，半夜被夜衝吵醒後，第二天早早離開，不想待在擁擠無法放鬆的营地。,2,1,-1,6842,,2023/05/09,0,負向
到營地時，我們要把食材放進冰箱冷藏，但營主告訴我們，雖然冰箱剛開始運作，但已經冷凍了一小時，溫度還是27度，這是怎麼回事？比我家的冷氣還要熱？即使冰塊都直接融化了！晚上洗澡時，朋友們剛進了浴室才發現沒有熱水，後來修好後我們才進去洗，但只有一開始的兩分鐘水是熱的，其餘時間都是冷水。這樣很辛苦，花了半小時忍受冰冷的水才洗完澡。營地風景很美，但設施真的需要改善。,1,1,-1,6849,,2023/05/09,0,負向
建議每次來露營這裡，都能體驗到天堂般的美好。,1,1,-1,6856,,2023/05/09,0,負向
風景還可以，沒其他人說的那麼神，wifi 順暢，衛浴還算可以，熱水不太穩定是最大問題……地方太擁擠，露營的人常常停車場不太夠，帳篷擠在一堆，建議有意前往的人自行評估，別全信網路上的吹捧。,2,1,-1,6859,,2023/05/09,0,負向
非常失望，B區就像是在停車場露營一樣，完全看不到任何美景。,1,1,-1,6860,,2022/05/09,0,負向
環境清潔有待改善，營地設施過於擁擠，整體品質不佳。,1,1,-1,6864,,2022/05/09,0,負向
"1. 冰箱裡只有冷藏食材，溫度不夠低，且有明顯異味，看起來已經有一段時間沒有清理了。冰箱沒有提供冷凍功能，食材幾乎都變成常溫了！
2. 各家電信業者的訊號都不太好，雖然有提供Wi-Fi，但訊號並不穩定。
3. 可以看到的景觀只有車輛和帳篷，有點討厭！雖然現場停車位還蠻多，但A區卻停滿一整排車輛，如果沒法訂到景觀好的位子，去B區就等於跟別人的車子共享露營區。官網描述和現場實際狀況不符，反應給管理者也只說是早就這樣規劃好了...
4. 浴室前面有一大片蜘蛛網和蟲子，幸好成了孩子們觀察生態的好地方，雖然浴室很大，但從到達到離開時垃圾桶都滿滿的，衛生待加強！
5. 特地去到觀景區，白天和晚上的景色真的很美！",1,1,-1,6868,,2022/05/09,0,負向
營地管理說只有A區（景觀區）的停車方式類似停車場。其他區的停車則會面對一整排的車輛，這也是露營的正常情況。如果無法訂到A區，建議可以在附近的停車場露營。,1,1,-1,6869,,2022/05/09,0,負向
B區停車位很擠迫，有停在帳篷旁的情況，雖有告示牌要求外停，但A區車輛卻在旁邊停放，與規劃及照片不符，收取的費用讓人感到被欺騙。希望管理者能提供清晰說明，以免造成不便。眺望時都是他人的車輛，老闆的消極態度令人失望。,1,1,-1,6870,,2022/05/09,0,負向
處處都有人唱卡拉ok，聲音開得很大卻沒人管理，這樣就浪費了美麗的景觀，令人感到失望。,2,1,-1,6882,,2022/05/09,0,負向
這麼多螞蟻，到處都是，住了兩晚真的很可怕。,2,1,-1,6907,,2022/05/09,0,負向
每晚1200元的特區營位，營位之間看起來像是連在一起的。營主好像沒有考慮到需要拉營繩的問題，而且營位的設計非常狹小（透過比例來看，照片中的水瓶作為參考尺寸）。,1,1,-1,6953,,2021/05/09,0,負向
營區太擁擠了，每個營位都擠在一起，連5x8的空間都沒有。我被安排在左邊第一個紅圈處，緊挨著兩棵樹之間。而且還多收了我三個營位，這樣下次我可能不會再來了。,2,1,-1,6957,,2021/05/09,0,負向
夜晚的風景確實很迷人，讓人感到心情愉悅、放鬆，但是浴室設備有些問題，熱水時溫度要麼太高容易燙傷，調到另一邊就變成冷水，而且營地的排水也不太順暢，希望這些可以有所改善。,2,1,-1,6964,,2021/05/09,0,負向
優點：雲海景色迷人，夜晚景觀宜人夕陽美不勝收，草坪平整舒適。缺點：建議營區的帳篷營位減少約 1/3，因為過多的營位導致活動空間受限，導致小朋友只能在人行道上玩球。浴室和廁所太少，且沒有明確標示，需逐間打開才能確認。水壓太小，供水溫度不穩定。停車空間不足，規劃混亂。網路訊號僅限中華電信，其他電信業者信號不穩。因無法連接，WIFI實質上無法使用（因連線人數過多）。,2,1,-1,6966,,2020/05/09,0,負向
沒有第二次了，那個營地老板會在半夜叫人結帳,1,1,-1,7009,,2019/05/09,0,負向
"優點：D區場地很大，樹木蓋蓋，不必搭天幕也不會曬到太陽，非常方便。
缺點：環境整理須加強，水槽極其骯髒混亂，廁所內到處都是蜘蛛網，顯然很久沒有清理過。露營地和廁所門口的洗手槽上有非常非常多的蟑螂，而且是飛的，環境衛生方面真的有待改善。",2,1,-1,1,,2024/05/06,0,負向
廁所很髒，沒有固定的清潔時間，味道很臭。吹風機的品質很差，有時候還會突然斷電，像是飯店式的設備。浴室洗到一半突然沒熱水，而且即使有熱水也不夠熱。冰箱太小，根本不足以容納所有食物。洗手台傾斜不穩，無法放置物品。,2,1,-1,16,,2023/12/06,0,負向
這個營地的環境維持非常糟糕，下雨時積水，草地泥濘，走去廁所的路沒有照明，只有昏暗的燈光映在牆上。廁所環境骯髒難堪，沒有衛生紙可用，臭氣熏天。營地經常被露營團體使用，但營主卻未改善環境。在雙十連假期間，營地仍然維持不佳，只見一位老人在清潔，顯然環境清潔的人手不足。整個營地冰箱骯髒不堪。因此，我絕對不會再造訪這個地方。,2,1,-1,21,,2023/11/06,0,負向
環境還行，就是人員的態度有待改善。今天扮演《鬼滅之刃》女生的演員似乎非常不耐煩，被詢問問題前就直接表現出不耐煩的態度。如果不是有小朋友在場，我可能會當場表達不悅的心情。,1,1,-1,22,,2023/11/06,0,負向
營區照明較暗，我們中午抵達時，廁所的清潔狀況已讓人嫌惡，即使到了晚上10點，仍未見改善！垃圾桶滿溢，衛生紙到處散落，馬桶骯髒不堪，事無巨細地令人感到恐懼。,1,1,-1,36,,2023/05/06,0,負向
水壓不穩，溫度難控制，共用流理台的人數過多，讓野貓野狗在附近狂亂，而那些酒後失控的人也擾亂公共秩序，建議這些人不要再出來露營。夏天是賞夏景的好時機，而整晚聽著你們的喧囂聲，真是讓人尷尬不已。,2,1,-1,38,,2023/05/06,0,負向
營區規定是22:00後要保持安靜，但為什麼還有團體在半夜兩點還在彈吉他、吵鬧呢？難道不應該要讓大家休息嗎？,1,1,-1,45,,2023/05/06,0,負向
廁所味道很難聞，似乎已經有好幾天沒有清潔了，衛生紙也沒有補充，雖然周圍環境很美麗，但帳篷和車都擋在門口造成了困擾。,2,1,-1,46,,2023/05/06,0,負向
這個場地雖然很寬敞，但F區真的不太理想。為什麼加壓機放在那邊，還要讓人家搭帳篷？24小時都在噪音中，就算停一下也馬上又開始發出聲響，根本讓人很難好好休息啊。,1,1,-1,50,,2023/05/06,0,負向
營區環境很美，周圍地方很寬敞。不過因為人數眾多，造成廁所不夠及髒亂的情況。希望增加清潔頻率並補充衛生紙。浴室數量明顯不足，最後一間沒有熱水，水溫和水壓都不穩定，排水系統存在問題容易積水。最無法接受的是在當地直接焚燒垃圾。這樣可以嗎？,1,1,-1,68,,2023/05/06,0,負向
假日洗澡人多，沒熱水的情況可以理解，通知老闆後，對方說沒瓦斯要換瓦斯，要我脫光衣服站在山上那麼冷等了20分鐘，還是沒熱水？我想問，瓦斯去哪裡了？太誇張了，我不會再來了！,1,1,-1,96,,2022/05/06,0,負向
廁所裡的水龍頭太多，衛生狀況不佳。連續兩天洗澡都是冷水，不管是早上還是晚上，一樣沒有熱水。我非常不推薦這個地方。,2,1,-1,106,,2022/05/06,0,負向
真是惡夢啊！從第三天到第五天連續三天都走過爛泥，真是辛苦得不得了！去上個廁所的路上沒有路燈，走去都是走著爛泥，走回帳篷也是踩著爛泥。排水系統不完善，雖然雨沒下得很大，地上還是有积水，還一直跳電，熱水也不熱。這個露營區讓人難以忘懷啊！,1,1,-1,108,,2022/05/06,0,負向
廁所和浴室合併在一起，洗澡時需要忍受著異味，並且洗手盆也不夠完善。,2,1,-1,112,,2022/05/06,0,負向
房間雖然有點不太乾淨，不過春節價格很優惠。,2,1,-1,114,,2022/05/06,0,負向
這樣真倒楣，第一天沒熱水，第二天又斷電，房東賺很多錢喔。,1,1,-1,118,,2022/05/06,0,負向
營區環境舒適，有溪水和螢火蟲，但聽說一年前有人抱怨浴室的水溫不穩，今天才知道原來是全程都提供冷水而沒有熱水，真令人失望。,2,1,-1,148,,2021/05/06,0,負向
雖然這個營區地點雖然很大，但是規劃得太緊密，造成活動空間不足，且缺乏遮蔭樹木，容易過熱。當人數過多時，衛浴設施也明顯不足，需要排隊洗澡。雖然這裡有螢火蟲和可以玩的溪水，但是比較好的露營區仍然很多。,2,1,-1,149,,2021/05/06,0,負向
在民宿設施方面，建議增加洗碗槽和插座的數量，並解決熱水時忽冷忽熱的問題。針對晚間噪音，建議營主制定規定，要求晚上十點後降低音量。近期遇到隔壁房客在半夜十二點仍在大聲聊天，嘗試與他們溝通後有稍微改善，但不久又繼續大聲。其中一位房客不停吹噓業績成長，要求其他人多學習，造成極大的困擾。,1,1,-1,176,,2021/05/06,0,負向
浴室空間狹窄，洗澡水溫難以控制，排水不順暢，地板上有太多碎石，洗碗槽不夠多。,1,1,-1,190,,2020/05/06,0,負向
營地設施很簡陋，廁所衛生情況不佳，只有一間浴室有熱水，收費卻高達1200元。,1,1,-1,204,,2020/05/06,0,負向
這個露營區真的很糟糕，熱水都沒有、廁所很髒，更何況還沒有小朋友的遊樂設施。收了1200塊錢，完全不值得。這是我見過最糟糕的露營區，我以後再也不想去了，真的超級糟糕。,1,1,-1,205,,2020/05/06,0,負向
排水系統很不完善，下過雨後草地變得泥濘不堪。,2,1,-1,207,,2019/05/06,0,負向
熱水不穩定，不建議使用。,1,1,-1,209,,2019/05/06,0,負向
在營區裡唱卡拉ok和使用高分貝音響是不被允許的規定，但我們卻遇到了這樣的情況。有人唱歌唱到了晚上11點，其他區有人效仿唱歌並持續播放音樂，營區外還有施放臭肥，散發出難聞的氣味吸引了許多蒼蠅。晚上的桂圓銀耳甜湯雖然很好，但仍希望營主能在以後加以制止，以避免損害營地的聲譽。,2,1,-1,279,,2024/04/06,0,負向
"1. 營主非常熱心，在如此炎熱的天氣下，準備了清涼的點心。 
2. 營主也非常專業，說明有許多小黑蚊，結果前三名的包數分別為34、33、19，很好奇老闆心中的標準是多少。 
3. 廁所非常乾淨也很寬敞，共有四間，但要注意小昆蟲和小寵物。 
4. 愛釣魚的朋友需小心，釣到的魚要妥善放置，因為老闆會透過監視器監控，看你是否私藏他的魚，因此若需要叫老闆時，可以在監視器前揮手，他就會前來。感謝這個一次性露營區的經驗，讓我創下被小黑蚊叮的紀錄。",1,1,-1,334,,2023/05/06,0,負向
雖然螞蟻繁殖量很多，在露營時卻往往沒有被告知，這可能會降低露營的樂趣。,1,1,-1,373,,2021/05/06,0,負向
那個營區很讓人不想再去，最好不要在炎熱的夏天造訪，因為下午可能會有雷陣雨，導致排水系統不良，路面泥濘讓露營心情受影響，需要改進。,1,1,-1,375,,2021/05/06,0,負向
草地營地如果設在排水溝旁並不理想，下大雨時會有一條大水溝在旁邊，營主應該好好考慮是否將營地擺設得更適合一些。,2,1,-1,376,,2021/05/06,0,負向
露營60天，首次體驗這麼特別的營地，雨棚就搭在主人家門口，主人家人一直在附近進出，缺乏隱私。明明租了營位，卻無法完全利用，還要留一條走道給他們進出，壓縮了搭帳的空間，相當不理想！,1,1,-1,417,,2024/04/03,0,負向
園區內可能有人放置捕獸夾，攜帶寵物的人要注意安全。,1,1,-1,467,,2024/02/06,0,負向
這個地方很令人失望，以後應該不會再來了。大家都知道跨年時都希望開心一下，但這裡好像有太多限制了，什麼都要依法辦事。我們不是為了花錢來這裡睡覺吧？給你六顆星，這算多的那一顆。,1,1,-1,468,,2024/01/06,0,負向
因颱風即將來臨，對大人與小孩的安全有所顧慮，所以取消了原本訂於10/7至10/9的戶外帳篷露營計畫。雖然取消訂單後被扣了60%的訂金，我認為這是合理的。然而，不合理之處在於租借裝備費用的全額未退。我質疑營地主辦單位聲稱裝備是透過廠商代訂，實際上裝備一直存放在營地倉庫中。當我詢問營地主辦單位如何因應帳蓬進水的問題時，他們卻避而不答，僅表示戶外營地難免會有淹水現象。根據前人營地經驗，我們對於營地的排水情況有所擔心，因此取消了此次露營計畫。,1,1,-1,475,,2023/10/06,0,負向
露營地沒有提供垃圾桶，需要將垃圾帶到廁所外的垃圾桶丟棄。在沒有事先被告知有季風問題的情況下，強風導致帳篷和炊事帳受損。營區地板是石頭，難以釘好營釘，另外連假時可能會有電壓不足的情況，計畫前往露營的朋友們請多加考量！,1,1,-1,482,,2023/05/06,0,負向
這次露營的經驗並不理想，營區的設施與安全措施值得檢討。缺乏基本的垃圾桶、廚餘桶，且營位地勢陡峭且無護欄，對小朋友非常危險。在半夜溫度接近零度時，受到停電困擾，營主的服務態度也讓人失望。這樣的露營經歷讓人感到困擾，也造成小朋友感冒，讓人無法接受此處的服務質量。,1,1,-1,486,,2023/05/06,0,負向
"1. 老闆一開始接洽時很客氣，但付款後態度大轉變。當我提出露友家人臨時離世無法露營的情況時，營主一直催促我提供證明才能退款。我能夠理解需要提供相關資料，但訃聞不會在當天就有，也沒有人會拿這個開玩笑。  
2. 我們到達搭營區時，兩小時才剛搭完帳篷，營主就來要求收尾款，感覺很差。  
3. 露友租借的床墊有漏氣問題，換了仍然漏氣，但營主對租賃商品的管理不足，竟然腦羞成怒地說，知道會漏就不要借！  
4. 垃圾桶離營區很遠。  
5. 露營地的熱水溫度不夠，冬天不建議露營。",1,1,-1,487,,2023/05/06,0,負向
對於裝備不足的露營友人來說，這次的露營經驗相當糟糕。朋友租的充氣床一直漏氣，半夜只好聯絡營地負責人。然而，營主的態度非常惡劣，換了新床仍然漏氣。最後全家人只能睡在堅硬的石頭地面上，而租金收取方式也不穩定，態度反覆且惡劣。最終營主直接表示不歡迎再來，這樣糟糕的露營經驗必須告訴其他裝備不足的露友們。,1,1,-1,489,,2023/05/06,0,負向
營區的冰箱出現漏電的情況，有可能對使用者造成危險，但營主處理這個問題的態度卻很消極並且不友善。,1,1,-1,490,,2023/05/06,0,負向
1. 在租借氣墊床的時候，營地主人態度不好，也沒有處理好設備問題，結果整晚得睡在石頭地板上，真是個糟糕的體驗。2. 早上結帳的時候，營地職員說租借的帳篷、客廳帳不用收費，因為要曬太陽，過了一會兒營地主人突然說需要收費，我們跟他溝通時被告知不用收費，他卻說他是老闆他說了算，然後就離開了。我們開始整理裝備時，營地主人又過來說不用收裝備了，這到底是怎麼回事？我們覺得非常錯愕…這個營地真的很糟糕，讓人非常失望，決定再也不會來這裡體驗了。,1,1,-1,491,,2023/05/06,0,負向
帶隊露營這次真的很糟糕，營地下雨積水，告訴營地負責人，他卻找藉口說這就是尖石營地的狀況。營地的釘子都被打歪了幾支，連垃圾桶都沒有，得自己拿到廁所去丟。晚上貓咪把我整理好的垃圾弄得到處都是，一早然後營地負責人看到後還責怪我要快清理，我才剛發現被弄散的垃圾，感到很無奈，就像是我們隨地亂丟垃圾一樣。沒到中午營地負責人就一直說收拾為何花這麼久，明明我們按時到場並付了營地費用，還沒到指定收拾時間，到底怎麼了？難道營地負責人想隨便拿錢就行了嗎？真的不推薦這個營地，雖然風景美，但營地負責人不友善，而且有種種問題。我希望和我一樣重視露營歡樂的人不要因為不能按照十分拘謹的規定而浪費金錢及遭受委屈，所以我只給一顆星星評價，至少營地風景不錯，這一點我承認。我們離開時也沒留下垃圾，這就是戶外人應有的品格。,1,1,-1,492,,2023/05/06,0,負向
"1.搭帳篷的時候很困難下釘，許多釘子都被鎚壞了。
2.丟垃圾只能到浴室才有垃圾桶可供使用。
3.廁所只有在打掃當天是乾淨的，之後就變得很髒，感覺好像沒有在保養，廁所沒有衛生紙後也沒有補充。
4.排水系統非常不好，下大雨時雨水直接沖進帳篷內，水根本排不走。",2,1,-1,498,,2023/05/06,0,負向
原本打算參加萬聖節走秀的活動，突然遇到一陣大雨，讓原本的計畫變成了整個摸蜊並洗褲子的體驗。雨水讓帳篷像是依偎在山水間，家裡前後的小溪讓我有點擔心帳篷會漂浮在水面上。帳篷內積滿了水，我只能硬著頭皮像大禹一樣挖水道，但似乎沒有什麼用。這場雨比之前北部暴雨還大，讓我們決定提早收起帳篷，擔心雨下到深夜會讓一家老小半夜驚醒更為困擾。不過在雨前的經驗算是滿不錯的，對了，釘營釘實在太難打了（也可能是我用的工具不夠好，再加上力氣不夠）。,2,1,-1,499,,2023/05/06,0,負向
在下雨天時，由於排水不良，可能會造成嚴重積水。如果你想要學會挖溝的技能，可以趁著下雨天來練習！記得先在蝦皮上買一把好鏟子。,1,1,-1,500,,2023/05/06,0,負向
營區的排水有問題，導致泥水整個淹進帳篷裡，無法再露營下去。其他人帳篷是乾淨整齊的，這裡卻還沒到提早打包的時間。原來露營時要隨身攜帶鏟子。,1,1,-1,501,,2023/05/06,0,負向
我們上週參加了一個有百多帳的親子露營活動，在印象尖石。星期六白天的天氣還算不錯，但下午四點開始下雨，不到半小時各區就開始淹水了。營地根本沒有排水系統，營主也沒有採取有效措施。每個區域都淹水，無法搬遷到其他地方。活動主辯稱這是天災，不該怪罪於營主。小朋友因此無法參與活動，於是我們決定撤營以避免感冒。不少人已經撤營，因為不知道雨會何時停，也沒有豪雨特報。付了一千五的營費，換來小朋友的不愉快、尷尬的狀況及不滿。,1,1,-1,502,,2023/05/06,0,負向
這個營地有停車位是一個優點，但排水不良和缺乏護草墊的問題相當嚴重。梯田式地形使下方的營地面臨更糟糕的情況。我們這次遇到大雨時，排水系統完全不起作用。雨下了三分鐘，整個帳篷就被水淹了，整個區域變成了河流。露營者不得不自己挖溝來拯救帳篷。這是我們第一次露營，當晚整個區域都被迫拆帳篷回家，這是非常糟糕的經驗。總之，在下雨天絕對不推薦去這個營地。,1,1,-1,503,,2023/05/06,0,負向
這個地方在下雨天時不太適合，容易有積水的問題。除了樹釘容易卡到硬物，地勢也不夠平整，容易造成帳篷內淹水。如果雨勢變小，雨停後約15分鐘積水會慢慢退去，但如果雨勢持續下，積水問題就會持續存在。另外，淋浴間的熱水也需要留意，可能會沒有熱水供應。,1,1,-1,504,,2023/05/06,0,負向
這個地方的排水系統有問題，容易造成積水，向有關單位反映之後，卻沒有得到任何幫助，只能自行解決。,1,1,-1,505,,2023/05/06,0,負向
茄苳D區排水情況不佳，積水嚴重。第一次下雨時積水太深，營友們都被迫撤離。營地以草皮和石頭鋪成，底層石頭較大，雨天時得考慮周全。,1,1,-1,506,,2023/05/06,0,負向
地勢不平導致排水不良，缺乏護坡措施可能造成積水，營地主人的態度似乎較為消極。,1,1,-1,507,,2023/05/06,0,負向
我們第一次參加學校的露營團活動，是在4/30到5/2這個三天兩夜的時段。我們使用登山野營帳篷，在搭建帳篷時遇到很多小石頭，安插營釘的位置也不太好。我們向營地的工作人員借了鐵槌，詢問如何在長滿小石頭的草地上敲入營釘。有一位女性的工作人員和一位男生（不確定是否老闆）進行解釋，建議我們多找合適的位置（雖然態度不太友善）。第二天我們去爬山，回到營地時希望洗個熱水澡。洗澡時一開始有熱水，但當洗完頭髮打沫後再開水時，只有冰水流出（當時溫度只有13度），所以我在13度的天氣下洗了冰水澡。這是我從未有過的人生體驗。離開後才發現我將雨傘忘記在營地入口處的長凳上，打電話詢問時有一位男士接聽，他馬上回應說營地沒有留下任何物品。我覺得他們不太願意被麻煩，如果有狀況最好不要找他們，這樣可能會比較順利。總結來說，這次露營經驗並不是很愉快的一次。,1,1,-1,517,,2023/05/06,0,負向
這段描述是在談到一個在露營地遇到的不愉快經歷，包括營地提供的設備出現問題、管理人員的態度不友善等。儘管遇到了各種困難，但朋友們仍試著配合解決，不料最後卻意外引起營地管理人員的不悅，導致了一場不愉快的交涉。整體來說，他們對於營地的環境還算滿意，但最後卻因為管理人員的不友善態度而讓他們對這次露營經歷感到失望。,1,1,-1,520,,2022/05/06,0,負向
老闆的態度很差，浴室沒熱水。,1,1,-1,521,,2022/05/06,0,負向
冷熱水溫度變化劇烈，只有極熱和極冷兩種選擇，而且經常斷電。,1,1,-1,523,,2022/05/06,0,負向
老闆說話的態度很嚴厲，遇到停電、洗澡水冷熱不穩定等問題，您可以前往服務中心詢問，但可能會遇到一些冷嘲熱諷的言語。另外，進入營地的路上有落石，請小心。,1,1,-1,524,,2022/05/06,0,負向
洗澡的時候熱水溫度總是太低，孩子都冷到發抖。老闆也不太友善，還有點機車，竟然不能直接開車到自己訂的房間，見面時還很兇地問客人「你是誰」。服務態度也相當差，連收錢都一副驕傲的樣子，完全沒在乎客人的感受。這間旅館真讓人印象糟透了，尖石好多了。,1,1,-1,525,,2022/05/06,0,負向
廁所浴室很少，需要與其他區的居民共用四間浴室和四間廁所，洗澡或上廁所可能需要等待一段時間；熱水供應時忽冷時熱；營地主人的服務態度不佳。,1,1,-1,529,,2022/05/06,0,負向
營地主人態度惡劣，並威脅要趕客人離開。,1,1,-1,530,,2022/05/06,0,負向
營地負責人的態度很差，不建議去那裡，還有可能會要求人們下山限制車位？這真的很令人困惑。,1,1,-1,531,,2022/05/06,0,負向
去了三天兩晚參加跨年活動，但熱水供應一直不穩定且不足，提出問題給營主女後感覺回應冷淡，雖然廁所有打掃但其中一天很髒，讓我留下不好的印象，很可惜，整個營區都訂滿了。,1,1,-1,532,,2022/05/06,0,負向
場地草皮的規劃很出色，但熱水洗澡供應不穩定……8度洗冷水澡……太冷了！,2,1,-1,534,,2022/05/06,0,負向
這周我們去露營，租了露營區的帳篷和客廳帳。其中一頂客廳帳已經不防水，嚴重滴水。下午四點我們請老闆來檢查，但工作人員七點才來。他們只是擦了幾下布料檢查有無破洞，表示沒有破洞就要離開了。我們強調這是防水塗層失效了，因為另一頂帳篷沒有這樣的問題，要求更換。老闆卻一直強調這是正常現象，客廳帳本來就會滴水，態度強勢且輕蔑，完全無視我們的抱怨，堅持自己的看法，還抱怨賺錢不易。查看過去的評論後發現，其他遇到問題的人處境跟我們很像，或許是老闆已經習慣這樣對待客人了。雖然露營區風景很美，但遇到問題時，心情會變得很疲憊。,1,1,-1,538,,2022/05/06,0,負向
營地整理得宜，但管理人員的服務態度很差。我們預訂的房型是六人入住，到達後才發現冰箱已擠滿，結帳時提醒他們應該做冰箱分區，但被告知無法實現。管理人員還建議我們提早抵達以節省空間，我們注意到各個區域都沒有垃圾桶，且需親自整理。他們表示人手不足，詢問我們是否有其他建議。,1,1,-1,548,,2022/05/06,0,負向
這次露營經驗並不愉快，因為營地地面太硬難以釘營，且晚上到隔天清晨都有強風，讓帳篷幾乎被掀翻，無法好好休息。加上浴廁設施冷熱不一，和營地管理討論位子問題時獲得無奈的回應。總之，這次露營經驗不盡如人意，無法推薦朋友前來。,1,1,-1,554,,2021/05/06,0,負向
因為營區內帳篷太多，導致半夜跳電，直到早上9點才恢復供電。另外，廁所很髒並有許多蜜蜂。,1,1,-1,561,,2021/05/06,0,負向
尖石露營印象極差，地板硬到讓手燒光，營地空間狹小，營主還超收費用，營區排列擁擠，帳篷密密麻麻連成一片，停車位難覓，大家隨意停放，每區至少有40帳位共用一台冰箱和8間浴室。,1,1,-1,572,,2021/05/06,0,負向
洗澡時水溫不穩定，連水桶也沒有，雖然可以裝水幫小孩洗澡，但水溫不穩，小孩不小心被燙到哭了。,1,1,-1,579,,2021/05/06,0,負向
營地的地面是石頭，在釘營釘的時候很困難，風一吹就會把營釘吹起來，所以下次不會再去了。,1,1,-1,584,,2020/05/06,0,負向
雖然原先說好保留位置，但到達目的地卻被告知沒有保留，感覺很糟糕。不過在收取款項時有道歉，但浴室蓮蓬頭卻爆開，水四處噴灑。幸好，小孩的遊樂設施很精彩。,1,1,-1,593,,2020/05/06,0,負向
營區地面都是石頭，普通釘子都插不進去，晚上還沒熱水，洗澡時洗到一半都快冷死了。,1,1,-1,597,,2020/05/06,0,負向
車子在接近目的地之前遇到了一段坡路，無法開上去。,1,1,-1,624,,2019/05/06,0,負向
這個營區在山區，受到季風影響時可能會產生強勁的風，營主應該瞭解這裡的地形特性，給予協助和建議。在十一月連續兩次被強風吹斷營柱，讓我半夜驚醒逃離。,2,1,-1,765,,2017/11/21,0,負向
假日放鬆的好地方，可以在營地欣賞美麗的夕陽。,1,1,-1,813,,2017/05/02,0,負向
這裡不適合喜歡卡拉OK的人，管理處理方式也不佳，如果你想找到一個品質好的露營地，這裡不是個好選擇。,1,1,-1,1263,,2023/11/07,0,負向
公告明確禁止唱卡拉OK，但卻放任某區營地晚上發出超級走音的噪音，其他人自然會懷疑為什麼要遵守規定。,1,1,-1,1264,,2023/11/07,0,負向
在和營主的朋友同區露營的過程中，遇到了一些挫折。雖然營主對待我們非常友善，但最後一天在收拾東西的時候，營地的員工和我們一起幫忙，卻把我們的洗碗精和菜瓜布誤放進了垃圾桶。一開始詢問員工時，他們否認拿走，直到我們向營主反映後，才找回洗碗精。就在大家正在忙碌整理時，員工卻一直在我們背後清理。有時候收拾延遲並不代表不認真。我們曾經差點找不到一條延長線，詢問員工時他們仍然否認，直到找到營主才在共用空間找到。我們很庆幸當時及時發現未收到的物品，如果不知情或忘記，可能會被遺漏。附近玩水區域靠近廁所附近，常常飄散著濃濃二手菸味，給小孩玩水的家長們提們需要留心。另外，營主的朋友帶狗去露營，但狗主人的行為讓人無法接受，讓自家寵物亂拉大便在別人的營區，且不清理。他們的嘈雜音樂和尖利笑聲一直持續至深夜12點。,1,1,-1,1288,,2023/06/07,0,負向
玩水很有趣，但是在營本部附近總是聞到有人抽菸，味道很難聞！,1,1,-1,1289,,2023/06/07,0,負向
最後一天在收拾東西時，營地雇用的員工也在我們的營區一同整理物品，我們還未離開場地！真是超級扯！他們把我們的洗碗液和菜瓜布都丟掉，連延長線也不放過，拔起來放在來露營的營主朋友群旁邊。一開始問員工時他們還直接否認拿走，直到我們找營主拿回東西，員工才去垃圾回收桶撿洗碗液回來給我們，延長線也是不承認！！大家在整理物品時已經很忙，而且還未離開場地，員工卻跟在身後收拾！有時候收拾比較晚並不代表不需要，為什麼要亂動別人的東西，沒水準，沒教養。遊玩水區域靠近廁所的營地本部，總是能聞到濃濃的煙味，還要每個人都去聞那煙味！營主的朋友帶著狗去露營，讓自家毛小孩在別人營區亂拉屎，還不清理，真是沒品德！沒教養。這次真的很倒霉，和營主的朋友在同一區，要忍受他們難聽的歌聲和吵鬧的尖笑聲，一直到半夜12點。,1,1,-1,1290,,2023/06/07,0,負向
聽說新營主負責管理C區，他們將嘗試調整水溫。當打開車門時，會聞到一股腐爛泥土的味道，讓人感到擔憂。6月25日至26日，當地下了約100毫米的豪大雨，導致C區的地面全部積水無法消退，直接變成爛泥巴坑。不小心踩上去就被黏住，小朋友經常滑倒。營主和老闆娘將所有的護草墊都搬到我們第一次露營的小包區。總計放置了26片護草墊，但雨後去A、B、D區一看，卻沒有積水問題。C區的水深約積了5公分左右，營主答應我們會改善狀況，期待他們能真的改善後，我再來補5顆星。,2,1,-1,1348,,2023/05/07,0,負向
淋浴時熱水忽冷忽熱，煩人不堪，而且浴室裡還有使用過的衛生棉，是誰亂丟的？重新整理一下吧。,1,1,-1,1379,,2022/05/07,0,負向
錢固然重要，但我買的這個地段有些問題。廁所還沒打掃過，而且牆壁上黏著女生的衛生棉。其中一間沒有熱水，另一間則是熱水調節有問題。,1,1,-1,1381,,2022/05/07,0,負向
這個地方真的很糟糕！環境髒亂，蒼蠅和其他不明昆蟲很多，下山後很多人都遇到過敏和受到蚊蟲叮咬所致的水泡！水壓不穩，要麼是太燙要麼是太冷，整個營區就像個冰箱，四帳包場只有一間廁所，廁所還沒有提供衛生紙。我絕對不推薦這個地方，特別是有帶小孩的家庭。,1,1,-1,1384,,2022/05/07,0,負向
在露營七八年了，以前從未遇過像這個營區這麼多蒼蠅，白天蒼蠅成群，晚上小昆蟲也多。廁所沒有提供衛生紙，熱水太燙會燙傷人，無法調節溫度合適，要麼太熱要麼太冷。查看營區評論後發現，這種情況似乎一直沒改善過。我們被安排在D區，空間擁擠，孩子們幾乎沒有地方可以奔跑。更難以置信的是，四個包區只有一個廁所和一個浴室。總結來說，這裡不值得推薦。,2,1,-1,1385,,2022/05/07,0,負向
環境很髒亂，有很多蒼蠅，連續三天兩夜都沒有定時整理清潔。,1,1,-1,1386,,2022/05/07,0,負向
在查看了Google評論後感到擔心營地的情況，但實際到了現場後才瞭解到網友們的評價是公正的。廁所沒有提供衛生紙，晚上還斷電不亮燈。水槽沒有清潔，也沒有照明設施，也沒有廚餘桶。浴室有幾間地板積水，還不定期沒有熱水供應，生態池有很臭的味道。A區的帳篷塞得滿滿的、擁擠不堪，還有一個像荒地般未整理的區域，只能塞了一個帳篷因為地方不夠。幸好有朋友一同前來，否則這場週末旅行真的會讓人大失所望。,1,1,-1,1390,,2021/05/07,0,負向
營地官網提到提供衛生紙和沐浴乳，但浴廁並無提供衛生紙，沐浴乳也不知道多久沒有補充。洗澡水幾乎是冷的，在這3天2夜的露營中，浴廁和垃圾桶都沒有清潔。還有少許蟑螂和蒼蠅。這個營地還算不錯，但管理上仍有待加強。,2,1,-1,1391,,2021/05/07,0,負向
總結來說，這個露營地的營主態度不好，廁所沒有衛生紙，且很臭，草皮也沒有照顧，燈光不足，因此我不推薦大家前往露營。,1,1,-1,1392,,2021/05/07,0,負向
在最糟糕的露營營區抵達時，我發現洗手槽髒兮兮，上一批人留下的殘渣還在裡面；TOP區的草沒被清除也沒有好好維護，抵達前我還特地打電話問TOP區是否有獨立冰箱，營主告訴我有，但到了現場才發現只有在營地本部，而且位置相當遙遠。營區有許多會飛的小蟑螂（甚至有大隻的），我在那裡露營兩晚，廁所沒有被清理過，也沒有提供衛生紙。直到付錢的時候才看到營主出現。因為是新手，我的朋友把帳篷和睡袋都直接向營區租借，但打開後發現全都潮濕。雖然營主換了給我們，但這是一次非常糟糕的經驗。,1,1,-1,1393,,2021/05/07,0,負向
環境不錯（有諸多小強），遊泳池的河道沒有清理過，底部堆滿了樹枝、樹葉、蟲屍、泥⋯⋯廁所兩天沒有人清潔，垃圾滿滿到地上，浴室洗到一半就沒熱水了（不僅是我遇到，其他露營的人也有相同情況），只有在收費時才看到工作人員，其他時間都看不到人。午後下雷陣雨時排水不良，積水問題嚴重。,1,1,-1,1395,,2021/05/07,0,負向
屋外正在下著大雨，營區排水不良，導致大量積水在廁所附近。,1,1,-1,1396,,2021/05/07,0,負向
衛浴沒有備用衛生紙，戲水區的清潔不夠完善。營區面積較小，也缺少草地保護墊，且有許多小蟑螂。,1,1,-1,1397,,2021/05/07,0,負向
"晚上到達時沒有人來接待，廁所沒有補充衛生紙，充滿了蟲子，馬桶還堵塞著，洗澡間的水忽熱忽冷，好在天氣很熱......已經兩天兩夜沒有人來清潔廁所，只是補充了一些衛生紙而已，甚至沒有打招呼......最重要的是約好的飄飄河呢？？？場地雖然不大也沒關係，草地不太茂盛帶點泥也沒關係，蚊子到處亂飛也沒關係，飄飄河卻滿佈青苔和葉子根本沒有整理，連水源都不夠......這樣哪裡能玩呢？我們不是顧客嗎？即使它像泡腳水一樣髒，還是小朋友們最期待的活動之一，否則提前告知也能準備其他活動啊......現在只差穿上泳衣拿著水槍和泳圈，""玩手機""了......",1,1,-1,1398,,2020/05/07,0,負向
露營區很擁擠，除了水上活動外，可用的草地空間很有限，小朋友玩的地方不多。,2,1,-1,1403,,2020/05/07,0,負向
可惜啊，與隔壁的土牧驛相比，缺少了經營上的用心。我們露營的那個位置，浴室熱水不太穩定，玩水道長滿了青苔，還有不少小蟑螂（在其他山區的營地很少見，幾乎沒有），洗水槽也要求營主來清潔。再次強調，真的有點可惜這個好地方，尤其在做過比較後，而且經過營地本部時還聽到營主自豪地告訴遊客本週滿床，希望能加油努力保持優質水平。,2,1,-1,1416,,2020/05/07,0,負向
我們希望營位能在離馬路遠一點，並增加每張帳篷的流理台，以方便使用。另外，共用的廁所再靠近一些會更方便，並請保持水池的清潔。感謝提供飲水機、過濾系統、脫水機，還有提供優質的洗髮精和沐浴乳，這些都很棒！,2,1,-1,1417,,2020/05/07,0,負向
在露營區域玩水的人們可能會聞到濃濃的煙味，家長帶小孩的時候要留意一下。而且有人帶狗去露營，但沒有負責任地清理狗大便，還會不斷發出吵雜的聲音。雖然我們可以忍受歌聲、尖叫聲和煙味，但丟東西的情況就需要提醒大家注意了。,1,1,-1,1440,,2023/05/15,0,負向
在露營地和營主的朋友露營，營主人很友善。然而最後一天我們在整理東西時，營地員工與我們一同收拾。他們不小心把我們的洗碗精和菜瓜布誤搗至垃圾桶。起初詢問員工時，他們否認拿走，直到我們找營主求助後，員工才在垃圾回收桶找回洗碗精給我們。我們正在趕著離開營地，員工卻急著在我們後面清理東西。有時別人晚收拾並不代表他們不需要。我們的延長線差點遺失，問過員工都否認拿走。只好請營主幫忙，最後在營主的朋友露營區找到。幸好及時知道遺失物品，不然可能就遺失了⋯⋯,1,1,-1,1441,,2023/05/15,0,負向
浴廁非常骯髒，營地裡有許多蟑螂。,2,1,-1,1474,,2020/08/21,0,負向
覺得經營不夠用心，連廁所都沒有清潔過。,2,1,-1,1477,,2020/05/07,0,負向
提升水槽衛生並維護草坪。,2,1,-1,1483,,2019/09/09,0,負向
"1. 衛浴空間小，應該要怎麼幫小朋友洗澡？
2. 露營區沒有護草墊，草地濕潤又泥濘，放置裝備要注意什麼呢？
3. 洗手台的數量真的很少啊！
4. 廁所看起來相當骯髒！",1,1,-1,1519,,2024/04/23,0,負向
"1. 透過露營樂系統預定了D區碎石區1帳，當下系統顯示該區為3帳。下午2點到達現場後，發現已經有3帳，而我則是第4帳。詢問營主時，他表示實際上是4帳。之前考慮到D區收3帳較為寬敞，因此才選擇這區，但沒想到營區有超量預訂。隔壁露營者的兩個小孩一直在我帳篷附近玩拋接球，明顯感受到空間不足。由於我很注重空間，被擠占一個帳號讓我感到被欺騙。（照片中可見4帳）

2. 對於洗手間，衛生紙已經堆滿出來，看起來不太整潔。儘管有穩定的熱水可供洗澡使用。

3. 在碎石區卻沒有護草墊，這對帳篷底布造成較大損害，而在其他營地住過的經驗是有提供的。

4. 飲水機流量太小，大概只比滴水快一點點。

5. 傍晚時蚊蟲稍顯繁多，而前面提到的驅蚊線香也未見蹤影。

6. 營區的垃圾桶只在少數地點設置，並沒有專門的廚餘回收桶，這對北部來的露營者相對不太習慣。",2,1,-1,1533,,2023/05/07,0,負向
事先預定了位置，但後來改變主意不要了！他們說可以等待，但最後還是不做，直接叫我們到灰塵飛揚的用餐區露營？處處不周、蚊蟲多、環境髒亂！,1,1,-1,1542,,2022/05/07,0,負向
小黑是一隻非常受歡迎的貓咪。,1,1,-1,1547,,2022/05/07,0,負向
小孩玩得很開心的是沙坑和球池，熱水的熱度和水量都很夠，建議老闆可以在沙坑周圍加個沙圍，這樣離沙坑近的地墊就不容易被風吹到。此外，C區後面有一條死水溝，要注意小黑蚊很多，建議處理一下水溝。整體露營感覺很不錯！另外，希望露友們玩仙女棒後記得丟垃圾，否則在營區會很危險。老闆在清理工作上可能需要更謹慎一點，以免小孩受傷。,2,1,-1,1585,,2019/05/07,0,負向
首先提到的主要問題是，在晚上11點後，露營地主沒有控制音量，會造成吵雜到影響睡眠。建議露營地主應該採取相應措施，提升露營品質，吸引更多品質優良的露友。另外，露營地點位置優越，離下山購物點不遠，步行15分鐘就可抵達全家便利商店。露營區面積寬闊，草皮保養得宜，景觀宜人，最上層還有餐廳可供享用。,2,1,-1,1746,,2024/04/16,0,負向
營地環境真的是非常優美，草地也被打理得很好，廁所的清潔狀況也相當不錯。燈條臨時壞掉時，營主還很貼心地借給我們燈串，人也非常友善。但讓我無法忽視的問題是有大型犬排便不清潔的情況。當我不小心踩到營地旁的狗大便時，雖然我不知道是誰的狗，但大便的氣味卻無處不在。第二天早餐時，兩個小女孩帶了四隻大狗散步，其中一隻在我的前方拉大便，我請她們記得回來清理，但她們卻沒有履行承諾。我們只好自己先行清理，以免有人不小心踩到。最後離開時，又有狗在營區拉大便，兩個小女孩卻置之不理。這讓我感到非常失望，即使場地和營主再好，卻難以忽視兩天被大便味包圍的噁心感受。希望營主能重視這個問題（這四隻大狗是營主的）。,1,1,-1,1756,,2023/06/07,0,負向
這個週末在露營區，硬體設施和風景都很好。但是帳棚區附近草地常見狗拉屎，讓入住的同伴在第一天就不舒服，在帳篷旁的草地踩到狗大便。第二天早上他們看到遛狗的小妹妹，告訴她要清理狗便，但她沒有處理，只得通知營主。最後在結帳時，小妹妹又帶了幾條狗來帳篷附近，一隻大黑狗在帳篷旁的草地亂拉，小妹妹卻視而不見走掉了。雖然露營要與自然共存，狗大便也是難免的，但是營主是否應該保持旅客住宿環境的清潔呢？,1,1,-1,1757,,2023/06/07,0,負向
"優點：距離三義市區近，開車只需要15到20分鐘。

缺點：1. 營區位於山路旁，早上半夜有人在山上跑步，非常嘈吵。2. 整個營區共有5到6層，裡面有30到40個帳篷空間，但唯獨入口處有一個冰箱，其他地方沒有可以存放冰塊的地方，這樣真的太不方便了。3. 部分營位太短或太窄，裝帳篷後根本沒有足夠的空間擺放客廳或帳篷上的天幕，甚至後面通道也很狹窄，建議營地經營者不要為了賺錢而讓營位擁擠。4. 營地主還種橘子樹，但如果1到5號營位沒有人來露營，為什麼不在平日修剪樹枝，偏偏要在週末修枝，機車引擎的油煙和噪音實在令人困擾。",1,1,-1,1772,,2023/05/07,0,負向
這個地方曾經是個親切舒適的休閒場所，但隨著野心的膨脹，我們忘了原本吸引人的特質… 雖然收費只是100元，並不貴，但卻漸漸疏遠了和遊客之間的關係…,2,1,-1,1773,,2023/05/07,0,負向
這裡蚊蟲很多，水溫忽冷忽熱，管理員養了很多狗，一直在叫，廁所相對較少需要排隊。,2,1,-1,1778,,2023/05/07,0,負向
這次露營地點在第九區，風景非常美麗，管理得也很乾淨。營地主人和家人都非常友善，但生態豐富導致有很多昆蟲，甚至被藍鵲的尾巴拍到。有許多會飛的小蟑螂和蚱蜢，草地很漂亮但草太高，吸引了很多蟲子。建議在廁所的洗手台裝一盞燈，並需要注意早上的施工聲、大聲的昆蟲、鳥鳴和狗叫聲，較容易醒來的人應該戴耳塞。吹風機的電壓不穩，照明情況有問題，需要準備較長的延長線。以上是個人的觀察，怕蟲的人可能不太適合。雖然環境很美、營地主人很友善，但只能給予兩顆星。,2,1,-1,1781,,2023/05/07,0,負向
草地雖然茂密，但排水情況不佳，導致地面泥濘不堪！戶外固然充滿著昆蟲的活動聲，然而，蟑螂屢次在桌上下竄，實在讓人難以接受！如果飼養狗狗，請務必照顧周全，否則就會對著客人咆哮不止，若讓孩子受驚摔倒，誰該負責呢？這樣的經歷一次就足夠了，感謝。,1,1,-1,1782,,2023/05/07,0,負向
在這個營地，花草維護得很不錯，但我們租的卻是沒有木棧板的營地。由於下了一場超大雨，整個營地變成了一片泥濘，連帳棚區也淹在泥水中… 24小時以來，腳一直都是濕的，更令人崩潰的是到處都是小蟑螂（而且還會飛），內帳外帳都貼滿了蟑螂，帳篷也因泥水全毀了… 環境雖然優美，但由於我們沒有享受到特別的服務，只是自行進入，所以對場主的評價只有兩顆星。泥濘的場地扣了2顆星，滿滿的小蟑螂又扣了2顆星，租借費用則扣了0.5顆星（如果環境和天氣可以收700-800的話，還好，但1000則沒有這樣的性價比）。總之，如果是下雨天，不推薦來這裡，而且如果沒有租到木棧板區，會有很多蟑螂，也不太推薦。總體評分是1.5顆星。以上僅為個人經驗，與營地方商無關。,2,1,-1,1783,,2023/05/07,0,負向
不建議入住這間地方，老板不太友善。如果你有寵物，真的應該考慮其他選擇。他們沒有在電話上告知是否可以帶寵物，卻在現場直接收取了300元。浴室和廁所都很髒亂，浴室的水龍頭溫度忽冷忽熱，洗澡時還能聞到廁所的味道，實在不太好。,1,1,-1,1786,,2022/05/07,0,負向
蚊子超級多沒完沒了！另外營區提供的冰箱味道很奇怪，冷凍效果也不夠，保冷磚放了一整晚還是沒結冰。,2,1,-1,1788,,2022/05/07,0,負向
整體環境不錯，幾乎沒什麼可以挑剔的。這裡應有盡有，唯一讓人無法接受的是在露營時，有一區超過晚上十點後仍在播放音樂，喧鬧不已，並且有人打電話給老闆投訴。老闆只說要他們小聲一點，但喧嘩持續到了晚上11點半，讓大家無法安心入睡。若不是這個問題，整體體驗是可以給予四顆星的。,2,1,-1,1795,,2022/05/07,0,負向
營地老闆很熱情！他會帶著狗來「打招呼」，同時讓狗做生理需要，（可能是來檢查人數與帳篷數）。,1,1,-1,1798,,2022/05/07,0,負向
營區很友善，環境也很舒適，但晚上有太多蟑螂，而且還有會飛的。抓了二十多隻蟑螂的經驗實在太糟糕了，這情況確實讓原本美好的氛圍大受影響。希望這個問題能獲得改善。,2,1,-1,1820,,2021/05/07,0,負向
營主很友善，主動告知大家有提供青草茶喝，草地非常美麗翠綠，晚上可以觀賞到漂亮的星星！不過這三天出現了很多會飛的小蟑螂，飛到食物、人和帳篷上，讓害怕蟑螂的同行朋友難以放鬆，我們一直得小心保管食物和餐具，以免被蟑螂爬過；各營區之間距離較近，音樂或交談聲音都很明顯，擔心會干擾到其他人；底下的營區偶爾會飄來刺鼻的廁所排泄物味道，持續時間不長，且不是很頻繁，所以並未告知營主這個問題。開車前往方便且不難，冰箱容量足夠大，滿足大部分露營者的需求，但對於害怕蟑螂或注重隱私的露營者可能需要多加考量。,2,1,-1,1821,,2021/05/07,0,負向
這次在這個三號區的營地，雖然營主非常熱情友好，但如果實在太多會飛的蟑螂！有蛾、大螞蟻、蒼蠅、蚊子等都還好，但是會飛的蟑螂真的讓我崩潰。另外，那區的廁所有臭味會飄上來，令人覺得不太舒服，衛浴間稍微不足，燈光也比較昏暗，還有比較多蟲蟲類。整個營區比較小，而且和其他帳篷很靠近。對於非常怕蟑螂的人來說要三思再下訂，但如果不怕蟲的話，這個營地依然是個不錯的選擇。可是我太害怕蟑螂了，尤其還會飛！這次露營完全沒有放鬆，一直處於警戒狀態，所以我會給這個營地一顆星⋯⋯,1,1,-1,1822,,2021/05/07,0,負向
為什麼在早上去找露營的朋友卻還要付費？,1,1,-1,1837,,2020/05/07,0,負向
老闆為了不得罪露客，卻要求我們忍受超額訂位。在跨年前一週通知我們包區會多一帳，我們接受了老闆的收費。然而，結果卻是在跨年連假時硬生生地塞進了三帳陌生人到我們的包區，他們聲稱也是訂了我們包區的位置。一直說是訂位app系統的錯，但事後查證發現是營主本身沒有確認那三帳的身份就隨意讓他們進入我們的包區。雖然他們表現得友善，卻讓我們感到相當不舒服。,2,1,-1,1867,,2018/05/07,0,負向
這個露營區的草坪維護得很好，浴廁也分離乾淨且熱水充沛，營主人也很友善。他們會提供自煮的飲料給露營者，而且即使燈條壞掉，也會免費出借燈泡。然而可惜的是狗屎很多，第一天踩到狗屎後才發現原來是營主的狗。並且在離開時狗在我們的帳旁大便，雖然我們抗議但兩個小妹妹卻視而不見。希望營主能重視這個問題，否則再好的營區一旦有狗屎問題，就難以讓人滿意。,2,1,-1,1887,,2023/05/19,0,負向
這裡曾經是我們同學每年一起聚會的好地方，但看似生意興隆後，老闆似乎已經忘記了初衷，對客人服務漠不關心。連基本檢視都沒有做到，在民宿和浴室的瓦斯檢查也失察。這是二十多年來第一次在露營地洗澡時沒熱水（雖然事後有重新裝設）。忽略了當初熱情服務的重要性，現在只著眼於急著收錢，甚至當面詢問客戶是否付款。若缺乏信任，建議早點收攤，在自己的圈內守護，避免被欺騙。我們並非挑剔客人，這番直言不諱僅因為眷戀這曾經溫馨的露營場所。他們是否在意我們的意見，我們也無所謂。現今有許多其他地方可供露營住宿，對於缺乏用心的地方，我們毫無遲疑地拒絕花錢。,2,1,-1,1892,,2022/11/22,0,負向
浴室的水龍頭會時冷時熱。寵物是不允許的，或者可以帶但不需支付費用。,2,1,-1,1905,,2022/04/18,0,負向
營主很放任，讓自家狗一直亂叫，晚上吵得睡不著觉。他们虽然允许带宠物，但要收取300元的清洁费实在让人接受不了。山上的气温很低，但浴室的水龙头时冷时热，差一点着凉。厕所和浴室有点脏乱，希望營主能改善一下。,2,1,-1,1906,,2022/04/18,0,負向
在半山腰的風景雖然不錯，但因缺乏精心經營與規劃而失去美景⋯到達營區後，發現並非每個帳篷都有護草墊，管理員告訴我們大部分都已經損壞丟掉，建議找別的地方看看有無空位⋯雜草叢生，碎石地面不平整，下過一點雨後到處是爛泥巴，幸好雨不大，否則可能會淹水。晚上洗澡時沒有熱水，水壓也不足，感覺忽冷忽熱。跨年連假滿營位，廁所沒有定時清理，垃圾桶滿滿的垃圾散落出來，散發出濃重的尿騷味。營區只有一個區域設置垃圾桶，需要走一段路才能找到，非常不方便。收帳當天中午12點離開時，已經沒有供應水源，浴室的水已關閉，感覺有些失望。停車場停車沒有規劃，車輛亂停，帳篷附近整個營區給人很像難民營的擁擠感。,1,1,-1,2171,,2024/01/07,0,負向
有很多昆蟲，還有蜜蜂...只有一支風筒。,1,1,-1,2172,,2023/11/07,0,負向
不建議選擇這個露營區，因為他們要求遊客在中午12點前離開，並在早上10:30就來提醒。更糟糕的是，即使在11:46時還沒將東西收好，他們就會把水電和冰箱都關掉，這種處理方式讓人感到相當不滿。,1,1,-1,2173,,2023/05/07,0,負向
隔壁真是太吵了，吵得大家都無法入眠。,2,1,-1,2174,,2023/05/07,0,負向
我們原本預定5個帳篷，但因為人沒有一起抵達，園區管理員就把我們安排到了別人預定的營位。在搭起帳篷時，遇到了大雨，後來管理員才告訴我們我們的營位在另一邊。我們因此在大雨中搬遷營位，這真的是我們至今最糟糕的露營經驗。優點是浴室很大，熱水又熱又快，缺點是上山路不好開，路上滿是掉下來的樹木和破損的棧板，排水也很差，帳篷進水，氣墊床也濕透了。,1,1,-1,2177,,2023/05/07,0,負向
露營區風景優美，空間寬敞，位置稍高的G區於五月底前往不會太熱。然而，廁所清潔度欠佳，洗澡時水壓問題需自行調整，且吹風機沒電、洗手台水龍頭無法使用。另外，蚊蟲相當多，造成眼部腫脹需就醫。雖負責人一開始主動聯繫保險事宜，後續卻沒有跟進，整體而言是個不太愉快的經驗與感受。,1,1,-1,2179,,2023/05/07,0,負向
環境很漂亮，但是棧板比較小，只適合300人。浴廁方面，不太乾淨，3月份蟲和飛蛾特別多，每個浴室廁所都有一些垃圾，地面是磁磚，浴室和廁所是分開的，但是水壓弱且不穩，水溫也很不穩定，排水效果不太好，浴室裡的椅子和水桶有些霉斑。另外，1.水槽旁邊沒有垃圾桶，有點不方便。2.當離開時，星期天營地主人清潔廁所的水會直接流到C區帳篷......3.很多營位都靠近道路。,2,1,-1,2181,,2022/05/07,0,負向
"1. 路徑未經整理，長滿了枯枝雜草，不好走。
2. 營區的設施（熱水、電力）無法應付連續假期人數增加的壓力。
3. 電壓不穩，時常跳電，燈光也閃爍不定，無法正常使用，建議準備多幾個充電式LED燈。
4. 熱水非常不穩定，使用20分鐘後會變成冷水，然後又是燙水，非常不便，建議在中午洗澡或在外面先洗淨再進入。
5. 營區內道路在雨天容易變得泥濘且有許多坑洞，步行至主要設施如廁所或取物時腳容易弄濕又髒，建議穿著靴子。
6. 雖然營地風景優美，但營區管理似乎不用心，建議換一家營地以獲得更好的營業體驗。",1,1,-1,2184,,2022/05/07,0,負向
這個地方真的很糟糕，蒼蠅到處飛，洗澡水要麼太燙要麼太冷，滑草讓人心情很差，連游泳池的水都很骯髒，還有垃圾都聚集在帳篷附近。整體環境除了差之外沒有其他優點，總之就是很爛，就連給一顆星都太多了。,1,1,-1,2185,,2022/05/07,0,負向
訊號很差，還有一些人覺得自己唱歌很棒，但其實唱得很糟糕又很吵，請不要來了，不然你會後悔一輩子。,1,1,-1,2186,,2022/05/07,0,負向
這露營區的山路非常危險，進出都很難，路上長滿雜草，非常窄，幾乎無法讓車子相遇，路邊布滿樹枝和竹枝，容易刮傷車子。若遇到對向車輛，情況就像黑羊與白羊在獨木橋上一樣棘手，車輛容易受損，除非你是個高手。,1,1,-1,2189,,2021/05/07,0,負向
簡言之，用電問題無法解決，營地排水不良，下雨時可能積水嚴重。,1,1,-1,2194,,2021/05/07,0,負向
廁所衛生狀況不佳，垃圾桶已滿，洗澡沒有熱水，從週日早晨開始營區水槽也沒有水供應。,1,1,-1,2198,,2021/05/07,0,負向
G區的冰箱冷凍溫度被設定為冷藏，而冷藏溫度則是常溫。把蛋撻放進冰箱後，竟然發現螞蟻在食材上慢慢爬。園區回應說冰箱沒問題，他們只是附上冰櫃作為額外設備。每區的間隔很小，卻經常跳電。有時候會忘了拿食材，丟掉也是可以理解的。他們當天沒有回電話，第二天打通後卻告知所有東西都丟了。然後他們又改口說沒有看到東西。如果要去那裡的人應該三思。處理事情的方式讓旅遊心情都沒了。,1,1,-1,2203,,2021/05/07,0,負向
這個露營區的衛生環境不佳，冰箱發霉嚴重，建議在解決問題之前不要開始收取費用。,1,1,-1,2211,,2020/05/07,0,負向
請在洗手台排水口安裝濾水裝置。,1,1,-1,2216,,2020/05/07,0,負向
這個露營地的規劃太擁擠，收費也過高，導致停車位滿了，除了大草地外，帳篷附近的活動空間不足。廁所清潔度有待改善，洗澡水壓不穩，溫度不穩定，馬桶經常沖不下去，使用起來令人困擾。泳池只在第一天開放，第二天說水量不足，孩子們很失望。電力供應也不穩定，三天兩夜跳電三次，令人感到困擾。草原活動空間不錯，但滑草處有點危險，帆布破裂，朋友（成人）還被釘子刮傷。景觀不錯，但只有第一排位置能看到，其他地方都是擁擠的車輛和人群。冰箱壞了，只剩冷凍櫃，馬上滿了，裡面味道難聞，管理不當，其他帳篷的東西直接放在冷凍櫃裡，晚到的人無空間可用。總的來說，這次露營經驗讓人失望，感覺管理不善，帳數控制不當。,1,1,-1,2224,,2020/05/07,0,負向
G區碎石區下雨時遇到了一些問題。最令人無法接受的是晚上跳電三次，然後G區兩個淋浴間的熱水設定有問題，水竟然是溫的。當時天氣應該至少在15度以下，再加上下雨，真的感覺沒有在乎客人。另外，水槽位置集中在衛浴旁邊，清洗東西需要走一段路，尤其下雨時更是不方便。我已經露營過很多次，也碰過很冷又下雨的情況，但這次真的是最糟的一次，毫無疑問。,1,1,-1,2238,,2019/05/07,0,負向
因為電壓不足，衛浴設備也不盡人意，營位旁沒有水槽。水槽都設在廁所旁，所以下雨天刷牙洗臉都得打傘。連個遮雨棚都沒有，讓人有些失望。,2,1,-1,2259,,2018/05/07,0,負向
建議營區管理單位應限制上下山時間，因為山路狹窄、路況惡劣，無法雙向通行。露營者通常攜帶各種裝備和帶著孩子，安全問題要特別注意，建議謹慎行事，避免危險發生。,2,1,-1,2291,,2021/05/02,0,負向
因為其他客人的原因，我被迫從原本的F區調整到了C區，對於第一次來的客人來說，我不熟悉這個營區的位置，直到看了區域位置圖才明白我已經不在原先預訂的區域了。我不清楚營區劃分的意義，看起來好像需要提前與營長溝通才行。,2,1,-1,2362,,2018/05/07,0,負向
這個地方的位置偏遠，吃飯購物都不是很方便。需要解決的問題有： 1. 可以考慮販賣一些食物。 2. 增加員工數量，以提高服務效率。 3. 加強管理住宿者素質，防止大聲喧嘩或於午夜後造成困擾。 4. 檢討價格設定，讓客人感覺更划算。,2,1,-1,2400,,2017/08/29,0,負向
我沒有機會去，預約後接到電話要求讓位給一組人更多且待更久，讓我感到很不舒服，我表達了不滿並取消了預約，熱情也隨之熄滅。,2,1,-1,2561,,2019/05/07,0,負向
營區的環境需要改善。有很多螞蟻和爬蟲，廁所裡也有許多小蟲，而且廁所沒有提供衛生紙，洗手台在晚上也沒有燈光。,2,1,-1,2576,,2023/10/09,0,負向
最近地震頻繁，大雨持續，家人擔心走山遇到落石。希望營地延期或退款，但只能延期半年或退4成費用。政府呼籲不要上山，擔心安全。原本是為了看螢火蟲而訂位，營主只能延期半年。取消後只收200元手續費。,1,1,-1,2715,,2024/04/30,0,負向
園區整體還算乾淨，廁所也維持得不錯。美中不足的地方是，g區距離衛浴廁所距離有點遠，而且冰箱也離得相當遠。若要煮食只好不停地往返冰箱，挺累人的。此外，g區只有一間蹲式廁所，小孩不太會用，因此有人遇到廁所時，直接在褲子上解決。山區蟲子多是很正常的現象，但出現不知名的大螞蟻咬人的情況就有些奇怪。回來時腳上多了三四個腫包，有刺痛感。已經露營多次，但這次卻第一次被要求限制每個帳篷只能住四人，超過人數就需要支付額外費用，而且沒有考慮到年齡，只要人數超過四個就要付錢。,1,1,-1,2717,,2024/04/07,0,負向
這個地方除了草皮，CP不算太高，旁邊種有帶刺的植物，可能會不方便也不安全。另外，營地旁邊有枯腐植物，有些小蟲，味道也有點。不過小水池還可以供小孩拍照。,1,1,-1,2749,,2023/05/07,0,負向
進出道路起伏較大，要注意車輛底盤的高度。共有六間衛浴供七個區域使用，每區有特定時間段供十個以上的人共用兩間衛浴。衛浴集中在特定區域，以免干擾其他露營者。隨著人數增加和有許多孩童，洗澡可能會有些壓力。露營區提供Wifi，但無法連接，手機基本上沒有訊號，與同行朋友聯絡有些困難。,2,1,-1,2775,,2022/05/07,0,負向
首次到訪這個露營區，包了A.B兩區，稍微整理一下，首先提醒到達時底盤較低，路況較難通行，而營位規劃有些可惜。需要把車停在外部的石子地，下裝備後才能將露營用品搬進內部。如果營位在內部，必須搬得很遠才能搭設，消耗體力。營地訊號不佳，提供的wifi 連接不上，不確定是區域問題還是其他原因。衛浴設施過少，第一區有時間限制（AM7’30-11:00)，假設一個帳篷住五個人，總共30個營位，約150人，衛浴僅六間，平均一間需供25人使用，每人洗澡平均需要30分鐘，750分鐘/60=12.5小時，似乎時間有點緊湊⋯？第二ABC區共用一個廁所，ABC區有14個帳篷，廁所實在太有壓力了。。。營位旁的洗手台燈在晚上10點關閉，只能在黑暗中洗碗了q。。。總結不太想再來這裡露營。,1,1,-1,2776,,2022/05/07,0,負向
營區只有一個冰箱，所有人都沒地方放東西，預備好的德式香腸整包都不見了，營區完全沒有管理。一早起來就心情不好，決定不吃了，結束收拾然後下山去吃好的，之後不會再回來了。,1,1,-1,2778,,2022/05/07,0,負向
草地區的草長得太長了，都已經長出來超過黑墊，所以有很多蚊蟲是很正常的情況。但是蒼蠅這麼多就有點不尋常了。在露營這麼久，第一次遇到這麼多蒼蠅，早上八點就被它們吵醒，一整天都黏滿了五張紙，用電風扇吹也吹不走，整群整群的，直到晚上六點才消失。浴室很寬敞，水池也還不錯，只是蒼蠅真的太多了，有點誇張。,2,1,-1,2803,,2021/05/07,0,負向
超過了......連中央走道都擺上了帳篷,1,1,-1,2822,,2020/05/07,0,負向
這段文字主要提到露營地的一些問題，包括空氣清新但存在濃霧、營地規定嚴格且水壓水溫不穩、營主夫人可能心情不佳、收費標準嚴格且罰款不合適等。提出了一些改善建議，希望營區能夠加以改善。,2,1,-1,2828,,2019/05/07,0,負向
山上的路很狹窄，無法容許兩輛車並行，非常崎嶇。建議不要在這樣的路上開車，以免溫度不穩，洗到一半變成冷水，一邊洗一邊發抖。,1,1,-1,2829,,2019/05/07,0,負向
這段路很危險，所以建議車況不佳的人不要前往。山路又陡又崎嶇，夜間也不適合行駛。營地管理規定相當嚴格，不過廁所很乾淨，而且有提供冰箱。,2,1,-1,2836,,2019/05/07,0,負向
這句話的意思是：水壓、水溫和電壓不穩定，而且黑沙坑中的水池很小。鄰近地區有果園，但全家都感到非常困難。,1,1,-1,2837,,2019/05/07,0,負向
這個營地的蟲蟲真的很多，廁所、浴室和營區裡都滿是各種蟲子和蛾蟲。洗澡時被蟲子圍繞真的很困擾，連冰箱也有蟲，衛生情況不容樂觀。,1,1,-1,2987,,2022/05/07,0,負向
下雨時要留意積水和泥濘，我們搭帳的時候幾乎沒有下雨，但一旦開始下雨，水就完全排不下去，一直往帳篷裡流。,1,1,-1,2992,,2022/05/07,0,負向
這個營地看起來吵鬧的情況很嚴重呢？也許容易吸引到吵鬧的團體，或是這些人有在營地間流傳吵鬧的習慣？無論是在半夜的1-2點還是在星期六，他們不僅續唱卡拉OK還唱得很難聽，甚至整個山頭都被他們的聲音籠罩！還記得有一次是在凌晨兩三點，一群人大聲喧囂著，我還在遠處都聽得到有人在呼喚他們的狗回來！更糟糕的是聽到他們露營地的狗狂吠！雖然我去白蘭露營的次數不多，但每次遇到這個營地都讓我覺得吵鬧。試著和管理員溝通好像也沒有什麼效果！,1,1,-1,3006,,2022/05/07,0,負向
天氣預報說會有大雷雨，已經提前一週詢問是否可以延期，但營主不允許改期。場地很偏遠，沒有景色，排水也不好，廁所非常骯髒。建議大家不要遠道而來受罪，甚至不值得給一顆星的評價。,1,1,-1,3058,,2019/05/07,0,負向
不建議，排水情況不佳，廁所很髒，缺乏管理。,1,1,-1,3059,,2019/05/07,0,負向
草皮積水很嚴重！衛浴應該是沒有人管理的狀態。,1,1,-1,3060,,2019/05/07,0,負向
雖然訂場有規定，不過沒收到訂金就算了。在這種情況下，您還要抱怨些什麼呢？小孩子得了腸病毒，您也不用抱怨吧？,1,1,-1,3075,,2019/05/07,0,負向
不建議，容易積水，而且服務不佳。,1,1,-1,3097,,2017/05/07,0,負向
營地裡有很多積水，泥濘不堪，地方狹小且擁擠，車位規劃不當，服務也不佳。,1,1,-1,3101,,2017/05/07,0,負向
"1). 衛浴有乾濕分離，這很好，但廁所的空間需要改善。
2). 帳篷設置較密集，無法有更多的草地活動空間。
3). 沒有限制攜帶寵物的露營者，半夜狗狗叫，早上醒來發現草地上充滿了狗便！",2,1,-1,3199,,2021/05/07,0,負向
營位費一直在變化，每次都漲價。,1,1,-1,3204,,2021/05/07,0,負向
付了200元的清潔費後，卻沒有得到任何服務，有些人只是想和親朋好友在露營地聊天、嬉戲，就被要求支付200元！營地管理者啊，收費有點太貴了吧！,1,1,-1,3205,,2021/05/07,0,負向
"1. 地方很漂亮，草坪維護得很好。
2. 帳篷擺得太密集，缺乏空間讓小孩奔跑，可能超越了容納限制。
3. 收費是1200元，還會發生跳電的情況。
4. 總結：如果要收取1200元的費用，就應該限制帳篷的密度；營區的電力系統也需要改善，一晚上跳電3、4次真的很令人受不了。我不會再來了。",2,1,-1,3214,,2021/05/07,0,負向
在悄悄話營地，雖然草地很大，但每個帳篷收費卻很貴，而且規矩得一絲不苟。衛浴設施看起來高級美觀，但實際使用起來卻問題重重，水溫時冷時熱，讓人感到非常惱怒。收取這麼高的費用卻提供這麼差的服務，讓人感到很失望。,2,1,-1,3267,,2019/05/07,0,負向
"1. 環境保護的情況相當良好
2. 可以點披薩或鐵板燒飯，讓您無需自行準備食物
3. 景色並不特別
4. 入場時間為下午2點，退場時間為中午12點，條件相對嚴格
5. 每帳收費為1200元，若要提早入場則需另加100元，性價比並不太高，以上為後花園區之特色描述",2,1,-1,3278,,2018/05/07,0,負向
人潮眾多，簡直像難民營一樣擁擠。,1,1,-1,3321,,2017/05/07,0,負向
營主的服務態度不佳，對車子的使用提出了不合理的質疑。在洗澡時，要求露友自行清潔多餘的浴室，並且熱水供應不穩定。浴室水質異常，朋友過敏反應明顯。晚間12:30仍有露友吵雜活動，營主不處理。若營區發生火災，營主可能也未能意識到。這樣的服務讓人難以理解該營區為何高評價，建議露友自行斟酌前往。,1,1,-1,3335,,2024/03/07,0,負向
我們在8月26日至27日去露營時，一到就被老闆說看起來很開心，但他提醒我們晚上十點後要保持安靜，否則可能會被趕走。雖然他是在開玩笑，但我們並不覺得這是一個營地負責人應有的態度。在我和朋友的過程中，有幾次對話讓我們感到不舒服，例如他說：“我知道你們不會再來了。”儘管該露營地的地理位置不錯，但我們還是希望提醒老闆和老闆娘，友善待人才能長久經營，否則真的會失去顧客。,1,1,-1,3356,,2023/09/07,0,負向
在勘查營地時，我剛到門口，營地負責人馬上叫我不要進去，他的態度非常差，讓人感到不舒服。,1,1,-1,3413,,2022/05/07,0,負向
今天帶著愉快的心情，在早上十點半抵達營地。當我打開車門時告訴營地負責人我們預定了今天，在他臉上看到了不悅的表情，他回答說預定的時間是一點，不應該這麼早到，並且一直反覆地抱怨。我們再次強調我們沒有打算直接搭帳篷，只是想先四處走走。營地負責人一再強調只能在一點後到達，讓我感到困惑。我不想再受氣，看著他臉上板起臭臉三天。營地負責人請檢討一下自己的態度，不要反過來說是我口氣有問題，是他的態度和口氣有問題。我不是第一次露營，也不是要主導，我從未說過自己是老大。但恰恰相反，是營地負責人自認為是老大。難道整個山頭都是他的天下嗎？尊重應該是雙向的，他有尊重過我嗎？誰會知道他的營區不能停車呢？,1,1,-1,3435,,2021/05/07,0,負向
晚上蚊子很多，在營區下方有3～4隻狗狗一直吠叫，還有鄰居家的小孩從傍晚一直吵到晚上10點多，真的很困擾。此外，營區的廁所設施老舊，有洗澡間無法鎖門，而且廁所的沖水設備也損壞了。除了風景之外，這個營區真的不太推薦。,2,1,-1,3570,,2023/11/07,0,負向
"原文：營主好像不太靈光，沒準備好，現場也沒有顧，真讓人生氣！

改寫：營主可能有些混亂，未能準備好，到場時也沒有迎接，讓人感到不滿！",1,1,-1,3573,,2023/06/07,0,負向
這個地方的優點是浴廁很乾淨，而且熱水溫度足夠。但缺點則是熱水只到晚上10點供應，對於晚睡的人來說很不方便。半夜和凌晨會聽到羅馬公路上飆車族的聲音很吵，營區下方還養了四隻狗，動靜一有就瘋狂吠叫。假日清晨7點多居然有人開著割草機除草，以上這三個問題讓人根本無法好好睡覺。而且還有一隻名叫黑糖的狗，一大早竟然在營區內的帳篷撒尿，離開時才發現，實在令人啼笑皆非！,2,1,-1,3576,,2023/05/07,0,負向
營地觀景台前方的竹子和雜草長得亂七八糟，擋住了美景。營區隔壁的鄰居整晚唱歌聲音吵，早上又有人用電鋸工作。還有隔壁的瘋狗一直亂叫，深山裡還有其他人吵雜不斷。這露營環境真是令人困擾。,1,1,-1,3578,,2023/05/07,0,負向
冰箱只有送風功能，向營業人員反映後，卻被告知冰箱其實有裝置冷藏的功能。水質惡劣，水龍頭放出的水看起來像泥巴。,1,1,-1,3587,,2022/05/07,0,負向
這個地方不大，街道狹窄，洗手間很髒亂，樹葉到處都是。可以看出來管理者沒有很用心整理。晚上還有包場的人在開派對，吵到半夜，讓人難以入睡。而且原定的活動全都取消了。環境糟糕，又沒有活動，沒有任何吸引力，不會再去第二次。,1,1,-1,3595,,2022/05/07,0,負向
房間非常擁擠，連續超過了七人！沒有沙坑，也沒有游泳池，更沒有射箭場⋯只有搗麻糬活動。下方的營區舉辦電音派對，兩天兩夜都傳來不停的音樂聲，但出發前的兩天才被營主告知！真的很無語，我們並不是去參加電音派對的～難道不應該提前通知嗎？,1,1,-1,3597,,2021/05/07,0,負向
營區只能搭4-5帳，但收到了7帳，而且看起來設施荒廢；有沙坑、戲水池和射箭場，但沒有活動。唯一乾淨的地方是廁所，可以搗麻糬。在營區附近有舉辦電音趴，三天兩夜聽著動滋動滋的聲音。營主直到營前兩天才告知，讓人很傻眼。這是我第一次給營區這種評價，希望他們加油改善。,2,1,-1,3599,,2021/05/07,0,負向
小黑蚊實在太多了，無論是防蚊液、止癢藥還是開水都擋不住它們。,2,1,-1,3613,,2021/05/07,0,負向
露營區的一些客人行為不太符合規範，清晨六點就開始洗碗聲音很大，七點就有人喧鬧，讓小孩子尖叫。,1,1,-1,3622,,2020/05/07,0,負向
位於水源地旁，有可能對環境造成影響。,1,1,-1,3631,,2020/05/07,0,負向
營地主只關心賺錢，卻沒有面對不守規矩的露天露友（凌晨一、兩點還大聲吵鬧、大放厥詞）的問題，讓其他守規矩的露營者受影響！再好的設施、再美的風景也只是浪費上帝的恩賜！,2,1,-1,3726,,2018/09/15,0,負向
這是個相當糟糕的經歷！原本和營主訂了C區的水泥雨篷1帳，後來營主告訴我旁邊還有一個要訂6帳的（總共8帳），他們打算晚上來設置會比較吵，我說可以。但後來他們又打電話告訴我要改成8帳，要我去B區的碎石雨棚，完全沒有徵詢我的意見，甚至還和我爭辯說他們總不可能叫一帳的到別處去，我事先訂了啊，至少你們也尊重一下我的意願吧！我當初之所以指定要C區的雨棚，就是因為我喜歡C區，而不是你們叫我去哪我就去哪！………,1,1,-1,3767,,2024/04/30,0,負向
簡單來說，這次露營經驗真的很糟糕。洗澡只有冷水，叫人在冷天裡脫衣服等熱水。女生在場還不能換熱水間，而且裡面哪間都沒熱水。主辦方失誤還不認錯，後來致歉方式更離譜。最後用警察威脅客人，完全接受不了。總之，要去露營的人要謹慎選擇營區。,1,1,-1,3781,,2023/12/07,0,負向
對方可能讓您感到不滿，好像責任都推給客人了。,1,1,-1,3782,,2023/12/07,0,負向
我去露營三天兩夜，不幸被蚊子叮了好幾個包，第三天早上營主告訴我們要在中午12點前結帳，但他卻兩次在早上10點開始收費時突然停水。他說是下雨造成水管阻塞，我一度以為他為了讓我們趕快結帳而停水。整體經驗很糟糕，應該不會再去那邊了...,1,1,-1,3824,,2023/05/07,0,負向
露營區收取停車費高達三百元，有些誇張吧？他們似乎不停地巡邏，好像在抓小偷一樣。第26露來到溪遊記，真的是浪費了連假四天⋯。營地主人不太友善，而且除了沙坑，小孩根本沒有地方可以玩耍。這是小孩第一次說去露營很無聊，唉～我們的車來來回回十幾次，這句話是什麼意思呢？「停車費三天一共也多付了1800元」，為什麼露營區會怕客人來呢？他們的評分五顆星是不是有點騙人呢？未經當事人同意，擅自錄影後將車牌號碼公開在網站上，已經請家人及律師處理！業者留言說，付不起停車費就去免費野營？？？,1,1,-1,3833,,2022/05/07,0,負向
整體環境還算可以，但營區時常有員工巡邏查看來訪者，並要收取300元停車費，且錄影存證。雖然符合平台規定，但態度讓人有些匪夷所思。離開時又被要求收護草墊，我們當然樂意協助，但不知是否有必要根據平台規定復原護草墊。最後，員工態度有待改善，並指責我們唱歌影響其他露營者，時間尚早且音量不大，是否真有其他露友投訴並非確定，但員工態度並不友善。,1,1,-1,3834,,2022/05/07,0,負向
這個露營區的包場費用是800元，還算是比較便宜的。訪客停車的費用是每輛車300元，巡邏每隔幾個小時就收一次停車費。我朋友開車過來，立刻就被收了300元的停車費。這次露營總共3天，停車費一共花了1800元。真是的，老闆的態度很差，一點親切感都沒有，這裡真的沒有下次了。,1,1,-1,3835,,2022/05/07,0,負向
這句話的意思是：深怕的不是下雨天，而是營地地勢不佳，排水不良，一下雨導致滿地泥濘，鞋子會陷進爛泥巴，讓小孩和狗都無法外出，實在讓人感到可惜。,2,1,-1,3842,,2022/05/07,0,負向
營區情況很糟，營主態度非常惡劣，虎頭蜂很多，大約2-3公分大小，令人害怕。如果不處理這個問題，將會變得更糟，而且責任還被推給客人，宣稱是他們招惹的。晚上虎頭蜂會出現是正常的嗎？飛來飛去應該有20-30隻。如果今天有小孩被叮咬，你負擔得起嗎？要考慮一下是否前往該營區。,1,1,-1,3844,,2022/05/07,0,負向
這個營區環境不佳，有虎頭蜂活動。營地管理人員態度消極，推卸責任，還建議我們噴香水。蜜蜂來的原因是因為附近有一棵花蜜豐富的樹，持續吸引蜜蜂來採蜜。在選擇營地時，務必慎重考慮，以免浪費金錢且遭受不必要的困擾。,1,1,-1,3845,,2022/05/07,0,負向
早上5點車聲聲響很大，讓人完全睡不著，而且衛浴設施太少，需要排隊使用。不過營區主人很友善。,2,1,-1,3979,,2023/09/08,0,負向
在靠近水庫和羅馬公路的地方，晚上車聲太大以至於無法入眠。除了B區之外，其他小帳篷區位置都非常狹小，彼此相距太近。我建議營地主人可以將C和D區的位置調整一下，這樣會比較理想。此外，衛浴和洗手間的數量有限，如果有需要洗澡的人應該要及早安排時間。,2,1,-1,3984,,2023/05/08,0,負向
突然被調換座位，但有幾個問題需要解決：1.地板杂草很多；2.廁所多人同時使用會沒有熱水；3.周圍環境昏暗，晚上上廁所不太方便；4.經常停電...,1,1,-1,4048,,2021/05/08,0,負向
因為複育螢火蟲不使用殺蟲劑，所以小黑蚊的數量增加，使得環境變得清优。,2,1,-1,4097,,2018/05/08,0,負向
這地方的廁所和浴室維護得很乾淨，但是沒有自來水，只能用山泉水，水質稍微黃濁。另外也沒有提供飲水機，需要自行購買水。螞蟻和蜘蛛網相當常見，需注意避免碰觸。露營區的樹木間距有點狹窄，因此停車較為困難。不過晚上可以聽著河水聲入眠，感覺還算舒適。,2,1,-1,4176,,2024/04/07,0,負向
總結來說，宮廷帳是這裡的亮點，但整體而言，缺乏飲水機和穩定的熱水，尤其在冬天使用上有困難。不過，至少環境還算不錯。,2,1,-1,4179,,2024/03/07,0,負向
只有一個區域有衛浴設備，而且多個區域都需要走一段路才能到達。衛浴設施中的幾個間常常溫度不穩定，有時會很熱，有時很冷；要不然就是水溫不夠。整個區域只有一個冰箱供 29個帳篷使用（晚到的人更別想有冰），而且仍然在廁所附近。如果你喜歡遠足，那你一定會開心。再者，營地主人嚴格禁止外來車輛和訪客，即使你忘記帶東西，朋友也不能遞交給你，必須在門口見面，無論你攜帶的東西多大多重。另外，他們沒有提供飲水機，記得要自備水喔！,2,1,-1,4181,,2024/01/07,0,負向
這個營區並不是那麼理想，充滿了許多不方便的地方。例如，處處都是小黑蚊，營位沒有洗碗檯，只能靠著蚊香維持，廁所位置偏遠且環境潮濕，衛生紙放在廁所外面，水壓小熱水不穩，垃圾集中處又要到廁所那邊，營區地面不平且有許多坑洞，夜晚缺乏照明，需要特別注意。总体來說，這個營區和照片中所展示的不盡相符，環境實在不適合拍照。,2,1,-1,4182,,2024/01/07,0,負向
基本上，我們接受使用者的付費，應該以為這是可以接受的。主辦方給人留下深刻印象，但對金錢比較計較，網頁上缺少的資訊在討論後是免費的。有位使用者在兩天內多次提出疑問，對於付費的態度不佳，解釋問題時有些含糊。是否可以請另外一位人員來解釋？雖然有雨棚，但下雨時水卻流向雨棚內，設施跟場地規劃都有些問題。優點之一是廁所和浴室都相對乾淨。道路規劃不佳，所以我們給予兩顆星，主要是因為廁所乾淨且客人素質良好。,2,1,-1,4183,,2024/01/07,0,負向
雨棚區的地面石子鋪得很薄，一下大雨就會造成地面低窪淹水⋯⋯無論是計算人數、車輛還是帳篷的數量，都計算得非常精準…,1,1,-1,4188,,2023/07/07,0,負向
營地的精算師發現雨棚漏水，底下的情況更為嚴重，低窪的地方已經淹水……,1,1,-1,4189,,2023/07/07,0,負向
環境差，而且男老闆態度惡劣。,1,1,-1,4200,,2023/05/07,0,負向
這位老闆態度差，經常讓遊客感到困擾。,1,1,-1,4201,,2023/05/07,0,負向
很抱歉聽到這麼糟糕的狀況，下雨後地面泥濘、洗手台不便利且缺乏防滑措施，還有家人被燙傷的意外發生，確實讓露營經驗倍感遺憾。希望未來能有更好的露營體驗，對此次的不愉快經驗感到抱歉。,1,1,-1,4203,,2023/05/07,0,負向
"這個露營區近三年來出現了一些問題：
1. 洗澡時沒有熱水，孩子泡泡沫等了差不多一小時，水壓小又不穩。
2. 大概六個帳篷共用一條電路，電壓不穩，甚至無法讓光帶亮起來，打氣機也不工作，只好手動打氣，改使用LED燈條。
3. 環境骯髒，生態池看起來無人管理，有很多小黑蚊，用了蚊香和防蚊液，每人至少要用20包。
4. 在浴室和帳篷區看到兩隻大的在飛的蟑螂。
5. 草地沒有被定時修剪，草超過踝高，石階上長滿青苔，幾個大人中有四位不小心跌倒。
6. 收費不合理，大部分營區人數超過4人就要收費，每人100元，幼兒園以下的小孩免費，但這營區則是每人250元，即使是幼兒園以下也要收費。
7. 與照片不相符，照片中的景點多數老舊，並沒有美化，只有沿溪邊環境算是清幽，其他的地方都有問題，詢問服務人員態度也不友善。",1,1,-1,4204,,2023/05/07,0,負向
端午佳節當天去了湖區包場，才發現露營車無法進入，當時正下著傾盆大雨。因為路程遙遠又心情受影響，只好折返。老闆的服務態度惡劣，推卸責任，營區待客不友善。現在還不確定是否能夠退費。,1,1,-1,4205,,2023/05/07,0,負向
營地的排水情況很差，而且沒有提供草地墊，下雨時內帳和床墊全都濕了，還有積水。真的無法入睡，所以我們選擇直接收拾帳篷回家，這個營區簡直讓人感到超失望。,1,1,-1,4212,,2022/05/07,0,負向
中央最大的池子已經被籬笆圍起來了，所以周圍有很多的牛蛙，晚上會開派對，聲音很壯觀，建議戴上耳塞。上游的溪水流水潺潺，但周遭有蜘蛛網和蚊蟲干擾，要去玩水似乎需要考慮一下。此外，小黑蚊和大隻蚊的班表似乎已經協調好了，前者大約在上午11點開始，後者則在黃昏前出來覓食，因此三瓶防蚊液很快就會用完，出門露營需要與大自然和諧相處，充分準備才能過得愉快。,1,1,-1,4214,,2022/05/07,0,負向
建議在營區廁所前的大水溝周圍設置圍欄，以避免晚上上廁所因為缺乏照明而有安全隱患。特別是為了孩子的安全考量，這樣的措施尤為重要。,1,1,-1,4215,,2022/05/07,0,負向
這個露營地的優點是距離新店碧潭很近，開車約10分鐘就到，屬於城市型營地。缺點是設施較老舊，洗手台少，垃圾桶統一在廁所使用，需要排隊使用浴室。入場處有湖景可以欣賞，晚上可以看到螢火蟲，但不太適合小孩。比較貴的費用並沒有提供其他營地的服務如巡視及環境整理。,2,1,-1,4216,,2021/05/07,0,負向
服務態度不積極，繳費時很積極，網路訊號很差，設施破舊，蚊子超多，場地很小！營位和洗手台無燈光，洗手台一直擁擠，熱水不穩定！營位規劃很隨便，雜草叢生，指示牌不清晰，地點不好找，希望再也不要碰到這樣的地方！,1,1,-1,4218,,2021/05/07,0,負向
這段文字大致上在描述露營區的環境不佳，包區和隔壁區的帳篷很近，而且設施很破舊，只有一些不堪入目的設施可以拍照，沒有網路，沒有鋼琴，而且教堂因為有遊客而難以近拍。整個區域的安排密集且價格不明確。,1,1,-1,4219,,2021/05/07,0,負向
可以這樣簡單說明：雖然優點是有遮雨棚，但當下雨時遮雨棚會滴水，底下也積水，營地是泥地鋪的碎石子，水泥地更好。在遇到下雨的情況下，老闆對於帳篷的使用和收費規定也有些不合理，因此讓人覺得有點冒險和貴氣。总之，這段文章是在描述自己的露營經驗，提醒其他人應該謹慎考慮再去這個地方。,1,1,-1,4222,,2021/05/07,0,負向
這個遮雨棚的空間有點擠，雖然聲稱有包場，但實際上與旁邊的人距離非常接近。而且半夜時沒有管理，旁邊的人玩狼人殺一直玩到凌晨兩點。第二天早上垃圾桶也沒有人來清理。如果不是因為無法給出評論星星，我真的一顆星都不想給。,1,1,-1,4224,,2021/05/07,0,負向
這個露營區真的不太理想，一個帳篷的價格是1250元，但營區的管理人員態度非常惡劣。我預訂了兩個帳篷的位置，但事實上只有一個雨棚可以遮蓋，尺寸只有400*600，無法放得下兩個帳篷。另外，他們對遊客的收費也相當昂貴，每個人收費150元，就連小學生也要付同樣的費用。另外，即使是一輛車也要付100元，並且還有時間規定。整體來說，這個露營區真的不是推薦的地方。,1,1,-1,4225,,2021/05/07,0,負向
拒絕接待大型犬，遜謙地表示我還是新手，詢問能否參觀店家場地。雖然店家有權拒絕，但补上建议先自行研究，可见店家可能并非口碑所述那般。即使店家距家很近，也不再考虑光顧。,1,1,-1,4280,,2018/05/07,0,負向
訂位後受到大雨特報，無法改期且需扣除60%，營主推責任給訂位中心，並要求再額外扣除30元處理費，且未提供發票。商家欠缺同理心，僅好賺錢。非常不推薦這家雷區業者。,1,1,-1,4288,,2018/05/07,0,負向
7月18日下午3點， 大門沒有開， 旁邊標誌寫 要先預約，感到很失望，只好返回家了。,1,1,-1,4291,,2018/05/07,0,負向
環境好，但是小黑蚊盛行，不能延遲戶外活動，收到的蚊帳也很多。,2,1,-1,4295,,2018/05/07,0,負向
沒有人接電話，當我到了才發現園區已經關閉了！,1,1,-1,4307,,2016/05/07,0,負向
這個地方的門票貴而且不能抵消費，東西更是昂貴，一碗麵線煎個蛋要220元，真的很貴。而且廁所也很糟糕，男女混在一起、又暗又隔音差，比起這裡，我寧願去土雞城吃飯。,1,1,-1,4309,,2015/05/07,0,負向
大家請注意，他們入園一人要付100元的入場費，並且還需要額外消費180元！這種情況以前從未遇到過！看起來是在偷偷賺錢！建議大家在前往之前要謹慎考慮。,1,1,-1,4310,,2015/05/07,0,負向
超雷的露營區，有肥滋滋的蟑螂和小黑蚊；服務爛到家。最雷的地方有：1. 洗澡時沒熱水，小孩泡沫等了近1小時；水壓弱且不穩定。2. 至少6帳使用同一電路，電壓極不穩，LED燈都不亮，打氣機故障只能手動；改用LED燈。3. 環境髒亂，生態池無人管理，小黑蚊多到爆，防蚊液、蚊香必備。4. 洗手間和帳篷區都有大型飛著的蟑螂。5. 草地長得過高、石階長滿青苔，大人們滑倒繞路。6. 收費不合理，每人250元，幼兒以下也要收費。7. 拍照景點老舊且與照片不符。,1,1,-1,4338,,2022/06/08,0,負向
這個露營區真的很糟糕，到處都是肥胖的蟑螂，天上遍布小黑蚊，服務也相當差勁。在這裡露營三年來，遇到過最差的經驗：1. 洗澡時熱水中斷，小孩泡了整個身體的泡泡，等了接近一個小時才有熱水，水壓小又不穩定；2. 估計至少有六個帳篷共用一條電路，電壓不穩定，甚至有些LED燈無法亮起，空氣泵罷工，只能手動打氣，只好改用LED燈條；3. 環境骯髒，池塘看起來無人管理，滿是小黑蚊，使用蚊香與防蚊液，每人至少用了二十包；4. 浴室與帳篷區見到兩只飛來飛去的大蟑螂，蟑螂，蟑螂⋯⋯；5. 草地長得高過腳踝，石階長滿青苔，幾個人不慎摔倒，最後所有人都選擇走遠路；6. 收費不公，大多數露營區超過四人每人需要額外支付 100 元，幼兒園以下小孩則不需額外費用，這個營區每人收 250 元，連幼兒園以下都需要收費；7. 大部分拍照景點老舊並且與照片不符。,1,1,-1,4339,,2022/06/08,0,負向
這個營地越來越少人。如果超過每帳範圍的人數，他們會嚴格收取額外的人頭費和停車費。浴廁設備尚可，但因為有水池，所以小黑蚊非常多。至於其他方面，我就不想多說了。,2,1,-1,4349,,2022/01/05,0,負向
這張照片拍得很美，但去了現場就會知道了。營區的照片看起來很漂亮，但真正去看時，設施方面可能只能遠觀和眺望才比較好。,2,1,-1,4357,,2021/04/26,0,負向
草地上積水淤泥，排水不佳。,2,1,-1,4358,,2021/03/05,0,負向
這段話的意思是: '營區需要支付費用，但環境不怎麼好。由於是假日，擔心南部道路擁擠，所以選擇北部的營區。然而，到達後發現營區設施不完善，還有很多小黑蚊，連噴霧都沒用。',2,1,-1,4381,,2020/03/25,0,負向
這次露營經歷真的很糟糕，之後應該不會考慮再來了，也不會推薦給其他朋友！問題包括：1，營區不允許朋友探營，探營費用又很貴，但在訂營位時沒提前告知這個規定。我們有四個朋友探營，卻被要求支付高額費用。2，洗澡時水溫忽冷忽熱，更糟糕的是洗到一半時水突然停了，得打電話給營主才會再開，讓我們繼續洗澡。3，廁所的衛生紙供應很少，導致多人得互相借用。,2,1,-1,4434,,2018/05/27,0,負向
對方的態度很不友善，我應該考慮以後不再造訪。因為一個人的差勁態度可能會影響到許多人。,1,1,-1,4437,,2018/05/20,0,負向
照片和實際情況不太一樣啊，洗手台太少了，插座離得太遠，下雨時草地泥濘排水系統不好。,2,1,-1,4643,,2016/12/01,0,負向
收了錢之後，不能完全不負責任，晚上沒熱水洗澡並找不到負責人處理是很不妥當的，尤其在天氣寒冷的時候只有冷水可用，這種情況非常不推薦。,1,1,-1,4704,,2021/05/07,0,負向
在竹雞區訂了房，沒有風景可欣賞，最令人困擾的是，有許多人在抽菸，而在上方的營區，年輕人們大聲喧鬧一直到凌晨一點，完全無視其他人的存在，好像也沒有人管理。這真的是一個很糟糕的體驗。,2,1,-1,4908,,2021/05/08,0,負向
這個季節蒼蠅真的很多，下午遇到臨時停電，我又必須走很遠到冰箱，晚上又因中華電信基地台超載而無法聯繫。,1,1,-1,4946,,2019/05/08,0,負向
在昨天我們去了竹雞區露營，原本露營是一個很輕鬆愉快的活動，但那一天被一群年輕人搞砸了。他們從晚上開始喝酒、大聲喧嘩，一直吵到凌晨3到4點都沒有停過。我們的營地就好巧在他們對面，被吵得無法入眠，只能等他們安靜下來後才能勉強睡一會兒。我們當時有和營區管理人員反映情況，但只是打了個電話告訴他們晚上不要喧嘩，但不知道他們是否記得，依然非常吵。因此，我們對這個營區的體驗感到很差，不會再去了。,2,1,-1,4977,,2021/06/02,0,負向
營主的監管很嚴格且態度不佳，讓人覺得很受限制，我們來露營是為了放鬆，而不是為了受氣，因此我無法推薦這個地方。,1,1,-1,5224,,2024/03/08,0,負向
營主的服務真的很差，尤其對待小孩和老人的態度讓人很不舒服。球打到營主的車子後，他就大發雷霆。即使老太太嘗試溝通，營主也仍舊非常粗魯。在露營時想要放鬆，卻遇到另一位年輕的人來罵人亂丟垃圾，讓人感到極度不悅。這讓人感覺完全不受歡迎，尤其營主公開表示討厭寵物的言論更是令人不解。,1,1,-1,5225,,2024/03/08,0,負向
這位服務人員的態度很惱人，對話方式有如在吵架。,1,1,-1,5226,,2024/03/08,0,負向
這次參加的是露營活動，營區整個環境非常整潔，草坪也很舒適，廁所很乾淨並提供衛生紙。不過起初說天氣許可會開放泳池，結果因為前一天的溫差變大，天氣不適宜，泳池未開放。星期六氣溫卻相當高⋯，可惜這項設施沒能使用。離開的時間比預期要早，這讓人有點意外，因為通常都是下午2點前離開。對於以後的活動，我想我不太會再去那裡了，畢竟有很多其他的選擇⋯。此外，營區提供的腳踏車都很陳舊，而且車道狹窄，造成小孩們不時相撞受傷，非常危險。營位超過50，但只有一個公共衛浴，熱水供應時間截至晚上12點，造成媽媽帶小孩使用女生衛浴時常需要排隊洗澡。白天則是沒有熱水供應。如果習慣前一天整理裝備或者是輕裝備就很適合這個營區，但如果喜歡在營區吃午餐才離開，或者是早上10點才開始整理行李，還要等帳篷曬乾露水的人，應該要好好考慮囉！,2,1,-1,5235,,2023/11/08,0,負向
家裡常常停電，蚊子很多，廁所離得很遠。,1,1,-1,5236,,2023/06/08,0,負向
這個營地的設施真的很不方便，女生淋浴間只有5間，廁所還很遠；熱水供應只到12點，但同行友人11點多就只剩下冷水了；柴燒熱水器造成洗澡時溫度難以穩定，時冷時熱；女生吹風機只有一台；營地空間設置狹小，帳篷之間距離很近；雖然沒有規定不能打麻將，卻告知打麻將會影響小孩觀感；要求把帳篷拉起來；飲水機只有一台時常水量不足。總之，完全不推薦。,1,1,-1,5243,,2023/05/08,0,負向
衛浴的人很多要排隊，冰箱裡只有一台（應該是滿滿的），還要小心蚊子。,2,1,-1,5258,,2022/05/08,0,負向
1、燒木頭的熱水很難用來洗澡，溫度容易不一致。2、規定小朋友玩沙不能掉出來，並且派人監視。如果擔心被玩壞，就不要開放。3、下大雨時搭帳篷已經夠狼狽，還有更多規定，讓人感到困擾。4、分類規定要把裝備放入特定位置，也一直在趕，以及要保護草坪不被雨水或積水弄髒，所以不能使用過多。5、洗澡時有人提醒不能浪費水。6、必須把車停在停車場（可以接受）。7、即使天氣好也沒有放水到游泳池，寧願用來清洗草坪墊⋯感覺真的很糟糕，保持清潔當然是好事，但過度了，不如干脆不開放！,1,1,-1,5260,,2022/05/08,0,負向
1. 沒有提供廚餘桶的話，廚餘應該要丟到哪裡呢？2. 在下著大雨的情況下，營地沒有取消活動，整個場地都泥濘一片，導致營友的小孩子腳踩到泥濘，不得不洗腳，還被責備要把水龍頭開小一點，告訴孩子不要再踩到水和泥！否則又要重新清潔。3. 當有專人看管的沙坑裡，有不認識的孩子玩沙把沙撒到沙池邊緣（沒有撒到外面），馬上告訴小孩，喂，不要撒出來，到裡面遊玩，營友也提醒他，孩子應該怎麼玩，然後被管理人員責備說，那你就不要來這邊玩。3. 把腳踏車放在籃球場裡面，小小孩經過時可能會被大孩子打到籃球，十分危險。4. 雖然提供了老舊的腳踏車供使用，但沒有專用的腳踏車道，需要與汽車道共用，非常危險。5. 有人把護草墊放進泳池裡面清洗。6. 浴室的水壓非常不穩定，廁所和浴室只有一個區域，十分不方便，而且位置也很遠。總的來說，這是我遇到的第一個如此嚴苛的營地主人，對於想體驗的人可以去試試看！但對於不喜歡這樣的營地的朋友，最好不要嘗試！,2,1,-1,5261,,2022/05/08,0,負向
今晚的露營真的很糟糕，溫度只有12度，還沒電了，暖爐和電熱毯都沒辦法使用，我覺得今晚可能會被凍死。,1,1,-1,5267,,2022/05/08,0,負向
全營區共有兩百餘人需在晚上十二點前洗澡，若未洗完即關水實在有些過分。此外，僅有一台飲水機，使用大桶裝水也可能造成缺水困擾。如果我拿入十個人的份量，難道和十人自行取水沒有差別嗎？當只有一台飲水機供應如此眾多人數，不禁令人懷疑管理單位是否有考慮到足夠的設備。至於沙坑晚上不開放以及營位擠迫的問題，前者用意難測，而後者似乎不太理想。,1,1,-1,5278,,2021/05/08,0,負向
民宿的設計希望能改善，因為鐵皮屋前的空地吸引了小孩們前來玩耍，造成住宿客人無法安靜休息，建議調整改善這個情況。,1,1,-1,5289,,2021/05/08,0,負向
很久沒有露營洗澡到快發瘋了，只好庆幸不是寒流來襲的時候在這個營區。小黑蚊個人覺得還可以接受，但這熱水真的讓人難以忍受。,2,1,-1,5300,,2020/05/08,0,負向
真的建議改善營區的草皮整理跟排水系統，雨天露營時水患嚴重，無法好好露營。給一星是因營主親切，廁所乾淨，視野也很棒，但水患真的需要改善。,2,1,-1,5436,,2023/11/08,0,負向
這次露營營地環境有些糟糕，草地長、地面不平且有很多蚊子，小動物也很多，甚至還看到蟑螂。不過唯一優點可能是廁所和衛浴間比較乾淨。,2,1,-1,5438,,2023/08/08,0,負向
這個營地的環境設施真的很糟糕，長草高到割人都還算正常，但如果出現飛來飛去的大強和小強就有點可怕了。遇到下午雷陣雨時，營地最低處都會淹水，這種情況真的讓人無法接受。而關於他們的排水設施，他們說沒有排水，土地會吸水，但又說排水管線裡有螞蟻築巢所以塞住，只好請人來處理。更糟糕的是，飲水機壞了卻沒提前通知，只好去雜貨店買水，這種狀況讓人感到非常糟糕。此外，冰箱離營地很遠，地勢不平導致護草墊全被壓爛，收費還要1200元一天，真的讓人難以認同。唯一的優點是工作人員很友善，廁所雖然容易被草堵塞，但還算乾淨。總之，這是一次被扒兩層皮的露營體驗。,1,1,-1,5439,,2023/07/08,0,負向
這裡唯一的優點是廁所乾淨，但草地不平，坑坑巴巴，睡覺睡到腰痠背痛，而且營區看不到風景有點可惜。,2,1,-1,5448,,2023/05/08,0,負向
需要至少一顆星才能發布評論，但其實我想選擇不給任何星，因為收場地費，起碼希望水槽是乾淨的，不然需要自己清洗。插座也應該要運作正常。修繕需要2至3個月，這個問題應該是管理團隊需要克服的挑戰。其實營區不一定要很高檔，但這樣的回答有點讓人難以接受。如果草地需要照顧，建議休園修護，草地太泥濘，也有很多地方破損。停車問題也很糟糕，這需要在營運時考量。,1,1,-1,5453,,2023/05/08,0,負向
露營原本應該是一個愉快的經驗，但營區沒有停車位讓我的車受損，水槽的水管也脫落了，讓我真的不想再來了。,1,1,-1,5454,,2023/05/08,0,負向
營區竟然沒停車位，要我們自己找，水槽水管漏水，向營主反應後，卻要我們與他人共用。在這麼多露營區的情況下，這真的令我感到非常困惑！,1,1,-1,5455,,2023/05/08,0,負向
這裡的設施非常有限，停車位不足，水槽損壞需要與他人共用，電插座只有一邊可以使用。總體而言，提供的設施品質並不理想。,1,1,-1,5456,,2023/05/08,0,負向
廁所沒有打掃過，還有虎頭蜂沒處理，蚊蟲很多，游泳池沒水，早上十點半就要收帳了，還一直被催，整體感受非常糟糕。,1,1,-1,5458,,2023/05/08,0,負向
希望草皮不要太長，因為只有一個工作人員，雖然有點可憐，但我們去露營就是希望能開心度假，這樣的服務，隨便了。,1,1,-1,5461,,2023/05/08,0,負向
整體感受不太理想，廁所的氣味很濃烈，淋浴間沒有清潔過，冰箱竟然是在客人到達後才打開，兒童戲水池已經髒到看不清底部，還有很多小黑蚊⋯,1,1,-1,5462,,2023/05/08,0,負向
廁所沒有被清潔、草地長得像小樹、冰箱長霉又沒有整理、溪水池看起來像生態池，整體狀況非常糟糕。,1,1,-1,5463,,2023/05/08,0,負向
從周六中午到周日快中午的這段時間內，廁所一直沒有進行清潔打掃，也沒有補充衛生紙。,1,1,-1,5464,,2023/05/08,0,負向
帳篷之間距離太近，晚上被鄰居的吵雜聲影響無法好好休息。只給一顆星是因為環境整潔，而且營主很親切。可能不會再考慮再來這裡。,1,1,-1,5471,,2022/05/08,0,負向
營地的植被稀少，排水不良導致土壤鬆軟，營釘被大風吹走，沒有棧板，地面泥濘，整體情況相當狼狽，只能用＂慘＂來形容。唯一的亮點是服務態度良好，給予一顆星是鼓勵打赤膊的帥哥。,1,1,-1,5472,,2022/05/08,0,負向
營地管理者對於吵鬧的客人置之不理，從中午開始一直持續到凌晨四點！無法管理酒醉的客人，而且在半夜12點後還沒有出來制止，嚴重影響其他客人的休息。即使營區規定禁止卡拉OK，卻讓這些客人一直唱歌，引來警察前來勸導，但還是繼續吵鬧。這個營地不值得推薦。,1,1,-1,5476,,2022/05/08,0,負向
營區風景不錯，營區主人很熱心，但環境清潔仍需加強，尤其是洗水槽和冰箱。這次我們住在貨櫃露營屋，一進去發現室內拖鞋都濕了。詢問打掃阿姨後她提到有用酒精消毒水，但可能噴得太濕了。更讓我們困惑的是浴室停水問題，有時甚至停水2-3分鐘之久。這種情況下，小孩和大人都在洗澡時被迫中斷，真的非常尷尬，尤其這樣的天氣被停水感到特別不便。,2,1,-1,5482,,2022/05/08,0,負向
這個房間和網路上的評價不太一樣，當收東西滿了以後，小朋友幾乎沒有地方可以活動，但其他共用設施還可以。,2,1,-1,5491,,2021/05/08,0,負向
帳與帳之間的距離太近，容易受到影響。洗水槽太矮，只到身高170的膝蓋，洗碗時需要張開大腿才能達到。B區和C區共用衛浴，人多時衛生間變得非常骯髒，且清潔不及時，需要特別通知才會處理。深夜沒有管理其他露營者的噪音量，隔壁帳篷連續2天大聲唱歌聊天到清晨五、六點，多次向管理者反映但未見改善。整晚都聊天唱歌，從晚上12點到早晨6點不停，未限制其他客人行為，影響整體品質，感受極為糟糕，不打算再前往。,1,1,-1,5497,,2021/05/08,0,負向
飲水機離冰箱太遠，營位靠得太近，很吵雜，停車位離太遠不方便。,2,1,-1,5498,,2021/05/08,0,負向
環境設備很棒！但可惜的是...管理不夠嚴格！容忍其他客人...造成吵鬧直到凌晨！影響他人休息時間..,1,1,-1,5515,,2020/05/08,0,負向
在這個營區，硬體設備很好，廁所衛浴也很乾淨。唯一不盡人意的是那三隻大狗，從晚餐到半夜繞著帳篷打轉，影響了我們的活動和睡眠品質。雖然我不討厭狗狗，但它們在我們吃飯時的行為讓我們感到困擾。除了這個問題外，這裡的一切都相當不錯。,2,1,-1,5520,,2020/05/08,0,負向
環境雖然好，但小黑蚊很多，野狗半夜會翻垃圾筒，一直在帳篷外走來走去，讓人睡不好。,2,1,-1,5521,,2020/05/08,0,負向
這個地方很吵，因為羅馬公路就在附近，晚上要麼是重機聲，要麼是超跑聲，真是熱鬧啊！還有營地的管理超嚴格，不讓客人踩草皮，難道是要他們飛起來嗎？而且一帳要價1200元，沒有景觀也沒有高海拔好空氣，這價格有點貴了。加一顆星是因為附近有許多螢火蟲，可以讓你放鬆，這是我唯一欣賞的地方。,2,1,-1,5534,,2019/05/08,0,負向
各區間距離太接近，營位擁擠，晚上鄰居聊到1.2點很吵。,2,1,-1,5538,,2018/05/08,0,負向
兔子最適合居住在室內環境，並且飲食需要注意。作為動物營利業者，我希望您能夠充分了解兔子的需求。建議兔子的主食是無限量的提摩西草和煮過的飲用水，搭配適量的飼料。兔子最適合生活在溫度介於17-25度的環境中，同時要避免潮濕和淋雨，以防止出現黴菌和皮膚疾病。在高溫下也要避免中暑的發生。我曾經養過一隻兔子，在夏天室內沒有冷氣的情況下，兔子的肝功能曾經出現問題。我希望您也能像我一樣重視兔子的生活環境，讓牠們遠離高溫的危險，同時打造友善的環境，讓大家都能和諧共處。,1,1,-1,5737,,2022/05/08,0,負向
風景很美，但環境和服務人員的素質還有待改善。,1,1,-1,5799,,2019/05/08,0,負向
這家五星級飯店有很多蚊子和蒼蠅，不論是早上或下午，管理員還告訴我們可以買蒼蠅貼片來解決。,1,1,-1,5807,,2019/05/08,0,負向
這段句子的意思是「這個營主會讓小鳥自由飛翔，請不要走在雷區」。,1,1,-1,5813,,2019/05/08,0,負向
設施價格較為平實，景觀普遍。,2,1,-1,6069,,2023/12/08,0,負向
一開始說可以搭帳，大熱天搭好帳了又說這裡不能搭，要停車。又要再移一次，真的很令人失望，路不好走，車底盤還敲到了。,1,1,-1,6073,,2023/07/08,0,負向
洗澡時水溫難以調節，而且缺少飲水機。,2,1,-1,6076,,2023/05/08,0,負向
菠蘿蜜區洗完頭後熱水突然用完了！這個區域只有2間廁所和浴室供其他區共用（其中包括蹲廁與浴室在同一間）。營區內不允許開車，所有設備都是由營區管理人員用牛車運載。,2,1,-1,6079,,2023/05/08,0,負向
房間整理狀況很差，有跳蚤並引起皮膚癢癢。我們忘記帶食材，傍晚時想打電話詢問，結果被誤會不需要，工讀生收拾房間時也將食材帶走了。下次要確認是否有遺漏，處理方式令人無法接受，有待改進。但也無法怪他人，這種狀況是因為自己疏忽而造成的。,2,1,-1,6090,,2023/05/08,0,負向
環境不錯，營區主人很熱情。我們租了一個能住五帳篷的區域，但只有一間浴室可以洗澡。每次洗澡都要排很久。考慮到我們這次只有8個人，如果是正常10到15個人的五帳篷區，要洗到什麼時候呢？,2,1,-1,6099,,2022/05/08,0,負向
經歷過一番，原本期待高漲的露營之旅，最後卻扣分滿滿。首先，在付了訂金後詢問問題，卻收不到回應；其次，入住當晚便被要求繳交尾款，卻不見老闆老闆娘，感受不到親切；再來，兩間盥洗室供至少16人使用，但管理者只在收款時現身，衛生紙是否充足成疑；此外，除非想在晚上6點或11點洗澡，否則排隊等候是必然，廁所用品也是不足；流理台和盥洗室更沒有肥皂或洗碗精以及沐浴用品。綜合11人共同感想，這次露營經歷並不理想。,1,1,-1,6137,,2019/05/08,0,負向
有沒有人這樣做生意？為了要接受突然的包場要求，竟要求已經預訂的客人取消訂位，還要求我修改其他日期？我真的輸給你了，業主！「人無信不立，業無信不興」，古人有明訓！,1,1,-1,6320,,2023/06/09,0,負向
所有鄰居都很安靜，只有在週日早上，我的營主朋友來訪時，在外面聊天，從早上六點開始一直聊到近八點。這樣讓人有點難以入眠，要做生意的人需要注意這一點，其他方面都還算不錯。,1,1,-1,6328,,2023/05/09,0,負向
這個露營區不是由原住民經營，經過確認訂單後遭到管理人員更改，多收了金額。環境也不夠令人放鬆，總是感到被營地主人監視。也許應該考慮關閉這樣的露營區，還給原住民。,1,1,-1,6580,,2023/09/09,0,負向
不建議在這個營區帶小孩，因為即使冬天我們未使用高功率電器，仍然會經常跳電，營主也常生氣說髒話，且有煙味（營主抽菸）。這個營區只有一個優點，就是廁所很乾淨。,1,1,-1,6593,,2023/05/09,0,負向
這個營區不適合冬天前來，因為無法使用低功率的電暖器，會造成跳電的情況。營主會嚴厲指責那些抱怨寒冷的人，並且工作人員可能會責罵你。,1,1,-1,6594,,2023/05/09,0,負向
營地廁所的清潔程度很出色！來山上露營可以讓人放鬆心情並吸收新鮮空氣，但是營地主人經常在帳篷旁抽菸，如果計畫帶孩子來露營的話可能會擔心他們暴露在二手菸或三手煙中。不推薦這裡！一顆星的好評是給營地主人提醒有關二手菸的環境問題。,1,1,-1,6597,,2023/05/09,0,負向
營區整潔，可以洗澡，但電力供應不穩定，電力缺乏時請提前通知，不要責怪其他露友。請定期檢查電力設備，凌晨電力會中斷，沒有廁所裡有燈。營區可以不受限制地卡拉OK，營主也會唱卡拉OK。護草墊使用方法已標示清楚，不需要再強調露友坐在上面要用椅子。,1,1,-1,6614,,2022/05/09,0,負向
露營區和浴室的環境不錯，但除了營主本人之外，其他女性工作人員的態度很差。他們不友善，對待營友的問題非常不耐煩，並且回答時帶有不屑的口氣。這樣的待遇讓我決定不會再來這裡了。,1,1,-1,6617,,2022/05/09,0,負向
環境整潔，熱水供應只到晚上十點，附近洗手台的燈也只開到十點，營地主人夫妻似乎缺乏熱情...,2,1,-1,6625,,2022/05/09,0,負向
(11/7入住) 依據網友好評，帶著老婆和小孩來到馬胎227人生第一次露營。我們選擇了廣場區，一到這裡感受到整體環境的寧靜乾淨。晚餐後，小孩跟隔壁營區的家長一起玩夜間探險，可惜下雨，不過也體驗到了露營的樂趣。夜晚來臨後，一群客人持續喧鬧到深夜，睡覺的時間變得很吵。營主未制止，為了安全考量我們也沒有提出反應，直到友人在3點半出面才有改善。這一晚因為沒休息好，心情受影響，一早便忙著整理行李準備離開。營主過來幫忙移車時，提到昨晚客人的吵雜，營主則說是熟客，雖然表示有聽到吵雜聲，但對於此情況營主只是笑笑回應客人可能喝了酒。營區在預訂網站上有5星評價，但營主顯得偏向照顧熟客。,2,1,-1,6640,,2021/05/09,0,負向
營區收容人數超過限制，帳目關連，活動空間極少，酒客眾多且喧囂，不太適合親子活動。,1,1,-1,6655,,2021/05/09,0,負向
太多人了，擁擠得無法忍受，毫無言語。,1,1,-1,6659,,2021/05/09,0,負向
只有中華電信有訊號，其他家都沒有訊號，不過營地有WiFi。需要特別注意去馬胎227營地的路況，因為路途曲折視野不佳，有些危險。在營地附近的道路正在整修，路面坑坑洼洼，有很多石頭，可能會擦傷底盤。開休旅車應該沒問題，但一般轎車要小心。這次我們住在營主家前的狹小區域，有5個帳篷相鄰，孩子沒有太多活動空間，感覺營主有點搶收費。營地有蟑螂和很多蒼蠅，可能因海拔750公尺，沒有小黑蚊。附近約1分鐘路程就有乾淨的廁所和小溪，可以抓溪蝦。營主養的雞自由奔跑，凌晨三點開始啼叫，擾亂睡眠，早上還會來營地覓食玩耍。如果以上問題你可以接受的話，可以考慮一試，但我是不會再去了。,2,1,-1,6660,,2021/05/09,0,負向
要到達目的地的路程大約一公里，路況真的很糟糕。路面顛簸多次，營地也很小，甚至沒有一塊小朋友可以奔跑的草地。抵達營地後，要下去營地的地方非常顛簸，無法駕車前進，只好停在別的地方步行前往營地。,1,1,-1,6661,,2021/05/09,0,負向
營地已經擁擠了，還接待了太多客人，老闆養的雞整晚吵叫，根本無法入眠。,1,1,-1,6664,,2020/05/09,0,負向
這個營區規模不大，沒有太多景觀可欣賞，但有流水和兒童滑梯，滑梯設施相當完善。然而沒有沙坑，廁所和浴室都保持著乾淨，地面總是潮濕。營區內有很多間數，綜合考量後覺得只有B區比較適合搭建帳篷。營地飼養了一些雞，牠們自由地在營區裡走動並不時發出咕咕叫聲，有些吵雜。但相較之下，這些雞比起被關在籠子裡的狗來說要幸福。清早時分總是雞叫狗嗚聲不絕於耳……不過，大自然仍然充滿了蟲鳴鳥語的美好聲音。總的來說，這裡並不是一個很理想的選擇！,2,1,-1,6668,,2020/05/09,0,負向
營區可能會多收費用，營位空間有點狹小，停車場也不夠大！,1,1,-1,6676,,2019/05/09,0,負向
這家主人及其家人的態度都很差，還讓自家的狗隨地大小便。,2,1,-1,6693,,2023/03/07,0,負向
沒有使用高功率的電器，卻持續跳電，並且勸說不要在寒冷的天氣露營，還言語粗魯，有點過分。看來使用了第六代功率為380W的黑設備。,2,1,-1,6697,,2022/12/13,0,負向
B2區蟑螂的數量相當多，有時還會聞到狗屎的味道。,2,1,-1,6728,,2020/08/21,0,負向
營地內的衛生環境疏於管理，廁所不清潔，垃圾不清理，洗澡瓦斯不足。晚上需排隊等候熱水，營位擁擠且隔壁喧囂。無法好好休息，且等待營主處理問題時間長。客觀來說，這種狀況令人失望，但若再找尋其他景觀更佳的選擇可能會更滿意。,1,1,-1,6753,,2024/04/11,0,負向
這個地方真的很狹小擠迫。每天半夜都會有野狗來報到並且咬食物。另外，垃圾桶不是獨立的，而是需要與其他住戶共用。,1,1,-1,6756,,2024/04/09,0,負向
這個住宿房間隔音效果不好，廁所設施也不便利，還有露營區的廁所髒亂沒有清潔。,1,1,-1,6758,,2024/04/09,0,負向
"這段句子的意思是：

這是我第一次來，晚上營地管理人員也沒來巡邏，所以我打電話給管理人員。現在已經過了11點多，然而仍然有一群人在帳篷裡大聲喝酒聚會。管理人員過來後還是很嘈雜。",1,1,-1,6766,,2024/03/09,0,負向
建議：我認為在ABC三區的營地應該考慮減少露營區域或者將區域劃分開，避免露營區之間太過擁擠，增加露營的舒適度。另外，目前資料顯示苗栗和新竹的露營區提供更好的露營品質，值得考慮前往。希望營地管理者能重視單飛露營者的需求，而不只著眼於營運利潤。,2,1,-1,6771,,2024/01/09,0,負向
當我們一開始在線上訂位置時，前排夜景區仍有空位，我們也已經提前支付訂位費。當我們當天夜衝到達時，卻被分配到中間草皮區。我們向老闆詢問我們不是訂了前排的位置嗎？老闆回答說，前排位置是要留給當天夜衝的人。我們接著問老闆，難道我們現在不就是夜衝嗎？老闆只是說沒有辦法⋯⋯後來才發現，原來是老闆把位置給了後來訂位的6組客人⋯⋯感覺有點被愚弄，讓人感到極度失望。,1,1,-1,6773,,2024/01/09,0,負向
"1.在12月1日到12月2日的半夜1點多，B區有幾位露營的成年人講話聲音很大，小孩們也一直在嬉鬧。  
2.每個帳篷之間的距離很近，營繩險些就要相互碰撞了。  
3.垃圾桶的數量太少，被擺放在營位前面，建議將它們擺放在營位後方或是區域入口處，這樣才不會有人一直走來走去。  
4.露營的同伴素質很重要，希望大家不要在別人的帳篷前來回走動看人家的裝備，這樣很不禮貌，如果需要走過去請繞到帳篷後方。  
5.請安排專門的吸煙區，因為在下風處可以聞到煙味，地上還有煙蒂，這樣的露營地不值得推薦，我們不會再去的。",1,1,-1,6776,,2023/12/09,0,負向
我剛剛從騰雲露營區回來，露營的體驗讓我感到十分失望。浴室設備不佳（最後一間沒熱水），飲水機灰塵很厚，冰箱太小且沒有區分計畫，草地上有很多蜈蚣。營區環境設計奇怪，沒有適合小孩活動的空間，營位間隔太近（像是夜市攤位）。晚上很晚了，隔壁營位吵鬧，無人管理。還有帶狗的露友沒有控制好，經常跑到其他帳篷，對有小孩的露友造成困擾。我看完評論後才去的，真的不推薦這個露營區。,1,1,-1,6786,,2023/11/09,0,負向
有流浪狗，還咬走了一半的雞。流浪狗很多，甚至有戴著項圈的狗。洗澡水溫忽冷忽熱，弄傷了皮膚。還碰上沒有禮貌的女露客，在浴室隨地大小便並把衛生紙丟在地上。,1,1,-1,6797,,2023/08/09,0,負向
大概是這樣：我打了二三十通電話都沒人接，沒有熱水，我在裡面等了二十幾分鐘，水也時冷時熱，這種露營區不給六顆星不行，這一顆星是多餘的。,1,1,-1,6802,,2023/05/09,0,負向
我第一次去露營，發現這個營區的廁所清潔頻率很低，即使打電話反映後仍未有改善。另外，熱水時冷時熱，睡得時大時小，清晨寒風痛苦不堪。,1,1,-1,6817,,2023/05/09,0,負向
廁所非常少又很骯髒，熱水時大時小。打電話向管理者反映廁所的髒亂情況，但營主並未處理。,1,1,-1,6818,,2023/05/09,0,負向
這個露營營區雖然靠近野營體驗，但收費卻很高；上山路況狹窄不易通車，到了營區還沒有帶位服務，讓露營者自己找位置；海拔超過1000m，車輛多，難以掉頭；遇到從未有過的雷雨，半夜電箱爆裂跳電，戶外只有8度；中華遠傳訊號弱，Wi-Fi需停電時無法使用，戒網路；洗碗槽水壓低，提倡無水洗碗；小孩洗澡水壺缺水；聽說抽水馬達燃燒，馬桶壞了需自行舀水；廁所骯髒，有便便未沖走；營區晚上無管制，適合夜貓族；管理不善，超出承載量，經驗極糟。,1,1,-1,6822,,2023/05/09,0,負向
直接掛電話是一種粗魯不禮貌的行為，我建議您可以禮貌地向營主提出廁所沒有衛生紙的問題，請求他們協助解決。這樣可以讓問題得到更好地解決，也可以避免引起誤解或不必要的衝突。,1,1,-1,6825,,2023/05/09,0,負向
聖誕夜停電後，營區主人處理情況比較慢，甚至警告要節約用電，否則會全區停電。朋友前來幫忙修理水電時，主人沒有再另外收取費用。營區用電量超支，原先也應該更加節約。廁所清潔頻率也應該降低。主人正在考慮擴建新的營位，對此感到擔憂。,1,1,-1,6832,,2023/05/09,0,負向
上方特區的營主需要改善兩個主要問題：一是在包場期間開放其他露客進行夜衝，導致帳位安排困難；二是沒有管理其他露客在中午12點之前離開，造成混亂。此外，靠近浴廁的兩個營位太小，無法搭建兩張帳篷，但照片卻仍舊，容易造成誤解。營主應該重視信譽與品質，並長久經營，不應該短視獲利。,1,1,-1,6833,,2023/05/09,0,負向
最令人無法容忍的是夜間攻擊沒有固定時間，甚至在晚上11點或12點仍然有車輛前來，車燈和露營者的嘈雜聲一直持續到深夜。早上整理露營地時發現營位上滿是蜈蚣，幸好有使用護草墊，但仍有蜈蚣滑進帳篷裡，數量比螞蟻還要多。露營地的視野很好，傍晚可以看到美麗的夕陽，晚上則能觀賞星空，清晨濃霧繚繞，彷彿置身仙境。然而，廁所和浴室的數量有些不足，設有冰箱和飲水機。還好我們是在連假前一天到達，半夜被吵醒後，第二天一大早就離開了，不想待在擁擠而無法放鬆的露營地裡。,2,1,-1,6842,,2023/05/09,0,負向
到營地的時候，營主告訴我們冰箱剛開，但已經冷凍了快一小時，溫度還是27度，真是怎麼回事？連我的家裡冷氣都比這還要涼爽。冰塊都直接融化了。晚上要洗澡的時候，朋友們剛進浴室就發現沒熱水。後來修好之後我們進去洗，只有一開始的前兩分鐘水是熱的，後面全程都是冷水。所以我們很辛苦地花了半小時忍受冰冷的水洗完澡。雖然營地風景很美，但設施真的需要加強。,1,1,-1,6849,,2023/05/09,0,負向
建議下次再來這裡露營，每次都能享受天堂般的美景喔！,1,1,-1,6856,,2023/05/09,0,負向
景色還算不錯，不過和許多人所說的一樣神乎其神的wifi連線順暢。浴室設施還可以，但熱水穩定性稍嫌不足是最大的缺點。地方有點擁擠，對露營愛好者而言停車場不夠用，考慮前往的人最好自行評估情況。最後，別全信網路上各種好評的誇大宣傳。,2,1,-1,6859,,2023/05/09,0,負向
非常的失望，B區就好像是在停車場露營一樣，根本看不到任何景色。,1,1,-1,6860,,2022/05/09,0,負向
環境整潔需要更加重視，帳篷數量過多，整體品質很差。,1,1,-1,6864,,2022/05/09,0,負向
"1. 冰箱只能冷藏，溫度不夠低，有濃重異味，看起來需要清理了一陣子！沒有凍藏功能，食材都幾乎是室溫！
2. 各大電信訊號不佳，雖然有提供WiFi，但訊號不太穩定。
3. 視野中只能看到大景和帳篷，不想要看到一整排車子！停車場位還有很多，但A區車子排滿一整排，如果沒有訂到觀景那排，B區就是對著別人車露營，網站描述與實際情況不符，向營主投訴也被告知原本如此規劃...
4. 浴廁前有一大片蜘蛛網和蟲，變成孩子們觀察生態的地方，浴廁雖然寬敞，但從到達到離開時垃圾桶都是滿的...需要加強清潔！
5. 特地到觀景區，白天和夜晚景色真的非常美麗！",1,1,-1,6868,,2022/05/09,0,負向
營地負責人表示只有A區（景觀區）的車輛可以停放得像在停車場一樣整齊。對於其他區域來說，車子排成一整排就像在停車場露營是很正常的。因此建議如果預訂不到A區，建議可以考慮在附近的停車場進行野營。,1,1,-1,6869,,2022/05/09,0,負向
B區停車位安排不周，讓露營區變得擁擠。雖然有告示牌指示停車在外面，但A區的人被允許停在旁邊，與宣傳照片不符。付了1000元卻感覺被欺騙，希望營區管理者能提供清楚說明，避免造成困擾。眺望出去只看到別人的車輛，對這種消極態度感到失望。,1,1,-1,6870,,2022/05/09,0,負向
唱卡拉ok的人到處都是，而且聲音開得很大，卻沒有人管理，這樣浪費了美麗的景觀，讓人感到失望。,2,1,-1,6882,,2022/05/09,0,負向
有很多螞蟻，到處都是螞蟻，住2晚太可怕了。,2,1,-1,6907,,2022/05/09,0,負向
特區的營位收費是1200元一晚，營位卻帳帳相連，營主似乎沒有考慮到帳篷要拉營繩的問題，營位的設計也很小。可以通過照片中的保特瓶比例來做比較。,1,1,-1,6953,,2021/05/09,0,負向
營區超出容量，每個營位都不夠五乘八，被安排在左邊第一個紅圈處，夾在兩棵樹中間。此外還額外收了三個人，下次不會再來了。,2,1,-1,6957,,2021/05/09,0,負向
夜晚的景色確實美不勝收，令人感到心曠神怡，不過浴室設施似乎有些問題，熱水或燙或冷，並且營地的排水狀況也不甚理想，期盼能夠有所改善。,2,1,-1,6964,,2021/05/09,0,負向
這個地方有一些優點，如雲海景觀美麗，夜景和夕陽迷人，草地平坦。不過也有些缺點，例如建議減少一些帳篷營位，活動空間過小，浴室廁所不足並且沒有明確標示，水壓和水溫問題嚴重，停車空間不足且規劃混亂，網路訊號只有中華電信較佳，其他電信訊號都較差，WIFI信號不穩定。,2,1,-1,6966,,2020/05/09,0,負向
營地老闆可能會在深夜要求客人結帳，并可能不再營業。,1,1,-1,7009,,2019/05/09,0,負向
優點：D區場地很大且擁有樹蔭，這樣不僅不用架設天幕避免曬到太陽，而且相當便利。缺點：環境整理有待加強，水槽非常骯髒，廁所裡面有許多蜘蛛網，看起來很久沒有清潔。營位與廁所門口的洗手槽有大量的蟑螂，而且是那種很大隻且會飛的品種。環境衛生的情況確實需要改善。,2,1,-1,1,,2024/05/06,0,負向
廁所的清潔待改進，需定時打掃以避免異味。風筒的品質需要提升，建議使用較耐用的飯店款式，避免過熱斷電情形發生。浴室的熱水設備需要檢修，確保用水過程中不會中斷或遇到熱水不熱的問題。冰箱空間不足，考慮增加容量以滿足需求。洗手台傾斜無法使用，需要維修以便正常使用。,2,1,-1,16,,2023/12/06,0,負向
這個營地的衛生狀況很糟糕，營主沒有改善環境。在雙十連假期間，只看到一個阿伯在打掃，顯然是缺乏人力。冰箱也很骯髒，讓人沒有再次造訪的意願。,2,1,-1,21,,2023/11/06,0,負向
環境還算可以，但人員的態度需要改善一下。嘗試回答問題時，有些人可能會感到不太耐煩。如果不是為了小朋友，我可能會當場表達不悅情緒。,1,1,-1,22,,2023/11/06,0,負向
營地的營位非常昏暗，中午抵達時就發現廁所非常髒亂，直到晚上十點還未有改善！垃圾桶滿溢、衛生紙到處散落，馬桶髒不堪入目，每間廁所幾乎都讓人感到可怕…,1,1,-1,36,,2023/05/06,0,負向
水壓不穩，忽冷忽熱，流理台嚴重不足，四、五個帳篷共用一個，還有野貓野狗，以及喝醉後無法控制音量和行為的人就不應該去露營。在夏天的晚上，整個山頭都聽得到你在大聲抱怨！,2,1,-1,38,,2023/05/06,0,負向
營區原本規定22:00後要降低音量的，為什麼還有一些團體在半夜兩點還在大聲彈吉他喧嘩，而沒有受到任何監管呢？難道不應該讓人好好休息嗎？,1,1,-1,45,,2023/05/06,0,負向
廁所有點臭，好像已經很久沒有清潔了，還沒有補充衛生紙，雖然環境很美，但是帳篷和車子都擺滿了。,2,1,-1,46,,2023/05/06,0,負向
這個地方雖然很寬敞，但F區真的不太好。為什麼要把高壓機安排在旁邊，還要讓人搭帳篷呢？這裡24小時一直有聲音，就算停止了也很快就又開始叫，讓人根本無法好好入眠啊~~~~,1,1,-1,50,,2023/05/06,0,負向
營區的風景美麗，地方寬廣，但由於造訪人數眾多，導致廁所不足且髒亂。希望能增加清潔頻率並補充衛生紙。浴室方面也出現問題，其中一間沒有熱水，水溫和水壓也不穩定，且排水系統不良，容易積水。更嚴重的是，在當地直接焚燒垃圾，這樣合乎規定嗎？,1,1,-1,68,,2023/05/06,0,負向
服務經歷記錄：客戶經歷不佳，因瓦斯熱水供應問題造成洗澡困難，並有溝通上的不便引起不滿。,1,1,-1,96,,2022/05/06,0,負向
廁所太多，衛生環境很糟糕，連續兩天都沒有熱水，無論是早洗還是晚洗都沒有熱水，我非常不推薦這個地方。,2,1,-1,106,,2022/05/06,0,負向
這段露營經驗真的很辛苦呢！整個活動都充滿了挑戰，從走路到上廁所都要小心，還有雷雨不斷造成的困擾，真是難以忘懷的露營經歷啊！,1,1,-1,108,,2022/05/06,0,負向
廁所跟浴室共用一個空間，洗澡時可能會聞到馬桶的味道，洗手槽也很不方便。,2,1,-1,112,,2022/05/06,0,負向
房間雖然有點不太乾淨，但春節期間的價格很划算。,2,1,-1,114,,2022/05/06,0,負向
這個營地的環境真的很糟糕，第一天沒有熱水洗澡，第二天還整個斷電，但營地主人卻賺了不少錢。,1,1,-1,118,,2022/05/06,0,負向
營區環境真優美，有溪水和螢火蟲，但聽說一年前有人反映浴室的水溫不穩定，今天一直是冷水沒有熱水，實在令人失望。,2,1,-1,148,,2021/05/06,0,負向
雖然營區地點雖然很大，但規劃太過緊密，導致活動空間有限，活動區域也缺乏樹蔭，容易過熱。人多時衛浴設施明顯不足，需要排隊洗澡。雖然可以看到螢火蟲，享受溪水玩耍，但更好的露營地點還有更多。,2,1,-1,149,,2021/05/06,0,負向
建議營地管理者規定晚上十點後需保持安靜，因為有遇到隔壁房客在半夜十二點還大聲聊天的情況。雖然有向他們反映後有稍微變小聲，但不久之後又變得很吵。其中一人一直在吹噓自己的業績成長多少倍，要求其他人也要學習，讓整個環境變得很吵。,1,1,-1,176,,2021/05/06,0,負向
浴室的數量不夠，洗澡時水溫難以調節，排水不順暢，地面上有太多碎石，並且洗碗槽太少。,1,1,-1,190,,2020/05/06,0,負向
這個營地設施狀況很差，廁所非常髒亂，只有一間衛浴有熱水，但收費卻高達1200元。,1,1,-1,204,,2020/05/06,0,負向
這個露營區狀況真的很糟糕，沒有熱水可洗澡，廁所骯髒不堪，沒有適合小朋友的遊樂設施，還要收取1200元，價值真的不高。完全可以理解你一輩子都不想再去那個地方露營了，太讓人失望了。,1,1,-1,205,,2020/05/06,0,負向
排水情況很糟糕，下雨過後草地變得泥濘不堪。,2,1,-1,207,,2019/05/06,0,負向
熱水的穩定性不好，我不建議使用。,1,1,-1,209,,2019/05/06,0,負向
根據規定，在營區內是不允許唱卡拉ok或使用高分貝音響的，然而我們碰巧遇到了這種情況。一些人唱歌唱到了晚上11點，其他區也隨之放歌，而營區外還有施放臭肥，散發出難聞的氣味，導致蒼蠅成群。晚上有桂圓銀耳甜湯作為福利，但我們還是要求主辦方後續制止這些行為，以免損害營地聲譽。,2,1,-1,279,,2024/04/06,0,負向
1. 營主在這樣炎熱的天氣下表現得非常熱心，特別送來讓人心裡涼快的點心。2. 營主展現了專業素養，向我們宣稱排數與黑蚊有關，然而前三名的排數分別是34、33、19，讓我很好奇在老闆看來什麼樣的數字才算多。3. 廁所十分整潔寬敞，共有四間，但需要注意避免小型昆蟲或寵物進入。4. 熱愛釣魚的朋友要小心，釣到魚要好好放置，因為老闆會透過監視器監控，查看你是否藏起了他的魚。若需要召喚老闆，其實只要在監視器前揮手，他就會前來服務。感謝這個獨特的露營區，讓我刷新了受小黑蚊叮咬的記錄。,1,1,-1,334,,2023/05/06,0,負向
明知螞蟻繁殖期數量眾多，卻未提醒，導致露營體驗受到影響。,1,1,-1,373,,2021/05/06,0,負向
這個營區不太理想，夏天很悶熱，最好不要再去；下午時常會有雷陣雨，可能會暴露糟糕的排水系統；而路面泥濘不堪，影響了露營的愉快心情，確實需要改善。,1,1,-1,375,,2021/05/06,0,負向
草地營地如果設在排水溝旁就不太理想，下大雨時容易受影響。營地管理者應該仔細考慮是否將營地設立在更適合的地方。,2,1,-1,376,,2021/05/06,0,負向
露營60天，第一次碰到如此特殊的營地，雨篷就像是建在營地主人家門口一樣，主人家人在我帳篷旁進進出出，隱私度不高。明明租了營位，也無法完全佔據，還要留條小道給他們走，搭設帳篷空間被限縮，相當不理想！,1,1,-1,417,,2024/04/03,0,負向
在園區放捕獸夾似乎有違法行為，帶寵物的人要特別小心。,1,1,-1,467,,2024/02/06,0,負向
這個地方真的有些讓人失望，看來我們以後也不會再來了。大家都希望在跨年時開心一下，但這裡好像有太多限制了。難道我們來這裡就是為了花錢然後被限制嗎？給你六顆星，這是多出來的那一顆。,1,1,-1,468,,2024/01/06,0,負向
我可以為你重新描述一下這段故事：因為即將來臨的颱風，為了確保大人和小孩的安全，取消了在雙十連假期間在營地訂的5+8帳（二區）。雖然取消訂單被扣了60%的訂金，但營主卻沒有退還未使用的裝備費用。當被問及裝備是從營地倉庫租借的，營主卻說是請廠商代訂的，這點讓人感到不合理。同時，營主對於營地排水不良、淹水導致帳蓬進水的處理方式也顯得模糊不清。這些情況讓人質疑營地的經營管理是否嚴謹，建議未來預定營地時要多加留意營友的評論，以避免類似的問題發生。,1,1,-1,475,,2023/10/06,0,負向
露營地沒有提供垃圾桶，需要將垃圾拿到廁所外的垃圾桶丟棄，而露營主人並未事先告知有風暴可能性，強風導致帳篷和炊事區受損。地面為石頭，難以釘營釘，而且供電可能不穩定，建議打算露營的朋友要考慮這些因素！,1,1,-1,482,,2023/05/06,0,負向
這次露營經驗非常糟糕，營區設施不完善且危險，營位硬地難釘，沒有護草墊，垃圾桶遠且不足，還有電力問題導致半夜寒冷無法取暖，最終小朋友感冒。營主服務態度不佳，想找虐的可以再去，但這營區永遠進了我的黑名單。,1,1,-1,486,,2023/05/06,0,負向
"1. 老闆起初態度很友善，但在我付款後態度大轉變，要求提供無法立即提供的訃聞來證明才能退款，這讓我感到困擾。
2. 我們花了兩個小時才搭好帳篷，營區老闆就趕來收尾款，讓人感到不悅。
3. 我們租的床墊漏氣，換了還是漏，營區管理員卻憤怒地說我們知道會漏就不要借。這讓人感到沮喪。
4. 垃圾桶離營區很遠。
5. 熱水溫度不足，冬天不建議露營。",1,1,-1,487,,2023/05/06,0,負向
對於裝備不足的露營友人來說是一件糟糕的經驗，因為朋友租的充氣床總是漏氣，所以半夜不得已打電話給營地管理者。儘管營地管理者前來更換床墊，但態度和口氣都非常惡劣，而且床墊換了仍然漏氣。最後全家人只能睡在硬邦邦的石頭地上，而且付款時營地管理者一會說付錢一會說不用付，態度反覆且惡劣。最後竟然告訴我們不要再來了，這是我第一次遇到如此糟糕的經驗，我認為這必須告訴其他裝備不足的露營愛好者。,1,1,-1,489,,2023/05/06,0,負向
營區冰箱存在漏電問題，可能對人造成危險。營主應該積極處理這個問題，態度應該友善些。,1,1,-1,490,,2023/05/06,0,負向
"1. 我們租的氣墊床有問題，要求營區老闆來更換，但他的態度很差，也沒有處理好設備問題，整晚只能睡在石頭地板上，真是糟糕的體驗。

2. 早上要結帳時，營區職員告訴我們租借的裝備不用結算，包括帳篷和客廳帳，因為要讓它們晒曬雨水，過了一陣子營主來告訴我們這些裝備還是需要結算，我們跟他溝通時他堅持他是老闆他說了算，然後就離開了。當我們開始整理裝備時，營主又跑來說：「原來你們不用收裝備？」對於這種突如其來的矛盾指示，我們感到非常困惑。這位營主難道沒有眼睛嗎？這個營區讓我們有了非常糟糕的印象，我們不會再來了。",1,1,-1,491,,2023/05/06,0,負向
帶團去露營這次經歷實在太糟糕了。在營地下雨後造成積水，我反映給營主，但他卻用種種藉口來解釋，說尖石的營地本來就是這樣。連營釘都不知道打歪多少支，也沒有垃圾桶，得自己拿到廁所去丟。這些都算小事，晚上竟然還有貓咪把我打包好的垃圾咬破，垃圾散落一地。清晨營主看到後很不客氣地要我趕快清理，而我自己也才發現剛被亂咬的垃圾，感到相當困惑，彷彿我們是亂丟垃圾似的。不到中午十二點就一直抱怨收拾時間太久了，我等著你們呢，我可是付了營地費的，時間還沒到，究竟怎麼回事？難道營主就可以收了錢，隨意改變時間？真的非常不推薦這個營地，儘管營區景色很美，但營主的不友善態度和營地問題，我希望和我一樣重視露營開心的人，別花錢買罪受。因無法不表示按服務給一顆星，至少營區景色美，這點沒話說。我們離開時拍攝了影片，證明我們沒有亂扔垃圾，保持戶外人的品格。,1,1,-1,492,,2023/05/06,0,負向
"1. 機營的時候非常困難下釘，許多釘子都被敲壞了。
2. 丟垃圾得走到浴室才有垃圾桶可以扔。
3. 廁所除了打掃當天乾淨，之後就變得很骯髒，感覺就好像沒有在保養，廁所沒有衛生紙後也沒有補充。
4. 排水系統非常糟糕，一場大雨之後整個帳篷水都灌進來，水都無法排走。",2,1,-1,498,,2023/05/06,0,負向
本來準備參加萬聖節走秀，結果突然下起大雨，活動地點變成摸蜊仔兼洗褲的體驗。雨水將帳篷淹水，我非常擔心家被小河淹沒。我們努力清理積水，但似乎沒有太大效果。這場雨比之前北部暴雨更嚴重，我們決定提早撤雨帳，免得一家老小深夜驚醒。不過在雨之前的體驗還算不錯，只是營釘真的很難打（可能是因為我用的工具不好，也缺乏力氣）。,2,1,-1,499,,2023/05/06,0,負向
在下雨天時，若排水不良導致積水嚴重，可以趁著雨天來練習挖溝技能！記得先在蝦皮買好鏟子。,1,1,-1,500,,2023/05/06,0,負向
營區的排水有問題，泥水整個淹了進帳篷裡，沒辦法再露出去，其他人家都是乾燥地收拾，這裡卻要提早打包離開。原來露營時要帶鏟子。,1,1,-1,501,,2023/05/06,0,負向
上周我參加了一個親子露營團活動，在菱X露營地，帳篷區域開始積水後，無法參與活動，營地沒有排水系統，導致大部分帳篷淹水。活動主辯稱這是天災，無法責怪營主，但仍無法解決積水問題。為了避免小朋友感冒，我們最後決定撤營。很多人也紛紛撤離，因為不知道何時雨會停。這次營地費和活動費合共一千五，換來的只有小朋友的困擾和不滿，還有一身悶氣。,1,1,-1,502,,2023/05/06,0,負向
這個營地停車方便是好處，但是排水不良又沒有提供草地保護墊確實是個大問題。梯田式地形下面的營地情況更為糟糕。我們這次遇到大雨時，完全無法排水。雨下了三分鐘，整個帳篷就淹水了，整個區域都變成了河流。露營的朋友們只能自己穿水掘溝來救自己的帳篷。這是我們第一次露營，那晚整個營區都不得不收營回家，是非常誇張的經驗。下雨天絕對不推薦這個營地。,1,1,-1,503,,2023/05/06,0,負向
這個地方容易因為下雨而造成積水問題，當雨勢變小後約15分鐘積水會慢慢退去，但如果雨勢持續不斷，積水就會成為問題。淋浴間可能會有熱水供應不穩定的情況，需注意挑選。,1,1,-1,504,,2023/05/06,0,負向
場地排水有問題，會嚴重積水。反映後，只能盡力應對，沒有人理會！,1,1,-1,505,,2023/05/06,0,負向
茄苳D區排水不良，積水嚴重。第一次遇雨因積水不得不取消行程（後來整區的露營友們都取消了行程）。營地是草皮與石頭混合的地面，石頭底層比較大顆，難以釘營釘。如果遇到雨天的話，建議多考慮一下。,1,1,-1,506,,2023/05/06,0,負向
地面排水不良導致地勢不平，導致草坪無法保護，造成積水問題。而業主對此問題的態度相當消極。,1,1,-1,507,,2023/05/06,0,負向
我們是在4/30-5/2連續三天參加了學校舉辦的露營活動，第一次體驗。我們使用了登山野營帳篷，但在搭建過程中遇到許多小石頭，營釘插得不穩，於是詢問營地工作人員借鐵槌。有位男士最後拿來一個鐵鎚。當詢問如何在充滿小石頭的草地上插營釘時，有位女生員工和男生（不確定是否老闆）建議我們多找位置（但態度似乎不太友善）。第二天我們回到營地後想洗個熱水澡，一開始是熱水，洗頭髮後再開水卻只有冰水（當時溫度僅有13度），所以我在13度的天氣裡洗了冷水澡，這是我從未有過的經驗。離開後發現我遺忘了雨傘放在入口處的長凳上，於是打電話過去詢問，一位男士接聽後說什麼都沒有。我覺得他們似乎不太想受麻煩，有事情似乎不應該找他們，這樣子會比較好笑。總結來說，這次露營經驗並不是很美好。,1,1,-1,517,,2023/05/06,0,負向
4/30週末連假，我和一大群朋友在這裡露營三天兩夜。一開始到達營地時，感覺整體環境還不錯，浴廁也算乾淨。後來雖然遇到幾次跳電問題和冷熱水溫度難控制，但我們並沒有抱怨。最後一天中午12點才突然接到營主的電話，要求我們1點前離開，但之前從未提及，當時還在下大雨，讓我們只能趕緊撤營。大約12:40，一位男性再次冷漠地提醒我們必須在1點前離開，甚至有朋友被責罵收攤太慢要把大門鎖起來。其中幾位朋友因為雨天臨時租了帳篷，但由於與其他廠商合租，其他廠商會幫忙收帳篷，因此有些朋友忘了歸還租賃，才會收到營地罵人的電話。朋友們雖然立刻回去處理，仍感到為何營地的態度如此惡劣。雖然遇到一些困難，我們都盡力配合，但營地為何要如此對待，讓我們對這個營地的印象有所改變。很可惜，營地的不友善態度讓我們不再想再來露營此地。,1,1,-1,520,,2022/05/06,0,負向
老闆的態度很差，浴室裡沒有熱水。,1,1,-1,521,,2022/05/06,0,負向
冷熱水溫度不穩定，只有非常熱和非常冷可以調整，而且經常斷電。,1,1,-1,523,,2022/05/06,0,負向
老闆說話的態度很差，停電和洗澡水溫不穩定的問題都出現了。當你前往服務中心詢問時，甚至遭到了冷嘲熱諷。進入營地的路上還有落石，非常危險。,1,1,-1,524,,2022/05/06,0,負向
這段旅程遇到很多不愉快的事情，包括住宿的熱水問題、老闆的粗魯態度以及服務品質不佳，讓人留下很糟的印象。,1,1,-1,525,,2022/05/06,0,負向
浴室設施有限，每個區域共用四間浴室和四間廁所，因此洗澡和早上可能要排隊等候一段時間；熱水供應不穩定，有時冷有時熱；而且營地管理人員的態度也很惡劣。,1,1,-1,529,,2022/05/06,0,負向
營主的態度很差，甚至說要讓客人趕快下山。,1,1,-1,530,,2022/05/06,0,負向
營地主人的態度很差，不建議去，還會不時要求遊客離開停車位? 應該真的是讓人搞不懂。,1,1,-1,531,,2022/05/06,0,負向
去了三天兩晚的地方跨年，熱水不夠且不穩定，向民宿主人反映後感覺回應冷淡且沒有改善，廁所雖有清潔但第一天很髒，沒有留下好印象，可惜了，每個區域都滿房。,1,1,-1,532,,2022/05/06,0,負向
場地草皮規劃得很好，但提供熱水洗澡的穩定度有待提高，洗冷水澡在8度的天氣中確實有點冷！,2,1,-1,534,,2022/05/06,0,負向
這周我們去露營，在露營區租了帳篷和客廳帳，其中一頂客廳帳已經無法防水，嚴重滲水。下午四點時請求老闆前來檢查，但工作人員直到晚上七點，也就是雨停後才到。他們將裡面的布擦拭一番，仔細檢查是否有破洞，表示沒有破洞就要離開了。我們再三強調問題是防水層失效，因為另一頂帳篷並沒有此問題，要求更換。老闆來後不斷強調這種情況是正常的，並且客廳帳內部本來就可能會滴水，態度強硬且輕蔑，完全不理睬顧客的抱怨，堅持自己的看法，並表示賺錢不容易。我們查閱其他顧客的評論後發現，他們處理問題的方式與我們這次的經驗非常相似，看來我們不慎習慣了老闆的態度。雖然露營區風景優美，但碰到問題的時候心情會變得疲累。,1,1,-1,538,,2022/05/06,0,負向
營地收拾得很好，但管理人員的服務態度非常糟糕。當我們到達時發現冰箱已經滿了，結束時提出要分區使用冰箱，他卻說沒辦法。他還建議我們早點到，但所有區域都沒有垃圾桶，需要自己整理，理由是人手不足，最後還問我們該怎麼辦。,1,1,-1,548,,2022/05/06,0,負向
這次露營的經驗並不愉快，營地的地面太硬難以釘營，夜晚到隔天風勢太強，帳篷幾乎被吹走，影響睡眠。除此之外，浴廁設施也有問題，讓人感到無奈。因此並不推薦朋友來這裡露營。,1,1,-1,554,,2021/05/06,0,負向
營區因為帳篷連接太多導致半夜跳電，直到早上9點多才恢復供電。廁所很髒，並有許多蜜蜂。,1,1,-1,561,,2021/05/06,0,負向
尖石的印象真的不太好，我第一次去也是最後一次。地板超硬，打了釘子手都快軟了，營區超小，而且營主還一直收超多人，導致排得擠擠的，每個帳篷緊緊相連，好像永遠也到不了盡頭。然後也沒有很好的停車位，大家都亂停亂搭，四個區裡最少都有40個帳篷，卻只有一台冰箱和8個浴室供大家使用。,1,1,-1,572,,2021/05/06,0,負向
洗澡時熱水和冷水的溫度不穩定，連個水桶都沒有，不過至少還能裝水。因為溫度不穩定，小孩被燙到哭了。,1,1,-1,579,,2021/05/06,0,負向
營地地面太石頭，營釘插得很困難，風一吹就把營釘吹走，下次不想再去那裡了。,1,1,-1,584,,2020/05/06,0,負向
承諾保留的位置到達後卻被告知沒有保留成功，感覺很糟糕，不過在結帳時對此道歉。浴室蓮蓬頭爆開，水四處噴灑，但小孩的遊樂設施相當優秀。,1,1,-1,593,,2020/05/06,0,負向
營區地面都是石頭，一般的釘子根本插不進去。晚上還會沒熱水，洗澡洗到一半就快冷死了。,1,1,-1,597,,2020/05/06,0,負向
車在抵達目的地前遇到了山路無法通行。,1,1,-1,624,,2019/05/06,0,負向
在山區營地，因為季風的影響，可能會有強勁的怪風，營地管理者應該對當地地形特點有所了解，提供協助和建議。在十一月，已經連續兩次發生帳篷被吹斷的事件，讓人半夜驚醒後不得不離開。,2,1,-1,765,,2017/11/21,0,負向
放鬆假日的好地方，可以去營地欣賞夕陽。,1,1,-1,813,,2017/05/02,0,負向
這個露營地的管理有明顯問題，他們禁止卡拉ok但卻對通知營主和處理問題消極，如果你正在尋找品質優良的露營地的話，我完全不建議選擇這個地方。,1,1,-1,1263,,2023/11/07,0,負向
明明已經有規定禁止唱卡拉OK了，但是卻放任某個區域的露營地在晚上唱超級走音的歌聲，造成噪音干擾。那為什麼其他人還要乖乖遵守規則呢？,1,1,-1,1264,,2023/11/07,0,負向
和露營場地負責人的朋友在同一個區域露營，雖然營主非常友善、親切，但最後一天在整理東西時，營地的員工跟著我們一起整理，卻將我們的洗碗精和菜瓜布丟進了垃圾桶。一開始詢問員工時，他們直接否認拿走，直到我們找營主出面，員工才去撿回來給我們。大家都在忙著整理露營的物品，還沒有離開場地，員工就在後面催促著。有時候，收拾比較晚不代表不需要。我們的延長線差點就這樣不見了，不知道被收到哪裡去了，詢問員工都說沒有拿。我們找不到，只能請營主幫忙，最後在營主的朋友共用空間找到。幸好當場發現丟失的物品，如果不知道或忘記，就會被誤拿走。遊樂水區和廁所附近營主部門，都散發著濃重的二手菸味，帶孩子去玩水的家長請注意。營主的朋友帶著狗去露營，狗主人行為真的很差，讓他們的狗在別人營區亂拉，也不清理。我們不得不忍受他們刺耳的音樂和喧鬧的笑聲，一直到深夜12點。,1,1,-1,1288,,2023/06/07,0,負向
水很有趣，但是營區周圍總是有人在抽煙，味道很刺鼻！,1,1,-1,1289,,2023/06/07,0,負向
在最後一天收拾東西的時候，營地雇用的工作人員也在我們收拾東西的同時進行同樣的工作，即使我們還沒有離開營區！這實在很扯！他們把我們用過的洗碗液和菜瓜布都丟掉了；還不放過延長線，把它們拔出來擺在露營的營主朋友旁邊。一開始詢問工作人員時，他們直接否認有拿走，直到我們找營主要求退回東西，工作人員才去垃圾桶裡找回洗碗液給我們，但還是不承認拿了延長線！！大家正在忙著整理露營裝備，又未離開營區，工作人員卻依然跟在後面收拾！有時晚收拾不代表不需要，為何要亂動他人的物品，缺乏水準、教養。而在靠近廁所的水區域，可以聞到濃濃的煙味，竟然要求每個人都去聞那股味道！營主的朋友帶著狗去露營，在他人的營區任由自家寵物隨意大便，卻不清理，品德不高，缺乏教養。這次碰巧跟營主的朋友在同一區域，不得不忍受他們難聽的歌聲和喧鬧的笑聲，一直持續到晚上12點。,1,1,-1,1290,,2023/06/07,0,負向
聽說新的營地主人試著管理C區時，發現水溫打開車門就聞到一股腐爛泥土的味道，這讓人很擔心。6月25日至26日，附近下了約100毫米的豪大雨，導致C區全部積水無法排走，變成爛泥坑。踩在爛泥上，拖鞋會被黏住，小朋友經常滑倒。營地主人和老闆娘決定將全區的護草墊搬來我們的小區，我第一次露營就用了26片護草墊。雨停後，我去了A、B、D區，發現完全沒有積水，只有C區積水大約5公分高。營地主人答應改善狀況，如果真的改善了，我會再給予5顆星的好評。,2,1,-1,1348,,2023/05/07,0,負向
淋浴的熱水溫度時冷時熱，熱水只有持續10秒就變成冷水一分鐘，真的很痛苦。而且浴室裡還有使用過的衛生棉，這真是太不舒服了。你是在整理浴室嗎？,1,1,-1,1379,,2022/05/07,0,負向
錢雖然不是問題，但重點是我租的地方。廁所沒有整理，而且有兩間廁所的牆上貼著女生用過的衛生棉。更糟糕的是，其中一間沒有熱水，另一間則無法調節水溫。,1,1,-1,1381,,2022/05/07,0,負向
網友提到的情況讓我非常困擾！環境不乾淨，有許多蒼蠅和不明蚊蟲，下山後很多人皮膚過敏或遭受蚊蟲叮咬，可能會形成水泡。水壓不穩，容易燙人或讓人冷到，整個營區像個冰箱，四個營位只有一間廁所，而且沒有衛生紙。我非常不建議這個地方，特別是有小孩的家庭更不應考慮前往。,1,1,-1,1384,,2022/05/07,0,負向
在露營七八年了，但從來沒有遇過像這個營區一樣有這麼多蒼蠅，白天蒼蠅成群，晚上則是小蟲。廁所沒有衛生紙，熱水溫度要麼是滾燙要麼是冷得要命，根本調不到合適的溫度。看了評論之後才發現，這種情況似乎一直沒有改善過。我們住的四人帳篷區，人擠得要命，小孩子幾乎沒有地方玩耍，而整個四個帳篷區竟然只有一間廁所和一間浴室。總之，我絕對不推薦這個地方。,2,1,-1,1385,,2022/05/07,0,負向
環境雜亂，蒼蠅成群，連續兩晚三日未有規律地進行清潔整理。,1,1,-1,1386,,2022/05/07,0,負向
看了google評論很擔心營地情況，實際到了現場才發現網友評價挺中肯的！廁所沒有衛生紙，晚上停電不開燈，水池沒有清理也沒照明，也沒有廚餘桶。浴室幾間積水，熱水還不定期，生態池味道刺鼻。A區超塞超擁擠，另一區像是荒地沒整理，空間不夠只好塞帳篷。幸好有好朋友同遊，不然這次228連假之旅就糟糕了。,1,1,-1,1390,,2021/05/07,0,負向
官網寫著有提供浴廁衛生紙和沐浴乳，但實際上廁所沒有衛生紙，而沐浴乳也不曉得是多久沒補充了。洗澡水溫幾乎是冷的，在這3天2夜的露營活動中，浴廁沒有被清理過，也沒有垃圾桶。還有一些蟑螂和蒼蠅。這個營地實在令人遺憾，不過整體硬體設施還算可以。,2,1,-1,1391,,2021/05/07,0,負向
總括來說，啊，這個露營地方的服務態度不好，廁所沒有提供衛生紙而且有異味，草坪也沒打理好，並且燈光照明也不足，總結下來，真的不建議大家來這裡露營喔。,1,1,-1,1392,,2021/05/07,0,負向
抵達營區後發現設施不乾淨，草木沒有修剪也沒有保養，營主提供的資訊不符實際情況。營區內有很多螞蟻和蟑螂，廁所沒有清潔也沒有衛生紙。朋友租借的帳篷和睡袋都潮濕，營主雖然換給了我們，但這次經驗非常糟糕。,1,1,-1,1393,,2021/05/07,0,負向
這個地方的生態環境很好，小強也蠻多，但是河道裡的水不太乾淨，底部堆滿了許多樹枝、樹葉、昆蟲屍體和泥巴…… 廁所兩天都沒人清潔，垃圾堆滿到地上，浴室用到一半水就變冷了（不只是我遇到，其他露營的朋友也有相同的情況）。只有收錢時才會看到工作人員，其他時間都找不到人。午後雷雨後排水不良，積水問題嚴重。,1,1,-1,1395,,2021/05/07,0,負向
室外在下著大雨，廁所則遭受著小雨，造成營區排水不良，導致積水嚴重。,1,1,-1,1396,,2021/05/07,0,負向
衛生間沒有補充衛生紙，戲水區也不太乾淨。營區較狹小，缺乏護草墊，還有許多小蟑螂。,1,1,-1,1397,,2021/05/07,0,負向
"晚上沒有人在值班，廁所的衛生紙沒有補充，出現了蟲子，馬桶還塞住了，洗澡間的水時冷時熱，好在天氣熱……兩天兩夜都沒有人來打掃廁所，只是隨意放了一些衛生紙，甚至都沒打招呼……最重要的飄飄河呢？？？場地再小、草地再不茂盛、甚至有蚊蟲也都無所謂，但飄飄河的青苔和落葉根本沒整理，說是因為水源不足……那其他地區如何能夠玩樂？我們難道不是客人嗎？即便它像洗腳水一樣髒，但小朋友們都非常期待！不然的話，提前通知也還可以準備其他活動……差一點就穿好泳衣、拿著水槍和泳圈去玩水了……""玩手機""……",1,1,-1,1398,,2020/05/07,0,負向
這個露營區空間狹小，除了水上活動外，並沒有太多草地可以讓小朋友玩耍。,2,1,-1,1403,,2020/05/07,0,負向
可惜的是，這家露營地和附近的土牧驛相比，在經營上稍微欠缺用心。我們露營的那間房間，浴室的熱水不太穩定，水道也長滿了青苔，還有不少小蟑螂（在其他山區的營地很少看到，幾乎沒有），水槽也需要請營地主人來清潔。經過比較後，真的感到可惜這個地方，尤其是營地主人還自豪地告訴遊客本週的訂單已滿，希望他們能加油努力，保持良好的品質。,2,1,-1,1416,,2020/05/07,0,負向
營位位置在馬路旁，有點小。建議每個營位前都有流理台會更方便，因為共用的設施有點遠。另外，希望水池能保持乾淨。另外，提供飲水機、過濾系統、脫水機，還有提供不錯的洗髮精和沐浴乳是很棒的服務！,2,1,-1,1417,,2020/05/07,0,負向
在露營區域，我們確實可以感受到煙味蔓延，有些家長要特別留意讓小孩在玩水區域附近。此外，也有人帶狗前來露營，但卻沒有注意維持營區的清潔，甚至在別人的區域任由狗隨地大小便。除此之外，還有聲音騷擾的情況發生，晚上更是聽到了大家無法忍受的各種聲音。雖然大多數的問題我們都能容忍一下，但遺失物品或差點丟失的情況真的需要大家注意。,1,1,-1,1440,,2023/05/15,0,負向
"這句話的意思是：倒霉和營主的朋友在同一區露營營主人真的很好、很客氣，但是最後一天我們在收東西，營主的員工也跟我們一起收東西，把我們的洗碗精和菜瓜布收到垃圾桶，一開始問員工還直接先否認沒有拿，直到我們找營主要，員工才去垃圾回收桶撿洗碗精回來給我們，大家露營收東西已經很忙，又還沒離開場地，員工就跟在後面收！有時候會比較晚收並不代表不要。我們有一條延長線差點不見，不知道被收去哪裡，問員工都說沒有拿，我們真的找不到，只能請營主幫忙找，才在營主的朋友露營共用空間找到。還好是當場知道什麼東西沒收到，如果不知道或忘記，不就被拿走了⋯⋯

你希望我將其換句話說出來，嗎？",1,1,-1,1441,,2023/05/15,0,負向
營地的浴廁很髒，到處都是蟑螂。,2,1,-1,1474,,2020/08/21,0,負向
覺得管理不細心。廁所都沒有清潔。,2,1,-1,1477,,2020/05/07,0,負向
提高水槽清潔和草地保養水準,2,1,-1,1483,,2019/09/09,0,負向
"1. 衛浴空間較小，如何協助小朋友盥洗呢？
2. 露營區沒有護草墊，遇到下雨後泥泞的草地，裝備擺放應注意什麼？
3. 洗手台太少了！
4. 廁所太骯髒！",1,1,-1,1519,,2024/04/23,0,負向
"1. 我透過露營樂系統在D區預訂了碎石區1號帳篷地，但到達現場後，發現已經是第4帳，而非原本系統顯示的3帳。詢問營主時，對方卻表示是4帳。我原本選擇D區是因為覺得3帳比較寬敞，沒想到被超收，且鄰近的露友孩子們玩球時一直擋到我的空間，讓我感到相當擁擠。

2. 另外關於洗手間，衛生紙用量過多，看起來有些不整潔。不過洗澡的熱水供應倒是相當穩定。

3. 該碎石區沒有護草墊，導致帳篷底布受損，這在其他露營地都有提供。

4. 飲水機的水流很小，速度大概只比滴水快一點而已。

5. 在傍晚時有較多的蚊蟲，然而並未看到其他露友所提到的驅蚊線香。

6. 營區裡的垃圾桶只設置在少數幾個地方，且沒有廚餘回收桶，這對於來自北部的露友來說相對不太方便。",2,1,-1,1533,,2023/05/07,0,負向
預約了事情，到了現場卻改變主意不再進行！雖然表示可以等待，最後卻決定不繼續，直接把我們帶到灰塵飛揚的桌區露營？回答不了問題、蚊蟲多、環境髒亂！,1,1,-1,1542,,2022/05/07,0,負向
小黑真是太可愛了！,1,1,-1,1547,,2022/05/07,0,負向
沙坑球池和熱水池都給小孩帶來了很多快樂。我建議老闆可以考慮在沙坑周圍設置圍欄，以免風吹把沙子吹進帳篷和地墊裡。另外，C區後面有一條死水溝，可能要處理一下以避免蚊蟲滋生。整體露營體驗還不錯！希望露友們能自覺丟棄仙女棒等廢棄物，以免造成危險。老闆在後續清理時要更加小心，以免小孩受到傷害。,2,1,-1,1585,,2019/05/07,0,負向
我認為最大的問題是，晚上11點過後，營地主人完全不管控音量，這對於想要睡覺的人來說相當吵。我強烈建議營地主人能夠採取一些措施，提升露營的品質，吸引更多品質高的露營愛好者。另外，露營地點很好，離市區購物點也不遠，只需大約15分鐘就能抵達一間全家便利商店。營地地勢寬廣，草皮也打理得很好，景觀宜人，頂層還有一家餐廳。,2,1,-1,1746,,2024/04/16,0,負向
總的來說，營地環境很優美，管理得很好，營主也非常友善。最讓人無法接受的是狗狗亂大便，弄得到處都是大便味。當碰到營地旁的狗大便時，雖然有告知狗主，但仍沒有及時清理，造成不便。希望營主能重視這個問題，讓露營的環境更加舒適。,1,1,-1,1756,,2023/06/07,0,負向
在這個營區露營的這個週末，硬體設施和風景都不錯。但是帳棚區附近的草地經常可以看到狗大便。入住的第一天，有兩位同伴就在帳篷旁的草地上踩到大便，讓當晚的晚餐變得不太舒適。第二天早上，同伴看到一位遛狗的小姑娘，告訴她應該清理狗便，但小姑娘沒有處理，只好通知營區管理員。結果在結帳時，小姑娘又帶了幾條狗來我們帳篷附近，其中一隻大黑狗跑到我們帳篷旁邊的草地大便，還拉了三泡。然而，小姑娘卻視而不見走開了。雖然說露營應該與自然共存，狗狗拉大便也難免，但營區管理員是否應該至少保持旅客住宿環境的清潔呢？,1,1,-1,1757,,2023/06/07,0,負向
"優點：1.接近三義市區，車程15-20分鐘。

缺點：1.營區位於山路旁，早上和半夜有人在附近跑山，可能會造成干擾。2.整個營區有5-6個區域，共有30-40個帳篷空間，只有入口營本部提供冰箱。這樣會不會太過節省了？夏天拿冰箱真的很不方便。3.有些區域的營位太窄或太短，架帳篷後沒有位置放客廳天幕，甚至後面也沒有通行空間。建議營區擁有者別為了賺錢將帳篷擠得太擁擠。4.營區還有柑橘樹，但如果1-5沒有人來露營，就應該修剪樹枝，何必偏偏要在週末修剪？發動機的油煙味和噪音真的很令人困擾。",1,1,-1,1772,,2023/05/07,0,負向
這個地方原本是友善舒適的休閒場所，然而隨著野心的膨脹，忽略了原本吸引人們的特質......雖然入場費不高，卻漸漸疏遠了與遊客的距離......,2,1,-1,1773,,2023/05/07,0,負向
有很多蟲子，水溫忽冷忽熱，營區有很多狗一直在吠，廁所比較少需要排隊。,2,1,-1,1778,,2023/05/07,0,負向
這次露營地點位於第九區，景色宜人，管理乾淨整齊。營區主人及家人熱情招待，服務周到。然而，該地生態豐富，蟲類相當多，不僅可見藍鵲，還可能被牠們的尾巴輕輕掃到。小蟑螂、蚱蜢在草叢中飛舞，唯草皆甚高，蟲類亦相對增多。建議在廁所裝置額外燈具，以免早晨照明不足。因清晨施工聲、各種蟲鳴及犬吠聲持續不斷，較容易醒來者宜攜帶耳塞入眠。另外，吹風機使用時電壓波動，造成光線閃爍現象，須加注意。場地幅員遼闊，建議攜帶長型延長線。以上為個人感受，不適合對蟲類敏感者。評價方面僅兩顆星，主要在於美麗環境及友善營主。,2,1,-1,1781,,2023/05/07,0,負向
草地雖然很茂密，但是排水不良，所以很容易滿是泥濘！戶外本來就會有昆蟲在飛來跳去，但是卻有蟑螂經常出沒在桌子上下游走，這真的太過分了！養狗的話要好好照顧，否則會對著客人亂舔亂叫，如果嚇到小孩導致跌倒，該怎麼辦？這種經歷一次就足夠了，謝謝。,1,1,-1,1782,,2023/05/07,0,負向
這個營地的花草維護得相當不錯，但我們所租用的營地卻缺少木棧板。因為下了一場大雨，整個營地被泥濘淹沒，帳棚區也淹在泥水中⋯整天腳底濕淋淋的，更令人崩潰的是處處都是小蟑螂（還會飛）。帳篷上內外無一幸免，泥水毀了整個場地。環境雖美，但因遭遇上述問題場主僅獲得2顆星。沒有任何服務，只是開門收費，讓我們進入泥濘的場地⋯整地淹泥淹⋯小蟑螂到處都是⋯場地租金-0.5顆星（如果根據環境和天氣調整租金為700～800元或許更合理，但1000元實在沒有此價值）。總而言之，非常不推薦在雨天來此營地，如果你無法租到木棧板區，將遭遇大量蟑螂，綜合評價為1.5顆星（以上僅為個人經驗，與營地無關）。,2,1,-1,1783,,2023/05/07,0,負向
建議不去，老闆態度不友善，有寵物的人要特別注意。在預訂時應詢問是否能攜帶寵物，若無明確答覆，在抵達現場時仍需支付額外300元。浴室和廁所很髒亂，浴室水溫經常變化，洗澡時還能聞到惡臭，整體狀況非常糟糕。,1,1,-1,1786,,2022/05/07,0,負向
蚊子好多啊！而且營區的冰箱有異味，冷度也不夠，連保冷磚一個晚上都結不冰。,2,1,-1,1788,,2022/05/07,0,負向
整體來說環境不錯，沒有什麼可以挑剔的地方。設施齊全，唯一讓人無法接受的是在2021/11/20(六)露營時，有一區超過晚上10點仍然在放音樂、大聲喧嘩並打電話給老闆。老闆僅表示反應後要他們保持安靜，但喧擾持續到23:30，導致睡眠受影響。若非這個問題，整體評價可以給四顆星。,2,1,-1,1795,,2022/05/07,0,負向
營主非常熱情！會帶著狗來「關切大家」，順便讓狗上廁所。（可能是來關切人數與帳篷數）,1,1,-1,1798,,2022/05/07,0,負向
營主很親切，環境也很舒適，但晚上的蟑螂實在太多了，而且還會飛。抓了20多隻蟑螂真的太誇張了，原本很好的氣氛被破壞了，希望可以改善。,2,1,-1,1820,,2021/05/07,0,負向
營主很親切，主動告訴大家可以喝青草茶，草地很美麗翠綠，晚上可以看到美麗的星星！不過這三天小蟑螂很多，飛來飛去，有點讓人掃興。它們會飛到食物、人身上甚至帳篷上，讓害怕蟑螂的同伴們無法放鬆。我們一直得小心照顧食物和餐具，生怕被蟑螂碰觸。各營區之間的距離比較近，音樂或交談聲都很明顯，讓人擔心會吵到別人。下方營區偶爾會飄來刺鼻的廁所排泄物味道，雖然持續時間不長、頻率不高，但我們還是沒有告知營主。交通方便，開車不困難，冰箱也夠大，滿足大部分露營者的需求。但是如果有人害怕蟑螂或很在意隱私的話，可能需要多加考慮。,2,1,-1,1821,,2021/05/07,0,負向
這次在營地三號區，雖然營主非常熱情友善，但那裡有太多會飛的蟑螂！其他蟲蟲如蛾、大螞蟻、蒼蠅、蚊子等還好，但是會飛的蟑螂讓我非常崩潰。區內廁所散發惡臭，衛浴設施略顯不足，光線昏暗且有很多昆蟲。營區環境較為狹小，與其他帳篷距離較近。如果怕蟑螂的人建議再三考慮，但若不怕昆蟲，這個營地仍是個不錯的選擇。可惜我極度恐蟑且它們會飛！這次露營無法放鬆一直保持戒備，因此給予一顆星評價⋯,1,1,-1,1822,,2021/05/07,0,負向
為什麼進去找露營的朋友還要付費呢？,1,1,-1,1837,,2020/05/07,0,負向
老闆為了不得罪旅客而要求我們接受超額入住。一星期前告知我們區域將多一帳，我們勉強接受。然而，在跨年連假時，我們區域卻被安排了三個陌生人，對方聲稱也預訂了我們的包區。事後查證發現，是營業者未確認這三位的身份就讓他們進入我們的區域。對方雖然善意，卻讓我們感到委屈和不舒服。,2,1,-1,1867,,2018/05/07,0,負向
草坪維護得很好，浴廁分離乾淨且熱水充沛，營主人也很好，會提供自煮的飲料給露客飲用。燈條臨時壞掉也免費出借燈泡給我們。唯一可惜的是狗屎，第一天搭天幕踩到了，不知道是誰的狗，只好自認倒楣。但第二天早上發現原來是營主的狗，共四隻。我們告知營主了狗屎的狀況，中午撤帳時有兩個小女孩帶狗出來，狗就直接在我們的帳旁大便（炊事空間處）。即使我們大聲抗議，兩個小女孩也聽到了看到了狗在大便，仍視若無睹的離開，留下大塊大便在我們旁邊。狗在自家大便無可厚非，但小女孩視若無睹的態度令人無法接受。再美的營區一但蒙上狗屎陰影，最後的評價也只會是個「有狗屎的營區」。希望營主能重視這件事情。,2,1,-1,1887,,2023/05/19,0,負向
這裡曾經是我們同學每年相聚的好地方，但似乎主人漸漸忽略了最初的用心服務。最近假日連基本檢查都沒有做好，甚至忘記檢查民宿和浴室的瓦斯設備。我們這二十多年來第一次在露營地洗澡時沒有熱水（雖然後來有裝好），忘卻了當初的熱情服務吸引我們一再光顧。現在只在乎收費，甚至當面詢問客人是否已結帳完全沒有初衷的服務精神。閉上心房只會讓我們感到可惜，這曾經溫馨的露營地。我們不是挑剔的客人，但因為可惜這種變化，才直截了當地表達出來。至於主人是否在乎，其實我們也不太在意，因為現在有很多其他地方可以住宿露營。沒有用心的地方，根本不值得我們花錢。,2,1,-1,1892,,2022/11/22,0,負向
浴室龍頭溫度時冷時熱。禁止攜帶寵物，或可攜帶但不需支付任何費用。,2,1,-1,1905,,2022/04/18,0,負向
營地的狗隻一直亂叫，讓我晚上睡覺受影響。雖然可以帶寵物，但收取300元的清潔費讓我無法接受。山上的氣溫很冷，然而浴室的水龍頭溫度不穩，幾乎讓我感冒。廁所和浴室也顯得有點骯髒，希望營地的營主能做些改善。,2,1,-1,1906,,2022/04/18,0,負向
在半山腰的地方，風景雖然很美，但因為沒有用心經營規劃，失去了原本的美感。到了營區後發現，並非每個帳篷都有護草墊，管理人員說大部分都已經破掉丟掉了，建議我們到別的地方去尋找。雜草叢生，地面布滿碎石，下了一點雨之後處處是爛泥巴，幸好雨不大，否則可能會淹水。晚上洗澡時沒熱水，水壓不足，讓人又冷又熱。連假期間營區客滿，廁所沒有定時清理，垃圾桶滿得溢出來，彌漫著尿騷味。只有一個區域有垃圾桶，非常不便利。收帳當天中午12點要離開，水源已經斷掉，感覺有點不方便。營位停車場沒有規劃，車輛隨意停放，整個營區給人一種擁擠的難民營感覺。,1,1,-1,2171,,2024/01/07,0,負向
有很多蟲還有蜜蜂.... 可是只有一把吹風機。,1,1,-1,2172,,2023/11/07,0,負向
對於收費比較嚴格的露營區不太推薦，他們要求在中午12點前離開，而且還在10點30分提醒，11點46分就關閉水電和冰箱，讓整個體驗感覺很糟糕。,1,1,-1,2173,,2023/05/07,0,負向
隔壁的人太吵了，把大家都吵醒了，無法入眠。,2,1,-1,2174,,2023/05/07,0,負向
我們原本預定五個帳篷，但因為分開訂位，園區管理員混亂地安排我們入住別人的帳篷，甚至是已經被租借的客廳和帳篷。最初大家以為是我們團隊的成員訂的，於是開始搭建帳篷和天幕。不料遇到大雨，情況更加困難。最讓人生氣的是，營地管理員後來才告訴我們我們訂的地方在另一邊，結果讓我們在大雨中搬家。這次露營經驗真的可以說是史上最糟糕的。優點是浴室很大，熱水很快也很熱。缺點是上山的路不好開，沿途滿是倒下來的樹木和殘破的棧板，排水也很差，讓我們的帳篷進水，氣墊床也濕透了。,1,1,-1,2177,,2023/05/07,0,負向
露營區風景優美，空間寬廣，五月底前往並不會感到炎熱。我們選擇了位於較高處的G區營位，但廁所環境並不乾淨。洗澡時間大約在九點左右，浴室的水壓問題需要自行調整才能使用。洗完澡後，吹風機沒電，洗手台水龍頭也無水。此外，蚊蟲相當多，造成眼部腫脹至需就醫。起初營區管理人員積極聯絡保險事宜，讓我們感到感激。然而，後續的聯繫和處理並不積極，讓這次經驗感受不佳。,1,1,-1,2179,,2023/05/07,0,負向
"環境：景色優美，但木板有點小，適合最多300人。

浴廁：衛生狀況不佳，三月時有很多蟲和飛蛾，每間浴廁都有些垃圾，地板鋪有磁磚，浴室和廁所分開，水壓弱而不穩定，水溫也不穩定，排水效果不佳，椅子和水桶出現了點點霉斑。

備註：1. 水槽附近沒有垃圾桶，稍嫌不便。 2. 週日離開時，營地主人清潔廁所的水直接流到C區帳篷附近⋯⋯⋯⋯⋯⋯⋯ 3. 許多營位都靠近道路。",2,1,-1,2181,,2022/05/07,0,負向
"1. 上山的路很不好走，因為沒有整理，到處都是枯枝和雜草。
2. 營區的設施（熱水、電力）負荷不了連續假期的人潮，無法應付需求。
3. 電壓不穩，一直跳電，燈泡也一直閃，無法正常使用，最好多準備幾個充電型 LED 燈。
4. 熱水極度不穩定，開了 20 分鐘是冷水，來一分鐘又變成熱水，然後突然又變冷水，建議中午洗澡或在外面洗好再進來。
5. 營區的路在雨天變得泥濘又多坑洞，要走到主要區域上廁所或取東西很不方便，腳容易又濕又髒，建議穿靴子。
6. 還有很多風景優美的營地可選，感覺營地管理者沒有用心經營，建議試試其他地方吧！",1,1,-1,2184,,2022/05/07,0,負向
這個地方的蒼蠅真的太多了，讓人覺得像到了非洲一樣；洗澡的水要麽太燙要麽太冷，滑草的體驗讓人覺得心情很差，游泳池的水骯髒得跟去年沒什麼兩樣，垃圾居然都聚集在帳篷附近，整體環境除了糟糕沒有別的亮點，總之非常糟糕，就算是給一顆星都嫌太多。,1,1,-1,2185,,2022/05/07,0,負向
訊號很差，有人一直唱得很難聽又很吵，讓人後悔一輩子，最好不要再來。,1,1,-1,2186,,2022/05/07,0,負向
這個露營區的山路非常危險，入口和出口都很難通行。路旁雜草叢生，路很窄，幾乎無法讓車子駛過。沿途的樹枝和竹枝會擦傷車子，而且會車時更是非常困難。如果不是熟練的司機，車輛會受到很大的損害風險。,1,1,-1,2189,,2021/05/07,0,負向
浴室設施不夠用、水溫忽冷忽熱、電力供應不穩定，燈光微弱。營地管理說是使用太多電力，區域延長線有問題。排水不好，下雨後積水嚴重。,1,1,-1,2194,,2021/05/07,0,負向
廁所沒有人整理，到了晚上就變得很髒，垃圾桶都滿了；洗澡時沒有熱水；週日（2020/09/20）早上開始，連營區的水槽都沒水了。,1,1,-1,2198,,2021/05/07,0,負向
G區的冰箱冷凍溫度被設定得太冷了，冷藏室的溫度則太高，所以蛋撻被放進冰箱後慢慢螞蟻爬上了食材。園區收到投訴後回應表示冰箱沒問題，指出那只是附加的設備而已。每個區域的間隔太小，導致跳電問題頻繁發生。忘記拿東西丟掉可以理解，但客戶當天未回電，第二天才聯絡，結果東西都丟了。後來事後又改口說沒有看到。建議計畫前往園區的人要三思，因為處理問題的方式讓整個旅程心情都沒了。,1,1,-1,2203,,2021/05/07,0,負向
露營區的衛生狀況並不佳，冰箱出現嚴重發霉情況，這樣的狀況下露營區並不完善，應該在規劃齊全之前停止收費。,1,1,-1,2211,,2020/05/07,0,負向
請在洗手台的排水口安裝一個濾水器。,1,1,-1,2216,,2020/05/07,0,負向
營地規劃太擁擠，營位收費過高，導致停車困難，除了大草原以外，帳篷周圍缺乏活動空間。浴廁清潔需要改善，洗澡水壓不穩，水溫時冷時熱，馬桶經常沖不下去，使用上帶來困憂。泳池只有第一天開放，第二天便因水量不足而停用，令孩子們感到失望。電力供應不穩，我們在中秋連續露營三天兩夜，竟然有三次停電，非常困擾。大草原活動空間設計很好，但滑草區有安全疑慮，下方的帆布破損，有位朋友（成年人）在滑草時意外被尖物割傷。美景僅限於第一排，後方只能看到擁擠的車輛和人潮。冰箱壞掉，只剩冷凍櫃可供使用，很快便被擠滿，內部異味嚴重，管理不善，其他營位的保麗龍箱和保冷袋直接擺放在冷凍櫃內，導致晚到者無法使用。總括而言，這次露營經驗令人感到失望，營地管理不善，營位控管混亂。,1,1,-1,2224,,2020/05/07,0,負向
這次露營經驗真的很糟糕。在G區碎石區下雨，晚上還跳電三次，而且淋浴間的熱水都沒熱到，水槽離衛浴遠，下雨時更加不方便。這次的天氣真的一點也不體貼客人，讓人感到非常失望。,1,1,-1,2238,,2019/05/07,0,負向
電壓不足，浴室設備也不完善，稍微有些不乾淨，營位附近沒有水槽，水槽都集中在廁所旁邊，下雨時需要打傘刷牙洗臉，甚至連遮雨棚都沒有，令人感到有些失望。,2,1,-1,2259,,2018/05/07,0,負向
建議營區管理單位應設定固定的上山及下山時間，因為山路狹窄且路況不佳，無法同時通車。露營裝備與帶著孩子，加上山路危險，極度不利於安全，建議慎重考慮，最好避免前往。,2,1,-1,2291,,2021/05/02,0,負向
在選擇了F區後，因其他客人的原因被迫調到了C區。對於首次來訪的客人來說，並不熟悉這個營區的地理位置，直到查看了區域位置圖後才明白自己已經不在原先預訂的區域了。不清楚原本的營區劃分有什麼意義，好像需要在事前與營長溝通才行。,2,1,-1,2362,,2018/05/07,0,負向
這地方交通不便，飲食購物都相當不方便。建議可以考慮販售更多食物選擇，增加義工協助，管理住宿者素質（提醒他們保持安靜，避免晚間喧鬧），以及調整價格使之更合理。,2,1,-1,2400,,2017/08/29,0,負向
我沒有機會去。訂位後接到電話要讓位給另一團更多人更多晚，覺得很不舒服，表示不滿要取消，才被說不用勉強，熱情都消失了。,2,1,-1,2561,,2019/05/07,0,負向
營區的衛生情況需要改善。有許多螞蟻和爬蟲，並且廁所有很多小昆蟲。另外，廁所未提供衛生紙，洗手台晚上也沒有燈。,2,1,-1,2576,,2023/10/09,0,負向
最近地震頻繁並下著大雨，導致山區落石，造成家人擔心。營地要求延期或退費，但處理方式讓人傻眼。政府呼籲不要上山，更提醒觀賞螢火蟲可能存在危險。希望在火蟲季去營地，但營主建議延期半年，不符合需求，只能支付6成費用。其他營地取消預訂只收取200元手續費，情況似乎不太公平。,1,1,-1,2715,,2024/04/30,0,負向
整體來看，園區整潔程度不錯，連廁所也維持得很乾淨。不過美中不足的地方在於：G區離衛浴廁所及冰箱相當遠，若要拿東西或冷藏食物都需跑一段路，比較辛苦。另外G區只有一間蹲式廁所，對於小孩來說可能不太方便，有些小孩恐怕沒辦法使用；有時候因為廁所塞車，造成小孩只能急著在褲子上拉。山區通常會有很多蟲子，這點是正常的。但居然出現一種大螞蟻會咬人，讓人回到帳篷後發現腳上赫然多出了三四個包，且叮咬的感覺十分刺痛。已經多次露營的我們，這次卻首度受到限制：帳篷只能睡四個人，超過人數還要額外支付費用，而且對年齡都沒有限制，只要超過四個人就得加收費用。,1,1,-1,2717,,2024/04/07,0,負向
這個地方除了草坪以外，CP值不算太高，旁邊的草墊區種植了帶刺的植物，很不方便也有安全疑慮。營地旁邊有枯萎的植物，有一些小蟲和異味。至於小水池，小朋友可以在那裡拍照。,1,1,-1,2749,,2023/05/07,0,負向
進出的道路高低差懸殊，使用低底盤車輛需謹慎。總共有七個營區，共有六間衛浴供使用，並有分區使用的規定。每個區域約有十個露營者共用兩間衛浴，但使用時間上有些限制，並且在特定區域集中使用，避免干擾其他露營者。由於人數眾多且有許多孩童，可能會造成洗澡時間不太方便。雖然提供了Wifi，但是我無法連接上網，而且手機訊號基本上為零，讓我無法與同行的朋友聯絡，有點困擾。,2,1,-1,2775,,2022/05/07,0,負向
第一次來到這個露營區，包了A.B兩區，需要先走一段不好開的路才能抵達。營位規劃稍嫌不足，要把車停在外部停車場，再搬運行李進去，有點耗力。營地訊號不佳，提供的wifi連接也有問題。衛浴設施不足，時間和位置限制，人數較多需要排隊洗澡。ABC三區共用一個廁所，廁所使用壓力大。洗碗時洗手台旁的燈會在晚上10點關閉，只能在黑暗中洗碗。總結來說，不會考慮再次光顧這個露營區。,1,1,-1,2776,,2022/05/07,0,負向
整個營區只有一個冰箱，大家都沒有地方放東西。預備好的德式香腸整包不見，這個營區根本完全沒有管理。一早起床心情就變得不好了，我決定不吃了，結束這次活動回山下吃好的，以後再也不會來了。,1,1,-1,2778,,2022/05/07,0,負向
草地區的草太長，已經長過黑墊，所以有蚊蟲是很正常的情況。但蒼蠅這麼多就不尋常了。露營這麼久第一次碰到這麼多蒼蠅，早上八點就被蒼蠅叫醒，一整天都被這些蒼蠅包圍，用電風扇吹也沒用，整群整群的，直到傍晚六點才消失。浴室很寬敞，水池也不錯，只是蒼蠅實在太多了，讓人備感驚訝。,2,1,-1,2803,,2021/05/07,0,負向
太貪心了...就連中央走道都擺上帳篷。,1,1,-1,2822,,2020/05/07,0,負向
雖然空氣品質不錯，但霧氣較大，建議不要在夜晚外出。營地主人很親切，但營地的規定相當嚴格，且水壓和水溫不穩定，洗澡時可能會突然變成冷水。營地主人的太太可能心情不太好，神情一直陰沉。周日收費，但第二天卻還沒有給帳單，提前告知超時需罰款。希望你能改進一下，例如增加一些寬限時間，比如離開時間是兩點，超過了三點才罰款。對露營者而言，罰款會給人不好的印象，我也有疑問這樣的罰款是否合法？我記得只有執法機關可以處罰。以上僅為建議，希望貴營區能有所改進，謝謝！,2,1,-1,2828,,2019/05/07,0,負向
進入營地的山路狹窄且無法雙向通行，坡度陡峭，不建議在此路段上遇到對向車輛，否則可能導致水溫不穩，洗到一半就可能變冷水，一邊洗一邊感到發抖。,1,1,-1,2829,,2019/05/07,0,負向
山路很危險，建議車況不佳的人不要前往；山路陡峭，不適合夜間行駛。營地主人設定了許多規定，但廁所很乾淨，並提供冰箱。,2,1,-1,2836,,2019/05/07,0,負向
附近的環境有些問題，包括水壓、水溫和電壓不穩，以及黑沙坑的水池較小。此外，附近還有果園。总的来说，這個地方對全家來說可能並不是一個很舒適的居住環境。,1,1,-1,2837,,2019/05/07,0,負向
這個營地有太多小昆蟲了，廁所、浴室和營區裡到處都是，實在太奇怪了！洗澡簡直是噩夢，蟲飛來飛去還停在身上，連冰箱位置也很遠，而且裡面也有蟲！整個營區只有一個共用冰箱，卫生狀況真差。,1,1,-1,2987,,2022/05/07,0,負向
雨天造成積水和泥濘確實讓人困擾，我們搭帳的時候幾乎沒有遇到下雨的情況，但一旦下雨，水就會湧入帳篷內導致排水困難。,1,1,-1,2992,,2022/05/07,0,負向
這個露營地好像很容易吸引到吵鬧的群體，不論是有特別吵鬧的團體易於聚集在這裡，還是吵鬧的人在這裡有傳遞資訊的群組。不管是在半夜一、兩點還是在星期六，他們不但唱卡拉OK唱得難聽，而且整個山頭都聽得到他們的哀嚎聲。有一次甚至是在凌晨兩三點，一群人吵鬧談天，我遠遠的地方都能聽到有人在那邊叫自己的狗回來！聽到他們露營場地的狗亂吠！儘管我去過的白蘭露營次數不多，卻遇到許多次這個露營地縱容吵鬧的情況。試圖與營地負責人溝通似乎也毫無效果！,1,1,-1,3006,,2022/05/07,0,負向
天氣預報說會下大雷雨，我提前一周詢問能不能延期，但營地主人不同意改期。那個場地很偏僻，沒有景觀，排水也不好，廁所非常骯髒。我建議大家不要遠道而來受罪，連一顆星都不值得。,1,1,-1,3058,,2019/05/07,0,負向
這個地方不太推薦，排水不好，廁所很骯髒，也沒有人管理。,1,1,-1,3059,,2019/05/07,0,負向
不好！草地上積水很嚴重！這個衛生間應該是無人管理的狀態。,1,1,-1,3060,,2019/05/07,0,負向
即使有訂場的規定，只要給了你訂金就行了，細枝末節的唠叨有什麼用，小朋友得了腸病毒還需要你來唠叨嗎？,1,1,-1,3075,,2019/05/07,0,負向
不推薦，容易積水，而且服務不佳。,1,1,-1,3097,,2017/05/07,0,負向
營地環境不佳，有許多積水和泥濘地面，場地狹小且擁擠，車位規劃不良，服務也不盡如人意。,1,1,-1,3101,,2017/05/07,0,負向
"1). 衛浴雖有乾濕分離，但廁所空間仍需加強。
2). 帳篷佈局稍嫌密集，無法享有寬敞的草地活動。
3). 未限制攜帶寵物的露營者，夜間狗吠問題嚴重，早晨起床發現狗糞遍布草地！",2,1,-1,3199,,2021/05/07,0,負向
營位費一直在變動，漲得越來越貴。,1,1,-1,3204,,2021/05/07,0,負向
收了200元清潔費卻沒有得到任何服務，有些人可能只是想和在露營地的親朋好友聊聊天、打打屁。突然被要求支付200元！ 營地主人啊~這樣有點貴了喔！,1,1,-1,3205,,2021/05/07,0,負向
"1. 這個地方風景很美，草坪看起來很漂亮。
2. 帳篷擠在一塊，缺乏空間讓小孩奔跑（可能有收費過高的疑慮）。
3. 收費是1200元，另外還會發生跳電的情況。
4. 總結：如果要收取1200元的費用，應該控制帳篷的數量；營區的電力系統也需要改善，晚上跳電3、4次會讓人很不滿意。我不會再來這裡了。",2,1,-1,3214,,2021/05/07,0,負向
在這個私密露營地，雖然草地很寬敞，但每個帳篷都擠得很擁擠，而且衛浴設施看起來高級美觀，但實際使用起來，熱水溫度時冷時熱，讓人非常不滿意，尤其是收取這麼貴的費用。,2,1,-1,3267,,2019/05/07,0,負向
"1. 環境保護做得很好。
2. 可以訂購披薩和石鍋拌飯，免擔心開伙。
3. 沒有景色。
4. 帳數太多，到處都是帳篷，沒有草地。
5. 入場時間為下午2:00，退場時間為中午12:00，條件有點嚴苛。
6. 一個帳篷收1200元，提早入場還需額外加100元，性價比不太高以上是後花園區的條件描述。",2,1,-1,3278,,2018/05/07,0,負向
這裡的人很多，就像難民營一樣。,1,1,-1,3321,,2017/05/07,0,負向
在露營地的主人態度很不好，我只是發動車子一下，他就問我為什麼要這樣做。洗澡時他正在清理浴室，總共有3間，前面兩間已經清掃好了，剩下第三間還沒有打掃，他居然叫我去洗第三間。付了一樣的錢，其他人都洗到乾淨的浴室，我卻要去洗沒清掃過的第三間，而且熱水非常不穩定。這樣不顧露營者感受的露營區，我是不會再去第二次了。同行的朋友用那裡的水洗完澡後，三個都過敏了，洗手台的水超級濁的，我覺得碗都洗不乾淨。晚上12:30還有露友彈吉他自彈自唱，打電話和發訊息給主人都沒有得到回應。第二天早上主人說他睡著了，需要去敲他的門才會知道，如果今天失火了，他還會在裡面睡得那麼熟嗎？真的不知道為什麼會有那麼高的評價，想去那裡露營的朋友自己好好考慮吧。,1,1,-1,3335,,2024/03/07,0,負向
露營時，老闆一到就說我們看起來很高興。晚上十點後，他提醒我們不要吵，不然他會把我們趕出去。雖然他只是開玩笑，但我覺得這不是一個營地主應該有的態度。在我和朋友的幾次對話中，都讓我們感到不舒服。例如他說：“我知道你們不會再來了。”儘管這個營地的地理位置很不錯，但我希望提醒老闆和老闆娘，和氣生財，否則真的會失去生意的。,1,1,-1,3356,,2023/09/07,0,負向
營地勘查時，我剛走到門口，營地負責人就很粗魯地叫我不要進去，態度相當惡劣，令人感到不悅。,1,1,-1,3413,,2022/05/07,0,負向
"元旦心情很好，十點半就抵達了營地。下車後告訴營主我們預約了今天，但營主卻臉帶不悅地回應說，""雖然預約了今天，但應該是等到一點才到。為什麼現在就來了？""他一直重複著這段話，我們強調只是想先到附近走走，並沒有打算搭營帳。然而，營主卻堅持要等到一點才能進入，讓我們感到困惑。我們也不情願地忍受著他臉上的不悅表情三天。我們請營主反省一下自己的口氣，並不要反過來說我們口氣不好。是他的態度和口氣有問題。我不是第一次露營，也並非領頭人，並未自稱為老大。倒不如說營主才是老大，難道他就不能客氣一點嗎？難道整座山都是他的？尊重是雙向的，你有尊重過我嗎？誰會知道你們的營區不准停車呢？",1,1,-1,3435,,2021/05/07,0,負向
晚上蚊蟲很多，營地附近有3到4隻狗狗一直在吠叫，以及鄰居家的小孩從傍晚開始一直嬉戲吵鬧到晚上10點多都沒休息，確實很令人困擾。此外，營地的廁所設施非常老舊，有些洗澡間無法鎖門，而且沖水設備也損壞了。除了景色之外，這個營地真的不值得推薦。,2,1,-1,3570,,2023/11/07,0,負向
"原文：之前因為下雨跟營主延期然後到了要露營的這一天早上打電話想說跟營主再次確認，結果營主竟然忘記？？？跟我們說叫我們直接到現場搭營沒問題，會留位置給我們結果到了現場，聯絡不到營主本人，只有看到營主的爸爸在那，問了老半天他也答非所問最後是有一區客人很好心的把一個位置讓給我們沒看過這麼不負責任的營主，第一次露營碰到進營區看不到人

換句話說：之前因為下雨而延期了露營計畫，今天早上致電營主確認，卻發現營主竟然忘記了？？？營主告訴我們可以直接前往搭營，保留位置給我們，但抵達現場後卻找不到營主，只看到營主的爸爸在場。詢問良久仍無結果，最後是一位好心的其他露營者讓出位置給我們。這位營主實在太不負責任了，第一次露營就遇到無人看管的營區。",1,1,-1,3573,,2023/06/07,0,負向
優點：浴廁很乾淨，熱水非常充足。缺點：熱水僅供應到晚上10點，對於夜間需熱水的人很不方便。半夜和清晨羅馬大道上的飆車族很吵，營區下方有四隻狗，一有動靜就瘋狂吠叫，假日清晨7點多居然有人在使用割草機整理草地。這三個問題讓人根本無法好好睡覺，還有一隻名叫黑糖的狗，清晨會跑到營區裡的帳篷旁小便，真的令人感到很無奈！,2,1,-1,3576,,2023/05/07,0,負向
營地觀景台前面的竹子和雜草長得亂七八糟，擋住了風景。隔壁營區的鄰居整晚唱歌吵，早上又用電鋸施工。還有一隻狂狗不停叫，深山裡還有一堆人吵鬧，這露營區真是可怕。,1,1,-1,3578,,2023/05/07,0,負向
冰箱只能吹送風，向房東反映後，他竟然說冰箱有冰嗎？水質惡劣，水龍頭放出的水竟然是泥巴。,1,1,-1,3587,,2022/05/07,0,負向
這個地方的空間有限，道路很狹窄，洗手台也骯髒不堪，到處都堆滿樹葉。可以看出場主並沒有用心整理。晚上還有包區的人在開派對，吵到半夜，讓人難以入睡休息。而且所有活動都取消了。因為環境那麼差，又沒有活動，一點吸引力也沒有。我不會再來第二次了。,1,1,-1,3595,,2022/05/07,0,負向
帳篷裡人很多，實在塞爆了！沒有沙坑，也沒有游泳池，更別說射箭場了⋯只有做麻糬的活動。下方的營區辦電音派對，連續兩天兩夜聽著不停的音樂，離營前兩天才被營主告知！真的很無言，我們來不是為了聽音樂的～難道不應該提前告知嗎？,1,1,-1,3597,,2021/05/07,0,負向
這個帳篷區原本被預設調整為7帳，但卻發現實際搭建後活動空間不足⋯ 看來這個地方只能容納4-5帳，卻收了7帳的費用⋯ 網路上介紹有沙坑、戲水池和射箭場，但看起來荒廢了⋯ 只有廁所比較乾淨，有活動可以做黏糬⋯ 在下面的營區辦了一場電音趴，聽著震耳欲聾的音樂聲3天2夜，營地主辦方竟然在露營前兩天才通知⋯ 第一次遇到這種狀況，營區需要加把勁了。,2,1,-1,3599,,2021/05/07,0,負向
小黑蚊實在是太多了，無論是防蚊液、止癢藥甚至是水龍頭，都無法阻止它們的侵擾。,2,1,-1,3613,,2021/05/07,0,負向
露營的人素質很差，早上六點起來洗碗時聲音很大，七點就開始喧嘩，還讓小孩子尖叫。,1,1,-1,3622,,2020/05/07,0,負向
位於水源地旁，可能會對環境造成影響。,1,1,-1,3631,,2020/05/07,0,負向
營地只想賺錢，但營主卻無法應對不尊重他人的露友，他們在凌晨一、兩點大聲喧鬧、放肆言語，影響其他守規矩的露營者的權益！再好的硬體設備、再美的風景也只是徒勞，因為這樣只是在浪費上帝的賜福！,2,1,-1,3726,,2018/09/15,0,負向
這次的經驗真麻煩！我本來跟營主訂了C區的水泥雨棚1帳，後來營主打電話來告訴我說旁邊有人要訂6帳的（總共8帳），可能會比較吵，但我表示沒關係。後來又有打來說要改成8帳，要我去B區的碎石雨棚，完全沒有詢問我的意見。他們還和我爭執說8帳總不能讓一組人去不同區域，但我也先訂了啊，希望他們至少能尊重我的意願！我當初就是喜歡C區才指定要訂C區的雨棚，不是隨便他們喊我去哪裡我就去哪裡的！………,1,1,-1,3767,,2024/04/30,0,負向
對於這個露營經驗，你的感受很強烈且不滿。在洗冷水澡等不到熱水的情況下確實令人困擾。營主的處理方式讓你感到失望且不滿，尤其是他們負責接待時的態度讓你感到不舒服。這種疏失雖然不可取，但能承認錯誤並努力改進是值得肯定的。希望未來能選擇一個更好的露營地點，讓假期更加愉快和舒適。,1,1,-1,3781,,2023/12/07,0,負向
感覺很糟，營主只會把責任推給客人，多說無益。,1,1,-1,3782,,2023/12/07,0,負向
我在五月27日露營了3天2夜，遇到了很多蚊子，被叮了好幾個包。一個不好的經驗是，第三天早上營地主人告訴我們12點前要結帳，但他兩次提醒我們10點開始結帳時，卻突然停水了。當我提醒營地主人時，他解釋是下雨造成水管阻塞，我一度以為他是為了讓我們趕快離開而故意停水。整個觀感都不好，或許我不會再去那裡了。,1,1,-1,3824,,2023/05/07,0,負向
收費最高到三百元似乎有點貴，而且他們的巡邏態度似乎過於嚴格，仿佛在抓小偷一樣。到了「26露」溪遊記，浪費了連假四天⋯總管理員態度不友善，除了沙坑，小孩根本沒地方可以玩。第一次來這裡的小孩抱怨露營很無聊。唉～我們的車來來回回十幾趟，那麼多停車費，總共給了他們1800元？為什麼露營區竟然怕客人來？星等評分都像是在騙人，怎麼一天之後就多了五顆星？而且未經當事人同意就擅自錄影車牌放到公開網站上，我們已經請家人律師處理！業者留言說付不起錢就去免費野營？？？,1,1,-1,3833,,2022/05/07,0,負向
"整體環境還可以，但是管理單位偶爾會來巡視，看看是否有新的訪客。如果有，他們將要求收取停車費300元，並逐台進行錄影以作為證明。雖然我們能夠支付這個費用，但管理員的態度令人難以接受。這是我們第一次遇到像這樣勤於收費且態度不佳的管理單位。

最後，當我們打算離開時，營區的員工要求我們還原草地上的護墊。雖然我們樂意合作，但我是否真的需要根據平台規定還原護墊呢？雖然我們最終還是合作還原了護墊，但該員工的態度的確有待改善。他無法友善地溝通，這讓我們感到不舒服。

另外，管理單位一開始否認對我們的車輛進行錄影，但後來卻提供了我們車輛的錄影。此外，他們指控我們的歌唱影響其他露營者的品質。當時才晚上7點，且根據平台規定，晚上10點後才禁止唱歌。我們只唱了兩三首歌，音量並不大，但他們卻聲稱影響到其他露營者。我們不確定是否真的有其他露營者反映，而且管理單位的態度也不友善。",1,1,-1,3834,,2022/05/07,0,負向
當天包區費用800元算是相對便宜，訪客停車每車收費300元，並於每隔幾個小時來一次巡視收取停車費。朋友開車來只是一下，也被收取了300元。這次露營3天，共花了1800元停車費，實在有點太貴了。且老闆態度很惡劣，一點親和力都沒有，讓人覺得沒有再來的必要。,1,1,-1,3835,,2022/05/07,0,負向
下雨天最讓人擔心的並非是天氣，而是若營地規劃不佳、排水設施不良，下雨時很容易導致泥濘問題。這樣一來，人們的鞋子很容易被泥巴陷住，甚至連小孩和寵物也只能困在帳篷裡，實在是令人感到可惜。,2,1,-1,3842,,2022/05/07,0,負向
營區情況相當糟糕，營主態度很差，有很多大約2-3公分大小的虎頭蜂，令人害怕。他們不處理這問題且推卸責任到客人身上，表示是被我們招惹。請問虎頭蜂在晚上出沒是正常的嗎？它們陸續來了20-30隻。如果今天有小孩被叮咬，你能負擔得起嗎？要前往的朋友們，請三思而行！,1,1,-1,3844,,2022/05/07,0,負向
不建議前往那個營區，因為那裡有虎頭蜂，而且營主處理問題的態度非常消極，甚至還推卸責任，說我們應該噴香水。蜜蜂會持續來三天，是因為我們營地上有一棵樹的花蜜很吸引牠們，所以牠們日夜不停地在採蜜。因此，要前往之前一定要三思，別浪費錢還找罪受。,1,1,-1,3845,,2022/05/07,0,負向
車子的噪音真的太吵了！早上5點就完全被吵醒，無法繼續睡覺，而且洗手間的使用情況很擁擠，需要排隊。不過，房東人還不錯，很友善！,2,1,-1,3979,,2023/09/08,0,負向
在靠近水庫的羅馬公路附近，晚上車輛的聲音很大，影響到了睡眠。除了B區之外，其他小帳篷區位置都很狹小，而且彼此距離過於接近。建議營地管理者將CD區設立為一個適中的區域，這樣比較恰當。另外，衛浴設施較少，若有需要洗澡的人要把握好時間。,2,1,-1,3984,,2023/05/08,0,負向
"我了解，你的意思是：

1. 地板長滿了雜草。
2. 廁所在多人同時使用時可能會沒有熱水。
3. 四周環境不明亮，晚上去廁所不方便。
4. 還有電路一直跳電的問題。",1,1,-1,4048,,2021/05/08,0,負向
這個地方環境很好；由於不使用殺蟲劑來養殖螢火蟲，所以小黑蚊比較多。,2,1,-1,4097,,2018/05/08,0,負向
這裡的廁所和浴室保持得相當整潔，不過水源都是來自山泉水，所以水稍微帶點黃色和浑浊。這裡沒有提供飲水機，需要自己買水。此外，到處都有螞蟻和蜘蛛網，建議注意避免碰到。露營區的樹木間距有些狹窄，因此停車和離開比較困難。不過晚上能聆聽著河流聲入睡，感覺還算不錯。,2,1,-1,4176,,2024/04/07,0,負向
沒有飲水機，熱水時冷時熱，不太方便，冬天用水有點困難，但宮廷風格值得欣賞，其他方面比較普通。整體環境算是不錯。,2,1,-1,4179,,2024/03/07,0,負向
只有一個區域有廁所浴室，其他區域都需要走一段遠路才能到達。而且好幾個浴室都有水溫問題，有時候太熱或太冷，很難調節。整個區域只有一個冰箱供29個帳篷使用（後到的人冰箱裡根本沒有冷藏食物可用）。冰箱也是放在廁所附近，如果你喜歡散步的話可以來，保證讓你享受愉快的散步。此外，主辦單位嚴格禁止外車進入營區，訪客也禁止進入。即使你忘記帶東西，朋友為你送進來後必須立刻離開，不能逗留。只能在門口進行面交，無論你攜帶的東西多大多重都一樣。最後要提醒的是，他們沒有提供飲水機，請務必自行攜帶足夠的水。,2,1,-1,4181,,2024/01/07,0,負向
這個營區設施簡陋，環境不佳，蚊蟲叮咬，地面潮濕容易滑倒，廁所附近垃圾踩集中，設施老舊且不如照片中美觀，夜間照明不足，走路要小心，整體環境不宜拍照。,2,1,-1,4182,,2024/01/07,0,負向
總的來說，我們接受使用者付費，並且印象深刻的營主。他們可能有一些對金錢較為謹慎的態度，而網頁上可能缺少一些資訊，但討論時不會被收費。在兩天內有幾次提出質疑後，對方的收費態度並不是很好，而對於質疑的問題可能只會帶過。有考慮換另外一位來解釋嗎？另外，雨棚雖然很棒，但在下雨時水流卻會朝向雨棚內流。設施和場地規劃可能需要改進，但優點是廁所和浴室比較乾淨。道路規劃有待加強，給予兩顆星的評價，是因為廁所和客人素質相對不錯。,2,1,-1,4183,,2024/01/07,0,負向
雨棚區的石子鋪非常薄，下大雨時容易積水淹至爆⋯⋯不論是算人頭還是車輛甚至帳篷的數量，計算得非常精準...,1,1,-1,4188,,2023/07/07,0,負向
營地的精算師發現雨棚漏水了，接著地面變得更糟，低處積水，可能會淹水。,1,1,-1,4189,,2023/07/07,0,負向
工作環境不佳，並且我們的男老闆態度很差。,1,1,-1,4200,,2023/05/07,0,負向
這位男老闆的服務態度很差，經常讓遊客感到困擾。,1,1,-1,4201,,2023/05/07,0,負向
很抱歉因為大雨，露營地變得泥濘，而且要額外收取$1200的費用，缺乏人情味；洗手間不方便，也沒有防滑措施，我們的家人甚至因此受傷。對我來說，這個露營地明顯以營利為主，完全缺乏人情味，也沒有確實關心營地狀況。這種態度讓人對露營經驗感到極度不滿。很遺憾。,1,1,-1,4203,,2023/05/07,0,負向
這段句子可以簡化為：露營區設施不完善、環境骯髒、設備老舊、蟑螂出沒、草地未修剪、收費高昂、服務態度差。,1,1,-1,4204,,2023/05/07,0,負向
端午節那天去湖區包場，意外發現露營車進不去，又下著大雨，旅程遠又心情受影響，只好折返。老闆的服務態度也很差，還推卸責任。這營區真的不太友善，而且還不確定能否退費。,1,1,-1,4205,,2023/05/07,0,負向
營地的排水很差，而且沒有草坪墊，下雨的時候帳篷內的床墊都濕了還有積水，真的沒辦法入睡，只好收拾收營回家，這個露營區真是讓人很失望。,1,1,-1,4212,,2022/05/07,0,負向
池子周圍有很多牛蛙，晚上會開party，聲音很吵，要戴耳塞。上游的溪水流動著，但有蜘蛛絲和蚊蟲，要小心。小黑蚊和大隻蚊的出沒時間關係很明顯，需要預防蚊蟲，出門露營要做好準備。,1,1,-1,4214,,2022/05/07,0,負向
建議在營區廁所前面的大水溝周圍加設一些圍欄，這樣晚上去廁所時就不會有危險。关于其他问题和大家说的差不多，主要是安全问题。,1,1,-1,4215,,2022/05/07,0,負向
這個露營地距離新店碧潭很近，約車程10分鐘，是城市露營型的營地。雖然可以外帶外食，但設施有些老舊，像是沒有帳前洗手台，垃圾桶只在廁所，而廁所只有一處。總共約30個帳篷，需共用的衛浴設施有些擁擠，有些區域還要走一段路才能到達設施，早洗澡可以確保有熱水。費用略高，缺少維護管理。然而，這裡的湖景很美，晚上還能看到螢火蟲，適合觀賞，但不太適合帶小孩入住。,2,1,-1,4216,,2021/05/07,0,負向
這個地方的服務態度不好，付款時倒是非常積極。網路訊號很弱，設施也相當老舊，而且蚊子超級多。場地很狹小！營位和洗手檯都沒有燈光，洗手檯老是堵塞，淋浴熱水不穩定。營位規劃顯得很隨意，到處長滿雜草，指示牌不清楚，地點也不好找。再見之後再也不想再來！,1,1,-1,4218,,2021/05/07,0,負向
這段文字主要在描述露營區的設施及安排情況。帳篷區與隔壁區緊密相連，有一些殘破的設施供拍照使用，但沒有網路服務。雖然有一些設施，但沒有鋼琴或教堂。總體而言，設施比較不太完善且區域劃分密集，但提供露營及訪客參考價格。,1,1,-1,4219,,2021/05/07,0,負向
因為有遮雨棚的好處是防雨，但是下雨時遮雨棚會滴水，地面也容易積水。他們的營地是泥地鋪碎石子，很容易積水。當時下雨，有人想加帳，但老闆說人太多，車也太多。棚區一晚收2400，再加帳就要多付1000，停兩台車。他們共有三台車、兩台摩托車，一帳睡5人，兩帳睡10人，再多一台車就要加付1000。老闆真敢講真敢收費，這樣的待遇讓作者不願再次前往露營。,1,1,-1,4222,,2021/05/07,0,負向
這個遮雨棚的空間真的太小了，它雖然聲稱是獨立的包區，但實際上與旁邊的人非常靠近。而且半夜不會有人管制，旁邊的人玩狼人殺玩到凌晨兩點。隔天也沒人來清理垃圾桶。如果不是因為不能評論而無法給星星的話，我恐怕真的一顆星都不想給。,1,1,-1,4224,,2021/05/07,0,負向
這露營區收費實在太貴了，一個帳篷要付1250，但實際提供的雨棚只有400*600，根本無法容納兩個帳篷。而且參觀者的費用也太高，每人150元，連小學生都要同價，就算帶著車還要再加收100元，還受到強制離開的規定，實在是令人難以接受。,1,1,-1,4225,,2021/05/07,0,負向
拒絕大型犬是有原因的，只要謙虛地表示仍然是新手，詢問是否可以參觀場地。店家拒絕是合理的，但增加一句請自行做功課，顯示該店並非如傳聞中那麼優秀。儘管該店離家很近，我也不再考慮前往。,1,1,-1,4280,,2018/05/07,0,負向
糟糕的經驗，我們在訂位付款後遇到了中央氣象局發佈的大雨特報，無法改期。我們有帶小孩一同參加，但營地管理者卻將責任推給露營樂訂位中心，堅持扣除60%的費用。付款後並沒有提供發票，更令人費解的是，除了扣60%外還要再扣30元作為處理費。這樣缺乏同理心，只想賺錢的商家，非常令人失望，建議避免這個雷區，糟糕又不合理。,1,1,-1,4288,,2018/05/07,0,負向
7月18日下午3點，大門關閉，旁邊的標誌上寫著需要預約才能進入，讓我感到相當失望，只好返回家中。,1,1,-1,4291,,2018/05/07,0,負向
環境不錯，但是有很多小黑蚊又毒又多，而且在雨天收帳的數量也很多。,2,1,-1,4295,,2018/05/07,0,負向
沒有人接電話，我到那裡才發現園區已經關閉了！,1,1,-1,4307,,2016/05/07,0,負向
門票無法抵餐費，食物價格偏高，煎個蛋要220元，用餐環境有待改善，廁所男女共用，且環境昏暗隔音效果不佳，建議可以考慮到土雞城享用餐點。,1,1,-1,4309,,2015/05/07,0,負向
大家要注意唷，他們進入公園時每人必須消費100元以上，而且另外還需要支付180元的最低消費！在這麼多餐廳中，從未遇到過這種情況！看起來像是在隱藏收費！大家去前一定要三思啊。,1,1,-1,4310,,2015/05/07,0,負向
這個營區實在太糟糕了：洗澡時熱水突然沒了，小孩子還在泡沫中等一小時；電力問題嚴重，連LED燈都打不亮，打氣機罷工還要手動打氣；環境髒亂，小黑蚊成群，蚊香和防蚊液也無效；還有大型蟑螂在飛行，草地高度不足，青苔遍佈石階容易滑倒；收費不公道，一人250，幼兒園以下也要收費，又不合理；照片景點老舊且不符實際情況。,1,1,-1,4338,,2022/06/08,0,負向
這個露營區真的很糟糕，有肥胖的蟑螂，散布著小黑蚊，服務也很差。在這裡露營的3年中，遇到了以下最雷的事情：1.在洗澡時熱水突然沒了，造成小孩全身泡泡等了將近1小時，水壓又小又不穩。2.估計有6個帳篷共用同一個電路，電壓非常不穩，甚至連3瓦的10顆LED 15米串燈都亮不起來，打氣機還罷工，只能手動打氣，改用LED燈條。3.這裡骯髒不堪，生態池看起來無人管理，有超多小黑蚊，點燃蚊香還塗了防蚊液，每人至少用上了20包。4.在浴室和帳篷區看到兩隻巨大的蟑螂飛來飛去。5.草坪從來沒有被修剪過，長到踝骨那麼高，石階上滿是青苔，十多個人中有四位不小心滑倒，最後大家不得不繞路。6.收費不合理，像大多數營區一樣，每人超過4人需要支付100元，但這個營區卻要收每人250元，連幼兒園以下的小孩也要收費。7.拍照景點卻多是老舊且與照片不符。,1,1,-1,4339,,2022/06/08,0,負向
這個營地越來越冷清了。如果超過每個帳篷的人數限制，他們會嚴格加收額外的人頭費和停車費。浴廁還可以，但因為有水池，所以小黑蚊非常多。其他的... 就不多談了。,2,1,-1,4349,,2022/01/05,0,負向
這照片看起來很漂亮，但實際親自造訪後，可能只能從遠處觀看和遠眺設施，效果比較好。,2,1,-1,4357,,2021/04/26,0,負向
草地上的水淤積成泥濘，表示排水不良。,2,1,-1,4358,,2021/03/05,0,負向
這段句子的意思是在選擇北部的露營區時，原本擔心連假時期南部交通擠塞的問題，但在抵達北部的營區後發現缺乏設施，且有很多小黑蚊，連使用防蚊噴霧都沒有效果。,2,1,-1,4381,,2020/03/25,0,負向
這次露營經驗真的很糟糕，在這之後應該不會再想去露營了，也不會推薦給朋友們！原因有三：1. 露營地不允許朋友來探營，探營費用又貴，而且提前並未告知這樣的規定。當我們有四個朋友前來探營時，要交付900元費用才能探營一個半小時。2. 洗澡時水溫變化大，更糟的是洗到一半時水突然停了，必須撥電話給營區主人才會幫我們重新開啟水源讓我們繼續沖涼。3. 廁所的衛生紙非常稀缺，導致許多人必須互相借用。,2,1,-1,4434,,2018/05/27,0,負向
態度不好，這次不想再去。態度不好，影響了整個團隊。,1,1,-1,4437,,2018/05/20,0,負向
照片和實際有些出入，洗手台不夠、插座距離太遠、雨天草坪泥濘且排水不良。,2,1,-1,4643,,2016/12/01,0,負向
收了錢後，不應該什麼都不管。當晚沒熱水洗澡且找不到人處理是很糟糕的情況，尤其在這麼冷的天氣裡只有冷水可用。建議您盡快找到解決方式。,1,1,-1,4704,,2021/05/07,0,負向
在竹雞區訂的地方沒有風景可看，最令人不安的是，有很多人在那裡抽菸。營區上方的年輕人很吵，一直到凌晨一點都很吵，好像沒有在理會其他人，讓人感覺很糟糕。,2,1,-1,4908,,2021/05/08,0,負向
這個季節蒼蠅真的很煩人，剛剛下午還發生了突然停電，冰箱離得又遠，晚上又遇到中華電信基地台超載，無法聯絡。,1,1,-1,4946,,2019/05/08,0,負向
當天我們在(竹雞區)露營，本來想享受一個輕鬆的活動，但被一群年輕人打亂了氣氛。他們從晚上開始喝酒，大聲喧嘩，一直吵到凌晨3~4點，讓我們無法入睡。我們向管理員反應，但只是通過電話告知他們要保持安靜，然而沒什麼效果。因此，我們對那個露營區的感受很糟糕，下次不會再去了。,2,1,-1,4977,,2021/06/02,0,負向
營主對限制很嚴格，態度和口氣也不友善，我們露營本來是為了放鬆心情，不能來受氣，真的不推薦。,1,1,-1,5224,,2024/03/08,0,負向
這個營主真是有點不耐煩，對小孩玩球不夠耐心，還因為球打到車子就生氣，連老太太也被罵了，真的無法理解為何這麼不友善。而且晚上還有人來罵垃圾亂丟，實在讓人覺得很不舒服。這樣的營區真的讓人感到極不受歡迎。,1,1,-1,5225,,2024/03/08,0,負向
服務態度極差，語氣類似在與人爭吵。,1,1,-1,5226,,2024/03/08,0,負向
這次參加的是露營活動，營區整個環境很乾淨，草坪也很舒服，廁所很乾淨有提供衛生紙。原本說好只要天氣許可就會開放泳池，可是前一天溫差大，所以取消開放。不過其實星期六超級熱，所以有點可惜沒去泳池。不過營區應該是為了露友的健康著想，第二天中午12:30就要離開全撤營，可能是營區的規定吧，有點出乎意料。露營其實是個放鬆的活動，之前的經驗都是下午2點前離開，以後應該不會再去了。因為營區很大，提供的腳踏車有點破舊，騎乘區域也不夠寬闊，小孩們撞車受傷頻繁發生，超危險。營位有超過50個，但共用一個衛浴，熱水僅提供到晚上12點，因此女生衛浴常常大排長龍等著洗澡，白天則完全沒熱水。如果習慣前一天收拾裝備的露友，這個營區應該很適合。如果習慣吃完午餐才離開或早上10點才開始收拾的露友，可能需要仔細考慮這個營區！,2,1,-1,5235,,2023/11/08,0,負向
電風扇轉得很快，蚊子滿屋飛，廁所離得很遠。,1,1,-1,5236,,2023/06/08,0,負向
這個地方的設施不夠完善，只有五間淋浴間給女生使用，廁所卻很遠。熱水供應時間只到晚上12點，但同行友人11點多去時已經只剩冷水。由於是柴燒熱水，水溫無法穩定，有可能忽熱忽冷，女生吹風機也只有一台。營地區域空間狹小，帳篷之間距離過近。雖然規定上沒有寫不能打麻將，卻告知打麻將會影響小孩觀感，要求把帳篷拉起來，而飲水機也只有一台，不時會缺水。總之，完全不推薦這個地方。,1,1,-1,5243,,2023/05/08,0,負向
廁所要排隊的人不多，冰箱裡只有一台擠滿了，還有小黑蚊要小心。,2,1,-1,5258,,2022/05/08,0,負向
1、燒木材熱水洗起來很困難，因為冷熱差異明顯。2、玩沙的小孩被規定玩的時候不能讓沙子掉出來，並有人站崗看守。如果擔心小孩會弄髒，那就不要開放活動。3、下著大雨張開帳篷已經很不方便了，還有東這個規定，西那個規定。4、要求分類，每個區域只能放1至2個桶，停車下裝備也一直被催促，草坪墊因為怕下雨會有水泥或積水，所以也被限制使用。5、洗澡時有人提醒不能浪費太多水。6、汽車必須停在停車場內（可以接受）。7、天氣好也不允許使用游泳池，寧願用來洗草坪墊⋯感覺很糟糕，保持乾淨是好事，但過度了，還不如不要開放！,1,1,-1,5260,,2022/05/08,0,負向
"1. 垃圾桶上寫著「廚餘」，但沒有提供廚餘桶，請問廚餘應該丟哪裡？
2. 下著大雨，場地變得泥濘，營友的孩子踩到泥巴弄髒了腳，被罵了一頓，建議開小一點的水，告訴孩子不要再踩到水和泥巴。否則要再洗一次。
3. 有人專門看管的沙坑，但不熟悉的孩子把沙子撒到沙坑邊緣（沒有撒出去），立刻提醒孩子說，喂，不要撒出來，到裡面玩。營友對孩子說，這樣不對，卻被工作人員責備說，那可以不要玩了。
4. 腳踏車停在籃球場內，小孩經過時有可能被大孩子的籃球擊中，非常危險。
5. 雖然提供了老舊的腳踏車供使用，但卻沒有專屬腳踏車道，與汽車共用道路，存在危險。
6. 草坪護墊被放進游泳池裡清洗、浴室的水壓不穩，只有一個區域供廁所和浴室使用，非常不方便。以上提到的情況，這是我第一次遇見這麼嚴格的營地管理者，想要體驗的營友們可以去試試看！若是對此太激烈的營友，請不要嘗試！",2,1,-1,5261,,2022/05/08,0,負向
今晚的露營經驗真是太糟糕了，12度的低溫，還跳電沒電，暖爐和電熱毯都無法使用，我真的感覺我會在今晚被凍死。,1,1,-1,5267,,2022/05/08,0,負向
全營區的200多位成人和小孩需要在晚上12點前洗澡，如果還未洗完就直接切斷水源，這樣做確實有些過分。只有一台飲水機造成缺水問題，用大桶裝水還可能遭到批評。如果我用大桶裝水給10人喝，和10人來自助裝水有什麼不同呢？營區收了這麼多人，卻只設置了一台飲水機，該不該檢討一下自己的設施是否足夠？傍晚沙坑不對小孩開放，讓人覺得意圖是什麼？營位位置擁擠，前方則還算可以。,1,1,-1,5278,,2021/05/08,0,負向
民宿的空間規劃有待加強，因為鐵皮屋旁的空地成為小孩們玩耍的聚集地，導致民宿的住客無法有一個安靜的休息空間。建議需要改善這個情況。,1,1,-1,5289,,2021/05/08,0,負向
已經很長時間沒有去露營洗澡洗到讓人瘋狂了，只能說幸好不是寒流來臨時在這個營區。雖然對於小黑蚊個人來說還能接受，但熱水真的讓人難以忍受。,2,1,-1,5300,,2020/05/08,0,負向
建議你重新整理和整修營區的草皮，這樣在雨天露營的時候才不會造成積水，避免影響露營的興致。雖然天氣不好不是你的錯，但營區排水不良卻影響了露營的樂趣，讓人感到沮喪。營主的服務很好，廁所也很乾淨，營區的視野也很開闊，值得多給一顆星。,2,1,-1,5436,,2023/11/08,0,負向
這次露營的地方草地很長，沒有修剪過，地面不平且有很多蚊子，每隻都很肥大，各種生物都出現，甚至有蟑螂。總的來說，這次露營的環境不是太理想，但可能唯一的優點就是廁所和衛浴室算是比較乾淨吧。,2,1,-1,5438,,2023/08/08,0,負向
草地長得超高，有許多蚊子、螞蟻和小黑蚊是正常現象。但如果飛來飛去的大蟑螂和小強在園區裡四處亂跑，那就要小心了！遇到午後雷雨時，最低處的營地可能會淹水，泥巴和水塔塌進帳篷內，問起他們的排水設施時，他們竟然說沒排水，土地會自己吸收，但隨後又表明排水管線內有螞蟻巢造成堵塞，無法解決，只好找人來處理！最糟糕的是，飲水機壞了也沒提前通知，要我們去營地的雜貨店購買，讓人有種被宰兩次的感覺。冰箱遠離營地！地勢不平導致護草墊全被壓爛，有割傷人的危險。1200元一天的收費，實在難以接受。唯一的優點是營地的兩位年輕打工人員很友善，廁所除了可能被草塞住之外算是乾淨的，就是這樣。,1,1,-1,5439,,2023/07/08,0,負向
這裡唯一的優點就是廁所乾淨，但草地不平、坑坑巴巴，睡覺起來腰痠背痛，營區缺乏風景有點讓人遺憾。,2,1,-1,5448,,2023/05/08,0,負向
必須至少給一顆星才能發表評論，但事實上如果想要給0顆星也可以。地費收取後應該至少保證水槽是乾淨的，如果髒了就應該要自己清洗。插座也應該是正常運作的。至於維修時間需要2至3個月這個問題，應該是營地營運方要解決的問題。總而言之，這樣的營地服務並不能盡如人意，如果不能確保草地的品質和整潔，我建議暫停營業。對於泥泞的地面和設施損壞的問題，停車也應該是營業時需要考量的事項。,1,1,-1,5453,,2023/05/08,0,負向
露營原本應該是愉快的活動，但因營區沒有停車位，造成我的車受損；水槽的水管脫落也讓我很困擾，讓我對這個地方印象大打折扣，可能不會再來了。,1,1,-1,5454,,2023/05/08,0,負向
營區竟然沒有停車位，要我們自己找，水槽的水管漏水，向營主反映後卻要我們和其他人共用，這樣的情況在這麼多露營區中實在讓我感到非常困惑！,1,1,-1,5455,,2023/05/08,0,負向
這裡的限制很多，設施卻很不完善！停車位不足，水槽壞了還要和別人共用，電插座只能用一半，設備也沒有提供，真的很糟糕！,1,1,-1,5456,,2023/05/08,0,負向
廁所需要打掃，有虎頭蜂需要處理，蚊蟲很多，游泳池沒水，早上10:30就已經在收帳了還一直被催，整體體驗很差。,1,1,-1,5458,,2023/05/08,0,負向
如果可以的話不想給草太長。雖然只有一個工作人員，對於這樣的服務，不需要太多要求，畢竟我們去露營是希望開心渡假。,1,1,-1,5461,,2023/05/08,0,負向
整體環境不是很好，廁所有濃重的尿味，淋浴間沒有清潔過，冰箱直到客人到才打開，兒童戲水池已經髒到看不見底，還有很多小黑蚊⋯,1,1,-1,5462,,2023/05/08,0,負向
廁所沒有被打掃、草地長得像小樹、冰箱發霉沒有整理、溪水池像是個生態池，整體看起來不太好。,1,1,-1,5463,,2023/05/08,0,負向
從周六中午到周日快中午的這段時間裡，廁所沒有被清理過，也沒有補充衛生紙。,1,1,-1,5464,,2023/05/08,0,負向
這個地方收了太多房客，房間都排得太近，晚上鄰居吵得讓人根本無法休息。只因為環境乾淨和營主親切，所以給了一顆星。不過應該不會再來了。,1,1,-1,5471,,2022/05/08,0,負向
營地的植被稀少，排水不良導致土壤鬆軟，當大風吹來時，營釘會被拔起；再加上沒有棧板，地面都是泥巴，可以用一個字來形容：慘。給一顆星是因為遇到了一位帥哥，他的服務還算不錯。,1,1,-1,5472,,2022/05/08,0,負向
營區管理者任由吵鬧的客人不受約束，他們從中午狂嗨到凌晨四點！？我們無法制止酒醉的客人，而且營區的電話也沒人接，過了午夜12點也沒人出來制止，這嚴重影響了其他客人的休息時間。營區的使用規定明確禁止卡拉OK，卻讓這些客人一直唱到快天亮，甚至引來警察前來勸導，這個營地不太推薦。,1,1,-1,5476,,2022/05/08,0,負向
這個營區風景不錯，營主也很熱心，但是環境清潔有待加強，尤其洗水槽和冰箱。我們這次住在貨櫃露營屋時，一進去發現室內拖鞋都濕了，問了打掃阿姨，她說有用酒精消毒水，但可能噴得太濕了。更讓我們不解的是，在洗澡的時候水會突然停，甚至停2-3分鐘之久。在這種天氣裡被停水真的不好受，大人小孩都洗到哇哇叫，感覺真的很冷。,2,1,-1,5482,,2022/05/08,0,負向
這個房間並不像網路上的評論說的那麼寬敞，小孩子在整理東西後幾乎沒有玩耍的地方，但其他的公共設施還算不錯。,2,1,-1,5491,,2021/05/08,0,負向
帳篷之間的距離太近了，會受到干擾。洗碗的水槽太低，只到膝蓋的高度，得劈腿才能洗。B區和C區共用衛浴，人多時環境變得亂且髒，並且缺乏定期打掃，必須特別提醒才會有清潔。深夜時並未控制隔壁露營者的噪音，連續兩晚都聽到隔壁帳篷中有人大聲歡唱聊天直到清晨五、六點，多次向營地負責人反映都沒有改善。整夜不停地唱歌聊天，從午夜12點到清晨6點，沒有規限其他客人行為，這影響了整體的品質，讓我感到很糟糕，下次不會再考慮入住。,1,1,-1,5497,,2021/05/08,0,負向
飲水機離營位太遠，冰箱也是，所以環境很吵，停車也不方便。,2,1,-1,5498,,2021/05/08,0,負向
環境設施很好！只是...管理不夠嚴格！讓其他客人...在凌晨喧嘩不斷！影響了大家的休息時間..,1,1,-1,5515,,2020/05/08,0,負向
硬體設備不錯，廁所衛浴設備也很乾淨。但是在露營區裡，有三隻大狗一直在帳篷周圍遊蕩，從晚餐到半夜都讓我們感到困擾⋯入睡時它們也不斷地嬉鬧，讓我們難以入眠。雖然不討厭狗狗，但牠們在用餐時繞來繞去確實造成了困擾。除了這些狗狗的問題之外，其他方面都還算不錯，真的。,2,1,-1,5520,,2020/05/08,0,負向
環境雖然宜人，但是小黑蚊很多，野狗半夜會翻垃圾筒，一直在帳篷外走來走去，讓人睡不好。,2,1,-1,5521,,2020/05/08,0,負向
這個地方很吵，因為羅馬公路就在附近，晚上要不是摩托車聲就是跑車聲，相當熱鬧！另外，露營地規定非常嚴格，甚至不允許客人踩草皮，難道是希望他們飄起來嗎？每帳1200元的價格，卻沒有美景和高海拔的新鮮空氣，這樣價格有點高了。如果要多給一顆星的話，可能是因為附近有很多螢火蟲可以讓人放鬆心情，這是我唯一讚賞的地方。,2,1,-1,5534,,2019/05/08,0,負向
各區間的距離太過接近，營位過於擁擠，晚上鄰居一直聊天到凌晨1、2點，造成很大噪音。,2,1,-1,5538,,2018/05/08,0,負向
兔子最好不能養在室外，對牠們的飲食也很重要。若想透過動物賺錢，應該好好學習有關兔子的知識。店家回覆表示，兔子主食應包括無限供應的提摩西草和煮過的飲用水，同時需要適量的飼料。兔子適合生活在17-25度的環境，應避免潮濕及淋雨，以免引起黴菌和脫毛皮膚疾病。在高溫下暴露長時間也會讓兔子中暑。曾有兔子因在室內夏天無冷氣下生活而肝功能異常上升的情況。作為一名兔子飼主，應該提供良好的生活環境，避免讓牠長時間在高溫下，同時分享知識給店家，期望能為動物提供友善的生活環境。,1,1,-1,5737,,2022/05/08,0,負向
這地方風景不錯，但環境和服務人員的素質還有待改善。,1,1,-1,5799,,2019/05/08,0,負向
這家五星級飯店有很多蚊子和蒼蠅，不管是早上還是下午，甚至連管理員也說要買蒼蠅貼片。,1,1,-1,5807,,2019/05/08,0,負向
營地主人希望大家注意保護野生動物，請不要打擾或驚嚇牠們。,1,1,-1,5813,,2019/05/08,0,負向
設施普通，景觀一般,2,1,-1,6069,,2023/12/08,0,負向
一開始說可以搭帳，但在大熱天搭好帳之後又說不能在這區搭帳，只能停車。又要再移一次位置，真是令人掃興，而且路況很糟，車底還敲到了。,1,1,-1,6073,,2023/07/08,0,負向
洗澡時水溫不容易調節，而且沒有飲水機。,2,1,-1,6076,,2023/05/08,0,負向
菠蘿蜜區洗頭的時候熱水突然用完了！這個區域與其他區共用兩間廁所和衛浴間（其中包括蹲式和坐式馬桶）。營區內不允許開車進入，所以營區的設備需要由營主用牛車運載。,2,1,-1,6079,,2023/05/08,0,負向
房間跟照片中的差異很大，讓我有些失望。房間已經很久沒有打掃過，到處都有跳蚤，讓我皮膚癢癢的。我們忘記帶食材，當我們打電話詢問時，對方以為我們不需要了，讓工讀生打掃並且帶走食材。下次應該先確認營地的管理者是否有準備好我們需要的物品，我必須承認處理這件事情的方式讓我感到無法接受，有待改善。但是我也不能全然怪他人，這也是我們的疏忽。,2,1,-1,6090,,2023/05/08,0,負向
環境不錯，營區主人很熱情，我們租了五帳篷包區待兩晚，但卻只有一間浴室可以洗澡，每次洗澡都要排很久。我們這次只有8個人，已經算少了。如果正常情況下五帳篷包區有10-15個人，要洗到什麼時候呢？,2,1,-1,6099,,2022/05/08,0,負向
看起來你在網路上訂露營營位的經驗並不順利。你的感受是：1、訂金支付後，詢問問題時未收到回覆；2、入住時沒看到老闆或老闆娘；3、共用兩間盥洗室的衛生狀況不佳；4、洗澡要排隊，不方便；5、缺乏提供肥皂、洗碗精、沐浴用品等。希望你能得到更好的旅行體驗！,1,1,-1,6137,,2019/05/08,0,負向
有人會這樣做生意嗎？為了夜場接包而要求已經訂位的客人取消訂位，還要求改訂到其他日期？我真的輸給你了，店主！「人無信而不立，業無信而不興」，這是古代的明訓！,1,1,-1,6320,,2023/06/09,0,負向
所有房客都很安靜，只有星期日早上業主的朋友來訪，竟然在前面聊天。他們從早上6點多開始聊，一直聊到近8點。這讓人有點難以入睡啊，如果要開店做生意，就應該注意這一點。其他方面都還算不錯。,1,1,-1,6328,,2023/05/09,0,負向
這個露營區不是由原住民經營，訂單確認後竟然被管理員修改，多收了一些錢。整個環境並不讓人感到放鬆，隨時都有被營區主人監視的感覺。也許應該考慮取消這個露營區，將其還給原住民經營生活。,1,1,-1,6580,,2023/09/09,0,負向
冬天如果您計畫帶著小孩前往一個營區，我非常慎重地建議您不要選擇這個地方。雖然該營區並不允許使用高功率電器，但仍然出現頻繁跳電的情況。營主對此感到極度憤怒，時常罵髒話，有時甚至能聞到煙味，顯示營主可能吸菸。唯一值得一提的是，他們的廁所保持得相當乾淨。,1,1,-1,6593,,2023/05/09,0,負向
這個營區在冬天可能不太適合，因為不能使用低功率的電暖器，容易造成跳電情況。另外，營主可能會批評冷的人不適合露營，而且工作人員也可能不太友善。,1,1,-1,6594,,2023/05/09,0,負向
營地廁所很乾淨！我想要在山上露營以放鬆心情，吸收芬多精，但營地主人總是在帳篷附近不停地抽菸！如果打算帶孩子來露營，會擔心他們會吸到二手菸或接觸到三手菸，所以不推薦這裡！只給一顆星好評，是給營地主人提醒要注意二手菸的環境。,1,1,-1,6597,,2023/05/09,0,負向
營區環境整潔，整體情況還不錯。洗澡熱水充足，但電力供應有時不穩定，如果無法提供足夠電力，請事先通知，切勿責怪露營的朋友。請定期檢修供電設備，因為電力會在凌晨斷電，連廁所都沒有燈，相當不方便。營區允許無限制使用卡拉OK，因為營區擁有者也參與卡拉OK歌唱。護草墊已清楚標示使用方式，不必再強調露營的朋友可以在上面使用椅子。,1,1,-1,6614,,2022/05/09,0,負向
露營區和浴室設施環境良好，然而除了營主之外，其他女性工作人員的態度極差！非常糟糕！一點也不友善！我聽到很多營友問問題，有位女性工作人員回答時態度非常差！口氣很不客氣！我不會再光臨這裡了…,1,1,-1,6617,,2022/05/09,0,負向
環境整潔，熱水供應僅至晚上十點，並且洗手台旁的燈光也於同時熄滅，營地主人夫妻似乎缺乏熱情⋯⋯⋯⋯,2,1,-1,6625,,2022/05/09,0,負向
這位使用者表示在馬胎227進行露營時遇到了一些問題，營區環境清幽乾淨，但晚上有其他客人喧鬧到深夜，一直唱歌聊天，營主沒有制止，直到友人提醒後才有所改善。最後，營主解釋這些客人大聲是因為喝酒的緣故。整體來說，使用者在馬胎227的入住體驗並不完美。,2,1,-1,6640,,2021/05/09,0,負向
營區的容納量超出了極限，各個帳篷相互擠在一起，活動空間幾乎沒有了。酒鬼很多並且很吵鬧，這裡不太適合親子活動。,1,1,-1,6655,,2021/05/09,0,負向
太多人了，擠得不得了，真是無語。,1,1,-1,6659,,2021/05/09,0,負向
在馬胎227營地，只有中華電信有訊號，其他家都沒有。營地有提供WIFI。路上需要小心駕駛，因為道路彎曲，看不到來車。靠近營地的道路正在整修，非常凹凸不平，有很多石頭容易刮傷底盤。營地的場地小，分區很密集，孩子沒有多餘活動空間。營地環境有蟑螂和很多蒼蠅，但因位於海拔750米處，沒有小黑蚊。廁所離廣場不遠，很乾淨，旁邊還有小溪可以戲水。營地的雞隻不受限制地跑來跑去，早上可能會打擾您的睡眠。如果您可以接受以上情況，歡迎前往體驗，但我個人是不會再去了。,2,1,-1,6660,,2021/05/09,0,負向
目的地附近的道路狀況真的很糟糕，地勢崎嶇，需要多次走錯路。營地面積很小，甚至連供小孩奔跑的草地都沒有。到達營地後，無法駕車下山，只好把車停在遠處，步行抵達營地。,1,1,-1,6661,,2021/05/09,0,負向
營地已經滿了，還接待了太多客人，老闆養的雞整晚都在叫，根本無法入眠。,1,1,-1,6664,,2020/05/09,0,負向
這個營區容量不大，沒有美景可以欣賞，但有溪水和兒童滑梯，滑梯的設施相對完善，只可惜沒有沙坑。廁所和浴室保持乾淨，但地面總是潮濕。綜觀全場，只有B區比較適合搭建帳篷。營地中放養了幾隻自由走動的雞，不停地咕咕叫有點吵。相較之下，這些雞比被關在籠子裡的狗要幸福。清晨時分真是雞啼狗吠不斷......不過大自然的蟲鳴鳥語卻是有的。總的來說，目前真的沒有太多好選擇可以前往了！,2,1,-1,6668,,2020/05/09,0,負向
營地可能會多收費用，營區空間有點狹窄，停車位有點不夠！,1,1,-1,6676,,2019/05/09,0,負向
這家營地的主人和家人都態度不好，而且任由家裡的狗在隨處亂大小便。,2,1,-1,6693,,2023/03/07,0,負向
沒有使用高功率的電器，卻一直跳電，而且還說天氣冷就不要出來露營，甚至罵髒話，有點太過分了。看來可能使用了功率380W的第六代設備。,2,1,-1,6697,,2022/12/13,0,負向
B2區蟑螂很多，偶爾還可以聞到狗屎的味道。,2,1,-1,6728,,2020/08/21,0,負向
這個營地的管理不周到，廁所沒有打掃、垃圾沒有清理，廁所的味道很可怕，洗澡的瓦斯也不穩定。每天晚上要先查哪一間有熱水，然後人擁擠、旁邊的帳篷的談話聲也很吵，無法好好休息。打電話請求營主來處理，卻要等兩個小時才能有所動作。我覺得這輩子不會再來第二次這裡，相同的景觀和價格下有更好的選擇。只給一顆星是為了美好的景觀。,1,1,-1,6753,,2024/04/11,0,負向
這個地方非常狹小拥擠。每天半夜都有野狗來搶食物。垃圾桶並不是獨立使用，而是需要與其他住戶共用。,1,1,-1,6756,,2024/04/09,0,負向
這個地方的住宿環境並不理想，房間隔音差，廁所在外面且沒有吹風機，還很不方便。另外，露營區的廁所常常髒亂，使用人數眾多卻沒有好好清潔。,1,1,-1,6758,,2024/04/09,0,負向
第一次參加營火活動，晚上主辦人也沒來巡視，於是我打雙11點後給主辦人打電話。結果發現有些人仍然在露營區群聚喝酒作樂。主辦人到場後，噪音仍然持續，服務也不夠周到。,1,1,-1,6766,,2024/03/09,0,負向
對不起，我無法進行這樣的翻譯。,2,1,-1,6771,,2024/01/09,0,負向
我們原先預訂的前排位置，卻被安排到中間的草皮區，詢問老闆後得到的回答讓我們感到困惑和失望。原本以為自己是夜衝的一員，後來才發現位置被安排給了後來才訂位的人。,1,1,-1,6773,,2024/01/09,0,負向
"1. 半夜1點多時，B區的露營友，有大人大聲說話，小孩嬉鬧聲不斷。
2. 營帳和營帳之間距離很近，營繩差一步就要碰到一起了。
3. 垃圾桶太少，擺放在營位前，建議將其擺放在營位後或區域入口，才不會有人一直走來走去。
4. 營友的素質很重要，希望不要在別人的帳篷前走來走去看人家的裝備，這樣很不禮貌，請繞過帳篷後方行走。
5. 請規劃吸菸區，下風處聞到煙味，地上還有煙蒂不是好的露營環境，將不再考慮此地點。",1,1,-1,6776,,2023/12/09,0,負向
我昨天剛從騰雲露營區回來，露營的經驗讓我感到非常失望⋯ 從浴室的狀況（最後一間沒熱水）到飲水機的灰塵，都讓我感到不滿⋯ 冰箱又小又亂，草地上還有很多蜈蚣⋯ 環境設計怪異，缺乏小孩活動空間，營位之間的間距也太近了（像是夜市攤位一樣）- 晚上很晚時還被隔壁營位的吵聲影響，營區管理者也沒有管制；還有帶狗的露營者無法控制好，經常跑到我們帳篷區，這對有小孩又害怕狗的我來說是個大困擾⋯- 我是在看完特一區的評論後才決定去的，因為我對那些千篇一律的好評感到懷疑，但實際上我只看到我帳篷前面有顆大樹⋯我絕對不推薦這個地方。,1,1,-1,6786,,2023/11/09,0,負向
有些流浪狗不僅沒有被安全收容，還造成了被咬走了一隻雞。這裡有很多流浪狗，還有一些戴著項圈的眷犬。洗澡的水溫時冷時熱，導致了燙傷。還遇到了一個沒有禮貌的女露營者在浴室裡方便，並把衛生紙亂丟在地上。,1,1,-1,6797,,2023/08/09,0,負向
打了二三十通電話都沒有接，沒有熱水，待在裡面等了二十幾分鐘，水還時冷時熱，這種露營區如果不給六顆星就不行了，這一顆星是多出來的。,1,1,-1,6802,,2023/05/09,0,負向
這個露營區的清潔頻率真的很低，打電話反應後都還沒有來清潔。此外，熱水時冷時熱，而且睡眠品質也不穩定，早晨受寒流影響起床很痛苦。,1,1,-1,6817,,2023/05/09,0,負向
廁所設施不太完善，其潔淨程度亦存疑。且熱水供應時大小不一。致電營地管理方反映廁所不乾淨的情況，但營主未予處理。,1,1,-1,6818,,2023/05/09,0,負向
這個營區雖然靠近野營體驗，但收費卻很高。不僅上山路況狹窄不易車輛通行，抵達後還需要自行找地方露營。海拔超過1000m，且車輛眾多，離去時也不方便。在此還遇到了從未有過的雷雨天氣，半夜電箱爆裂導致停電，室外溫度只有8度。訊號薄弱且停電時Wi-Fi無法使用，營主還禁止使用網路。洗碗槽水壓低甚至停水，小孩洗澡只有半斤水；抽水馬達發生故障，馬桶水壺無法蓄水，需要手動舀水。衛生間髒臭，有未沖洗的排泄物。營區沒有宵禁，吵雜的環境適合夜貓子。管理不善，營區許多訪客造成硬體設備超載，是一次非常不愉快的營地體驗。,1,1,-1,6822,,2023/05/09,0,負向
直接掛電話可能會給營主一個不友好的印象。可以婉轉地說明情況，比如：「抱歉打擾，這裡的廁所沒有衛生紙了，希望能補充一下，謝謝。」這樣更有禮貌且有效果。,1,1,-1,6825,,2023/05/09,0,負向
在聖誕夜，營地跳電後管理員處理速度緩慢，還發出警告說如果再有電力浪費，整個區域的供電都會中斷。朋友來幫忙修理水電時沒要求另外付費，但帳單的用電量仍需注意。營區清潔不需要那麼頻繁，而且擔心要開設新的營位所帶來的問題。,1,1,-1,6832,,2023/05/09,0,負向
上述情況導致團露管理混亂，帳位安排困難，且有露客未遵守規定離開。另外，部分營位過小無法搭建帳篷，照片也與實際情況不符。營主需改善管理措施，提升信譽與品質。,1,1,-1,6833,,2023/05/09,0,負向
晚上的夜衝情況讓人無法接受，直到深夜11、12點還有車輛上山，車燈和帳篷裡搭帳者的喧嘩聲音一直持續到凌晨。第二天清晨，發現帳篷外的草地滿是蜈蚣，雖然使用了護草墊，但仍有蜈蚣進入帳篷，數量甚至比螞蟻還多。營地景觀優美，夕陽和星空的景色令人難忘，清晨時分則彷彿置身仙境般被濃霧所籠罩。廁所和浴室設施不足，但有冰箱和飲水機可供使用。幸好是在假日前夕抵達，否則半夜被吵醒的夜衝活動令人難以忍受，只得一大清早就離開，無法在這個擁擠且無法放鬆的營地停留太久。,2,1,-1,6842,,2023/05/09,0,負向
在營地冰食材的時候，營主說冰箱剛開，但已經冰了快一小時，溫度還是27度！比我家的冷氣還要熱？！連冰塊都直接融化了！晚上洗澡時，朋友們剛進浴室就發現沒熱水，修好後我們進去洗，只有最初兩分鐘是熱水，之後全程都是冷水。我們只好忍耐冰冷的水花了半小時洗完澡。雖然營地風景很美，但設備真的有待加強。,1,1,-1,6849,,2023/05/09,0,負向
建議每次來這裡露營都會有不一樣的好天氣呢！,1,1,-1,6856,,2023/05/09,0,負向
風景不錯，沒有其他人所說的那麼神；wifi 表現順暢，衛浴設施還算可以，只是熱水不太穩定；最大的缺點是太過擁擠，露營區停車場不太夠，帳篷密度較高，前往的人請自行考量；不要聽信網路上的過度吹捧。,2,1,-1,6859,,2023/05/09,0,負向
在B區露營就像在停車場露營一樣，完全看不到風景，讓人感到非常不開心。,1,1,-1,6860,,2022/05/09,0,負向
環境清潔需要改善，營區內帳篷過多，整體品質不佳。,1,1,-1,6864,,2022/05/09,0,負向
"1. 冰箱只有冷藏功能，冷度不夠，且有濃烈異味，看起來已經有一陣子沒有清理，而且沒有冷凍功能，食材大部分都是在室溫狀態。   
2. 各家電信信號都不太好，雖然提供了WiFi，但信號不太穩定。  
3. 預訂的露營區域沒有大景和帳篷，也不願意看著其他人露營。現場停車位其實很多，但A區卻擺放了一整排車輛，如果沒有辦法預訂觀景的位子，B區的營位會直接面對其他人的車輛，和官網宣傳的不太一樣。向營地管理者反應後，對方卻表示這是原來的規劃。  
4. 浴廁前滿滿蜘蛛網和蟲蟲，讓孩子們可以觀察生態，浴廁雖然很大，但從抵達到離開垃圾桶都滿滿的，清潔狀況待加強。  
5. 特地前往觀景區，無論是白天還是晚上，景色真的是非常美麗的。",1,1,-1,6868,,2022/05/09,0,負向
營地管理說只有A區的車輛可以停得像是在停車場一樣。其他區域的露營區會面對一整排的車輛也是很正常的。建議如果訂不到A區，不妨考慮在附近的停車場進行野營。,1,1,-1,6869,,2022/05/09,0,負向
B區停車位設計不足，帳篷和車輛擁擠在一起，園區告示牌要求停在外面，但允許A區的人停在旁邊，與原先的規劃不符。收取1000元的費用卻感到被欺騙，希望營地負責人能提供清楚的說明，避免造成到場才發現的困擾。望景觀全被他人車輛擋住，對老闆消極態度感到失望。,1,1,-1,6870,,2022/05/09,0,負向
這個地方處處都在唱卡拉ok，而且聲音太大了卻沒有人管理，這樣不僅浪費了美麗的景觀，真是讓人感到失望。,2,1,-1,6882,,2022/05/09,0,負向
這裡螞蟻真的很多，住了兩晚真的很嚇人。,2,1,-1,6907,,2022/05/09,0,負向
特區裡1200元一晚的營位，似乎大多營主都沒有考慮到設置帳篷營繩的問題，而且營位設計非常狹小。可以透過照片中的保特瓶來作為參考尺寸比例來看。,1,1,-1,6953,,2021/05/09,0,負向
營區人潮眾多，每個營位都被安排得擠擠挨挨，連5＊8的位置都沒有，最後被安排在左側第一個紅圈處，夾在兩棵樹中間，還被多收了三個人，讓人下次不想再來了。,2,1,-1,6957,,2021/05/09,0,負向
夜晚的景色真的很漂亮，讓人感到心情舒暢、身心愉悅。不過，浴室設施似乎有點問題，熱水要麼太燙容易燙傷，要麼太冷，而且營地的排水系統也不太順暢。希望能有所改善。,2,1,-1,6964,,2021/05/09,0,負向
"優點：雲海美麗，夜景宜人，夕陽燦爛，草地平坦。
缺點：建議減少營位數量以擴大活動空間，增加浴廁數量和標示，改善水壓和水溫穩定性，解決停車空間不足及營區規劃混亂問題，網路訊號以中華電信為佳，其他電信業者訊號不佳，WIFI信號不穩定。",2,1,-1,6966,,2020/05/09,0,負向
這意味著在營地深夜時，營主可能會要求遊客結帳離開，讓他們無法再次入住。,1,1,-1,7009,,2019/05/09,0,負向
優點：D區場地很寬敞且樹蔭優美，因有樹蔭，不需設置天幕也能避免曬到陽光，非常方便。 缺點：環境整理需加強，水槽相當骯髒混亂，明顯沒有進行清潔。廁所內滿佈著蜘蛛網，顯示很久未清潔。營位及廁所門口的洗手池有大量蟑螂，且它們體型巨大且會飛，衛生環境實在不理想。,2,1,-1,1,,2024/05/06,0,負向
廁所的清潔不夠及時，有點臭；吹風機效能不佳，容易過熱斷電；浴室熱水不穩定，甚至沒有熱水可用；冰箱容量不足，擺不下太多東西；洗手台斜斜的，不能方便地放置物品。,2,1,-1,16,,2023/12/06,0,負向
這個營地的衛生狀況非常糟糕，營區缺乏適當的環境管理和清潔措施，使得整個設施難以維護。冰箱髒亂不堪，甚至沒有備妥衛生紙。在這樣的情況下，遊客再也不願意再次造訪了。,2,1,-1,21,,2023/11/06,0,負向
這是一個描述在萬聖節活動中扮演鬼滅之刃女生的人員狀況並感到不耐煩的情境。該人員表示，雖然環境還可以，但人員的態度需要改善。該人員對於被問到問題時的不耐煩回應方式感到懊惱，表示如果不是因為小朋友在場，可能會當場表達出不悅的情緒。,1,1,-1,22,,2023/11/06,0,負向
營地的營位照明不足，我們中午抵達時發現廁所非常骯髒混亂。直到晚上十點，情況仍未改善！垃圾桶滿溢，地上散落著衛生紙，馬桶髒亂不堪，幾乎每個廁所讓人感覺很可怕…,1,1,-1,36,,2023/05/06,0,負向
水壓波動，溫度不穩定，流理台狀況嚴重，共用四至五個帳篷，有野貓野狗出現；遇到會大聲喧嘩、失控的人，建議不要參加露營。夏天的美景讓人尷尬，整晚聽到你的抱怨！,2,1,-1,38,,2023/05/06,0,負向
營區應該是規定22:00以後要降低音量的啊！為什麼還有一些團體在半夜兩點還在吵鬧彈吉他，而且似乎沒有人來管制呢？難道不應該讓大家好好休息嗎？,1,1,-1,45,,2023/05/06,0,負向
廁所裡味道不太好，好像已經有好幾天沒有清潔過，衛生紙都用完了也沒有補充，雖然周圍環境很美，就是被帳篷和車擋住了。,2,1,-1,46,,2023/05/06,0,負向
這個場地雖然很寬敞，但F區的情況真的不太理想。為什麼要把壓縮機放在旁邊，還要讓人搭帳篷？而且整晚都沒有停過，就算有停也很快就重新開始叫，完全讓人無法入眠啊~,1,1,-1,50,,2023/05/06,0,負向
營區的周圍風景優美，空間也很寬敞，但因為營區接待的人數眾多，廁所供應不足且缺乏清潔，希望加強清潔頻率和提供更充足的衛生紙。浴室也顯得不足，倒數第二間沒有熱水，水溫和水壓都不穩定，並且排水系統不良導致廁所積水。最不能容忍的是居民直接在當地焚燒垃圾，這樣做是否合理？,1,1,-1,68,,2023/05/06,0,負向
簡而言之，這位用戶在假日人多時遇到沒有熱水的情況，通知老闆後得到不負責任的回應，讓他感到非常生氣和失望。他提到等待20分鐘還是沒有熱水，並問瓦斯到底去哪了。他表示這種處理方式太誇張，以後不會再光顧該地點。,1,1,-1,96,,2022/05/06,0,負向
廁所很髒，花了兩天的時間也沒有熱水供應，真的不推薦。,2,1,-1,106,,2022/05/06,0,負向
這次露營經歷真是太艱苦了！連續三天都步行在爛泥中，真是辛苦啊！上廁所時路上沒有路燈，一路上都在踩著爛泥前去和回來，營區的排水系統不好，即使沒下大雨地面也積滿了水淋淋的，還經常跳電，熱水也不夠熱。這個露營區讓人難以忘懷啊！,1,1,-1,108,,2022/05/06,0,負向
廁所和浴室合併在一起，洗澡時還能聞到廁所的異味，並且洗手槽也有嚴重的不足。,2,1,-1,112,,2022/05/06,0,負向
房間雖然不太乾淨，但春節價格還可以。,2,1,-1,114,,2022/05/06,0,負向
夠差，第一天只有冷水，第二天居然斷電，營地老闆賺得盆滿缽滿。,1,1,-1,118,,2022/05/06,0,負向
營區的環境很舒適，有溪水和螢火蟲，不過有人提到一年前浴室的水溫不穩定，今天卻全程冷水沒有熱水，真是令人失望。,2,1,-1,148,,2021/05/06,0,負向
儘管場地寬敞，但營區規劃過於密集，導致活動空間有限。活動區域缺乏樹蔭，容易過熱，且洗澡設施不足，需要排隊。雖有螢火蟲和溪水可玩，但其他露營區更為優越。,2,1,-1,149,,2021/05/06,0,負向
建議營地管理者增加洗碗槽和插座的數量，使營地更便利。同時修復熱水出現忽冷忽熱的問題。另外，提議營主設定晚上十點後保持安靜原則，以避免夜間大聲喧鬧。若遇到隔壁帳篷的人在半夜十二點還在大聲聊天，建議與他們溝通，希望他們能夠尊重其他營客的休息需求。,1,1,-1,176,,2021/05/06,0,負向
浴室間數不足，淋浴水溫不穩，排水不暢，地板有太多碎石，廚房洗碗槽不夠用。,1,1,-1,190,,2020/05/06,0,負向
營地條件很差，廁所非常髒，只有一間衛浴有熱水，但收費卻是1200。,1,1,-1,204,,2020/05/06,0,負向
這個營地沒有熱水可洗澡，廁所非常骯髒，是我見過最糟糕的地方，完全沒有兒童遊樂設施，收費是1200元，真的完全不值得，這是我這輩子再也不想去的露營地，真的很糟糕。,1,1,-1,205,,2020/05/06,0,負向
排水效果不好，下雨後草地變得泥濘。,2,1,-1,207,,2019/05/06,0,負向
熱水供應不穩定，建議不要使用。,1,1,-1,209,,2019/05/06,0,負向
翻譯成：在營區裡不允許唱卡拉ok或是使用高分貝音響，但我們卻遇到了這樣的情況。有人唱歌直到晚上11點，其他區域也效仿接著播放音樂。此外，營區外面還有施放腐臭肥料，散發出難聞的氣味，吸引了許多蒼蠅。雖然晚上有提供桂圓銀耳甜湯，但還是希望營主能夠制止這些行為，以免損害營地的聲譽。,2,1,-1,279,,2024/04/06,0,負向
"1. 營主非常熱情，在這樣炎熱的天氣下，送來了清涼透心的點心。

2. 營主也很專業，聲稱附近都有些微的小黑蚊，但結果我們前三名的蚊子數字分別是34、33、19。很想知道在老闆心中，到底多少數量才算多。

3. 洗手間非常乾淨寬敞，共有四個，但有可能會有小昆蟲或小寵物，一定要留意。

4. 愛釣魚的朋友要格外小心，釣到幾條魚後務必放好，老闆會監視著，看是否有人藏他的魚。當需要召喚老闆時，在監視器前揮揮手，他就會來了。感謝讓我在露營區中被小黑蚊叮破記錄。",1,1,-1,334,,2023/05/06,0,負向
明知道螞蟻在繁殖期時數量會增加很多，卻從沒告訴過，結果讓露營體驗大打折扣。,1,1,-1,373,,2021/05/06,0,負向
這個營區的設施真的需要改進啊，夏天的悶熱讓人難以忍受，而下午的雷陣雨也會造成排水問題，加上泥濘的路面更讓露營體驗變得不那麼愉快。希望能有所改善。,1,1,-1,375,,2021/05/06,0,負向
草地營地如果設在洩水道旁並不理想，因為下大雨時會在旁邊形成一條大水溝。營主應該仔細考慮是否將營地設在水槽旁會比較理想。,2,1,-1,376,,2021/05/06,0,負向
這次露營經驗真是意外耶，營地設計好奇特呢！雨棚直接搭在營主家門口，營主家人還經常從旁邊進出，感覺完全沒有隱私啊。明明租了營位，卻不可能完全佔滿空間，還得留條走道給他們通行，這樣壓縮了搭帳的空間，實在很不方便呢！,1,1,-1,417,,2024/04/03,0,負向
園區內可能放置了捕獸夾！攜帶寵物的遊客要特別注意安全。,1,1,-1,467,,2024/02/06,0,負向
這個地方似乎讓你感到不滿，規定很多而且束縛。希望下次能讓您更開心的消遣。,1,1,-1,468,,2024/01/06,0,負向
訂了雙十連假10/7~10/9的5+8帳（二區），由於颱風即將來臨，為了成年人、小孩的安全考量（營地不存在護草墊，且只要下大雨就會淹水），營主拒絕延期，因此取消預訂，被扣除訂金60%。我認為這樣的處理合理，但不合理的地方在於裝備租借費用，即使未使用裝備，卻無法獲得全額退款，理由是營主表示是透過廠商代訂的？可事實上裝備就一直存放在營地倉庫，這又怎麼會跟廠商有關呢？我向營主詢問，如果下大雨導致營地排水不良，帳蓬進水，應該如何因應處理，但營主卻避而不談，只說營地是戶外的地方，難免會淹水。這是顯然有去過的人都會了解的情況，所以在預訂營位前應該多參考營地的評論，通常才不會有太大的誤差。,1,1,-1,475,,2023/10/06,0,負向
露營地沒有提供垃圾桶，需要將垃圾拿到廁所外的垃圾桶丟棄。營地主人沒有提前告知季風問題，突然強風造成帳篷和炊事帳受損。地板是石頭，難以釘好營釘，而且可能連假期間電壓不足。計畫前往露營的朋友們要考慮這些因素！,1,1,-1,482,,2023/05/06,0,負向
這次露營經驗讓我們印象深刻，總體而言，衛浴保持得相當乾淨，清潔措施也相當積極。然而，營區地面的碎石非常硬，難以釘營釘且容易損壞，營位也沒有提供護草墊。垃圾桶和廚餘桶僅設於衛浴處，需要走很遠。另外，營位是階梯式的邊坡，陡峭且沒有護欄，對小朋友非常危險。晚上氣溫接近零度，大家只能依賴煤油暖爐或焚火台取暖，即使睡帳內有黑設+電熱毯，情況依然寒冷。在第二天晚上跳電三次，營主要求賠償，儘管我們並未使用高瓦數電器。最終，營主停止供電，令我們只能依賴煤油暖爐取暖。隔天，小朋友感冒，對此服務態度只能說令人失望。這次經歷讓我們決定將這營區列為永不造訪的黑名單之列。,1,1,-1,486,,2023/05/06,0,負向
"1. 起初老闆態度友好，但付款後表現徹底改變。當我提到家人突然離世，因此無法露營時，老闆一直催促我提供相關證明以獲得退款。我可以理解需要提供證明，但事情發生當天是無法立即取得訃聞，也沒有人會拿這種事情開玩笑。
2. 抵達露營區後，花了兩個小時才完成帳篷的搭設，營主卻趕來要求結清尾款，讓我感到相當不快。
3. 我們租借的床墊有漏氣問題，換過依然無法解決。當我向營主反映時，他卻斥責我毫無顧忌地生氣說：「知道會漏氣還租，那就別租了！」這種管理方式令人感到無奈。
4. 垃圾桶離露營區很遠。
5. 洗澡水溫不夠熱，不建議在冬天露營。",1,1,-1,487,,2023/05/06,0,負向
對於裝備不足的露營朋友們來說，這次的露營經驗非常糟糕。朋友租的充氣床持續漏氣，半夜只好聯絡營地管理員，但他們的態度非常惡劣，換了新床仍然漏氣，最後只能讓全家人在地板上睡覺。管理員對待租客反覆且粗魯，甚至要求收費後又要求不要收費，最終直接告訴我們不要再來。這是我們第一次遇到這麼糟糕的營地經驗，必須告訴其他裝備不足的露友們。,1,1,-1,489,,2023/05/06,0,負向
營區的冰箱漏電、有安全隱患，營區主人處理問題的態度消極且不友善。,1,1,-1,490,,2023/05/06,0,負向
"1. 我們租用氣墊床時發現有問題，但營主來換床時的態度很差，也沒有處理好設備問題，最後只能整晚睡在石頭地板上，體驗相當糟糕。

2. 早上結帳時，營區工作人員先是說不用收租借帳篷和客廳帳，因為下雨需要讓設備曬太陽，過一陣子營主要收設備時，與我們溝通時被告知不用收，但營主卻說他是老闆他說了算，然後離開了。我們只好開始整理裝備，過了一會兒營主又回來說，難道你們不需要收裝備？正在整理裝備的我們感到非常錯愕…這位營主難道沒有眼睛嗎？這個露營區真是讓人極度失望，我們不會再來第二次了，非常糟糕。",1,1,-1,491,,2023/05/06,0,負向
帶團露營的經驗很不愉快，遇到下雨積水問題向營主反應，卻被營主找藉口稱尖石營地就這樣。營地缺乏垃圾桶，需要自行到廁所丟垃圾，貓咪還咬破垃圾、滿地都是，清晨被營主要求清理，令人氣憤。營主抱怨我們拖得太久，雖已付費，時間未到，營主卻任意更改時間收費。不推薦此營地，營區美麗但營主不友善，希望重視開心露營的人別受委屈。給一顆星星，營區美麗，但不推薦。记录離開時沒有丟垃圾，保持戶外人的品格。,1,1,-1,492,,2023/05/06,0,負向
"1. 搭帳篷的時候釘子下得很困難，好多釘子都被敲壞了。
2. 垃圾要走到浴室才會有垃圾桶可以丟。
3. 廁所除了當天打掃過乾淨，之後就很髒了，感覺沒在維持衛生，廁所缺衛生紙後也沒補充。
4. 排水系統很差，下暴雨時雨水整個衝進帳篷，水都沒辦法排走。",2,1,-1,498,,2023/05/06,0,負向
原本準備參加萬聖節走秀的活動，卻突然下起大雨，讓原本的走秀活動變成摸蜆和洗衣服的體驗。雨水讓帳篷位置不穩，我擔心家裡周圍小河水位上升，帳篷積水後只能想盡辦法把水排出去，但似乎效果不佳。這場雨雖然不及之前北部暴雨的程度，但我們還是決定提前收起帳篷，以免深夜被雨吵醒，更擔心老小會感到驚恐。不過在這場雨之前的體驗還算不錯。對了，打營釘真的很困難（可能是因為我的工具不夠好，而且也缺乏力氣）。,2,1,-1,499,,2023/05/06,0,負向
雨天時排水不良，若遇到嚴重積水想學習挖溝技能，可以選在雨天來練習！別忘了先在蝦皮上買好鏟子。,1,1,-1,500,,2023/05/06,0,負向
營地的排水系統出了問題，泥水淹滿了整個營區，不能再露營帳篷下。別人的營地都是乾乾淨淨的，這裡卻要提前打包離開。原來露營時要帶把鏟子啊。,1,1,-1,501,,2023/05/06,0,負向
上週參加了一個露營活動，去了印象尖石，在星期六白天的時候天氣還好，但四點多開始下雨，不到半小時各區就淹水了。營地沒有排水系統，營主也沒有採取任何行動，每個區域都被水淹沒，無法搬移也無法逃離。活動主認為這是天災，不該怪罪於營主，但活動主難道不應該考慮雨天積水的問題嗎？小朋友無法遊戲，也無法參與活動，為了避免感冒，我們最後決定撤營。許多人也紛紛離開，因為不知道何時會停雨，我們被困在水中。我們付了一千五百元的費用，卻換來小朋友的不快，狼狽的情況和滿腦的抱怨。,1,1,-1,502,,2023/05/06,0,負向
這個營地的優點在於可以停車位置大，但排水狀況不佳並沒有提供護草墊，這是一個很大的問題。地勢如梯田般，下方的營地情況更為糟糕。我們這次遇到大雨，營地完全無法排水，只要雨下三分鐘，整個帳篷都淹水了，整個營區變成一條河流。露友們不得不自己挖溝去救他們的帳篷。這是我第一次露營就遇到這樣的狀況，當晚整個營區都撤營回家，是非常糟糕的經驗。我絕對不推薦在下雨天前往這個營地。,1,1,-1,503,,2023/05/06,0,負向
如果下雨的話，這個地方可能不太適合。帳篷可能會遇到積水的問題，雖然有人說雨勢變小後15分鐘積水會退，但你需要特別留意淋浴間，可能會沒有熱水供應。,1,1,-1,504,,2023/05/06,0,負向
場地排水問題嚴重，會出現積水，反映後卻無人理睬，只好靠自己了！,1,1,-1,505,,2023/05/06,0,負向
茄苳D區排水不良、積水嚴重，第一次下雨就因為積水而取消活動（後來整個露營團隊都決定取消活動），營地是草皮和石頭混合的地面，底層的石頭比較大，固定釘子比較困難，下次下雨時需要多加考慮。,1,1,-1,506,,2023/05/06,0,負向
排水系統有問題，地面不平整且缺乏草皮保護，導致積水情況嚴重，而管理單位的態度則顯得消極。,1,1,-1,507,,2023/05/06,0,負向
我們第一次參加學校的露營活動，計畫在4/30至5/2共兩晚三天。我們帶了登山野營帳篷，但在搭建時遇到了很多小石頭，營釘插不進去。我們向營區工作人員借了鐵槌，詢問如何在草地上敲入營釘。一位女生工作人員和男生（可能是老闆）告訴我們重新挑選位置（但態度並不友善）。第二天我們去爬山，回到營地想洗個熱水澡。一開始水很熱，但洗頭後再開水一直都是冰水（當時溫度只有13度）。在13度天氣中冷水洗澡是我從未有的經驗，回家後才發現遺忘雨傘在他們入口處長凳上，打電話過去接聽的男士告訴我什麼都沒有留下。我感覺他們不想麻煩，有事情不要找他們，這次露營經驗總結來說不太順利。,1,1,-1,517,,2023/05/06,0,負向
這段時間我們和一群朋友一起在露營地度過了三天兩夜的週末連假。剛到營地時，覺得環境還可以，浴廁也算乾淨。雖然遇到了幾次跳電和水溫問題，我們並沒有抱怨。但最後一天，營地的管理人員中午12點才臨時通知我們必須在1點前離開，這個規定之前並未告知，當時還下著大雨，只好加快收拾。大約12:40，一名男性冷漠地再次通知我們必須1點前離開，甚至有朋友被責罵要趕快離開。也有幾位朋友因為雨天臨時租了帳篷，但由於我們還有其他帳篷是由另一家租賃公司處理，朋友們沒有留意帳篷需要歸還。離開一段時間後，營地打來警告要報警處理。朋友們立刻返回處理，但對於營地的不友善態度感到困惑。儘管遇到了問題，我們都盡力配合，但為何營地如此刻薄呢？儘管營地整體環境還算不錯，但因營地管理人員的不友善態度，我們最終不想再來這裡露營了。,1,1,-1,520,,2022/05/06,0,負向
老闆態度很惡劣，浴室沒有熱水。,1,1,-1,521,,2022/05/06,0,負向
水溫變化極端不穩定，只有非常熱和非常冷可以調整，時常停電。,1,1,-1,523,,2022/05/06,0,負向
老闆說話的態度不太友善，停電、洗澡水溫不穩定等問題都發生了。當前來服務中心詢問時，甚至遭到嘲諷。而前往營地的路上還有落石，十分危險。,1,1,-1,524,,2022/05/06,0,負向
在這家旅館住了三天兩夜，洗澡時水溫總是太低而讓小孩冷到發抖。老闆不僅不知道如何溫和地處理問題，還無法提供合適的服務。更糟糕的是，不能直接開車到自己訂位的位置，而且見面時的態度也非常粗魯，對客戶說出威脅性的話語。「你哪位？」。他們的服務態度簡直是零分，連收錢的時候也給人一種驕傲的感覺。總的來說，這次的入住經驗幾乎可以被形容為爛印象，與尖石相比差太遠了。,1,1,-1,525,,2022/05/06,0,負向
廁所和浴室的數量很有限，每個區域共用四間浴室和四間廁所，洗澡和早晨使用時可能需要排隊等候一段時間；熱水供應不穩定，時而冷時而熱；而且營地管理人員的態度不友善。,1,1,-1,529,,2022/05/06,0,負向
營地老闆的態度非常惡劣，甚至要求客人趕快離開山上。,1,1,-1,530,,2022/05/06,0,負向
營地老闆的態度很差，不建議，而且他們居然還會經常讓人下山找停車位？真是令人費解。,1,1,-1,531,,2022/05/06,0,負向
我去過一家民宿，跨年住了三天兩晚。然而，熱水供應一直不穩定，跟老闆娘反應後感覺沒有改善，回應也十分冷淡。廁所雖然打掃過，但第二天就很髒了，讓我沒有留下好印象。很可惜，整個地方都客滿。,1,1,-1,532,,2022/05/06,0,負向
場地草皮的設計很好，但熱水供應不太穩定，只能忍受8度的冷水淋浴，感覺真的很冷！,2,1,-1,534,,2022/05/06,0,負向
這周我們去露營，在露營地租了一頂帳篷和一頂客廳帳。其中一頂客廳帳已經不防水，且漏水很嚴重。下午四點時請老闆來看，但工作人員直到晚上七點雨停後才來。他們只是擦拭了一下裡布，看了沒有破洞就想離開了。我們強調這是因為防水層故障，另一頂帳篷並無此問題，要求更換。老闆一直強調這是正常現象，表示客廳帳的漏水是預期之中的，態度強硬且不尊重，完全無視客戶的意見，堅持自己的看法，並抱怨錢難賺。看過以前的評論，與我們這次經歷非常相似，不小心就會讓老闆慣壞，露營地風景美好，但碰到問題會讓人感到疲憊。,1,1,-1,538,,2022/05/06,0,負向
營地整理還可以，但管理人員的服務態度很差。當我在入住時，發現冰箱已經滿了，他們建議我們早點到，但又說他們沒有足夠的人手。此外，所有區域都沒有垃圾桶，需要我們自己清理。當我提出冰箱應該要分區時，他們說沒辦法。最後在結清費用時，他們問我要怎麼辦。,1,1,-1,548,,2022/05/06,0,負向
這次露營經歷真是令人沮喪，營地地面太硬，難以釘緊帳篷。加上晚上刮風得厲害，風聲大到連帳篷都快被吹飛了，讓人難以入眠。跟營主討論位子問題後，他的回應令人感到無奈。另外，浴廁的洗澡水忽冷忽熱，讓整個露營體驗變得更糟。總之，這次的露營之旅讓我印象深刻，不太推薦給朋友。,1,1,-1,554,,2021/05/06,0,負向
太多用電器導致半夜跳電，等到早上9點才恢復供電。廁所很髒，還有許多蜜蜂。,1,1,-1,561,,2021/05/06,0,負向
我對尖石露營區的印象非常不好，第一次去也是最後一次了。地板太硬了，搭帳篷時差點手都要打成鐵手了。營地空間極小，營主還在未經通知的情況下超收費用，帳帳相連擠得亂七八糟。連個合適的停車位都沒有，只能亂停，四個區總共有40多個帳位，卻只能共用一台冰箱和八間浴室。,1,1,-1,572,,2021/05/06,0,負向
洗澡時熱水與冷水無法控制，連水桶都沒有，但至少可以用桶裝水來幫小孩洗澡。水溫變化大，導致小孩被燙到哭泣。,1,1,-1,579,,2021/05/06,0,負向
營地的地面很硬，釘營釘的時候很困難，大風的時候會把營釘吹走，下次不打算再去了。,1,1,-1,584,,2020/05/06,0,負向
原先承諾的位置被取消了，感覺真的很糟糕，但是支付時候有得到道歉。浴室的蓮蓬頭爆裂出水，水到處亂噴，不過小孩遊樂區設施很棒。,1,1,-1,593,,2020/05/06,0,負向
營區的地面都是石頭，普通的釘子根本插不進去。晚上還會沒熱水，洗澡洗到一半就覺得冷死了。,1,1,-1,597,,2020/05/06,0,負向
車子在抵達目的地前遇到了上不去的陡峭山路。,1,1,-1,624,,2019/05/06,0,負向
營區位於山中的較高處，季風稍微強烈，容易形成強勁的怪風。營主應該熟悉這個地方的獨特條件，提供協助和建議。在十一月期間，已經連續兩次經歷營柱被吹斷的情況，讓人半夜驚醒。,2,1,-1,765,,2017/11/21,0,負向
適合放鬆的假日去處，可以一覽夕陽的美景。,1,1,-1,813,,2017/05/02,0,負向
這個露營地管理不善，不建議前往，若想要找品質較好的露營地的話。,1,1,-1,1263,,2023/11/07,0,負向
明明已經公告禁止唱卡拉OK，卻仍然容忍某區營地晚上唱超級走音的噪音。那麼其他人還要遵守規則嗎？,1,1,-1,1264,,2023/11/07,0,負向
營主是非常好客的人，但是最後一天我們在收拾東西時遇到了一些困難。營主的員工一開始否認拿了我們的洗碗精和菜瓜布，直到我們找營主要求，員工才去撿回來。即使我們正忙著整理露營裝備，員工也緊跟在後。我們的延長線差點不見，問員工他們都否認拿走了。只能請營主幫忙，最後在共用空間找到了。在玩水區域附近有濃濃的二手菸味，讓小孩玩水的家長要注意。另外，一位露營者帶著狗，但卻讓狗亂大便在別人的營區，且不清理。他們的音樂和嘈雜笑聲一直持續到深夜12點。,1,1,-1,1288,,2023/06/07,0,負向
水很有趣，但是在營區附近一直聞到有人在抽煙，味道很刺鼻！,1,1,-1,1289,,2023/06/07,0,負向
在最後一天的時候，我們正在整理東西，營區裡也有營主雇用的員工幫忙，雖然我們還未離開。真是超級麻煩！他們把我們的洗碗液、菜瓜布和延長線都丟掉了；就連延長線也沒放過，拔掉後放在露營朋友群旁邊。一開始詢問員工時，他們直接否認拿走了，直到我們找營主要求返還時，員工才去垃圾桶裡找回洗碗液給我們，但延長線還是不認帳！我們正忙著整理東西要離開，還未離開營區，員工就跟在我們後面收拾！有時候晚一點收拾並不代表不需要，為何要亂動他人的東西呢？毫無水準和教養。在遊水區域靠近廁所的營區，總是聞得到濃濃的菸味，還要每個人都去聞那個味道！營主的朋友帶著狗去露營，讓他們的毛小孩亂大便在別人的營區，卻不做清理，真是沒有品德！沒有教養。此次真的很倒楣，與營主的朋友同區，必須忍受他們難聽的歌聲和喧鬧的笑聲，直到深夜12點才罷休。,1,1,-1,1290,,2023/06/07,0,負向
聽說新的營主在C區進行了改善水溫，但打開車門就聞到一股腐爛泥土的味道，心裡覺得糟糕。06/25～26兩天下了約100毫米的豪大雨，C區地面完全積水不退。地面直接變成爛泥塘，一踩就陷進去，拖鞋也黏在上面，小朋友不停地滑倒。營主和老闆娘把全區的護草墊搬過來，第一次露營就要包區墊了26片護草墊。雨後去了A、B、D區，完全沒有積水，只有C區約5公分高的積水。營主答應改善情況，期待真的會改善，給予他們額外5顆星。,2,1,-1,1348,,2023/05/07,0,負向
熱水不穩定，10秒熱水又一分鐘冷水，淋浴間裡還有貼著使用過的衛生棉？太痛苦了！都沒人整理嗎？,1,1,-1,1379,,2022/05/07,0,負向
錢雖然不是問題，但重點是我的包裹區域裡的廁所沒有整理好，而且兩間廁所的牆上都黏著女生用過的衛生棉。此外，其中一間沒有熱水，另一間的熱水無法調溫。,1,1,-1,1381,,2022/05/07,0,負向
網友說的都讓我碰到了！環境很骯髒，有許多蒼蠅和不明昆蟲，下山後很多人的皮膚都出現過敏和蚊蟲叮咬造成的水泡！水壓不穩，要麽太燙太冷，整個營區像一個冰箱，四人帳篷包場只有一間廁所，而且沒有衛生紙。非常不推薦，如果有小孩的家庭完全不需要考慮。,1,1,-1,1384,,2022/05/07,0,負向
這次露營經驗真是太糟糕了，營區裡蒼蠅超多，白天黑天都沒消停。廁所沒有衛生紙，熱水溫度調不好，要麼太燙太冷。對D區的四帳包來說，人擠人，小孩無處可逃。更難以置信的是四張包區只有一間廁所和浴室。總結來說，這裡真的不推薦。,2,1,-1,1385,,2022/05/07,0,負向
環境很髒亂，有很多蒼蠅，連續3天2夜都沒有時間整理清潔。,1,1,-1,1386,,2022/05/07,0,負向
在網上看到Google評論感到擔心，但親自到現場後才發現網友們的評論是公正的！廁所沒有提供衛生紙，而且晚上斷電不給開燈。水槽沒有清理過，也沒有光線，更沒有垃圾桶。浴室裡有幾間漏水非常嚴重且熱水供應不穩定，生態池散發著一股惡臭。A區的帳篷塞滿了12個人，非常擁擠，還有一個區域看起來像是荒地般被忽略，因為空間不夠只好隨便塞了一個帳篷。還好有朋友相伴，否則這次228連假的旅程將完全毀掉。,1,1,-1,1390,,2021/05/07,0,負向
根據你所提供的資訊，在露營地裡有些不盡人意的地方，比如說沒有提供足夠的衛生紙和沐浴乳，洗澡水幾乎是冷的，甚至缺乏清潔及垃圾桶。此外，也出現了一些蟑螂和蒼蠅。整體而言，這個營地需要改善。,2,1,-1,1391,,2021/05/07,0,負向
根據您的描述，露營地的管理態度不友善，衛生間沒有提供衛生紙且衛生狀況差，草皮也沒有維護，加上照明不足。總之，您不建議其他人前往露營。,1,1,-1,1392,,2021/05/07,0,負向
抵達到樹林露營區後，發現衛生環境非常糟糕，洗手槽沒有清潔，草地上還有殘渣。原本詢問營主是否有獨立冰箱，卻要走很遠到營區本部才有。驚見營區有許多螞蟻和小蟑螂，而且兩晚沒有人打掃衛生，也沒有提供衛生紙。朋友租借的帳篷和睡袋濕潤，反映後營主雖然換了新的，但整體經驗非常糟糕。,1,1,-1,1393,,2021/05/07,0,負向
這裡的生態環境不錯，可是戲水的河道卻沒有清理過，底部滿佈著樹枝、樹葉、蟲的屍體和泥... 廁所兩天來都沒有人打掃，垃圾滿滿地擺滿地面，浴室洗到一半就沒熱水了（不僅是我一個人遇到，其他露營的人也有同樣情況）。只有在收費時才見到工作人員，其他時間幾乎看不到人。下午雷陣雨後排水不良，積水難以排除。,1,1,-1,1395,,2021/05/07,0,負向
室外在下著大雨，廁所內則有些漏水，導致營區積水嚴重。,1,1,-1,1396,,2021/05/07,0,負向
衛浴沒有補充衛生紙，戲水區也缺乏清潔。營區空間較小，缺少護草墊，而且有許多小蟑螂。,1,1,-1,1397,,2021/05/07,0,負向
"晚上去的時候沒有人接待，廁所有衛生紙都用完了，還有很多蟲，馬桶還堵塞著，洗澡間的水又冷又熱，不過幸好天氣很熱......已經兩天兩夜沒人來清潔廁所了，只是放了一些衛生紙，甚至沒打招呼......真正令人在意的是約好的飄飄河呢？場地雖然不大無所謂，草地稍嫌破舊也無所謂，即使有小強亂跑也無所謂，但是飄飄河卻滿是青苔和落葉，根本沒打理，不適合玩水......這該怎麼辦呢？我們難道不是顧客嗎？即使水變得像洗腳水一樣髒，對小孩們來說還是期待許久的活動，否則我們可以做些其他的事情......差一點我們就穿上泳衣，拿著水槍和游泳圈，卻只是""玩手機""......",1,1,-1,1398,,2020/05/07,0,負向
這個露營區空間狹窄，除了水上活動，小朋友沒有太多草皮空間可以玩耍。,2,1,-1,1403,,2020/05/07,0,負向
很可惜，這個露營地跟旁邊的土牧驛比起來，缺乏經營方面的用心。我們住的那個地方，浴室的熱水不太穩定，玩水的地方也長滿了青苔，還有許多小蟑螂（我在其他山區的營地幾乎沒看到），洗碗槽也需要請營地主人才來清潔。再次說，這個好地方真的很可惜，尤其是在做了比較之後，而且在路過營地的時候還聽到營地主人很自豪地告訴遊客這個週末已經住滿了，希望他們能加油努力保持好品質。,2,1,-1,1416,,2020/05/07,0,負向
營位位置緊鄰馬路，面積較小。如果每個營位都配有流理台會更方便，共用的洗漱區有些遠。建議保持水池清潔。另外，提供飲水機、過濾系統、脫水機、優質洗髮精和沐浴乳是很棒的服務！,2,1,-1,1417,,2020/05/07,0,負向
營區的環境有些惡劣，有營友帶狗在附近亂拉屎不清理，還有各種噪音和煙味困擾著大家，希望大家注意維護乾淨、安靜的露營環境。,1,1,-1,1440,,2023/05/15,0,負向
在露營地和營地管理人員還有其他露營者分享了同一個區域。雖然營地管理人員非常友善和親切，但在我們要離開時，他們的員工和我們一起收拾東西。可是其中一位員工將我們的洗碗精和菜瓜布誤放進垃圾桶，一開始當我們問及時，員工先否認拿走了我們的東西。直到我們向營地管理人員求助，員工才去垃圾桶裡撿回洗碗精給我們。大家忙著整理露營用具，即將離開時，員工追著我們收拾！有時候晚點收拾不表示不需要。我們的延長線幾乎消失不見，完全不知道被收到哪裡。詢問員工時，他們都否認有拿，讓我們無法找到。最後只能請營地管理人員幫忙，在共用區域找到了延長線。幸好我們當場知道少了什麼東西，如果不知道或忘記，可能東西就會消失了⋯⋯,1,1,-1,1441,,2023/05/15,0,負向
浴廁非常骯髒，一個營地有很多蟑螂。,2,1,-1,1474,,2020/08/21,0,負向
覺得疏於管理。廁所都沒有清潔。,2,1,-1,1477,,2020/05/07,0,負向
提升水槽清潔度和草地保養。,2,1,-1,1483,,2019/09/09,0,負向
"1. 由於衛浴空間較小，要如何協助小朋友清洗呢？
2. 第一次遇到沒有護草墊的露營區，濕潤的草地如何放置裝備？
3. 洗手台很少，真的很不方便！
4. 廁所非常骯髒！",1,1,-1,1519,,2024/04/23,0,負向
1. 我在露營樂系統訂了D區碎石區1帳，但到達現場時卻發現我是第4帳，並且隔壁露友的小孩一直打拋接球擾亂我的空間。原本考慮到D區較寬敞才訂這裡，沒想到遇到超收。洗手間的衛生紙堆得滿滿的，看起來很不舒服。此外，碎石區沒有護草墊，對帳篷地布造成損傷，我之前住過的營地都有提供。飲水機的水量很少，垃圾桶也僅設在少數地點，並沒有廚餘回收桶。晚上蚊蟲相當多，似乎也沒有驅蚊線香。總體而言，我在營區感覺空間狹窄，有一點被騙的感覺。,2,1,-1,1533,,2023/05/07,0,負向
事先安排好了，但到了現場改變主意！雖然說可以等待，最後卻沒有做，直接讓我們到一個充滿灰塵的桌子區露營？處理問題拖泥帶水、蚊蟲密佈、環境髒亂！,1,1,-1,1542,,2022/05/07,0,負向
小黑真的太可愛了！,1,1,-1,1547,,2022/05/07,0,負向
沙坑球池和熱水池讓小朋友玩得很開心，建議老闆可以在沙坑周圍加上沙圍，以免風吹將沙子吹進帳篷地墊裡。此外，C區後面有一條死水溝，可能會讓小黑蚊多到爆炸，建議處理一下水溝。整體露營感覺不錯！提醒露營者丟棄廢棄物，避免危險，老闆後續的清理行動要更加確實，以免小朋友受傷。,2,1,-1,1585,,2019/05/07,0,負向
這個地方有一個明顯的缺點，就是晚上11點後，管理者沒有控制噪音，讓人無法入睡。建議管理者應該採取一些措施，提升露營的品質，吸引更多優質的露友。另外，這個露營區的地理位置不錯，離下山採購地點也不遠，只需大約15分鐘就可以到達一家全家便利商店。場地很寬敞，草皮也打理得很好，風景也很美，最上層還有一家餐廳。,2,1,-1,1746,,2024/04/16,0,負向
營地環境很美麗，草坪整理得很好，廁所也很乾淨。營主非常親切，當我們的燈條壞了時，他甚至借給我們燈串。但是，唯一讓人無法接受的問題是狗狗大便的問題。我不小心在營地旁踩到了一堆狗大便，雖然不知道是誰的狗，但從此感覺到大便味無處不在。隔天早晨，兩個小女孩帶了四隻大狗散步，其中一隻剛好在我面前拉了一泡。我請她們記得回來清理，她們答應後卻沒有回來。我們只好通知營主，最後我們自己動手清理，希望能避免其他人不小心踩到。最後，當我們離開時，狗狗又在營地附近便溺，兩個女孩在旁完全無意清理。這讓我們非常失望，再好的營地環境和營主都無法避免被大便味環繞的不快感。希望營主能重視這個問題。（這四隻大狗是營主的狗狗）,1,1,-1,1756,,2023/06/07,0,負向
在該露營區這個週末，硬體設施和景觀都很不錯。但是，帳篷區附近經常可以看到狗大便，第一天入住時，同伴踩到帳篷旁的草地上的大便，讓晚餐感到不舒服。第二天清晨，同伴看見遛狗的小妹妹，要求清理狗大便，但卻沒有得到處理。只好通知營地管理員，但退營時，小妹妹又帶了幾隻狗來我們的帳篷附近，其中一隻大黑狗在草地上大便，還有三坨，小妹妹卻裝作沒看見就離開了。雖然露營要與自然共存，狗大便也是正常現象，但管理員是否至少應該保持旅客住宿環境的清潔？,1,1,-1,1757,,2023/06/07,0,負向
優點：1. 離三義市區近，開車只需 15-20 分鐘。缺點：1. 營區位於山路旁，清晨和半夜可能會有人在附近爬山，讓人覺得很吵。2. 整個營區共有 5-6 層區域，30-40 個營位卻只有入口處的營本部有冰箱，對於夏天需要拿取東西的露營者來說可能會感到不方便。3. 某些層數的營位太短或太窄，搭建帳篷後前面的空間不足以放置客廳天幕，甚至後方也沒有通行空間，建議營地經營者不要為了賺錢而將營位擠得太擁擠。4. 營地主人種了一些橘子樹，但如果沒有人來露營，應該在平日修剪樹枝，而非偏偏選擇在週末修剪，不僅會產生機油味和噪音，真的會讓人感到困擾。,1,1,-1,1772,,2023/05/07,0,負向
這個地方曾經給人舒適愜意的感覺，但隨著管理者的野心膨脹，忘記了最初吸引人的原因。收取入場費固然不多，但漸漸拉遠了與遊客之間的距離。,2,1,-1,1773,,2023/05/07,0,負向
蟲子很多，水溫變化大，營區裡有許多狗一直吠，廁所較少需要排隊。,2,1,-1,1778,,2023/05/07,0,負向
這次我們去露營選擇了第九區，那裡環境非常優美，營地整理得很乾淨，營主一家笑臉相迎，服務態度非常親切。不過由於生態豐富，蟲子稍微有點多，看到了藍鵲，甚至被藍鵲的尾巴掃到了。還有很多會飛的小蟑螂和蚱蜢，草地很美但草叢比較高，可能因此吸引了許多昆蟲。建議在廁所的洗手台多安裝一盞燈，因為早上會有一些施工聲音、蟲鳥的叫聲、狗叫聲，對於睡眠較輕的人要記得戴上耳塞。另外，注意到使用吹風機時電壓不太穩定，會讓燈閃爍，腹地較大，建議攜帶較長的延長線。以上僅為個人感受，不太建議對蟲子比較敏感的人。環境美麗且營主親切，給予兩顆星好評。,2,1,-1,1781,,2023/05/07,0,負向
草地很厚但排水不良，一直滿是泥濘！戶外本來就有昆蟲飛來跳去，但一直有蟑螂出現在桌上下面爬來爬去，這實在太過分了！飼養狗的話應該好好照顧，如果對著客人亂吼亂叫露牙，讓小孩被嚇到逃跑跌倒，該怎麼辦？這樣的經驗一次就夠了，謝謝。,1,1,-1,1782,,2023/05/07,0,負向
這個營地的花草維護確實很不錯，但我們租到的營地卻沒有木棧板。由於下了大雨，整個營地變成了一片泥濘，整個帳棚區都被泥水淹了。24小時過去了，腳底仍然濕漉漉的，更糟糕的是，到處都是小蟑螂（還會飛），無論是內帳還是外帳，都到處是蟑螂。帳篷也因泥水全毀了。環境雖然優美，我們投予主辦方2顆星，因為我們沒有像其他評論中提到的什麼服務。他們只是開放大門收費，然後讓我們進來泥濘的場地。泥濘狀況扣2顆星，滿地的小蟑螂再扣2顆星，租借費用扣0.5顆星（如果這樣的環境和天氣收700到800元可能還可以接受，但1000元就沒有性價比了）。總之，如果下雨的話真的不建議來這裡。如果租不到木棧板區，會遇到很多蟑螂也不建議。綜合評分1.5顆星（以上全部是個人經驗，與商家無關）。,2,1,-1,1783,,2023/05/07,0,負向
不建議這個地方，老闆態度不佳，如果你有寵物的話，一定要考慮清楚，最好先打電話問清楚是否可以帶寵物，不然到了現場還要額外支付300元。而且浴室和廁所都很髒亂，水龍頭溫度又忽冷忽熱，洗澡的時候還能聞到廁所的味道，真的很糟糕。,1,1,-1,1786,,2022/05/07,0,負向
營區裡的蚊子實在太多了！而且冰箱異味濃重，冷度也不夠，就算放了保冷磚一整晚也結不出冰來。,2,1,-1,1788,,2022/05/07,0,負向
整體環境不錯，沒有太多可以挑剔的地方。設施齊全，唯一讓人無法接受的是在2021年11月20日（週六）露營時，有一區超過晚上10點仍在放音樂和喧嘩。我打了電話給老闆，他只說如果還有其他客人反應，請他們小聲一點，但這種情況持續到了23:30。這讓我們難以入睡，如果不是這個問題的話，我會給這個地方四顆星的評分。,2,1,-1,1795,,2022/05/07,0,負向
營地主人非常熱情！他會帶著狗來「關心大家」，同時也讓狗狗拉屎。（也許是來查看人數和帳篷數）,1,1,-1,1798,,2022/05/07,0,負向
營地的老闆非常友善，環境也很舒適，但晚上蟑螂實在太多了啦！而且還會飛。對於抓了二十多隻蟑螂讓人感到相當困擾，希望可以改善這個情況，原本很好的氣氛被打散了。,2,1,-1,1820,,2021/05/07,0,負向
營地主人很友善，主動告知大家有青草茶喝，草地翠綠漂亮，夜晚有美麗的星空可觀賞！不過這幾天有許多會飛的小蟑螂，飛到食物、人身上及帳篷上，讓怕蟑螂的朋友們無法放鬆，我們一直注意保持食物和餐具乾淨以免被蟑螂碰觸；各個營區距離相對較近，音樂和交談聲都顯著，擔心會打擾到其他人；底部營區偶爾會飄來刺鼻的廁所排泄味道，持續時間不長，不過沒有經常發生，所以並未告知營地負責人。交通方便，開車不困難，冰箱足夠大，大多數露營者的需求都能被滿足，但如果有人害怕蟑螂或在乎隱私的話，需要多加考慮。,2,1,-1,1821,,2021/05/07,0,負向
在這次的營地三號區，雖然營主非常熱情親切，但卻有太多會飛的蟑螂！其他如蛾、大螞蟻、蒼蠅、蚊子等還好，但會飛的蟑螂讓我覺得非常崩潰。另外，下面那區的廁所有濃重的味道上升，不太適合，衛浴間略嫌不足，燈光昏暗且有較多蟲蟲。營區比較狹小，與其他帳篷相距較近。對於非常害怕蟑螂的人，建議三思再預訂；但若不怕蟲的話，這個營地仍是不錯的選擇。我個人太怕蟑螂又會飛，這次露營無法放鬆，一直保持警覺，因此給予一顆星評價…,1,1,-1,1822,,2021/05/07,0,負向
為什麼會收費進入露營地早晨探望朋友？,1,1,-1,1837,,2020/05/07,0,負向
老闆為了避免得罪遊客，卻要求我們忍受超出訂房數量。提前一星期通知我們訂房數多了一間，我們雖然接受了。然而，在跨年連假期間，卻強行安排了三間陌生人進入了我們包房區。他們聲稱也是訂了我們包區的位置，一直抱怨是訂位app系統出錯。後來查證發現，是營主自己未確認他們身份隨便讓他們進入我們的區域。老板太過善良而讓我們感到不舒服，事實上這讓我們相當困擾。,2,1,-1,1867,,2018/05/07,0,負向
草坪很美麗，浴廁非常乾淨，但卻有許多狗屎。總體來說，這個露營地方提供了好的設施，營主也很友善，還會提供自製的飲料。唯一可惜的是，第一天踩到狗屎，不過後來發現是營主的狗，並告知狗屎情況給營主。然而，第二天兩個小女孩帶著狗在我們帳篷附近大便，儘管我們抗議，她們卻視而不見。這種行為令人無法接受，雖然營區環境美好，但因為狗屎問題，無法給予好評。希望營主能重視這個問題。,2,1,-1,1887,,2023/05/19,0,負向
這裡曾經是我們同學每年相聚的好去處，但主人近來生意興隆，似乎忘卻了初衷，對顧客服務漠不關心。連假日前的基本檢查都懶得做，連民宿和浴室的瓦斯檢查都被忽略。多年來第一次在露營區洗澡時沒熱水（雖然後來有裝回），忘記了當初熱情服務才是我們一再光顧的原因。現在只著急收錢，甚至當著客人的面問兒子是否確實收到款項。若缺乏信任，建議盡早歇業，專心經營自己的小空間，免得被誤認......我們並非挑剔客人，這麼直接表達僅因對曾經溫馨的露營區感到可惜。要不要理會其實無所謂，現在有許多其他地方可供露營住宿，這樣缺乏誠意的地方真的不值得花錢......,2,1,-1,1892,,2022/11/22,0,負向
浴室水龍頭溫度時冷時熱。有寵物的話最好不要帶進去，否則可能需要支付額外費用。,2,1,-1,1905,,2022/04/18,0,負向
營地主人讓自家狗隨意吠叫，晚上吵到難以入眠。雖然可以攜帶寵物，但要支付300元的清潔費令人難以接受。山上寒冷，但浴室的水龍頭時冷時熱，差點感冒。廁所和浴室有些髒亂，請營地主人改善一下。,2,1,-1,1906,,2022/04/18,0,負向
在半山腰的地方，雖然風景很美，但因為沒有用心經營規劃，失去了美麗風景。到了營區後發現，並非每個營帳都有護草墊，管理員說大部分都已經破掉丟掉要我們去其他地方找看看。雜草叢生，碎石地面不平，稍微下了點雨整個地方爛泥濘，幸好雨勢不大，否則可能會淹水。晚上洗澡時沒熱水，水壓不足，感覺冷熱不均。跨年連假營位滿滿的，廁所沒有定時清理，垃圾桶堆滿了垃圾，散發著尿騷味。營區垃圾桶只有一區域有，需要走一段路才能找到，非常不方便。收帳當天中午12點就要離開，水源已經用盡，浴室水源也被關掉，感覺有點差勁。營位停車場沒有規劃，車輛亂停，營帳旁邊整個營區給人一種難民營的擁擠感。,1,1,-1,2171,,2024/01/07,0,負向
很多昆蟲和蜜蜂....風筒只有一支..,1,1,-1,2172,,2023/11/07,0,負向
這間露營區的收費速度較慢，不太推薦。他們要求12:00必須離場，10:30就會提醒，而11:46還未完成收費卻已經關閉了水電和冰箱，這種服務讓人感到相當不滿。,1,1,-1,2173,,2023/05/07,0,負向
隔壁那一邊太吵了，這麼吵讓大家都睡不著了。,2,1,-1,2174,,2023/05/07,0,負向
因為我們分別預訂了5個帳號，所以管理員就亂安排營位給我們。他把我們安排在其他人預定的營位，其中還有別的露營者租借的客廳和帳篷。一開始我們以為這是我們未到的同伴預定的，就開始搭帳篷和天幕。後來下起大雨，情況頗為困難，最讓人氣憤的是管理員後來才告訴我們，這個區域其實是別人預訂的，我們的位子在另一邊（雖然靠近廁所）。我們被迫在大雨中搬遷，這真的是我們有史以來最糟糕的露營經歷。優點是浴室蠻大的，熱水來得又快又燙，但缺點是入口道路不好開，路邊滿是倒下的樹木和破損的棧板，排水系統糟糕，讓我們的帳篷進水，氣墊床也被淋濕。,1,1,-1,2177,,2023/05/07,0,負向
這個露營區風景很美，空間也很寬敞。因為位置稍微高一點，所以在五月底去並不會太熱。我們選擇了相對靠上的營位G區，不過廁所的環境並不是很乾淨。大約晚上九點左右想洗澡時，浴室的水根本流不出來，必須自行修正才能使用。而洗完澡後，吹風機沒有電，洗手台的水龍頭也完全沒水。此外，大量的蚊蟲是個問題，其中一隻蟲還撞到眼睛造成腫脹，必須去急診處理。初期，營區負責人主動聯絡了保險事宜，我們感到非常感謝。然而，事後就沒有繼續聯絡或採取積極行動，整體而言，這次經驗和感受並不太好。,1,1,-1,2179,,2023/05/07,0,負向
這個地方的環境很美，但是棧板比較小，只適合300人。浴廁方面則不太乾淨，3月時會有很多蟲和飛蛾，每間浴室廁所都有一些垃圾堆積，地面是用磁磚鋪設，浴室和廁所是分開的，但水壓較弱且不穩定，水溫也很難調節，排水效果也不太理想。在浴室裡的椅子和水桶上有一些霉斑。另外，水槽旁邊都沒有垃圾桶，有點不方便。每週日離開時，營主洗廁所的水會直接流到C區帳篷，而且很多營位都靠近道路邊。,2,1,-1,2181,,2022/05/07,0,負向
"1. 上山的路條件很糟糕，到處都是枯枝雜草，開車很困難。
2. 營區的設施（熱水、電力）負荷不了連假期間人數眾多的需求。
3. 電壓不穩定，總是跳電，如果沒有跳電，燈泡也會閃爍，根本無法使用，建議多帶一些充電式LED燈。
4. 熱水非常不穩定，開了20分鐘變冷水，然後開1分鐘又變燙水，最後又變冰水，冬天來的話非常冷，建議中午洗澡或者在外先洗好再進來。
5. 營區的道路在雨天變得泥濘多坑，若要步行到主要區域上廁所或取物品，腳容易弄濕弄髒，非常不方便，建議穿著靴子。
6. 雖然營地風景優美，但感覺營地經營不用心，或許可以考慮到其他地方去。",1,1,-1,2184,,2022/05/07,0,負向
這個地方的蒼蠅真的很多，讓我有種身在非洲的感覺；洗澡水要麼是太燙，要麼是太冷，根本難以適應；滑草只能讓人感到心酸；游泳池的水質骯髒得像去年的；垃圾都聚集在帳篷附近；整體環境除了糟糕以外沒有其他優點；總之，非常差，連給一顆星都嫌多。,1,1,-1,2185,,2022/05/07,0,負向
訊號不太好，還有一些人覺得自己唱歌很好聽一直唱出來實際上很難聽又吵，如果沒事最好別來，否則會讓你遺憾一輩子。,1,1,-1,2186,,2022/05/07,0,負向
這露營區的入口路段相當危險，山路狹窄草叢叢生，很難通行且幾乎無法雙向行駛。路旁滿是樹木和竹子，容易刮傷車輛。遇到對向車輛時，就像走在高搭黑白羊的繩索上，極易車輛受損，除非你是高超的駕駛技術。,1,1,-1,2189,,2021/05/07,0,負向
收到您的描述，營地內的浴室數量有限且衛生狀況欠佳，使用時會遇到水溫忽冷忽熱以及電力供應問題，而且營地管理人員反應表示帳篷區的電力用量過大，建議檢查延長線是否有問題。此外，營地下雨時排水不良，甚至可能導致積水，所以外出後要記得清潔鞋子。,1,1,-1,2194,,2021/05/07,0,負向
廁所很髒，垃圾桶都滿了，洗澡沒熱水，連營區的水槽也沒水，這種情況一直持續到週日早上（2020/09/20）。,1,1,-1,2198,,2021/05/07,0,負向
冰箱的設定是冷凍溫度和冷藏溫度相反，導致食材上出現了螞蟻。園區聲稱冰箱沒問題，只是提供額外的設備，且每區間隔很小。跳電情況發生後，食材被遺忘的情況可以理解，但回電後只表示東西全都損失，最後還改口表示沒看到。建議前往園區的人三思，以免因處理事情方式而損失旅遊心情。,1,1,-1,2203,,2021/05/07,0,負向
露營區的衛生環境與設備還有改善的空間，需要進一步規劃完善後再考慮開放收費。,1,1,-1,2211,,2020/05/07,0,負向
請在洗手台的排水口安裝濾水器。,1,1,-1,2216,,2020/05/07,0,負向
露營場地太擁擠，營位收費過高，導致停車困難，帳篷附近活動空間有限。浴廁清潔待加強，洗澡水壓起伏不定，馬桶經常不通，使用上很困擾。泳池只有第一天開放，隔天便告知水量不足，令孩子們感到失望。電力供應不穩定，三天內多次停電，令人困擾。儘管大草原提供了孩子們很棒的活動空間，但其中滑草區有安全隱患，並有人因此受傷。景觀宜人，但僅限於第一排，因後方車輛和人擁擠。冷藏冰箱故障，僅剩冷凍櫃，且管理不當，無法提供足夠空間，也有其他營位的用具佔據。總而言之，這次露營經驗令人失望，感覺營地管理不善，帳篷控制失當。,1,1,-1,2224,,2020/05/07,0,負向
在G區碎石區下雨時的情況真的令人無法接受。當天晚上居然跳電三次，而且整個G區的兩個淋浴間水是冷的，根本無法調溫。當時溫度應該至少在15度以下，再加上下雨，整個感覺就是沒有在顧及客人。此外，水槽還集中在衛浴附近，每次清洗東西都得走一段路，尤其在下雨的時候更加不方便。我露營這麼多次了，碰到過很冷而下雨的情況，但這次真的是最糟的一次，沒有之一。,1,1,-1,2238,,2019/05/07,0,負向
電壓不足，衛浴設備也有點不足，不夠乾淨，而且營位旁沒有水槽，水槽都在廁所旁，下雨天刷牙洗臉都要打傘，就連個遮雨的地方都沒有，讓人有點失望。,2,1,-1,2259,,2018/05/07,0,負向
建議營區管理方應該限制上山和下山的時間，因為山路狹小且路況差，無法讓車輛相遇。該處非常危險，尤其對於帶著孩子和大量露營裝備的人來說。他們對安全問題考量不足，因此我非常建議不要前往。,2,1,-1,2291,,2021/05/02,0,負向
因為其他客人的原因，你被要求從F區換到C區。對於第一次來的客人來說，你可能不熟悉這個營區的地理位置，直到看了區域位置圖才了解。你可能不明白營區劃分的意義，可能需要提前與營長溝通。,2,1,-1,2362,,2018/05/07,0,負向
在這個地方，飲食和購物都相當不方便。有幾個建議：1.可以考慮提供一些簡單的食物。2.可以多請一些工作人員來幫忙。3.需要注意管理住宿者的行為，特別是晚上過於喧嘩或超過12點還不安靜。4.同時要注意價格，確保價格不要過高。,2,1,-1,2400,,2017/08/29,0,負向
很遺憾無法前往。訂位後接到電話說需要協助讓位給另一團更大的人數，晚上的安排更多，感到相當不舒服，表示不滿想取消訂位，後來才說不用勉強，熱情也因此消失了。,2,1,-1,2561,,2019/05/07,0,負向
營區的衛生狀況還有待改善，有很多螞蟻和爬蟲，廁所裡有很多小昆蟲，而且沒有提供衛生紙，洗手台晚上沒有燈。,2,1,-1,2576,,2023/10/09,0,負向
最近地震頻繁，大雨威脅，擔心走山遭遇落石，營區處理方式令人費解。政府呼籲別自行上山。原計畫螢火蟲季觀賞需改。,1,1,-1,2715,,2024/04/30,0,負向
這個園區整體來說還算乾淨，廁所也維持得不錯。唯一美中不足的是G區的衛浴設施距離遠，所以取食物或料理時要跑很遠去冰箱，相當不方便。而G區僅有一間蹲式廁所，使得小孩難以上廁所，導致一些尷尬的情況發生。山區常見蟲子很正常，但居然出現不明大螞蟻咬人的情況，帶來刺痛感並留下多個腫包。而在露營經驗眾多次中，第一次遇到帳篷只能住四人的限制，超過人數就需額外支付費用，沒有考慮年齡，只要超過四人就要繳錢。,1,1,-1,2717,,2024/04/07,0,負向
這個地方除了草坪外，CP值不算太高，旁邊的護草墊區有種植有刺的植物，非常不方便也不安全。另外，營地附近有一些枯萎的植物，會吸引一些小蟲，且有一點異味。另一方面，有一個小水池，可以讓小朋友拍照。,1,1,-1,2749,,2023/05/07,0,負向
進出道路的高低落差很大，所以低底盤的車輛要特別注意。總共有七個區域，每一區都有分配的使用衛浴數量，每個區域約有十個以上的露營帳篷共用兩間衛浴，這兩間衛浴位於特定區域並限制使用時間，因此可能在洗澡時會有點壓力，特別是當人數眾多或有許多小孩的時候。雖然提供Wifi，但我卻無法連線，手機基本上也沒有訊號，這讓我無法與同行的朋友聯絡，有些困擾。,2,1,-1,2775,,2022/05/07,0,負向
這個露營區不太理想，底盤低且開車很困難，營位規劃也有些不方便。停車後還要將露營用品搬進去，而且有些營位需要走很遠才能到達，相當費力氣。營地訊號不佳，提供的wifi也無法連接，而且衛浴設施不足，有時間限制且人數壓力過大。洗手台的燈還會在晚上10點關掉，只能在黑暗中洗碗。總之，這次的露營經驗讓人感覺不是很好，不太想再來第二次。,1,1,-1,2776,,2022/05/07,0,負向
這個營區的冰箱太小，大家都沒地方放東西，連預備好的德式香腸都不見了。營區管理得一塌糊塗，讓人心情早上就不好了。我決定不吃了，快點結束算帳，然後下山找好吃的地方，以後不再來這裡了。,1,1,-1,2778,,2022/05/07,0,負向
草地太長了，蚊蟲出現是正常的，但這麼多蒼蠅就有點不尋常了。露營了這麼久，第一次遇到這麼多蒼蠅。從早上八點就被吵醒，整天都被蒼蠅圍繞，用電風扇吹也沒用，直到晚上六點才停止。浴室雖寬敞，水池也不錯，可惜蒼蠅實在太多太誇張了。,2,1,-1,2803,,2021/05/07,0,負向
這裡真是超級擁擠，到連中央走道都擠滿了帳篷。,1,1,-1,2822,,2020/05/07,0,負向
空氣品質不錯，但濃霧影響能見度，建議不要在夜晚出行。營區主人很友善，但營區規定頗為嚴格，且水壓和水溫不穩定，洗澡時可能會遇到冷水。營區主人的太太可能當天心情不佳，臉色一直不太好看。周日結賬，隔天才通知已超時需罰款，希望可以提前告知。謝謝您的留言！您提到了停車和生火問題，希望能夠改善。建議改善浴室設施，並增加緩衝時間如離場時有一個小時寬限。罰款可能會給露營者不好的印象，同時建議確認合法性。希望以上建議對您有所幫助，謝謝！,2,1,-1,2828,,2019/05/07,0,負向
進入營地的山路很陡峭，無法讓車輛相遇，建議不要在水溫不穩定的情況下洗澡，洗一半會變成冷水，身體會發抖。,1,1,-1,2829,,2019/05/07,0,負向
這條山路相當危險，對於汽車狀況不佳的人來說，我不推薦他們前來。這條路又陡又險，夜間駕駛更是不適合。雖然營區規定較多，但廁所很乾淨，而且還有冰箱。,2,1,-1,2836,,2019/05/07,0,負向
水壓水溫電壓不穩，黑沙坑水池容量有限。鄰近有果園...全家人情況糟糕（看到圖片）。,1,1,-1,2837,,2019/05/07,0,負向
這個營區蟲蟲真的超多，無論在廁所、浴室或營區裡都到處都是蟲和蛾，洗澡簡直是噩夢，蟲飛來飛去還在身上停留。冰箱不僅遠得離谱，裡面還有蟲！整個營區共用一個冰箱，真的非常不衛生。,1,1,-1,2987,,2022/05/07,0,負向
雨天積水和泥濘確實令人擔心，搭帳時幾乎沒下雨，但一旦開始下雨，水就無法順利排走，一直流進帳篷裡。,1,1,-1,2992,,2022/05/07,0,負向
這個營地似乎總是很吵？可能是吸引了吵鬧的人群，或者是這些人之間有流傳在這個營地可以隨意吵鬧的傳言？不管是半夜一、二點還是週六，他們都唱卡拉OK唱得很吵，整座山都聽得到他們的聲音！我記得有一次已經是深夜兩三點了，一群人在那邊吵鬧不止，我遠遠的地方還聽得到有人在叫他的狗回來！我甚至聽得到他們露營的狗亂吠！我去白蘭露營的經驗並不多，但每次都碰巧遇到這個營地似乎總是放任吵鬧！即便和營地主人溝通，似乎也沒有太大的效果！,1,1,-1,3006,,2022/05/07,0,負向
天氣預報顯示會有大雷雨，已經提前一週詢問過是否可以延期，但是營主不允許改期。此外，場地位置偏遠，沒有美景，排水不佳，廁所也十分骯髒。建議各位不必遠道而來讓自己受罪，這個地方甚至連一顆星評價也不值得。,1,1,-1,3058,,2019/05/07,0,負向
不太推薦，排水不良，廁所很髒，沒有管理人員。,1,1,-1,3059,,2019/05/07,0,負向
不推薦！草坪積水嚴重！應該讓衛浴保持無人管理的狀態。,1,1,-1,3060,,2019/05/07,0,負向
雖然我們有規定，只要支付訂金就可以了，你為什麼要一直唸呢？小朋友還生病了，不必再唸了吧？,1,1,-1,3075,,2019/05/07,0,負向
不建議，有可能積水，而且服務不佳。,1,1,-1,3097,,2017/05/07,0,負向
營地環境狀況不佳，地面積水且泥濘，場地狹小且人潮眾多，停車位未有規劃，服務品質也不盡理想。,1,1,-1,3101,,2017/05/07,0,負向
1). 衛浴有乾濕分離，這點很好，但廁所空間還有待加強。2). 帳篷安排稍稍密集，缺乏大草地活動的空間。3). 未限制攜帶寵物的旅客，導致半夜狗狗吠叫，早上醒來發現草地上有許多狗便。,2,1,-1,3199,,2021/05/07,0,負向
營位費一再變動，收費越來越高。,1,1,-1,3204,,2021/05/07,0,負向
付了200元的清潔費後，卻沒有得到任何服務，有些人只是想和在露營的親朋好友聊聊天、打打屁，就被要求繳交200元！ 營地主人啊~這有點貴喔！,1,1,-1,3205,,2021/05/07,0,負向
"1. 場地風景很美，草地看起來很漂亮。
2. 帳篷擺放得太密集，讓空間擁擠，孩子都沒有地方可以奔跑，而且還可能有過度收費的情況。
3. 收費是1200元，還經常跳電。
4. 總結：如果要收取1200元的費用，應當控制帳篷的擺放密度；營區的電力系統也需要改善，一晚上跳電3、4次實在令人難以接受。不打算再次光顧了。",2,1,-1,3214,,2021/05/07,0,負向
在悄悄話營地，雖然草地面積很大，但卻一帳收取1200元卻規矩嚴格，衛浴看起來高級美觀，實際上卻只是表面光鮮，水溫時冷時熱很嚴重，冷得要命或者熱得難受，真的讓人感到很生氣，對於這麼貴的收費卻提供這麼差勁的服務感到非常不滿。,2,1,-1,3267,,2019/05/07,0,負向
"1. 環境保護得不賴
2. 可以訂購披薩、石頭鍋拌飯，免於開伙
3. 沒什麼景色可看
4. 帳篷太多，眼看盡是帳篷而非草皮
5. 入場時間為下午2:00，退場則是中午12:00，要求太嚴苛
6. 一個帳篷需付1200元，若提早入場則需額外支付100元，性價比不夠高，以上為後花園區的條件。",2,1,-1,3278,,2018/05/07,0,負向
這裡人很多，就像在難民營一樣。,1,1,-1,3321,,2017/05/07,0,負向
營主的服務態度不佳，當我只是發動了車子，營主就問我為什麼要發動車子，好像連發動車子開窗戶都要跟他報備一樣。當我在洗澡時，營主正在清理浴室，總共有3間，前兩間已經清掃好了，剩下第三間卻還沒清理，竟然要我去洗第三間。付了一樣的錢，別的人都洗過乾淨的浴室，我卻要洗第三間，而且熱水還不穩定。這樣不為客人著想的營地，我不會再去第二次了。水質也不乾淨，我同行的朋友洗完澡後都過敏，洗手池的水都超濁的，感覺連碗都洗不乾淨。晚上12:30還有其他露友在彈吉他自彈自唱，我打電話傳訊息給營主都沒有回應，第二天早上他說他睡著了，需要我去敲他的門才知道。如果發生火災，他會還在裡面睡得那麼死嗎？真搞不懂為什麼會有這麼高的評價，還想去的露友要自己斟酌了。,1,1,-1,3335,,2024/03/07,0,負向
"來露營的時候一到，老闆就說你們看起來很開心，晚上十點後請保持安靜，不要吵鬧，否則會被請離營地。雖然可能是玩笑話，但這樣的態度讓人覺得不舒服。我和朋友在過程中幾次對話都覺得氣氛不太對。例如：""我知道你們應該不會再來了""。儘管營地位置很棒，但我還是想提醒老闆和老闆娘，友善的態度能帶來好生意，否則可能真的會失去客人。",1,1,-1,3356,,2023/09/07,0,負向
在到達營地後，主辦單位立即表示不歡迎，並且態度非常惡劣，讓人感到不悅。,1,1,-1,3413,,2022/05/07,0,負向
元旦那天心情很愉快，我們十點半到達營地，當我打開車門時告訴營主我們今天有預定好，在營主臉上看到不太友好的表情回答，他說預定好今天也應該是一點才能到，為什麼這麼早來了，一直不斷地重複這句話。我們強調我們並沒有要馬上搭帳，只是想先在附近走走，但營主卻一直堅持必須等到一點才能來，讓人覺得很困惑。我們只是想放鬆放鬆，卻要忍受營主的臭臉持續三天。營主，請好好考慮一下你的態度，別反過來說是我口氣不好，其實是你的態度和口氣有問題。我已經不是第一次露營了，也沒有自封為老大，我也從未說過你是老大，你為何不能友善一點說話呢？難道整個山頭都是你的嗎？尊重應該是互相的，你尊重過我嗎？要不然誰會知道你的營區不能停車呢？,1,1,-1,3435,,2021/05/07,0,負向
晚上蚊子很多，營區下面有3到4隻狗狗一直在吠叫，還有可能是鄰居家的小孩從傍晚一直到晚上10點多不停地吵鬧，真的很打擾。此外，營區的廁所設施很老舊，洗澡間無法鎖門，廁所沖水設備也損壞了。除了風景，這個營區真的不太推薦。,2,1,-1,3570,,2023/11/07,0,負向
原本約定過後因為天氣延後後來打電話再次確認，但卻被告知直接到現場搭營。抵達現場後找不到營主，遇到了營主的父親。最後是一位好心的顧客讓出位置，讓我們能夠露營。這樣不負責任的營主讓我第一次露營的經驗感到困惑。,1,1,-1,3573,,2023/06/07,0,負向
"優點：浴廁乾淨、熱水夠熱
缺點：熱水只供應到10點、對夜衝的很不方便。半夜和凌晨羅馬公路飈車族聲音很吵、營區下方也養了四隻狗、一有動靜就狂吠、假日一早7點多居然有人在用割草機除草。光是以上三個問題、根本無法好好睡覺還有一隻叫黑糖的狗、一大早會跑到營區內在帳篷尿尿、收帳時才看到、真的很無語！",2,1,-1,3576,,2023/05/07,0,負向
營地觀景台前方生長了很多竹子和雜草，擋住了美景。隔壁營區的鄰居整晚唱歌吵鬧，早上還有人在使用電鋸施工，讓狗瘋狂叫聲不斷。在深山中還有許多吵雜聲，這個露營區讓人感到恐怖。,1,1,-1,3578,,2023/05/07,0,負向
冰箱只能吹風，營運者回應說有冰；水質不好，龍頭放出的水像泥巴一樣。,1,1,-1,3587,,2022/05/07,0,負向
這個地方空間狹小，路面狹窄，洗手台髒亂，樹葉遍佈。可以明顯感受到營地管理者並沒有投入太多心力在環境清潔上。晚上還有包場的人在派對中吵到半夜，讓人難以入眠休息。此外，原本預定的活動全都取消了。總的來說，環境惡劣又缺乏活動，沒有任何吸引力。不會考慮再次前往這裡。,1,1,-1,3595,,2022/05/07,0,負向
這個營區非常擁擠，實際上許多人超過了預期人數！設施缺乏沙坑、戲水池和射箭場，只有搗麻糬的活動。而營區下方正在舉辦電音派對，兩天兩夜都能聽到動滋動滋的音樂，但主辦單位直到行程前兩天才通知我們！我們實在無法理解，我們不是去聽動滋動滋的音樂的吧？難道不應該提前告知嗎？,1,1,-1,3597,,2021/05/07,0,負向
這個帳篷區本來只能搭4-5個帳篷，結果擠進了7個，完全沒有活動空間。網路上說有沙坑、戲水池和射箭場，看起來卻顯得荒廢。唯一可以稱讚的是廁所比較乾淨，還有搗麻糬活動。在營區下面舉辦電音趴派對，持續三天兩夜，大聲的音樂聲讓人整夜難眠。營地的負責人竟然在露營前兩天才通知大家，結果讓人相當失望。這次營區的表現真的有待改進。,2,1,-1,3599,,2021/05/07,0,負向
小黑蚊太多了，不論是防蚊液、止癢藥，甚至開水龍頭都阻擋不了牠們。,2,1,-1,3613,,2021/05/07,0,負向
露營區的遊客行為很失禮，早上六點就開始洗碗發出刺耳聲音，七點便喧嘩不止，還放任小孩尖聲尖叫。,1,1,-1,3622,,2020/05/07,0,負向
在水源地旁可能造成環境影響。,1,1,-1,3631,,2020/05/07,0,負向
這個營地只關注賺錢，而不顧營友紀律的問題。營地主人面對不懂節制的露營者（深夜一兩點還在喧嘩、大聲罵人），採取逃避的處理方式，嚴重損害其他守規矩且付費的露營者權益！無論硬體設施有多好，風景有多美，都只是對上帝恩賜的浪費！,2,1,-1,3726,,2018/09/15,0,負向
這次的經驗真不愉快！本來我和營主訂了C區水泥雨棚1帳，後來營主致電告知旁邊還有一個要訂6帳的（共8帳），他們要夜間活動可能會比較吵。我表示沒關係，但後來又致電告知他們要改成8帳，要我去B區碎石雨棚。完全沒有詢問我的意見，甚至與我爭辯說他們8帳總不可能叫他們1帳去別的地方。我先前訂了，至少請尊重一下我的意願吧！畢竟我原本就喜歡C區，才特地指定要訂C區的雨棚，不是你叫我去哪裡我就去哪裡的！,1,1,-1,3767,,2024/04/30,0,負向
這段髒話很多！露營環境非常糟糕，沒有熱水洗澡，服務態度差，營主沒有誠懇道歉，還用咄咄逼人的方式處理問題，最後還要求客人離開並沒有誠實退款。建議大家在選擇露營區時要特別注意！,1,1,-1,3781,,2023/12/07,0,負向
只能說在那裡感覺非常差，不想再多說什麼。營業者似乎只是把責任全部推給客人，說再多也沒有幫助。,1,1,-1,3782,,2023/12/07,0,負向
在五月27日露營了三天兩夜，遇到蚊蟲很多，被咬了好幾個包。不好的經驗是，第三天早上營主告訴我們必須在中午12點前結帳，他只講了一次，結果在10點開始結帳時突然停水了。我通知了營主，他說是因為下雨導致管線阻塞。一度我以為營主要求我們趕快離開所以才停水。整個觀感都不太好，應該不會再去那裡了...,1,1,-1,3824,,2023/05/07,0,負向
露營地收費高達三百元對許多人來說有點過分，營地管理人員像是在巡邏抓小偷一樣。在第26露營地度過溪畔假日真是四天的浪費⋯除了砂坑，小孩們根本沒有地方可以玩。小孩第一次露營就覺得無聊，唉～我們的車來來回回好幾次，停車費三天一共多付了1800元？露營區為何要收客人開車來的錢？而那些五顆星的評分貌似有些不實？未經當事人同意，私自錄影車牌並發布至公開網站，已經請家人和律師處理！業者竟然留言說付不起錢就去免費野營？？？,1,1,-1,3833,,2022/05/07,0,負向
整體環境還好，但有時候會有人巡邏，看有沒有訪客。如果有，就需要收取停車費300元，並逐一錄影存證。雖然這些費用不難支付，但他們的態度令人不太滿意。此外，離開時，營區的員工要求我們收回護草墊，我們當然樂意幫忙，但是否真的需要按照平台規定復原護草墊，讓人感到困惑。最後，他們收集了護草墊，但員工的態度有待改善。他們指責我們影響其他露營者品質，即使是在晚上7點唱歌，也只唱了兩三首歌，音量也不大。因此，不確定真的有其他露友投訴，而且他們的態度並不友善。,1,1,-1,3834,,2022/05/07,0,負向
當天收費區營位每晚800元確實算便宜。訪客停車每車收費300元，每隔幾小時就來進行巡邏一次，持續向停車者收取費用。朋友開車前來一次就要繳交300元停車費，這次露營3天總計花了1800元。老闆的態度非常不友善，完全沒有親切感，讓人感到很遺憾，可能不會再次光顧了。,1,1,-1,3835,,2022/05/07,0,負向
不是下雨天讓人害怕，而是營地規劃不良、排水不良，下雨的時候地面泥濘，容易讓鞋子陷進爛泥巴中，造成不便。這時候小孩和狗狗都只能被關在帳篷裡，確實有點可惜。,2,1,-1,3842,,2022/05/07,0,負向
營區狀況很糟糕，營主態度極差，有很多大約2-3公分大小的虎頭蜂。這種情況很可怕，忽略不應該。營主卻將責任推給客人，聲稱是客人招惹的。晚上虎頭蜂出現是否正常？陸續出現20-30隻，如果小孩被叮咬，負擔起賠償嗎？考慮清楚後再做決定去這樣的營區！,1,1,-1,3844,,2022/05/07,0,負向
不建議去那個地方露營，因為那裡有虎頭蜂。營地的管理者態度非常消極，甚至推卸責任，他們居然還建議我們噴香水來避開蜜蜂。蜂蜜蜂在那裡盛行了三天，因為我們的露營地上有一棵樹上的花蜜非常吸引牠們，讓牠們日夜不停地採集蜜。所以若要前往露營，務必三思而後行，以免浪費金錢又惹上麻煩。,1,1,-1,3845,,2022/05/07,0,負向
車子的聲音真的太吵了！ 早上5點就完全被吵醒睡不著，而且衛浴間太少，常常要排隊。不過營地的老闆人很好，很親切！,2,1,-1,3979,,2023/09/08,0,負向
在靠近水庫的羅馬公路附近，晚上車聲很吵，導致無法入睡。除了B區以外，其他小型帳篷區域都相當狹小，位置彼此過於接近。建議營地負責人將CD區劃分為ㄧ個區域，這樣會比較適中。此外，衛浴設施較為稀少，需要洗澡的人可能需要合理安排時間。,2,1,-1,3984,,2023/05/08,0,負向
"1. 地板上長滿雜草，需要清理一下。
2. 廁所同時被多人使用時可能會沒有熱水。
3. 周圍光線不夠明亮，半夜上廁所可能不太方便。
4. 電力不穩定，經常跳電。",1,1,-1,4048,,2021/05/08,0,負向
因為複育螢火蟲不使用殺蟲劑，所以小黑蚊比較多，但環境清優。,2,1,-1,4097,,2018/05/08,0,負向
這裡的廁所和浴室還算乾淨，但是沒有自來水，使用的水是山泉水，因此較為混濁呈黃色。此外，這裡也沒有提供飲水機，需自行購買水。螞蟻和蜘蛛網相當常見，請小心不要碰觸。露營區的樹木間距較為狹窄，因此車子停進和開出較為困難。不過晚上聽著河水聲入睡倒還算不錯。,2,1,-1,4176,,2024/04/07,0,負向
環境還算不錯，就是沒有飲水機，熱水時冷時熱，冬天不夠暖和。值得一讚的是宮廷帳，其他方面都很普通。,2,1,-1,4179,,2024/03/07,0,負向
只有一個地方有廁所浴室，其他地方得走一段路才到，而且很多浴室水溫參差不齊，時而燙時而冷，要麼不夠熱。整個區域有29個房間卻只有一個冰箱，晚到的冰箱裡幾乎沒冰，而且也在廁所附近。如果你喜歡走來走去，歡迎來這裡，保證你玩得很開心！另外，營地主人嚴禁外面的汽車和訪客進入，就算是忘了東西，朋友送進來後也不能逗留。只能在門口交換，不管你的物品多大多重！還有一件事是他們沒有提供飲用水的設施，所以要記得自備足夠的水喔…,2,1,-1,4181,,2024/01/07,0,負向
這個營區的環境並不理想，許多地方都存在不方便的情形，例如充斥著小黑蚊，營位周遭只有蚊香可以避蚊，沒有洗碗檯也讓人感到困擾。廁所位置偏遠，整體環境潮濕，容易造成不便。另外，衛浴設備雖有洗髮精和沐浴乳，但熱水水壓不穩，垃圾收集點也遠離營位。整體環境老舊，坑洞多且地面礫石居多，晚上又缺乏照明，讓人前往廁所需小心。總體而言，這個營區設施不盡理想。,2,1,-1,4182,,2024/01/07,0,負向
基本上，我們接受使用者付費，營主給人印象深刻，但對金錢較為謹慎。在網頁說明不清楚的情況下，我們允許討論後不收費。然而，最近來了幾次的顧客反應收費態度有待改善，並提出質疑時回答含糊。建議考慮是否有其他人員能更清楚解釋。雖然雨棚設施很好，但下雨時水流卻會漏到雨棚裡？場地規劃方面仍有改善空間。值得一提的是，廁所和浴室相對乾淨，但道路設計還需加強。總結，給予兩顆星的評價，主要考量到廁所及客人素質的優點。,2,1,-1,4183,,2024/01/07,0,負向
雨棚區的石子鋪薄得很，下大雨的話容易淹水⋯⋯ 從計算人頭到計算車輛甚至計算帳篷的數量，都是非常精確的...,1,1,-1,4188,,2023/07/07,0,負向
營主精算師的雨篷漏水讓下面變得更糟，低窪地方淹水了…,1,1,-1,4189,,2023/07/07,0,負向
差的地方不只環境，還有男老闆的惡劣態度。,1,1,-1,4200,,2023/05/07,0,負向
男老闆的服務態度不好，經常讓遊客感到困擾。,1,1,-1,4201,,2023/05/07,0,負向
很抱歉您遇到這樣的困難，在露營地遇到的情況確實讓人感到不悅。您描述的狀況包括下雨、泥濘、增加費用、設施不便利、缺乏安全措施所導致家人受傷，這確實讓人感到不舒服。希望未來能夠有更好的露營經驗，避免這樣的困境出現。,1,1,-1,4203,,2023/05/07,0,負向
露營地的經驗並不盡如人意：1. 洗澡時沒熱水，小孩等了將近1小時才洗完，水壓又小又不穩2. 可能有6帳以上共用迴路，電壓不穩，無法點亮LED燈，打氣機也故障，只能手動打氣，改用LED燈條3. 環境髒亂，生態池沒人管理，很多小黑蚊，用了蚊香與防蚊液，每人用了最少20包4. 浴室和帳篷區有兩隻大蟑螂飛來飛去5. 草地長得超高，石階長滿青苔，有些人不小心摔倒6. 收費不合理，超過4人每人要付100元，幼兒園以下免費，此處卻每人收250元，幼兒園以下也要收費7. 與照片不符，景點老舊，沒有網頁介紹。有不滿意的地方，問服務人員也不友善。总之，唯一優點是環境清幽，其他地方有很多問題。,1,1,-1,4204,,2023/05/07,0,負向
在端午節當天到湖區包場遊玩時，意外發現無法進入露營車，當下正下著大雨，路途遙遠，情緒受到影響只好原路返回。令人不滿的是，營區老闆的服務態度惡劣，並且推卸責任，讓整個體驗變得不夠友善。目前還不確定能否申請退費。,1,1,-1,4205,,2023/05/07,0,負向
營地的排水設施很不好，也沒有提供戶外草墊，下雨後帳篷裡的床墊全都被濕透又積水，根本無法入睡，只好直接收拾行李回家，這個營區真是讓人非常失望。,1,1,-1,4212,,2022/05/07,0,負向
中央的大池子已經圍起來了，所以周圍有許多青蛙，晚上會開派對，聲音很盛大，記得要戴耳塞。上游的小河水潺潺作響，不過周遭有蜘蛛網和蚊蟲的打擾，要下去玩水可能需要考慮一下。另外，小黑蚊和大隻蚊的排班似乎已經協調好了，前者約在上午11點開始工作，後者則在黃昏前出門覓食，所以3瓶防蚊液很快就會用完，出門露營都需要與大自然相處，早做好準備才能玩得開心。,1,1,-1,4214,,2022/05/07,0,負向
建議在營區廁所前的大水溝周圍設置圍欄，因為晚上沒有路燈，上廁所會有一些危險。我很擔心孩子們會在暗黑中不小心跌入水溝裡，安全是最重要的。其他方面的問題和大家討論的差不多，我可能不會再讓孩子們自己去廁所了。,1,1,-1,4215,,2022/05/07,0,負向
這個露營地靠近新店碧潭，開車約10分鐘就可以到達。這是一個城市露營型營地，可以從外面買外食進來用餐。雖然不能聽到車籠聲，但設施不太完善，例如帳前沒有洗手台，只有一處廁所，30個帳篷要共用。洗澡建議早點去，因為晚了就沒熱水了。環境有點老舊，費用稍貴。最大的優點是可以看湖景和螢火蟲，不太適合小小孩。,2,1,-1,4216,,2021/05/07,0,負向
對方的服務態度不夠積極，收費時卻很積極。網路訊號很差，設施也很破舊，蚊子非常多。場地很狹小，除了營位和洗手檯沒有燈光外，洗手檯還一直堆滿了東西。洗澡時熱水非常不穩定。營位規劃看起來很隨便，草地長滿了雜草，指示牌也不清楚，地點難以找到。再見後或許不會再來！,1,1,-1,4218,,2021/05/07,0,負向
這段文字可以改寫成：「這裡有很多小黑蚊，不怕小黑蚊的人可以考慮來這裡露營。我們的營區和隔壁緊密相連，設施殘破不堪，只有少數能拍照的地方，其他地方懶得拍。沒有鋼琴和美麗的教堂可供參觀，因為有露客在附近。整體環境讓人感到有點不堪入目，和網路上的美照相去相差甚遠。區域劃分和安排都有些問題，太密集了。露營和訪客的收費請自行參考，兩天一夜套裝價格為2200元，夜衝600元，僅供參考。這是這個地方的真實狀況，希望能提供給大家參考。」,1,1,-1,4219,,2021/05/07,0,負向
所以你的意思是因為帳篷遮蔽雨水，但在下雨時水滴從帳篷上滴下來，帳篷下也積水了，而其他營地是水泥地並且高出地面，但你們的營地是泥地鋪了一層薄薄的石子，地面又低窪。因此大家被迫在下雨時擠在一起睡覺，向老闆反應情況時，老闆竟然說你們人太多了，不能多帳。老板每多一帳收一千，每帳最多停兩台車。你們有三台車，兩台機車，要睡五人的帳篷，一帳最多睡五人，兩帳也只有十人。一台車要多付一千，還要多停兩台機車，總共只有十人，還要繳一千。老板真的很敢講價錢啊。這篇文章只是當時的狀況描述及感受，看到的露營朋友們應自行斟酌是否前往，我絕對不會再去囉。,1,1,-1,4222,,2021/05/07,0,負向
這個遮雨棚非常擠，雖然宣稱是包區，但事實上跟旁邊的人非常靠近。而且半夜也不會管制，旁邊的人一直玩狼人殺直到凌晨兩點。第二天垃圾桶也沒有人清理，如果不是因為不能評論沒有星星，我真的不想給任何星星。,1,1,-1,4224,,2021/05/07,0,負向
這個露營區的品質與服務真的很差。露營營位費用昂貴，營主態度惡劣。即使預訂了擁有雨棚遮蔽的兩個帳篷營位，實際上只有400*600的面積，無法容納兩個帳篷。此外，來訪者收費過高，每人要支付150元，就連小學生也要付相同費用。停車費更是高達100元，還有強制性的離營時間要求。總括來說，這個露營區真的不值得推薦。,1,1,-1,4225,,2021/05/07,0,負向
店家可能還是覺得目前不太適合大型犬，但可以建議你事先多做功課。這樣看來，這間店家並不像傳聞中的那麼好。雖然地點離家很近，但你可能不再考慮了。,1,1,-1,4280,,2018/05/07,0,負向
這次訂位真是太糟糕了，付款後卻遇到中央氣象局發佈大雨特報，無法改期。而且我們還有小孩跟著一起去露營。營地的管理員竟然把責任推到露營樂訂位中心，堅持要扣除 60% 的費用，而且還沒有提供發票。更扯的是，除了扣 60% 之外，還要再收取 30 元的處理費。這樣缺乏同理心，只想賺錢的商家，真的讓人非常失望。絕對不推薦這家雷區，簡直糟透了。,1,1,-1,4288,,2018/05/07,0,負向
7月18日下午3點時，我到達時發現大門沒有打開，旁邊的標誌告訴我需要先預約，因此感到非常失望只好返回家裡。,1,1,-1,4291,,2018/05/07,0,負向
環境不錯，不過小黑蚊很多又很毒，不能延期因為下雨，客人數量也很多。,2,1,-1,4295,,2018/05/07,0,負向
打電話去問卻沒人接，到了才發現園區已經關閉了！,1,1,-1,4307,,2016/05/07,0,負向
門票無法抵消費用，食物價格較高。煎蛋麵要價220元真是價高物不值。附近的廁所男女共用，且環境昏暗隔音也不好。我寧願選擇去土雞城吃飯。,1,1,-1,4309,,2015/05/07,0,負向
請大家注意，進入這個景點一人需支付100元的門票，並且另外還有180元的最低消費要求！以前去過許多家餐廳，從未遇過這種情況！看來他們是在暗中賺錢！建議大家在前往前要慎重考慮。,1,1,-1,4310,,2015/05/07,0,負向
這個露營區真的讓人失望，服務完全沒辦法期待，遇到了好多問題呢。 洗澡的時候居然沒熱水，小朋友都沒辦法好好洗澡，還等了差不多一個小時；水壓不足而且不穩定。 竟然六個帳篷共用一個迴路，電壓超不穩，LED燈還亮不起來，連打氣機都故障了，只能手動打氣，還只好換LED燈條。 環境超亂，生態池看來沒人在管，好多小黑蚊，點了蚊香擦了防蚊液，還是每個人至少要準備20包。 浴室和帳篷區看到兩隻飛蟑螂。 草地也沒有定時修剪，太長都過脛踝了；石階全長滿青苔，幾個大人都不小心滑倒了，大家都選擇繞路。 收費也一點都不合理，一般營區多於四人每人收費100元，但這個營區一個人要250元，幼兒園以下的小孩也要收費。 拍照的景點也很老舊，跟照片完全不符。,1,1,-1,4338,,2022/06/08,0,負向
這個營區真的讓人傻眼，處處皆大雷。洗澡水居然沒熱水，小朋友都泡泡泡等了將近1小時，不只水壓小且不穩，還有6個帳篷用同一個電源迴路，電壓問題頻頻，3瓦的LED串燈都不亮了，打氣機罷工只好手動打氣，還得換用LED燈條。環境更是不堪，草地草太長都過腳踝高，整個營區看起來亂七八糟，生態池裡滿滿小黑蚊，每個人都拿蚊香擦防蚊液，每人至少要帶20包。在浴室和帳篷區還看到兩隻超大的飛蟑螂，真的怕怕的。收費也超不合理，一個人收250連幼兒以下的小孩也要錢，比其他營區都貴，還無限領略老舊景點，根本跟照片不一樣。,1,1,-1,4339,,2022/06/08,0,負向
這個營地已經變得越來越冷清了。如果超過帳篷限制人數，他們會嚴格加收人頭費和停車費。浴廁條件尚可，但由於有水池，所以蚊蟲特別多。總的來說，其他方面就不多做評論。,2,1,-1,4349,,2022/01/05,0,負向
這張照片看起來很漂亮，但實際親自去看過，才能更了解。照片拍的營區很美，但實際到場後才發現設施只能遠觀或眺望比較好。,2,1,-1,4357,,2021/04/26,0,負向
草地積水，可能是因為排水不良。,2,1,-1,4358,,2021/03/05,0,負向
營區費用和環境。由於是假日，可能會塞車，所以選擇了北部的營區。但到達後發現沒有設施，還有很多小黑蚊，連噴霧都沒有效果。,2,1,-1,4381,,2020/03/25,0,負向
這次的露營經驗糟透了，我們不會再來了，也不會推薦給朋友們！原因如下：1. 營區不允許朋友探營，而且探營的費用相當昂貴，卻沒有提前告知這項特殊規定，我們四個朋友探營只能待半個小時就要支付900元。2. 洗澡水冷熱不定，更糟糕的是，洗澡過程中水突然停了，得打電話給營主才肯重新打開水龍頭，讓我們繼續沖洗。3. 廁所內衛生紙供應非常有限，導致許多人在廁所間相互借用衛生紙。,2,1,-1,4434,,2018/05/27,0,負向
態度差的話，我就不會再去了。態度差對很多人造成負面影響。,1,1,-1,4437,,2018/05/20,0,負向
照片和實際情況有很大的差距，洗手台不夠多，插座距離太遠，草地潮濕時排水不良。,2,1,-1,4643,,2016/12/01,0,負向
收了錢後也應該負責任，如果晚上洗澡遇到沒熱水的情況，應該及時處理。在天氣這麼冷的情況下，只有冷水可用，絕對不是好選擇，非常不建議。,1,1,-1,4704,,2021/05/07,0,負向
這個地方確實不怎麼樣，沒有什麼風景可欣賞，而且還有許多人在那裡抽煙。在營地上有一群年輕人一直玩得很吵，一直到凌晨一點，好像沒有尊重他人在場的感覺，沒有人來管束。這實在是一個相當糟糕的經驗。,2,1,-1,4908,,2021/05/08,0,負向
這個季節蒼蠅實在太多了，下午還遇到突然停電，冰箱離得很遠，晚上中華電信基地台超載導致聯繫困難。,1,1,-1,4946,,2019/05/08,0,負向
在這個營區裡，一群年輕人的行為破壞了原本休閒放鬆的露營氛圍。他們從晚上開始喝酒、大聲喧嘩，讓營區夜深人靜時無法安寧入睡。儘管向營主反應，但只收到口頭警告並未見實質改善。這次的露營經歷讓人感到非常不愉快，並選擇不再造訪該營區。,2,1,-1,4977,,2021/06/02,0,負向
營主一直在監督限制，態度和口氣都不太好，我們出來露營是為了放鬆，而不是受氣的，真的不太推薦。,1,1,-1,5224,,2024/03/08,0,負向
營主的服務態度真的很差，對待小朋友和大人都一樣無理，還罵人老太太。露營的環境也不友善，晚上還有人批評亂丟垃圾，讓整個氣氛非常糟糕。營主明言不喜歡寵物，完全不受歡迎，讓人感到非常不愉快。,1,1,-1,5225,,2024/03/08,0,負向
服務態度相當差，語氣很像在和人吵架。,1,1,-1,5226,,2024/03/08,0,負向
這次參加的是露營活動，營區整個環境很乾淨，草坪也很舒服，廁所衛生紙供應充足。原本說會開放泳池，但因溫差大改變計畫。萬幸星期六天氣炎熱，但泳池卻未能使用。隔天才知道必須在12:30前離開，這規定讓人有點措手不及。營區提供的腳踏車狀況不佳，空間狹小易發生危險。每個營位都得共用一個衛浴，熱水供應至晚上12點，導致洗澡女生常常得排長龍等候。建議早開始收拾或愛曠野露營者適合此地，而習慣吃完午餐後離開者或需要曬帳篷露霜露水者需斟酌考慮。,2,1,-1,5235,,2023/11/08,0,負向
電蟲很嚴重，小黑蚊很多，廁所相當遙遠。,1,1,-1,5236,,2023/06/08,0,負向
女生淋浴區只有5間，廁所離得很遠。熱水供應只到晚上12點，但結果我的朋友在11點多去洗澡時只剩冷水了。由於是柴燒熱水，水溫無法穩定，有時候轉到最冷的地方還可能會被燙到。女生吹風機只有一台，營區的空間偏小，帳篷之間的距離也相當近。雖然規定上沒有寫不能打麻將，但卻來告知說打麻將會影響小孩的觀感，要求我們關起帳篷圍布。飲水機只有一台，時不時水就會不夠用。總之，完全不推薦。,1,1,-1,5243,,2023/05/08,0,負向
衛浴要排隊的房間不多，冰箱裡只有一台擠滿了東西，要小心小黑蚊。,2,1,-1,5258,,2022/05/08,0,負向
1、燒木材的熱水很難掌握溫度，洗澡不太方便。2、規定小孩在玩沙時要注意沒有東西掉到外面，有人會監視。如果擔心小孩玩得太過分，不如干脆不許開放。3、大雨來臨時搭起帳篷已經很麻煩了，沒必要要求這樣那樣。4、規定垃圾分類，每個區域只能放1至2個垃圾桶，停車要放裝備，要求很嚴格，草墊也不宜過度使用因為會有積水，也不能過度使用。5、提醒要節水洗澡。6、車輛必須停進停車場。7、即使天氣好也不開放游泳池，寧可用水來清洗草坪墊…感覺真的不太好，保持清潔當然重要，但過於嚴格不如不開放！,1,1,-1,5260,,2022/05/08,0,負向
"1. 在這個地方沒有提供廚餘桶，請問廚餘該丟到哪裡呢？
2. 下了一場大雨，營地滿是泥，有營友的小孩踩到泥，被訓斥後，其他人叫他以後要小心避開泥水。
3. 沙坑有專人負責看守，一個不認識的孩子把沙子撒到沙坑邊緣，馬上被提醒要在裡面玩，其他營友責備他，但被工作人員斥責說：「可以請不要這樣玩嗎？」
4. 腳踏車放在籃球場裡面，小孩經常經過可能被籃球打到，極具危險性。
5. 儘管提供老舊腳踏車供使用，但沒有專屬腳踏車道，必須與汽車共用，存在安全風險。
6. 泳池裡面竟然洗護草墊了！浴室的水壓不穩，浴室和廁所只有一區，非常不便利。這是我們第一次遇到如此嚴格的營隊主辦方，有興趣體驗的營友可以考慮一試！但不建議對這種狀況無法接受的營友參加。",2,1,-1,5261,,2022/05/08,0,負向
這次露營真的糟透了，溫度只有12度，而且還跳電了，暖爐和電熱毯都沒辦法使用，我覺得今晚可能會被凍死。,1,1,-1,5267,,2022/05/08,0,負向
全營區有200多人需要在晚上12點前洗澡，但當時間到了還沒洗完就直接停水，這種做法確實有點不合理。此外，只有一台飲水機明顯不足以應付這麼多人的需求，而且裝水也不應該讓人覺得困難。營區內有這麼多人，卻只有一台飲水機，可能需要思考一下是不是設備不足。另外，為什麼傍晚沙坑就不開放呢？這樣的安排有其用意嗎？整體來說，營位的位置很擠，但前方還算可以。,1,1,-1,5278,,2021/05/08,0,負向
民宿需要加強空間規劃，因為鐵皮屋旁的空地吸引了所有小孩去玩耍，造成住民宿的人沒有安靜休息的地方，建議要改進。,1,1,-1,5289,,2021/05/08,0,負向
很久沒有露營洗澡讓人有些焦急，不過還好不是在寒冷的氣候下來到這個營區。個人覺得小黑蚊還可以忍受，但這熱水實在令人難以忍受。,2,1,-1,5300,,2020/05/08,0,負向
建議營區應重新整理和處理草皮，因為在雨天露營時造成積水問題真的很糟糕。這不是天氣不好的錯，而是營區沒有良好的排水系統，這破壞了露營的氣氛，讓人感到很失望。值得一提的是，營主對人非常友善，廁所也很乾淨，而且營區的視野很開闊。,2,1,-1,5436,,2023/11/08,0,負向
這個露營地草地長而且未修剪，地面凹凸不平，蚊子多且肥大，各種昆蟲都有，甚至有蟑螂…整體而言，露營營地體驗不太理想，唯一的優點可能是廁所和浴室比較乾淨。,2,1,-1,5438,,2023/08/08,0,負向
草地沒有整理很長，到處都是蚊子、螞蟻和小黑蚊，這種情況是正常的。但如果到處都是會飛的大強和小強，再加上園區裡出現爆發性的蟑螂，那是真的要小心了！遇到午後雷陣雨的時候，最底下的營地直接被淹水，泥巴水和各種雜物全都灌進帳篷裡，詢問他們的排水設施時，他們說沒有排水，土地會吸收水份。然後又說他們的排水管裡有螞蟻築巢，所以塞住了，他們沒辦法處理，只能請人來修理！最糟糕的是飲水機壞掉，卻沒提前告知，讓我們只能到營地開的雜貨店購買，讓人有種被剝光皮的感覺。冰箱離營地很遠！因為地面不平坦，護草墊全部被踐踏壓爛，整個營地變成了危險斷崖邊，每天收1200元的價格根本無法認同！僅有的優點是兩位年輕的工作人員很友善，至於廁所，除了可能會被草塞住外，相當乾淨，就是這樣。,1,1,-1,5439,,2023/07/08,0,負向
這裡唯一的優點就是廁所乾淨，但草地不平，坑坑巴巴，睡覺容易腰痠背痛，也沒有美麗的風景可以欣賞，有點可惜。,2,1,-1,5448,,2023/05/08,0,負向
需要至少給一顆星才能發布評論，但實際上想給零顆星收場地費。我希望水槽是乾淨的，不需要自己清洗。插座也應該運作正常。如果維修需要2至3個月，這個問題應該是營區營業方面需要處理的。我並不是要求太高，這樣的解答令人不滿。如果草地需要維護，我建議休園。草坪很泥濘並且破損嚴重。停車問題也很糟糕，應該在營運時就考慮到這些事情。,1,1,-1,5453,,2023/05/08,0,負向
露營原本是很愉快的活動，但因營區沒有停車位導致我車子受損，水槽的水管也脫落了，讓我對這裡再也沒有興趣了。,1,1,-1,5454,,2023/05/08,0,負向
營區沒有停車位，還要我們自己找，水槽漏水還要我們跟別人共用，實在讓人感到困惑不已！,1,1,-1,5455,,2023/05/08,0,負向
這裡的限制很多，可是提供的設施很少！沒有停車位，水槽壞了要求我跟他人共用，一邊的電插座壞掉了一堆，真的非常不好！,1,1,-1,5456,,2023/05/08,0,負向
廁所沒有打掃，虎頭蜂沒處理，蚊蟲很多，游泳池沒水，早上10:30就開始收帳，還一直被催，整體體驗很糟糕。,1,1,-1,5458,,2023/05/08,0,負向
我們希望露營時能享受開心的假期，雖然工作人員只有一個，我們適可而止不要求太多服務。,1,1,-1,5461,,2023/05/08,0,負向
整體環境不盡理想，廁所中的尿味相當濃厚，淋浴間缺乏清潔，冰箱竟在客人抵達後才開啟，兒童戲水池已經非常髒亂不堪，並且有許多小黑蚊出沒。,1,1,-1,5462,,2023/05/08,0,負向
廁所沒打掃，草地長得像小樹，冰箱發霉沒整理，溪水池看起來像生態池，整體情況很糟糕。,1,1,-1,5463,,2023/05/08,0,負向
從周六中午到周日接近中午，廁所沒有進行清潔，也沒有補充衛生紙。,1,1,-1,5464,,2023/05/08,0,負向
收費過高，房間之間距離太近了，晚上鄰居吵得很厲害，完全無法休息。我給一顆星是因為環境乾淨，營房主也很親切。但我應該不會再來這裡了。,1,1,-1,5471,,2022/05/08,0,負向
"營地的植被稀少，排水情況不佳，導致土壤變得鬆軟。當遇到大風時，營釘會被連根拔起；再加上缺乏棧板，整地都是泥巴，可以用""慘""來形容。只給了一顆星是因為見到一位打著赤膊的帥哥，服務還算可以。",1,1,-1,5472,,2022/05/08,0,負向
營區管理者對於有些吵雜的客人疏於管理，這些客人一路狂歡到凌晨四點！營地的管理電話也沒有人接聽，即使過了半夜12點也沒有出來制止。這嚴重影響到其他客人的休息時間，而營區的規定明確禁止卡拉OK，卻讓這些客人一直唱歌到快天亮，最後還需要警察來勸導。這樣的營地實在不值得推薦。,1,1,-1,5476,,2022/05/08,0,負向
這個地方的景色很漂亮，營區的主人很熱心，但是環境清潔需要更加努力，特別是洗水槽和冰箱。我們住在貨櫃露營屋，一進去室內拖鞋都濕漉漉的。問了打掃阿姨，她說有用酒精消毒水噴灑，不過可能噴得太濕了。讓我們很困惑的是，洗澡的時候水會突然停好幾次，有一次還停了2-3分鐘，這種天氣被停水真的很煩人，小孩和大人洗到哇哇叫，感覺很冷。,2,1,-1,5482,,2022/05/08,0,負向
這個帳篷有點小，小朋友基本上無法在裡面活動，但其他公共設施還可以。,2,1,-1,5491,,2021/05/08,0,負向
帳篷之間空間過於擁擠，有影響；洗碗槽太低，需要劈腿洗碗；B區和C區共用廁所，容易變得髒亂且清潔不及時；夜間未控制其他露營者的噪音，導致夜晚持續唱歌聊天直到清晨，反映無改善；整體品質受影響，體驗極差，不再考慮再次入住。,1,1,-1,5497,,2021/05/08,0,負向
飲水機離冰箱太遠，營位相對太近，周遭嘈雜，停車處也不太方便。,2,1,-1,5498,,2021/05/08,0,負向
環境設備很好！只可惜...營地管理規範不夠嚴格！造成其他房客...在深夜大聲喧嘩！影響到他人休息時間..,1,1,-1,5515,,2020/05/08,0,負向
營區的硬體設施很好，廁所衛浴設備也很乾淨。不過有三隻大狗一直在帳篷周圍走來走去，從晚餐到半夜都很影響我們。睡覺時狗狗還在附近玩耍，讓我們難以入眠。雖然不討厭狗狗，但牠們總是在我們吃飯時晃來晃去，這讓我們很困擾。除了狗狗的問題外，其他都還不錯。,2,1,-1,5520,,2020/05/08,0,負向
雖然環境不錯，不過小黑蚊很多，還有野狗半夜會翻垃圾筒，一直在帳篷外面走來走去，讓人睡不好。,2,1,-1,5521,,2020/05/08,0,負向
這個地方很吵，因為靠近羅馬公路，半夜時不是有機車就是跑車路過，非常熱鬧！而且營地要求客人不要踩草皮，難道是要他們飛起來嗎？價格一張帳1200元，沒有景觀也沒有高海拔的清新空氣，價格有點貴。我給多一顆星是因為附近有很多螢火蟲可以讓人放鬆，這是我唯一讚賞的地方。,2,1,-1,5534,,2019/05/08,0,負向
這個地方風景很美，非常適合露營。,2,1,-1,5535,,2019/05/08,0,負向
各個區域之間的距離太近，營地過於密集，導致人潮擁擠，晚上鄰居聊天聲音一直持續到凌晨1點到2點，讓人感到很吵。,2,1,-1,5538,,2018/05/08,0,負向
兔子最好不能養在室外，並且飲食也很重要。如果你想以營利為目的飼養動物，應該要仔細吸收有關兔子的知識。店家回覆說，兔子的主食應該無限量提供提摩西草和煮過的飲用水，同時適量添加飼料。適合飼養兔子的環境應為17-25度，同時要避免潮濕或淋雨，以免引起皮膚疾病。在高溫環境下，兔子易中暑。有兔子因長時間在無冷氣的室內生活導致肝功能異常。飼主也分享自己對於不在家中隨意開冷氣的作法，希望能促進友善對待動物和環境的概念。,1,1,-1,5737,,2022/05/08,0,負向
風景很美；但環境和服務人員水平有待提升。,1,1,-1,5799,,2019/05/08,0,負向
這家飯店收費昂貴，蚊子和蒼蠅多得很，不管是早上還是下午，管理員還說有賣蒼蠅貼片呢。,1,1,-1,5807,,2019/05/08,0,負向
會放鳥的營主，勿踩雷。,1,1,-1,5813,,2019/05/08,0,負向
設施比較簡單，風景一般般。,2,1,-1,6069,,2023/12/08,0,負向
一開始說可以在這個區域搭帳，但是天氣很熱搭好帳後又被告知這個區域不能搭帳必須停車。再次移動後價格漲了。這真的讓人很沮喪，而且路況惡劣，車底盤還敲到了。,1,1,-1,6073,,2023/07/08,0,負向
洗澡時水溫難以調節，而且沒有飲水機可用。,2,1,-1,6076,,2023/05/08,0,負向
菠蘿蜜區剛洗頭時熱水就沒了！這個區域與其他區共用2間廁所和衛浴間（其中包括蹲式和坐式馬桶）。由於車輛無法進入營區，所有設備都是由營主用牛車運載到位的。,2,1,-1,6079,,2023/05/08,0,負向
我租的雅房和照片看起來差距很大，房間已經很久沒有整理，到處都有跳蚤，讓我很癢。我們發現食材忘記帶了，當我們打電話詢問時，對方以為我們不要了，工讀生便打掃房間，並把食材帶走了。下次可以先詢問是否有食材遺漏的問題，處理方式我無法接受，有待改善。但也無法怪罪他人，這是我們的疏忽。,2,1,-1,6090,,2023/05/08,0,負向
環境很好，營區主人很熱情。我們租了一個能住五帳人的區域兩晚，但只有一間浴室可以洗澡，需要排很長的隊伍。而且我們這個區域本來只有8個人，已經很少了。如果正常情況下這個區域要容納 10-15 人的話，要等到什麼時候才能都洗完澡呢？,2,1,-1,6099,,2022/05/08,0,負向
因為之前看到網路評論很好，所以心存期待，但當真下訂後卻大大失望。首先，付了訂金後詢問問題都已讀不回；入住當晚就急著收尾款，卻一直沒見到評論裡說的親切老闆或老闆娘；只有在收款時才出現，兩間盥洗室卻被至少6帳的露友使用，這意味著16人以上的使用量，還能保證衛生紙足夠嗎？；若不想在晚上6點或11點排隊洗澡，其他時間基本都要排隊，也很容易要憋尿；洗碗台沒有提供肥皂或洗碗精，盥洗室更是沒有洗頭洗身用品。總結來說，這次11人的露營經驗讓所有人都有上述共同感受。,1,1,-1,6137,,2019/05/08,0,負向
有做生意的人這樣嗎？為了要接另一個包場，就要求原本已經訂位的客人取消訂位，並改訂到其他日期？我真的輸給你了，老闆！「人無信不立，業無信不興」，古人有明訓！,1,1,-1,6320,,2023/06/09,0,負向
所有的遊客都很安靜，只有星期日早上營地的朋友來訪，竟然在前面聊天從早上六點多開始，一直聊到近八點。這樣讓人怎麼睡得著呢？要做生意的話，這點要特別注意。除此之外，一切都還算不錯。,1,1,-1,6328,,2023/05/09,0,負向
這個露營區並非由原住民經營，訂單確認後卻被管理員修改，多收了一些錢。環境並不十分舒適，隨時被營區管理人員監視的感覺讓人難以放鬆。也許應該考慮將這種露營區收回並還給原住民經營比較好！,1,1,-1,6580,,2023/09/09,0,負向
這個營地冬天沒有提供電力，所以我們沒有使用高功率電器，但卻經常跳電。營地的營主非常生氣，講粗話，有時還能聞到菸味（營主吸菸）。如果帶小孩來這個營地，尤其是在冬天，完全不建議。唯一的優點是廁所很乾淨。,1,1,-1,6593,,2023/05/09,0,負向
這個營區在冬天可能不太適合，因為不能使用低功率的電暖器，容易造成跳電。另外還需要注意不小心可能會被營主責怪說喜歡溫暖的話就不要露營。此外，營區工作人員可能會用刺耳的語言來指責你。,1,1,-1,6594,,2023/05/09,0,負向
營地廁所很乾淨！來到山上露營是為了放鬆心情、吸收芬多精，然而營地主人經常在帳篷旁抽菸！若有計畫帶小孩來露營的話，擔心可能會受到二手菸或三手煙的影響，因此不建議選擇這個地方！一顆星的好評是給營地主人提供的二手菸環境。,1,1,-1,6597,,2023/05/09,0,負向
營區整潔程度良好，淋浴熱水供應尚可，但供電不穩定，會於凌晨停電。營區可隨意使用卡拉OK，已清楚標示護墊使用方式，無需擔心。若電力不足，請提前通知，避免不必要的困擾。,1,1,-1,6614,,2022/05/09,0,負向
露營地和浴室環境都很好，但除了營主之外，其他女性工作人員的態度很差！完全不友善！許多營友問問題時，有一位女性工作人員的回答態度很不友善！這樣的服務讓人很失望，我不會再去那裡了。,1,1,-1,6617,,2022/05/09,0,負向
環境整潔，熱水只供應至晚上十點，同樣地，洗手台旁的燈光也只亮到十點；營地的主人夫妻似乎缺乏熱情。,2,1,-1,6625,,2022/05/09,0,負向
入住日期是11月7日。看到網友對馬胎227的好評，心情很期待地帶著老婆和小孩來到這裡露營。選擇了廣場區，抵達後感覺整體環境十分幽靜乾淨。晚餐後，孩子跟隔壁營區的家長一起開心地參加了夜間探險活動。可惜的是下雨了，但也算體驗到了露營的樂趣。入夜後，一群晚來的客人持續喧鬧、大聲唱歌聊天，山區的寧靜在深夜2-3點顯得格外吵雜。營主沒有出來制止，出於安全考量，我也未前去投訴，直到友人以氣憤的口氣斥責後，事情才有所改善。整晚睡眠被打擾，心情受影響，第二天一早趕忙收拾東西準備離開時，營主前來幫忙移車，卻提及了昨晚客人吵雜的情況，說是熟客。我質問為何沒有制止，營主竟然笑笑回答說客人可能喝酒了，所以才大聲，無奈之餘只能嘆息。儘管在預訂網站上有5星評價，但營主卻只顧著照顧熟客。,2,1,-1,6640,,2021/05/09,0,負向
營區收容人數超過負荷，房間密集連接，活動場地有限，有很多酒客並且喧囂，不太適合家庭親子活動。,1,1,-1,6655,,2021/05/09,0,負向
完全超出原本預期的負載量，擁擠到極限，讓人無言以對。,1,1,-1,6659,,2021/05/09,0,負向
在馬胎227營地只有中華電信有信號，其他家都沒有。營地提供WIFI。前方路況需要留意，道路彎曲且視線不佳，請慢駛以避免危險。營地道路凹凸不平，有許多大小石頭可能會損壞車子底盤，建議開休旅車前往。營地場地狹小，5個帳篷相連，孩子活動空間有限。營地內有蟑螂和大量蒼蠅，但因海拔750公尺，沒有小黑蚊。廁所距離場地不遠，非常乾淨，旁有小溪可抓溪蝦。營地中有自由放養的雞，清晨三點即開始啼叫，可能影響睡眠。如果以上情況您能接受的話可以前往試試，但個人並不推薦再次造訪。,2,1,-1,6660,,2021/05/09,0,負向
目的地附近的路徑很糟糕，需要磨蹭了好幾次才到達營地。營地很小，連供小朋友跑的草地也沒有。更糟的是，車子無法抵達營地，只好停在別處步行前往。,1,1,-1,6661,,2021/05/09,0,負向
營地已經擠滿了，還接待太多客人，老闆飼養的雞通宵叫，實在難以入睡。,1,1,-1,6664,,2020/05/09,0,負向
這營區雖然沒有太多景色可看，但有溪水和兒童滑梯，滑梯設施還算不錯，但沒有沙坑。廁所和浴室都保持乾淨，只是地面常常濕濕的。B區比較適合搭帳篷，還有放養的幾隻雞在自由地走動，不停地咕咕叫有點吵。整個營區清晨都是雞嗚狗叫，持續不斷，但大自然的蟲鳴鳥語還是有的。總的來說，這裡的選擇並不多。,2,1,-1,6668,,2020/05/09,0,負向
營地管理可能會向您收取额外费用，而且營位有點狹小，車輛停放空間有限！,1,1,-1,6676,,2019/05/09,0,負向
這家營主和他的家人態度都不友善，還讓自家狗隨意在地上大小便。,2,1,-1,6693,,2023/03/07,0,負向
沒有使用高功率電器，但卻一直跳電，還說天氣冷就不要出來露營，並罵髒話，有點過分了。听說你使用了第六代功率380W的黑設備。,2,1,-1,6697,,2022/12/13,0,負向
B2區有很多蟑螂，有時甚至會傳來狗屎的味道。,2,1,-1,6728,,2020/08/21,0,負向
營地的管理真的很不周到，廁所從來不打掃，垃圾也不清理。廁所的惡臭傳遍整個營區，洗澡熱水供應更是問題重重，每天晚上都要搶著找有熱水的廁所。營位也擁擠，鄰居談話聲音清清楚楚，讓人無法好好休息放鬆。打電話請營主上來更是得等上兩個小時，讓我感覺這一生再也不會再來第二次這個地方了。同樣的景觀和價錢，應該可以找到更好的選擇。只好給一顆星是因為美麗的景色。,1,1,-1,6753,,2024/04/11,0,負向
空間很小很擁擠。每天半夜都有野狗前來報到並啃食物。垃圾桶並非獨立的，而是需要與其他戶共用。,1,1,-1,6756,,2024/04/09,0,負向
不建議住在這間房間，因為隔音效果很差，廁所還在外面，連吹風機都沒有，非常不方便。露營區的廁所經常被很多人使用，但清潔狀況非常糟糕。,1,1,-1,6758,,2024/04/09,0,負向
這是第一次來露營，晚上營地管理人員也沒來巡視。我打了電話給管理人員，已經過了11點，還有一群人在帳篷裡喝酒作鬧。管理人員到場後，還是很吵。,1,1,-1,6766,,2024/03/09,0,負向
這段文字的意思是在露營區遇到了一些問題，希望營主可以減少露營區人數，提升露營品質，而不是只想著賺錢。,2,1,-1,6771,,2024/01/09,0,負向
一開始線上預約位置時，前排夜景區仍有空位，我們已提前付款訂位。但當夜晚抵達時，我們被分配到中間草皮區。我們詢問老闆我們不是預約前排的嗎？老闆回答：前排是要留給當天夜晚抵達的客人。我們再問老闆我們不就是夜晚抵達的客人嗎？老闆卻表示無法做改變⋯⋯後來我們才發現是老闆把位置給了晚些時候才訂位的六人⋯⋯感覺有點被忽略，心情超級失望。,1,1,-1,6773,,2024/01/09,0,負向
"1. 在12/1到12/2的半夜1點多時，B區的露營友，有大人大聲說話，小孩嬉鬧聲不斷。
2. 每個帳篷之間非常靠近，營繩相差一步，幾乎要碰在一起了。
3. 垃圾桶太少，放在營位前面，建議放在營位後面或區域入口，才不會一直有人走來走去。
4. 露營友的素質很重要，可以請不要在別人的帳篷前走來走去看人家的裝備，這樣很沒禮貌，要走路請繞過帳篷後方走。
5. 請安排吸煙區，下風處可以聞到煙味，地上還有煙蒂不推薦的營地，我們將不會再前往。",1,1,-1,6776,,2023/12/09,0,負向
我今天從騰雲露營區回來，實在待在露營區時一直確定要在回家後分享評論...體驗真的太糟了...浴室大（最後一間完全沒熱水）；飲水機灰塵超厚，像是在讓人吃下病毒一樣；冰箱超小，沒有合理劃分區域，大家亂放；馬桶水箱沒有蓋子...看起來真的不好；草地上超多蜈蚣...營區環境和動線都很怪，沒有娛樂活動空間給小孩；每個營位間距超近，像是在夜市擺攤一樣？晚上很晚了，隔壁營位超吵，營主也沒管；有人帶狗來露營卻管不好，還經常跑到我們帳篷區域，對有小孩的我們造成很大困擾...我是在看完這區的評論後才決定要不要去，因為我實在無法推薦這裡，只能看到營位前面有一棵大樹在眼前...我真的非常不推薦。,1,1,-1,6786,,2023/11/09,0,負向
有流浪狗出現，還咬走了一隻雞的一半；還有一群戴項圈的狗；洗澡水溫忽冷忽熱，可能會燙傷；還遇到不守衛生的女士在浴室小便，還把衛生紙丟在地上。,1,1,-1,6797,,2023/08/09,0,負向
打了二三十通電話都沒有接，沒熱水的情況下在裡面等了二十幾分鐘，水溫也不穩定，這樣的露營區實在無法給予六顆星的評價，甚至可以說這一顆星是多餘的。,1,1,-1,6802,,2023/05/09,0,負向
這次露營的地方衛生間清潔不夠勤快，投訴後仍未見改善。除此之外，熱水不穩定、睡眠品質參差不齊，清晨起床面對嚴寒真是辛苦。,1,1,-1,6817,,2023/05/09,0,負向
廁所數量不夠，清潔情況糟糕，熱水時大時小。打電話反映廁所髒，但營主未有處理。,1,1,-1,6818,,2023/05/09,0,負向
這個露營地雖然接近野營體驗，但收取的費用卻高達五星級消費⋯上山的路況狹窄讓車輛不易通行，而且抵達營區後沒有帶位人員指引，讓露營者自己在營地中找位置？這個地點位於海拔1000米以上，一列車多輛車，難以轉身離開⋯再者，從來沒有遇到的雷雨也送給了這個營區，半夜電箱爆裂導致斷電，當時室外只有攝氏8度⋯中華遠傳的訊號在這裡很弱，雖然營區提供Wi-Fi，但停電時連Wi-Fi都無法使用，也正巧被營區主人禁止使用網路⋯洗碗槽沒水或水壓太低，營區主人鼓勵露營者環保無水洗碗！小朋友洗澡時只有半桶水⋯聽說抽水馬達都抽不到水而燒壞了，馬桶的水箱也無法蓄水沖洗，需要自己手動取水沖洗，讓我們體驗早期農村的生活⋯廁所又髒又臭，有未沖洗的大便⋯營區沒有宵禁規定，非常適合夜貓族前來狂歡～這個營區管理不善，吸引的露營者數量超出了營區硬體的負荷能力，是一個非常不愉快的經驗⋯,1,1,-1,6822,,2023/05/09,0,負向
如果您在打電話給營業主告知廁所沒有衛生紙，然後對方直接掛電話，這樣的行為確實有點失禮。您可以再打一次電話或者嘗試用其他方式聯絡對方，以確保問題得到解決。,1,1,-1,6825,,2023/05/09,0,負向
聖誕夜時停電後，營區管理處處理速度緩慢，甚至警告如果再有用電不當的情況，整個區域都會停電。朋友前來幫忙修理水電問題，甚至沒有收取額外費用。帳單顯示用電量過高，營區本應監控好衛生狀況，並非頻繁清潔廁所。現在營區打算開放新的營位，引起人們對該營區的擔憂。,1,1,-1,6832,,2023/05/09,0,負向
上方特區的管理出了些問題，導致露營營位難以安排，有些露客沒按時離開，也有些營位過小無法搭建兩帳，而訂位網站的照片也有誤導之處。這些都需要改善，因為信譽與品質才是營地長遠經營的關鍵。,1,1,-1,6833,,2023/05/09,0,負向
對我來說，最令人無法接受的是夜晚沒有時間限制，甚至在晚上11點或12點還有車輛陸續上山，車燈閃爍不止，還有搭帳人發出吵雜的聲音一直持續到深夜。第二天早上整理帳篷時發現帳位上滿滿的蜈蚣，還好有鋪了護草墊，可惜還是有蜈蚣溜進帳篷裡，數量比螞蟻還要多。儘管營地的視野相當優美，傍晚可以觀賞夕陽，夜晚能夠仰望星空，早上則被濃霧籠罩，彷彿置身仙境。然而，營地的廁所浴室設施不多，雖然有提供冰箱和飲水機。幸運的是我選擇在連假前一天到來，避免了半夜被夜晚攤位的喧囂吵醒，第二天一大早就匆匆離開，不想留在這種擁擠無法放鬆的環境中。,2,1,-1,6842,,2023/05/09,0,負向
在營地準備冰食材時，營主告訴我們冰箱雖然剛開但已經冰了快一小時，溫度還是27度，這怎麼回事？比我家的冷氣還要熱？連冰塊都直接融化。晚上洗澡時，朋友們剛進到浴室就發現沒熱水，後來修好後我們才進去洗，只有前兩分鐘水是熱的，後面全程都是冷水。就這樣艱難地忍受了半小時冰冷的水才洗完澡。營地風景很美，但設備確實需要加強。,1,1,-1,6849,,2023/05/09,0,負向
建議你每次來這裡露營都會覺得像天堂一樣舒服喔！,1,1,-1,6856,,2023/05/09,0,負向
景色還算不錯，WiFi 連線順暢，衛浴設備還可以，只是熱水不太穩定是最大的問題……空間太擁擠，露營區停車位不足，帳篷擠在一起，去之前最好考慮清楚……別被網路上的美化描述所迷惑。,2,1,-1,6859,,2023/05/09,0,負向
我感到非常不開心，因為B區就像是在停車場露營一樣，根本看不到風景。,1,1,-1,6860,,2022/05/09,0,負向
環境清潔需改善，環境整潔程度有待提升⋯⋯太多帳篷，整體品質不佳。,1,1,-1,6864,,2022/05/09,0,負向
"1. 冰箱只能冷藏，溫度不夠低，而且有濃烈的異味，看起來已經有一段時間沒有清理了！沒有凍藏功能，食材幾乎都在常溫下！
2. 各家電信公司的訊號品質不佳，雖然有提供wifi，但訊號不太穩定。
3. 在景點附近，看不到大自然景觀或帳篷，也希望不要看到一整排的車輛！雖然停車空間很多，卻讓A區停滿一整排車輛，若沒辦法訂到觀景區那排，B區就會直接對著別人的露營車，網站上的資訊跟實際現場不太相符，向營地主人反應後卻說原本就是這樣規劃的…
4. 浴廁前面有一大片蜘蛛網和蟲蟲，幾乎變成小朋友們觀察生態的地點，浴廁雖然很大，但從抵達到離開時垃圾桶一直滿著…清潔狀況還需要加強！
5. 特地去到觀景區，白天和晚上的景色真的非常棒！",1,1,-1,6868,,2022/05/09,0,負向
營地管理者表示只有A區（景觀區）的車可以停得整齊像停車場一樣。其他區的車輛排列整齊也是正常的情況。建議大家如果無法訂到A區，也可以考慮在附近的停車場露營。,1,1,-1,6869,,2022/05/09,0,負向
在B區露營感覺就像停車場一樣，停車位不夠，帳篷和車子都擁擠在一起。雖然園區有告示牌說明應該停在外面，但卻默許A區的人停在旁邊，和網路上的照片和規劃不相符。付了1000元的費用，卻有被騙的感覺。希望營地管理者能提供清楚的指示，避免讓遊客到了才發現問題。看出去的景色都被別人的車子擋住，對於老闆消極的態度感到非常失望。,1,1,-1,6870,,2022/05/09,0,負向
到處都在唱卡拉ok，而且開得很大聲卻沒有人管理，這樣浪費了美麗的景觀，真是令人感到失望。,2,1,-1,6882,,2022/05/09,0,負向
螞蟻超多，真的太嚇人了。住兩晚簡直太可怕了。,2,1,-1,6907,,2022/05/09,0,負向
這個特區每晚收費1200元，營位擠在一起，營主似乎沒有考慮到搭帳篷需要拉營繩的問題，而且營位的設計也太小了，照片中的保特瓶為比例來看。,1,1,-1,6953,,2021/05/09,0,負向
營區人潮眾多，帳篷密密麻麻地連接在一起，5x8的營位都找不到，被安排在左邊第一個紅圈處，夾在兩棵樹中間。另外還多收了三個人，下次我不會再來了。,2,1,-1,6957,,2021/05/09,0,負向
夜晚的景色確實美麗，令人感到放鬆愉悅，但是衛浴設備稍嫌不足，熱水時燙時冷，另外營地的排水也有些問題，希望能有所改善。,2,1,-1,6964,,2021/05/09,0,負向
這個地方景色很優美，包含了壯觀的雲海，美麗的夜景和迷人的夕陽，還有平坦的草地。然而，這裡的營區帳篷收取量過多，建議減少約三分之一以增加活動空間，否則會導致空間狹窄。小朋友在此玩球時必須在車道上活動。浴室設施稀少，也沒有清楚標示浴室和廁所，需要一間一間打開才能確認。此外，水壓小，水溫起伏不定，困擾不輕。停車位短缺，規劃混亂。網路僅有中華電信訊號穩定，其他電信訊號不好。總體而言，WIFI連接狀況有待提升，因為訊號不穩導致太多人連接時無法使用。,2,1,-1,6966,,2020/05/09,0,負向
營地管理者會在半夜打擾你退房，表示下次不會再有機會入住了。,1,1,-1,7009,,2019/05/09,0,負向
這個地方的優點是D區場地很大有樹陰，可以在不用搭天幕的情況下避免曬到太陽，非常棒。但缺點是環境整理需要加強，水槽很骯髒，廁所裡有很多蜘蛛網，看起來已經很久沒有清理。營位和廁所門口的洗手槽有很多很大隻、會飛的蟑螂，環境衛生方面真的需要改善。,2,1,-1,1,,2024/05/06,0,負向
廁所從來沒有定期打掃，味道很難聞。風筒的品質很差，像是飯店裡會使用的過熱就斷電的款式。浴室裡有時沒熱水，有時熱水還不夠熱。冰箱容量明顯不足，根本放不下全部的食物。洗手台傾斜的角度不對，無法放置物品。,2,1,-1,16,,2023/12/06,0,負向
這個營地的環境衛生狀況非常糟糕，雨天容易積水，草地泥濘，照明不足，廁所髒亂且散發著惡臭。雖然營地經常舉辦露營活動，但營主並沒有改善環境，連假期間更是留下很多髒亂，只看到一名阿伯在打掃，顯示環境維護的人手不足，甚至冰箱也很髒。這樣的情況讓人不願再造訪該營地。,2,1,-1,21,,2023/11/06,0,負向
環境還行，但人員態度有待改善，特別是在10/8的萬聖節活動中扮演鬼滅之刃女生的人員。對於直接在沒看到臉的情況下就不耐煩地回答問題，我會感到非常不滿。,1,1,-1,22,,2023/11/06,0,負向
營位光線較暗，我們中午到達時，廁所已經十分骯髒了，直到晚上十點還未有改善！垃圾桶滿溢、衛生紙亂丟一地，馬桶極為骯髒，每一間廁所幾乎都令人感到可怕…,1,1,-1,36,,2023/05/06,0,負向
水壓不穩，溫度忽冷忽熱，流理台的水量明顯不夠，四五家共用一個，有許多野貓野狗，還有些喝醉後失控大聲喧嘩的人最好不要再來露營了，整個夏天都被你們的吵鬧搞得很煩；整個山頭整夜都聽到你在發牢騷！,2,1,-1,38,,2023/05/06,0,負向
營區本來就有宣導晚上10點降低音量的規定，為什麼還有一群人在深夜兩點還在吵鬧彈吉他，而且沒有人來管理管制呢？難道不應該讓大家休息嗎？,1,1,-1,45,,2023/05/06,0,負向
廁所有異味，看起來好像已經好幾天沒有清理了，衛生紙也沒有補充，雖然環境很漂亮，可惜被帳篷和車塞得滿滿的。,2,1,-1,46,,2023/05/06,0,負向
這個地方的空間很寬敞，但F區真的不太理想。為什麼要把加壓機放在旁邊，還要讓人搭帳篷？24小時沒有停過，即使停下來也只是短暫一下就馬上又繼續叫。讓人根本無法完全入眠啊。,1,1,-1,50,,2023/05/06,0,負向
營區風景優美、空間寬敞，但因收容人數眾多，導致廁所不夠且維持欠佳。建議提高清潔頻率、補充衛生紙。浴室數量明顯不足，且有一間沒熱水、水溫水壓不穩定、排水系統出現問題。最令人無法接受的是當地正進行垃圾焚燒。希望這些問題能儘快處理。,1,1,-1,68,,2023/05/06,0,負向
假日人潮太多洗澡時沒有熱水，可以理解要等一下。通知老闆後，對方卻說沒有瓦斯，要求換瓦斯後叫人家再開水，衣服都脫光、身上有沐浴乳在寒冷的山上等待了20分鐘！依然沒有熱水？我只是想問，瓦斯換去哪裡了？太誇張了！不會再光臨了！,1,1,-1,96,,2022/05/06,0,負向
廁所太多而且髒，洗澡冷水沒熱水，早洗晚洗都一樣不舒服，非常不建議。,2,1,-1,106,,2022/05/06,0,負向
這段露營經驗真的很不愉快啊！從初三到初五連續三天都在爛泥中度過，實在是太辛苦了！在去上廁所的路上連路燈都沒有，一路踩著爛泥去，再踩著爛泥回到帳篷。而且排水系統不完善，即使雨沒有下很大，地上仍然出現了飄飄河；還經常跳電，熱水也不夠熱。這個露營區的經歷真是難以忘懷！,1,1,-1,108,,2022/05/06,0,負向
廁所和淋浴間合併在一起，洗澡時還能聞到大便味，洗手池也非常不方便。,2,1,-1,112,,2022/05/06,0,負向
房間雖然乾淨度不高，但因為是春節時期價格較優惠。,2,1,-1,114,,2022/05/06,0,負向
這情況很糟，第一天沒熱水洗澡，第二天斷電了，看來營地賺得盤滿。,1,1,-1,118,,2022/05/06,0,負向
營區環境舒適，有溪水和螢火蟲，但一年前有人提到浴室的水溫問題，今天卻完全是冷水沒有熱水，讓人感到失望。,2,1,-1,148,,2021/05/06,0,負向
雖然該地點空間很大，但營區規劃過於緊密，導致缺乏活動空間。活動區域缺乏樹蔭，容易過熱。當人數過多時，衛浴設施明顯不足，需要排隊洗澡。儘管有螢火蟲和溪水可供玩樂，但比這裡更好的露營區仍有很多。,2,1,-1,149,,2021/05/06,0,負向
建議營主增加洗碗槽和插座，同時改善熱水設施，以避免出現忽冷忽熱的情況。另外，建議在晚上十點後要求降低音量，因為有人在半夜十二點還在大聲聊天，造成噪音干擾。若有人無視要求，可能需要再次跟他們反映，要求尊重他人的休息時間，以維護良好的住宿環境。,1,1,-1,176,,2021/05/06,0,負向
浴室空間狹小、淋浴水溫不穩、排水不良、地磚受損、廚房水槽不足。,1,1,-1,190,,2020/05/06,0,負向
這個營地設施不佳，廁所很髒，只有一間衛浴有熱水，入住還要收取1200元。,1,1,-1,204,,2020/05/06,0,負向
這個露營區沒有提供熱水洗澡，衛生狀況很惡劣，也缺乏小孩遊玩設施，收費卻高達1200元。整體而言，真的不值得去，我絕對不會再去這個地方露營，簡直是個雷區。,1,1,-1,205,,2020/05/06,0,負向
雨後草地變得泥濘是因為排水不良。,2,1,-1,207,,2019/05/06,0,負向
熱水很容易受影響...不建議使用,1,1,-1,209,,2019/05/06,0,負向
規定禁止在營區內唱卡拉ok或使用高分貝音響，但不幸地我們碰到了這樣的情況。有人在晚上唱歌唱到了晚上11點，其他區域則陸續放歌，同時營區外還散布著難聞的施肥味，引來許多蒼蠅。儘管有提供桂圓銀耳甜湯的加分活動，仍要求主辦者以後加以制止，避免損害營地的聲譽。,2,1,-1,279,,2024/04/06,0,負向
"1. 營主很熱心，在這麼炎熱的天氣裡，他送來了清涼的點心。
2. 營主專業細心，聲稱收的魚數都有小黑蚊，而我們前三名的魚數分別為34、33、19，很好奇老闆心中認為何種魚數才算多。
3. 廁所非常乾淨，並有四間廁所，但要留意小昆蟲和小寵物。
4. 愛釣魚的朋友請小心，釣到的魚要妥善處理，因為老闆會在監視器上監控，確保你沒有藏他的魚。當需要叫老闆時，其實只要在監視器前揮揮手，他就會過來。感謝讓我在露營區裡創下被小黑蚊叮的紀錄。",1,1,-1,334,,2023/05/06,0,負向
雖然螞蟻在繁殖期時數量會增加，但沒有提醒可能會影響露營的體驗品質。,1,1,-1,373,,2021/05/06,0,負向
這個露營地真的不宜再訪，炎熱的夏天最好避開，午後雷雨可能導致排水問題，而泥濘的路面也會影響露營的舒適度，需要有所改進。,1,1,-1,375,,2021/05/06,0,負向
草地營地如果設在洩水道旁不是很理想，因為下大雨時旁邊會形成一條大水溝，營地主人應該考慮一下是否選擇其他地點會比較好。,2,1,-1,376,,2021/05/06,0,負向
露營時遇到了一個很特別的營地，雨棚就搭在營主家門口，營主家人經常在我們營位附近進出，完全沒有隱私。明明租了營位，卻不能把帳篷搭滿，還得留一條通道給他們使用，空間壓縮得很不舒適！,1,1,-1,417,,2024/04/03,0,負向
在園區放置捕獸夾可能違法！！攜帶寵物前要格外小心。,1,1,-1,467,,2024/02/06,0,負向
這裡似乎不太理想，不能再來了。這些限制每個人都瞭解，來跨年的人都希望開心一下，可是各種事項都被規定了，是否真的需要牽扯法律呢？難道我們花錢是來這裡睡覺的嗎？給你六顆星，那額外的一顆是什麼情況？,1,1,-1,468,,2024/01/06,0,負向
由於預定的雙十連假帳篷行程遇風取消，取消後被扣除60%的訂金，這部份我認為還算合理。但令我不解的是租借裝備的費用，雖然未使用卻全額不退，理由竟然是廠商代訂的？但裝備一直在營地倉庫，根本沒有所謂的廠商。提問營主若遇大雨導致淹水，營地排水不良，如何處理，卻被模稜兩可地回應為戶外地區難免會有淹水情形。熟悉此營地的人都清楚這種狀況，因此在選擇營地前多閱讀他人的評論也很重要，通常可以避免這樣的狀況發生。,1,1,-1,475,,2023/10/06,0,負向
在露營地沒有垃圾桶，必須自己拿垃圾到廁所外的垃圾桶丟。營主事先沒提到季風問題，強風導致帳篷和炊事帳毀損。營地地板是石頭，難以釘營釘，也可能缺乏電源，連假期間可能供電不足。計劃露營的朋友們需要考慮這些情況！,1,1,-1,482,,2023/05/06,0,負向
這次去露營營區體驗並不理想，衛浴維持得相當乾淨，但其他方面都值得商榷。營地地面堆滿硬碎石，營釘難釘難拔，沒有提供護草墊。垃圾桶和廚餘桶只在衛浴區，需走很遠。營位設計上有問題，邊坡陡且沒有護欄，對小孩極不安全。半夜溫度接近零度，我們及其他露友只好自帶煤油暖爐，睡帳內最多只有黑設+電熱毯，第一晚五帳成功度過，第二晚增加至八帳卻發生三次跳電。營主索賠，雖然沒有人使用高瓦數電器，最後營主停電，半夜只能靠煤油暖爐取暖，結果小孩第二天感冒。這樣的服務態度令人失望，造訪後該營區將列入黑名單。,1,1,-1,486,,2023/05/06,0,負向
"1. 起初接洽時老闆態度很好，但在付款後，態度大轉變。友人家人臨時離世無法露營，營主卻要求證明才可退款。我能理解需提供資料，但訃聞當天無法獲得，也沒人會拿此開玩笑。  
2. 到達營區後，花了兩小時搭建營帳，營主立刻要求尾款，感覺不太好。  
3. 租借的床墊有漏氣問題，換了依然漏氣，營區租賃商品管理不周，營主變得憤怒，表示知道會漏就不要租！  
4. 垃圾桶離營區很遠。  
5. 熱水不足，冬天不適合露營。",1,1,-1,487,,2023/05/06,0,負向
對於缺乏裝備的露營朋友來說，這次的經歷真的很糟糕。因為朋友租的充氣床不停地漏氣，只好在半夜打電話給營地管理員。管理員雖然後來來換了新的床墊，但態度和口氣非常惡劣。新換的床墊還是漏氣，最後我們全家只好睡在硬邦邦的地板上。管理員在收租金的時候，一會要我們收一會又要我們留下，言行反覆且很粗魯。最後直接告訴我們不要再來了。這是我們第一次遇到這麼糟糕的經驗，務必告訴其他裝備不足的露營朋友。,1,1,-1,489,,2023/05/06,0,負向
營區冰箱出現漏電問題，導致有人觸電，但營主處理這個問題的態度消極且很不友善。,1,1,-1,490,,2023/05/06,0,負向
"1. 我們租借的氣墊床有問題，當請營主來更換時，他的態度非常糟糕，並且沒有好好處理設備問題，結果整晚不得不睡在硬梆梆的地板上，經驗非常糟糕。

2. 在早上結帳時，營區的工作人員告訴我們租借的帳篷和客廳帳不用收，因為要讓設備曬太陽，過了一會兒營主過來說設備還是要收費，當我們跟他溝通時，他卻說他是老闆，他說的算，讓我們很無奈，只好開始收納設備。過了一段時間，營主又回來告訴我們不用收設備才對，這時我們正在收納設備，感到非常困惑。這營主難道是眼睛有問題嗎？這個營區讓我們感到非常糟糕，下次不會再來了。",1,1,-1,491,,2023/05/06,0,負向
這次帶團露營真是讓人感到不愉快，雨下得很大，營地積了水，我向營主反應，但他一直找藉口說尖石營地就是這樣。營釘打歪不少，而且沒有垃圾桶，得自己帶到廁所去丟，這些都是小問題。晚上貓咪把我包好的垃圾弄破，到早上營主很不客氣地要求我趕緊清理，我傻眼了，就好像我們亂丟垃圾一樣。還沒到中午十二點，他就一直在抱怨要怎麼收這麼久。我已經付了營地費，時間還沒到，究竟怎麼了？難道營主可以隨便收錢，隨意改變時間？真的不推薦這個營地，雖然風景美，但營主的不友善態度和營地問題讓人失望。希望和我一樣看重露營開心的人不要來這裡花錢受氣。只能給一顆星，至少營地風景美，這一點我不否認。我們離開時留下的垃圾都沒有亂丟，這是作為戶外人應有的品格。,1,1,-1,492,,2023/05/06,0,負向
"1. 搭帳篷的時候很困難下針，許多釘子都敲壞了。
2. 丟垃圾必須到浴室才能找到垃圾桶。 
3. 廁所只有在打掃當天乾淨，之後就很骯髒了，感覺沒有在維護，也沒有再補充衛生紙。
4. 排水系統非常差，下大雨時雨水會全都沖進帳篷，水根本無法排走。",2,1,-1,498,,2023/05/06,0,負向
"原先計劃參加萬聖節走秀的活動，卻突然被下起的大雨打亂，導致整個情景變得像在摸螺仔和洗衣服。雨水使帳篷陷入積水之中，我擔心我家前後的小河可能會氾濫，令我們的帳篷漂浮在河水上。盡管我們想方設法排水，卻似乎無濟於事。這場雨雖然無法與前不久北部豪雨相比，最終我們還是決定提早收起帳篷，以免夜深人靜時被雨驚醒，造成更大的恐慌。即便在雨前的經驗算是不錯，但要提一點，釘營釘實在很難打（或許是因為我用的工具太差，又或者手無縛雞之力）～""～",2,1,-1,499,,2023/05/06,0,負向
下雨天排水不良，如果想要學習挖溝技能，可以趁著雨天來練習！別忘了先在蝦皮上買好鏟子哦。,1,1,-1,500,,2023/05/06,0,負向
營區排水出了問題，泥水整個淹進帳篷裡，無法在外露營。大家都很乾淨整理好，這裡已經提早準備好#原來露營要攜帶鏟子。,1,1,-1,501,,2023/05/06,0,負向
上周我參加了一個家庭露營活動，在尖石地區。星期六白天天氣還算不錯，但下午四點開始下雨，不到半小時後各區就開始積水了。我們的帳篷後半部幾乎都在水裡。但問題出在兩點上：首先，營地根本沒有排水系統，而且地面還是鋪著石子；營地負責人也沒有採取有效措施。每個區域都淹水了，我們無法搬到其他安全地點，畢竟這個地方既不是新的營地，也無法因為下雨就無能為力。其次，活動組織者認為這是天災，不該怪責營地負責人（我們都有繳納活動費用）。但是，活動主辦方難道不應該預先評估雨天積水的問題嗎？結果是，小朋友們都無法進行活動，也無法享受糖果派送。為了避免小朋友感冒，我們最終決定撤營。當時已經有不少人做出相同決定，因為沒有人知道雨會停止（當時還未發布豪大雨警報）。我們被困在積水中，聽說將近一半的帳篷都選擇撤離。這次經歷讓我們有很多抱怨，雖然我們總共支付了一千五百元的營地與活動費，卻只換來小朋友們的困擾、尷尬的撤營過程，以及很多抱怨。,1,1,-1,502,,2023/05/06,0,負向
這個營地雖然停車方便是個優勢，但排水問題和缺乏草坪保護墊是一大困擾。特別是梯田式佈局下面的營地更是糟糕，我們這次碰上大雨時完全沒法排水，短短三分鐘帳篷就被淹水。整個營區變成一條小河，露營者只能自己動手挖溝救帳篷，第一次露營就得到如此極端的經驗，整個區域因為下雨而被迫撤營回家，絕對不推薦在雨天前往的營地。,1,1,-1,503,,2023/05/06,0,負向
建議不要在下雨的天氣來這裡露營。因為露營釘容易卡到硬物，地面不平整，容易積水漏水。帳篷內容易淹水，帳篷營主也無法解決。當雨勢變小後的15分鐘後，積水會慢慢退去，但如果雨勢持續，積水仍會困擾。此外，淋浴間有可能沒有熱水，需要仔細挑選使用。,1,1,-1,504,,2023/05/06,0,負向
這個地方的排水有問題，容易積水，反應後卻沒人理會，只能自求多福。,1,1,-1,505,,2023/05/06,0,負向
茄苳D區排水不良、積水較嚴重。第一次下雨時因積水問題，大家都撤營了。這個營地是草皮和石頭混合的地面，底層的石頭有些比較大，容易讓釘子下不去。如果碰到下雨的情況，最好多考慮一下。,1,1,-1,506,,2023/05/06,0,負向
這段句子可以換句話說成：「排水狀況不佳，地面不平且沒有覆蓋草皮，導致地面積水問題，並且營地主人的態度消極。」,1,1,-1,507,,2023/05/06,0,負向
我們第一次參加學校的露營活動，日期在4/30至5/2，共三天兩夜。我們用登山野營帳篷，在搭建時遇到很多小石頭，營釘困難插入；向營區工作人員借了鐵槌求助。有一位女生工作人員和男生（可能是老闆）建議我們換個位置。第二天回到營地時想洗個熱水澡，但開水一開始熱後來變冷，只好在13度天氣下忍受冷水。回家才發現雨傘忘在營地，打電話詢問時卻被告知什麼都沒有了。感覺他們不願擔負麻煩。總結這次露營經驗不盡如人意。,1,1,-1,517,,2023/05/06,0,負向
這段描述是在描述在週末連假露營時遇到的不愉快經歷。營地的環境一開始還不錯，但是後來遇到了跳電、水溫難控制的問題，不過大家並沒有抱怨。最後一天，營主臨時通知要在短時間內離開，而且態度十分冷漠，逼迫露營的朋友趕緊離開。有些朋友因為雨天臨時租帳篷，卻沒有注意要歸還，後來收到營地的責難電話。朋友們感到抱歉，趕緊回營地處理，但也覺得營地的態度十分不友善。雖然遇到些狀況，但大家都盡力配合，營地若有問題也能溝通解決，並不需過於刻薄。縱使營地環境不錯，但經營者的態度讓人反感，未來可能不願再去那裡露營。,1,1,-1,520,,2022/05/06,0,負向
老闆的態度很不好，而且浴室沒有熱水。,1,1,-1,521,,2022/05/06,0,負向
冷熱水的溫度非常不穩定，只有非常燙或者非常冷兩種選擇，而且還經常跳電。,1,1,-1,523,,2022/05/06,0,負向
老闆說話的態度很惡劣，停電、洗澡水溫不穩定等問題都出現了，前往服務中心詢問事情時也被冷嘲熱諷，路上還有落石，非常危險。,1,1,-1,524,,2022/05/06,0,負向
這段句子的意思是：在一個訂了三天兩夜的飯店住宿經驗中，熱水溫度總是太低而讓小孩受涼發抖，而且老闆的態度也很差，甚至有誇張的行為怠慢客人，生意太好時還嫌麻煩。在結帳時也表現出跋扈的態度，整體印象很差，推薦改去住尖石。,1,1,-1,525,,2022/05/06,0,負向
這個住處的衛浴設備有點不足，需要跟其他區的人共同使用四間浴室和廁所，可能會遇到洗澡和早上上廁所要排隊的情況；而且熱水供應不太穩定，有時候會有溫度忽冷忽熱的情況；另外，營主的服務態度也不太好。,1,1,-1,529,,2022/05/06,0,負向
營地主人的態度很差，甚至說要讓客人趕快離開山上。,1,1,-1,530,,2022/05/06,0,負向
營地的老闆態度很差，我不建議你去那裡，他甚至會要求客人下山離開還有事？我真的很雫。,1,1,-1,531,,2022/05/06,0,負向
去了三天兩晚的跨年活動，發現熱水供應不穩定，和民宿主人反映後感覺沒有改善，回應也比較冷淡。廁所雖然有打掃，但最後一天變得很髒，讓我沒有留下好印象。很可惜，每個區域都客滿。,1,1,-1,532,,2022/05/06,0,負向
場地的草皮規劃得很好，但熱水洗澡的供應不太穩定，竟然要忍受8度冷水淋浴，真的太冷了！,2,1,-1,534,,2022/05/06,0,負向
這周我們去了露營區，租了一個帳篷和一個客廳帳。其中一個客廳帳已經不防水了，嚴重滴水。下午四點時請老闆來看，但工作人員直到七點雨停才到。他們只擦了一遍裏布，檢查後說沒有破洞就要離開。我們強調這是防水塗層失效了，因為另一個帳篷沒有這個問題，要求更換。老闆一直強調這是正常現象，客廳帳裡會滴水是合理的，態度強勢且輕蔑，完全不理會客人的反應，堅持自己的想法，並嫌錢難賺。查看過往的評論，處理問題的方式確實與我們這次的經驗很相似。不小心就惯著老闆了，雖然露營區很美，但碰到問題心情會變得很疲累。,1,1,-1,538,,2022/05/06,0,負向
營地整理不錯，但管理人員的服務態度非常糟糕。我們滿足房間人數約65人左右，當我們到達時發現冰箱已經沒有空間了。在結帳時反應這個問題，建議將冰箱分區，但他說無法做到。他還建議我們早點到達，但所有區域都沒有垃圾桶，需要我們自己整理。他說人手不足，問我們要怎麼樣。,1,1,-1,548,,2022/05/06,0,負向
這次露營經驗並不愉快，因為營地地面太硬難以釘植，晚上風大讓帳篷幾乎被吹走，無法好好入眠。詢問營主後得到無奈的回應，連浴廁洗澡水溫也難控制。總結來說，這次露營並不宜人，不建議朋友前來此地。,1,1,-1,554,,2021/05/06,0,負向
營區的帳篷太多用電，導致半夜停電，早上九點多才恢復供電。廁所很髒，還有很多蜜蜂。,1,1,-1,561,,2021/05/06,0,負向
對於印象尖石，我的經驗並不理想。第一次就是最後一次造訪，營地的地板非常硬，我打了釘子打到手都快軟了，營地空間狹小，營主還不斷地超收費用，帳篷擁擠排列，相互連接一直延伸到天邊，也沒有提供合適的停車位，大家隨意搭設帳篷，隨意停放車輛，每個區域至少有40個帳篷位，共用一台冰箱及8間浴室。,1,1,-1,572,,2021/05/06,0,負向
洗澡時水溫不穩定，缺少水桶，但可以用其他容器裝水。小孩洗澡時因水溫不穩被燙到哭泣。,1,1,-1,579,,2021/05/06,0,負向
這個營地的地面是石頭，所以很難釘營釘。若風力大的話，營釘容易被吹起。我下次不打算再去那裡了。,1,1,-1,584,,2020/05/06,0,負向
說好保留的位置卻被告知沒有留位置，感覺很差，不過在收取費用時有道歉。浴室蓮蓬頭突然爆開，水四處噴灑，但小孩的遊樂設施倒是很棒。,1,1,-1,593,,2020/05/06,0,負向
營區地面都是石頭，無法插入釘子。晚上的熱水供應不穩定，洗澡時可能會突然沒熱水，讓人感覺像被冷水淋頭一樣。,1,1,-1,597,,2020/05/06,0,負向
車子在抵達目的地前遇到了難以上山的山路。,1,1,-1,624,,2019/05/06,0,負向
這個營區位於山中的鞍部，受到季風影響，內部可能會有強風，營地負責人應該熟悉這裡的地形風勢，提供協助與建議。在十一月裡已經兩次發生帳篷營柱斷裂，讓人半夜驚醒逃離的情況。,2,1,-1,765,,2017/11/21,0,負向
週末放鬆的好地方，欣賞日落的露營地,1,1,-1,813,,2017/05/02,0,負向
規定不允許卡拉OK，營地管理員也沒有積極處理這個情況，顯示管理不善。如果你想找一個品質好的露營地，不建議選擇這個地方。,1,1,-1,1263,,2023/11/07,0,負向
公告上已經明確禁止唱卡拉OK了，為什麼還要容許某區營地在晚上唱出超級走音的噪音呢？這樣其他人當然覺得為什麼他們要乖乖遵守規則呢？,1,1,-1,1264,,2023/11/07,0,負向
在同一個露營區和營主的朋友一起露營，營主人很友善，但最後一天在整理東西時，營地員工和我們一同收拾，把我們的洗碗精和菜瓜布誤收到垃圾桶裡，一開始詢問員工時他否認有收，直到我們向營主求助後，員工才去撿回我們的洗碗精。我們正在忙著打包離開，而員工卻趕急著收拾，有時候收拾比較晚不代表不要。延長線幾乎不見了，問員工他們卻說沒有，只能請營主幫忙，最後在共用空間找到。當場知道遺失的東西還好，如果不知道或忘記，就會被拿走了。水區附近營地常有濃濃的二手菸味，請帶小孩玩水的家長注意。營主的朋友帶狗去露營，狗主人不負責任，讓狗在別人營區隨意大小便，並且不清理。還伴隨著他們的吵雜歌聲和尖叫聲，一直到深夜12點。,1,1,-1,1288,,2023/06/07,0,負向
水上活動很有趣，但是在營地周圍一直聞到有人抽菸，味道很難聞！,1,1,-1,1289,,2023/06/07,0,負向
在最後一天收拾東西的時候，營地雇用的工作人員也在我們營區幫忙收拾，就在我們還沒離開的時候！真是有點扯！他們不僅把我們的洗碗精和菜瓜布丟掉，連延長線也一起拿走，放在露營區營主的朋友群旁邊。起初問工作人員時，他們直接否認沒有拿，直到我們找營主要回東西，工作人員才去垃圾桶找洗碗精給我們，但還是不承認拿了延長線！大家本來就忙著收拾露營用具，員工還跟在後面收拾！有時候晚一些收拾並不代表不要，為什麼要亂動別人的東西，沒水準，也沒教養。在靠近水域和廁所的營地本部，總聞得到濃濃的煙味，也要讓每個人去聞煙味！營主的朋友帶著狗去露營，在別人的營區任由自家寵物隨處大小便，卻不清理，真是沒品德！這次真的很倒霉，和營主的朋友在同一區，還要忍受他們不雅的歌聲和吵雜尖笑聲一直到午夜12點。,1,1,-1,1290,,2023/06/07,0,負向
聽說新的營地經營者在C區進行了水溫試試，但一打開車門就聞到一股腐爛泥土的氣味，讓人擔憂。6月25日至26日降下了約100毫米的大雨，導致C區地面全部積水無法排走，直接形成爛泥坑。腳下一踩便黏附，小朋友經常跌倒。營地主人和老闆娘將全區的草皮墊子搬到我們的區域，第一次露營時就用了26片草皮墊子。雨後我跑去A、B、D區發現完全沒有積水，而C區約積水5公分高。主人承諾改善這個情況，期待他們能真正改善，我會再給他們5顆星。,2,1,-1,1348,,2023/05/07,0,負向
淋浴時熱水溫度不穩定，每隔十秒就變冷一下，冷水又要等一分鐘才能變熱，實在太痛苦了。而且淋浴間居然還有使用過的衛生棉？！需要整理了吧？,1,1,-1,1379,,2022/05/07,0,負向
重點不是錢的問題，而是我租的地方。廁所沒有整理，還有兩間牆壁上黏著女生的衛生棉。除此之外，一間沒有熱水，另一間的熱水無法調溫。,1,1,-1,1381,,2022/05/07,0,負向
網友反映的情況真是令人困擾！環境骯髒，有大量蒼蠅和不明昆蟲，造成許多人在下山後遇到過敏和蚊蟲叮咬的情況！水壓不穩定，要麽很熱很痛，要麽又冷得讓人難受，整個營區就像個冰箱，四個帳篷只有一個廁所，且那裡沒有衛生紙。總的來說，並不值得推薦，尤其是有小孩的家庭。,1,1,-1,1384,,2022/05/07,0,負向
我們露營了七八年，從來沒有遇到像這個營區這麼多蒼蠅的情況。白天滿是蒼蠅，晚上則滿是各種小蟲。廁所裡沒有衛生紙，熱水又是那種熱到會燙死人的程度，調節不到適合的溫度，要麼是超燙，要麼是超冷。從評論中得知，這種情況似乎從未改善過。我們住在D區，空間很擁擠，小孩子幾乎沒有地方可以奔跑。而四張包區的營地竟然只有一間廁所和一間浴室。總之，我們不推薦這裡。,2,1,-1,1385,,2022/05/07,0,負向
環境很髒亂，蠅蟲很多，連續3天2夜都沒有時間整理清潔。,1,1,-1,1386,,2022/05/07,0,負向
看了google評論後感到擔心，但實際到了營地才明白網友的評論是公正的。廁所沒有備有衛生紙，晚上還有斷電不給開燈。水槽沒有清潔，也沒有照明設施，廚餘桶也缺失。浴室中有幾間積水問題且沒有定期供應熱水，生態池散發惡臭。A區的營位塞滿且擁擠，還有一個荒地狀態的角落沒有整理，只好將營位擠進去。幸好旅程中有朋友相伴，否則這次228連假出遊真的就泡湯了。,1,1,-1,1390,,2021/05/07,0,負向
官網上提到浴廁有提供衛生紙和沐浴乳，但實際上廁所沒有衛生紙，而且沐浴乳也沒有補充不知道多久。洗澡水幾乎都是冷的，在3天2夜的露營中浴廁完全沒有清潔過，也沒有添置垃圾桶。另外還發現有少許蟑螂跟蒼蠅。總括來說，這個營地還算不錯，但管理方面需要改進。,2,1,-1,1391,,2021/05/07,0,負向
總結來說，露營地的管理態度不友善，廁所沒有備有衛生紙且衛生狀況不佳，草地也沒有被照顧好，營區光線不足，因此我不建議大家前往露營。,1,1,-1,1392,,2021/05/07,0,負向
我們到達營區時發現洗手槽沒有清潔，還有上一批人留下的殘渣。TOP區的草沒有除草，也沒有維護。事先電話詢問TOP區是否有獨立冰箱，但到達後發現只有在營區本部，距離很遠。營區裡有許多會飛的小蟑螂（甚至有大隻的）。兩晚露營期間廁所沒有打掃，也沒有提供衛生紙。只有在付錢時看到營主。朋友是新手，租借的帳篷和睡袋全都濕了，儘管反應給營主後有換新，但是這是一次非常糟糕的經驗。,1,1,-1,1393,,2021/05/07,0,負向
生態環境有改善的空間，可是河道清潔不足，底部充滿了樹枝、樹葉、蟲屍、泥沙... 公共廁所兩天沒有清潔，垃圾滿滿都擠滿地上，浴室使用到一半水溫變冷（不僅自己，其他露營友也有相同經驗）。只有交費時才看到工作人員，其他時間都看不到人影。午後雷陣雨後排水不良，積水無法迅速排除。,1,1,-1,1395,,2021/05/07,0,負向
室外正在下著大雨，廁所卻只有小雨，營區排水不良，導致積水堆積。,1,1,-1,1396,,2021/05/07,0,負向
衛浴沒有補充衛生紙，戲水區也不夠乾淨。營區位置較小，且沒有護草墊，且有許多小蟑螂。,1,1,-1,1397,,2021/05/07,0,負向
"晚上去夜店但沒有人接待，廁所沒有人補充衛生紙，到處都是蟲，馬桶還堵塞著，洗澡時水溫時冷時熱，僅幾天就沒人來打掃，只是放了點衛生紙而已，甚至沒有打招呼。最重要的是說好的飄飄河呢？場地雖小、草地不茂密、有些泥地也沒關係，小強到處亂跑也無所謂，但飄飄河上滿是青苔和落葉，根本沒有整理，連說水源不足。這樣的狀況，怎麼能讓我們玩得開心？難道我們不是客人嗎？即便水像洗腳水一樣骯髒，小朋友們都非常期待。否則我們也可以提前準備其他活動啊…現在只差著泳衣、拿著水槍和泳圈就能夠""玩手機""了…",1,1,-1,1398,,2020/05/07,0,負向
露營區很擁擠，除了水上活動外，沒有太多草地供小朋友玩耍。,2,1,-1,1403,,2020/05/07,0,負向
可惜的是，跟鄰近的土牧驛相比，這裡的經營品質稍嫌不足。露營區浴室的熱水不太穩定，水道也長滿青苔，還有不少小蟑螂（其他山區的營地幾乎看不到），洗水槽也只有請營主來清潔。總括來說，很可惜這個好地方，尤其是在對比過後。更糟的是，路過營地本部時還聽到營主驕傲地跟訪客說本週滿房，希望能更加努力維持優質的服務水準。,2,1,-1,1416,,2020/05/07,0,負向
希望營位可以在較安靜的地方，大一點且靠近共用浴室會更方便。另外，水池應該保持乾淨、提供飲水機、過濾系統和脫水機，同時提供高品質的洗髮精和沐浴乳會是很棒的！,2,1,-1,1417,,2020/05/07,0,負向
營區內的情況並不太好，有些人的行為很讓人無法接受。有些人不注意自己的環境衛生，讓狗在別人的營區亂拉，還有人在夜晚造成噪音干擾其他露營者。雖然面對歌聲、噪音、煙味、狗大便等等讓人不悅的情況，我們或許可以忍耐一晚，但遺失物品的情況就需要提醒大家注意了。,1,1,-1,1440,,2023/05/15,0,負向
在露營區和營主的朋友一起露營真的很不錯。營主人非常友善，但是最後一天我們在整理東西時，營地的員工也一起協助。不過當我們的洗碗精和菜瓜布被誤放到垃圾桶時，起初詢問員工時他們否認，直到我們找營主確認後，員工才將洗碗精撿回給我們。在整理露營東西時已經很忙，而員工卻一直在旁邊等著收取。有時候收取會較晚並不代表不要。另外我們的延長線差點被收走，詢問員工時他們都否認拿走，最後只能請營主幫忙尋找，在共用空間找到了延長線。幸好當時知道少了什麼，要是不知道或遺忘，可能就會被帶走了⋯⋯,1,1,-1,1441,,2023/05/15,0,負向
浴廁很骯髒，營地裡有很多蟑螂。,2,1,-1,1474,,2020/08/21,0,負向
感覺沒有認真管理。廁所都沒有清潔。,2,1,-1,1477,,2020/05/07,0,負向
提升水槽清潔和草地維護工作。,2,1,-1,1483,,2019/09/09,0,負向
"1. 衛浴空間比較小的露營區通常會適合家庭露營，尤其是有小朋友的家庭，要幫小朋友盥洗可能需要額外小心周到一些。
2. 露營區沒有護草墊並且下過雨的草地泥濘，這種情況下要注意如何擺放裝備，可以考慮使用防水墊來放置裝備。
3. 洗台設施較少的露營區確實讓人困擾。
4. 如果廁所衛生環境不佳，可能需要額外注意個人衛生。",1,1,-1,1519,,2024/04/23,0,負向
"1.當我透過露營樂系統訂了D區碎石區1帳時，系統顯示該區為3帳。然而當我下午2點抵達現場時，發現已經有3帳，而我是第4帳。向營主詢問時，營主卻告訴我是4帳。原本因為D區收3帳比較寬敞，才會選擇訂這區，沒想到營區超收，導致空間明顯不足。隔壁露友的兩個小孩玩拋接球時一直打到我的帳篷和桌椅，讓我感到被擠一帳有被騙的感覺。(照片中可以看到4帳)
2.洗手間的衛生紙堆得滿滿的，給人一種不太舒服的感覺，不過洗澡時倒是有穩定的熱水。
3.碎石區沒有護草墊，對帳篷底布造成一些傷害，而其他露營地都提供這項設施。
4.飲水機的水流量非常小，大概比滴水快一點而已。
5.傍晚時蚊蟲有些多，而前一位露友提到的驅蚊線香卻找不到。
6.營區垃圾桶只設置在少數地點，且沒有廚餘回收桶，這對來自北部的露友來說相當不習慣。",2,1,-1,1533,,2023/05/07,0,負向
事前約定好，到現場卻改變主意不參加！雖然說沒關係可以等待，但結果仍然不參加，直接讓我們前往灰塵遍佈的露營區域？提問毫不相關、蚊蟲多、環境髒亂！,1,1,-1,1542,,2022/05/07,0,負向
小黑真是非常活潑、非常有精神！,1,1,-1,1547,,2022/05/07,0,負向
沙坑球池和熱水池都讓小孩玩得很開心。熱水足夠和水量大，建議老闆在沙坑周圍加個沙圍，否則風吹時可能會把沙子吹進帳棚地墊裡，C區後面有一條死水溝，小黑蚊超多，建議處理水溝問題。整體露營感覺不錯！提醒露友使用完仙女棒後要立刻丟棄，否則在營區很危險。老闆收拾動作可能要更認真一些，以免小孩受傷。,2,1,-1,1585,,2019/05/07,0,負向
營主的最大缺點是晚上11點後不控制音量，給人造成困擾，影響睡眠品質。建議營主應該采取措施改善此問題，以提升露營體驗，吸引更多露友。另外，露營地點位置佳，距離下山購物點不遠，約15分鐘可抵達全家便利商店。場地寬敞，草地維護良好，景觀宜人，頂樓還設有餐廳。,2,1,-1,1746,,2024/04/16,0,負向
在營地的環境很美麗，草地保持得很好，廁所也很乾淨，營主還很友善地借給我們燈串。唯一讓我無法接受的是狗大便的問題。當我們不慎踩到營地旁的狗大便時，營主的四隻大狗正好在附近拉大便，雖然我請她們記得回來清理，但她們卻沒有回來。我們只好自己先行處理，以免其他人不小心踩到。這樣讓我們感到非常失望，再好的營地和營主都無法掩蓋被大便味包圍的噁心感覺。希望營主能對這個問題重視一點。,1,1,-1,1756,,2023/06/07,0,負向
這個周末在該區露營，硬體設施和風景都很好。但是，帳棚區的草地附近經常有狗大便。入住的第一天，兩名同伴就在帳篷旁的草地踩到了大便，讓晚餐不太舒適。第二天清晨，他們遇到了遛狗的小姑娘，告訴她要清理狗便，但仍沒有處理。只好通知了營地管理員，然而當收帳時，小姑娘又帶了幾條狗來我們帳篷附近，其中一隻大黑狗跑到我們帳篷旁的草地大便，還來了三次。小姑娘仍然視而不見地走了。雖然說露營要與自然共存，狗狗的大便也是無可厚非的，但是營地管理員是否應該至少維護旅客住宿的環境清潔呢？,1,1,-1,1757,,2023/06/07,0,負向
"優點：這個地方離三義市區很近，開車只要15-20分鐘。

缺點：
1. 營區位在山路旁，早上和半夜時有人跑山，相當擾人。
2. 整個營區有5-6層區域，30-40個帳篷的空間只有入口營本部有冰箱，夏天想要取東西時會很不方便。
3. 有些層數的營位太短或太窄，搭完帳篷後放客廳天幕會有困難，甚至後面也沒有足夠的空間通行，建議營主不要為了賺錢而讓營區太擁擠。
4. 雖然營主種了橘子樹，但如果週末沒有人來露營，為什麼不在平日修剪樹枝？週末修剪發動機油煙味和噪音真的令人困擾。",1,1,-1,1772,,2023/05/07,0,負向
曾經是舒適親切的休閒場所，但隨著野心膨脹，卻忘記了原本讓人喜愛的特色。雖然收取的門票只有100元，但逐漸與遊客之間產生疏遠感。,2,1,-1,1773,,2023/05/07,0,負向
這裡有很多昆蟲，水溫忽冷忽熱，還有許多飼主養的狗總是不停地吠叫，廁所不夠多容易需要排隊。,2,1,-1,1778,,2023/05/07,0,負向
這次露營經驗的營地位於第九區，環境景色宜人且營地整潔，營主一家笑臉迎人並十分親切。然而，由於生態豐富，蟲類相當多，其中包括藍鵲，甚至有人被牠們的尾巴擦到。許多會飛的小蟑螂和蚱蜢也相當常見，草地雖美但太高，導致蟲蟲擾人。建議在廁所的洗手台增加照明設施，早上有部分施工聲音及各種生物的叫聲，對於睡眠質量較差的人需準備耳塞。使用吹風機時電壓不穩，讓人感到有點不安，並建議攜帶長度較長的延長線，以上僅為個人經驗，若怕蟲者可能不太適合此地。給予兩顆星的評價是基於美麗的環境和熱情的營主。,2,1,-1,1781,,2023/05/07,0,負向
院子雖然長得很茂密，但排水不良，所以到處都是泥濘！戶外本來就有很多昆蟲在飛來跳去，但一直有蟑螂在桌子上下亂竄，這也太嚴重了！如果要養狗，就要注意好，因為如果對客人擺出牙齒和亂吠的話，可能會嚇到小孩子，讓他跑開或跌倒，那要怪誰呢？這樣的經驗一次就夠了，謝謝。,1,1,-1,1782,,2023/05/07,0,負向
這個營地的植物管理得很好，但我們租到的營地貌似沒有木棧板。因為下了大雨，整個營地滿是泥濘，連帳篷區都淹在泥水中⋯24小時以來，我們的鞋子始終沒有乾過⋯更糟糕的是，到處都是小蟑螂（還會飛），無論是在帳篷裡還是外面都有，帳篷也因泥水全毀了⋯環境雖美，但給予場主2顆星，因為我們關於服務的期望都沒有被滿足，只是開門收費後就放我們進場地裡，泥濘地-2顆星，充滿蟑螂-2顆星，租借費用-0.5顆星（如果環境及天氣如此，700～800元可能合理，但1000元就有些不值得）總之，下雨天真的不推薦前往，如果沒有租到木棧板區，會有很多蟑螂，總合評價1.5顆星（純屬個人體驗，與商家無關）。,2,1,-1,1783,,2023/05/07,0,負向
這個地方不太推薦，老闆態度不太友善。如果你有寵物，最好事先打電話詢問能否帶寵物，因為到了現場可能會被要求支付300元。浴室和廁所有點髒亂，而且水龍頭會時冷時熱。洗澡的時候可能會聞到廁所的異味，整體感覺真的不太好。,1,1,-1,1786,,2022/05/07,0,負向
營區裡蚊子真的太多了！另外，那提供的冰箱味道很奇怪，而且冷度也不夠，連保冷磚放一整晚還是沒有結冰。,2,1,-1,1788,,2022/05/07,0,負向
整體環境不錯，沒有甚麼值得挑剔的，應有盡有，唯一讓人無法接受的是在露營的時候，有一區超過晚上10點後還在放音樂、喧囂及打電話。向老闆反應後，老闆只是說要他們小聲一點，但是噪音持續到了晚上11:30，讓人無法入眠。若非此問題，整體評價能給予四顆星。,2,1,-1,1795,,2022/05/07,0,負向
營地主人非常熱情！會帶著狗來和大家打招呼，順便讓狗方便一下，（可能是來探詢人數和帳篷數）。,1,1,-1,1798,,2022/05/07,0,負向
總結來說，雖然營主親切、環境舒適，但晚上蟑螂太多了，而且還會飛。一個晚上我們抓了超過20隻蟑螂，真的非常困擾，希望能改善這個問題。,2,1,-1,1820,,2021/05/07,0,負向
營主很親切，積極告知大家有提供青草茶飲用，草地非常漂亮青翠，晚上也可觀賞到美麗星空！然而，最近幾天卻出現許多會飛的小蟑螂，造成困擾。這些小蟑螂常飛到食物、人身上甚至帳篷裡，讓害怕蟑螂的同行友人難以放鬆。為了預防蟑螂，我們不得不一直注意食物和餐具，以免被蟑螂污染；各營區間的距離比較近，導致音樂和交談聲音都相當明顯，讓我們擔心會打擾到別人；底下營區偶爾會飄上來相當刺鼻的廁所排泄物味道，雖然並不持續太久，也不太頻繁，所以我們沒有告知營主這部分。交通方面開車較為輕鬆，不難駕駛，冰箱容量也夠大，滿足大部分露營者的需求，但若有害怕蟑螂或在意隱私的露友，建議事先考慮一下。,2,1,-1,1821,,2021/05/07,0,負向
在這次露營中，我選擇了三號區，雖然營主非常熱情友好，但是卻有太多會飛的蟑螂！其他的昆蟲如蛾、大螞蟻、蒼蠅、蚊子等還好，但對飛著的蟑螂感到非常崩潰。另外，下方區域的廁所散發著惡臭，衛浴設施有些不夠，燈光昏暗，而且蟲蟲類較多。整個營區較為狹小，與其他帳篷相距較近。對於害怕蟑螂的人來說要三思而後行，但如果不怕蟲的話，這個露營地仍然是一個不錯的選擇。對我來說，由於對蟑螂過於害怕且它們還會飛，所以整個露營過程中都無法放鬆，因此只能給予一顆星評價…,1,1,-1,1822,,2021/05/07,0,負向
為什麼清晨去拜訪露營的朋友還需要付費？,1,1,-1,1837,,2020/05/07,0,負向
老闆為了不得罪遊客而讓我們接受了超收費用。一星期前提告知我們會有一個額外的包區，我們也接受了。但在跨年連假時，我們的包區被硬塞了三個陌生人，他們堅稱是在 app 上訂位的，後來查證發現是營主沒有確認他們身份就讓他們進入我們的包區。這讓我們感到很不舒服。,2,1,-1,1867,,2018/05/07,0,負向
這個露營地看來環境很好，浴廁乾淨，營主人也親切，提供免費的飲料和燈泡補助。但很可惜的是，有狗屎問題，第一天踩到了不知道是誰的狗，後來發現是營主的狗造成的。當中午準備離開時，營主的兩個小妹妹帶狗在我們的帳篷附近隨地大便，我們抗議她們卻視而不見，這個行為讓人無法接受。即使營地再美，一旦有狗屎問題出現，就會給人留下不好的印象。希望營主能重視這個問題。,2,1,-1,1887,,2023/05/19,0,負向
這個地方曾經是我們同學每年聚會的好去處，但隨著生意越來越興隆，老闆似乎忘了原先的初衷，對顧客的服務漸漸失心。連假日都沒有做基本的檢查，民宿和浴室的瓦斯檢查也被忽略，這二十幾年來第一次洗澡沒有熱水（雖然後來有裝好）。忘記了最初的熱情服務，這才是吸引我們一再光顧的原因，而現在只看重賺錢，甚至當著客人的面問孩子確定已經收錢了嗎？如果沒有信任，建議早點關門，守在自己的小天地裡，這樣才不會被欺騙。我們不是挑剔的顧客，這麼直言明白只是為了覺得可惜，這個曾經如此溫馨的露營區如今被荒廢。我們是否被在乎其實無關緊要，現在有很多地方可以露營住宿，缺乏用心的地方不值得我們花錢。,2,1,-1,1892,,2022/11/22,0,負向
浴室的水龍頭溫度時冷時熱。建議禁止養寵物，否則可以攜帶但不需支付費用。,2,1,-1,1905,,2022/04/18,0,負向
營區的主人讓他的狗亂吠，晚上讓人被吵得睡不好覺。雖然可以帶寵物，但每隻狗要再收取300元的清潔費這點讓人難以接受。山上的天氣很冷，但浴室的水龍頭時冷時熱，讓我差點感冒。廁所和浴室也有點骯髒，希望營區的主人可以改善一下。,2,1,-1,1906,,2022/04/18,0,負向
在半山腰的風景雖然不錯，但因缺乏用心規劃，美景已經消失了⋯抵達營區後，發現並非每個營位都有護草墊，管理員告訴我們大部分都已經損壞丟掉了，建議我們去其他地方看看。雜草叢生，地面布滿碎石，下過少許雨後到處都是爛泥，幸好雨勢不大，否則恐怕會積水。晚上洗澡時沒有熱水，水壓也不足，冷熱不均。連續假期客滿，廁所沒有定時清理，垃圾桶滿得溢出，散發尿騷味。營區只有一處垃圾區，需要走一段路才能找到，非常不便利。在結帳當天中午12點要離開時，已經沒有可用的水源，浴室的水已經關掉，感覺有點糟糕。停車場沒有規劃，車輛停放杂乱无章，營位周圍的格局讓整個營區看起來像是難民營，感到非常擁擠。,1,1,-1,2171,,2024/01/07,0,負向
有很多蟲，還有蜜蜂...但吹風機只有一隻。,1,1,-1,2172,,2023/11/07,0,負向
這間露營區管理較為嚴格，不適合喜歡慢慢收拾的人。他們要求12:00準時離場，並在10:30提醒離開時間。很不幸的是，他們在11:46還沒收拾完就已經關掉了水電和冰箱，導致您的體驗受影響。,1,1,-1,2173,,2023/05/07,0,負向
隔壁的聲音很大，大家都受不了了，根本無法入眠。,2,1,-1,2174,,2023/05/07,0,負向
因為我們的訂單被分開，所以園區管理員不慎安排了我們到其他人預定的露營區，還有其他住客的客廳帳篷和帳篷。起初大家以為是我們同行的朋友安排的，就開始搭帳篷和天幕。後來下大雨，天氣變得糟糕，搭帳篷的過程非常辛苦。更糟的是，營地管理員才告訴我們那塊區域是別人訂的，我們的訂位在另一邊（幸好離廁所較近一些）。於是大家只能在大雨中搬家。這絕對是我有史以來最糟糕的露營經歷。值得一提的是，浴室很大，熱水很快也很熱，但缺點是上山路較難開，路上都是掉下來的樹木，木板也破舊不堪，排水很差，讓我們的帳篷進水，氣墊床也變濕。,1,1,-1,2177,,2023/05/07,0,負向
那個露營區風景很美麗，有很寬敞的空間，且因為海拔不高，五月底去也不會太熱。我們當時選擇在G區的營位，但發現廁所環境並不是很乾淨，晚上九點左右想洗澡卻發現浴室根本沒水，得自己調整才能使用。洗完後吹風機沒電，洗手台水龍頭也沒水流，而且大蚊子和飛蟲非常多。當天被蚊子叮到眼睛腫起來，不得已去了急診，幸好營區負責人一開始有主動聯絡關於保險的事宜，讓我們感激不盡。雖然我們一開始也沒想到這個問題，但後來沒有再收到消息，他們的聯絡也不積極，整體上來說這次營地的經驗與感受並不太好。,1,1,-1,2179,,2023/05/07,0,負向
這個地方的環境很美，但是棧板比較小，只適合300人。浴廁方面，不太乾淨，3月時有很多蟲和飛蛾。每間浴室廁所都有一點垃圾，地面是磁磚。浴室和廁所是分開的，水壓弱且不穩定，水溫也不穩定，排水效果也不太好。浴室內的椅子和水桶上都有一些霉斑。另外，水槽旁邊沒有垃圾桶，有些不方便。週日離開時，營主洗廁所的水會直接流到C區帳篷。還有很多的營位都在道路旁邊。,2,1,-1,2181,,2022/05/07,0,負向
"1. 上山的路很難通行，因為枝葉與雜草擋住了去路。
2. 營區的設施（如熱水、電力）無法負荷連續假期人潮的需求。
3. 電壓不穩定，照明設備常閃爍或無法正常運作，建議攜帶額外充電式LED燈。
4. 熱水供應非常不穩定，洗澡時會經常遇到冰冷或燙熱水湯交替的情況，建議在中午洗澡或在外預先洗淨後再進入。
5. 營區的道路在雨天變得泥濘且坑洞明顯，造成步行不便，建議穿著靴子。
6. 雖然營地風景優美，但營區管理不夠細心，建議考慮轉往其他營地。",1,1,-1,2184,,2022/05/07,0,負向
這個地方的蒼蠅真的太多，洗澡水要麼熱得像火爐，要麼冷得像冰山，滑草時感覺心都碎了，游泳池的水更是骯髒不堪，垃圾卻奇蹟似地聚集在帳篷周圍，整個環境除了差勁外沒什麼值得讚賞的地方，總之非常糟糕，連一顆星都捨不得給。,1,1,-1,2185,,2022/05/07,0,負向
訊號不太好，某些人可能自認為自己唱歌很棒，一直唱得很難聽且嘈雜。如果不是很必要，最好還是不要再來了，免得日後後悔。,1,1,-1,2186,,2022/05/07,0,負向
這個露營區周圍的山路情況危險，進出很困難，道路狹窄又長满雜草，幾乎無法雙向通行。路旁樹枝和竹枝不斷擦傷車輛，遇到對向車輛時就得小心應對，車輛容易受損。除非你是高手，否則很容易出問題。,1,1,-1,2189,,2021/05/07,0,負向
這段描述的意思是，收到的帳篷裡有很多問題。廁所不夠乾淨，只有4間浴室，而且水溫忽冷忽熱，電力不穩定，燈光昏暗。營地管理人員認為是使用電力過多，延長線也有問題。雨天時排水不良，小雨就會積水，要記得在走出帳篷時把鞋子洗乾淨。,1,1,-1,2194,,2021/05/07,0,負向
廁所晚上沒有人清潔，所以很髒，甚至垃圾桶都滿了。洗澡時沒有熱水，而且連營區水槽在周日（2020/09/20）早上也沒有水了。,1,1,-1,2198,,2021/05/07,0,負向
G區的冰箱冷凍溫度設定成冷藏，冷藏溫度是室溫，連蛋撻放進去後居然慢慢被螞蟻爬上去了。向園區反應後得到的回應是冰箱沒有問題，因為它只是附加設備，每個區域之間的分隔很小，還導致了頻繁跳電。即便因為忘記拿食材而丟掉這點可以理解，但當天未回覆後隔天再打電話接通後，卻告知東西都丟了。後來還改口說他們沒有看到。如果要到這個地方，需要仔細考慮一下了，處理事情的方式讓旅遊心情都沒了。,1,1,-1,2203,,2021/05/07,0,負向
這露營區的衛生狀況有待改善，包括廁所和冰箱的清潔問題。在設施尚未完善之前，應該先停止開放收費。,1,1,-1,2211,,2020/05/07,0,負向
請在洗手台下方安裝濾水器。,1,1,-1,2216,,2020/05/07,0,負向
總結一下，這個露營地的場地規劃太擁擠，帳數收費過高，導致停車問題嚴重。除了大草原外，帳篷附近的活動空間不足。浴廁整潔度有待提升，洗澡水壓不穩，水溫忽冷忽熱，馬桶沖水困難。泳池只有第一天可使用，第二天水量不足，讓孩子們失望。電壓不穩，常跳電。大草原空間雖好，但滑草處有危險，且帆布破裂。景觀優美僅限第一排，後面被擠滿。冷藏冰箱故障，冷凍櫃塞滿及管理不當。整體而言，這次露營體驗令人失望，營主管理不善，帳數控管問題。,1,1,-1,2224,,2020/05/07,0,負向
G區碎石區下雨時發生了一些問題，晚上跳電三次，而且G區兩個淋浴間的熱水都沒有。另外，天氣又冷又下雨，感覺管理不夠周到。此外，水槽離衛浴區有段距離，使用起來很不方便。露營經驗很多次，但這次真的是最糟糕的一次。,1,1,-1,2238,,2019/05/07,0,負向
衛浴設備不全，有點髒；營位旁都沒有水槽，只在廁所旁；下雨時刷牙洗臉要撐傘，沒有遮雨棚，讓人有點失望。,2,1,-1,2259,,2018/05/07,0,負向
建議營區應限制上山和下山時間，因為上山路況糟糕，無法會車，尤其有孩子和大量露營裝備，非常危險，應重視安全問題，強烈建議不要前往該處。,2,1,-1,2291,,2021/05/02,0,負向
以真誠的方式，經過仔細挑選後選擇了F區，但由於其他客人的影響，不得不轉移到C區。對於第一次來的客人來說，不熟悉這個營區的佈局，並不知道自己已經不在原先預定的區域，直到看了區域位置圖才明白。不清楚營區劃分的目的，似乎需要事先與營地負責人溝通。,2,1,-1,2362,,2018/05/07,0,負向
這個地方的位置較為偏僻，造成用餐和購物的便利性極差。為了改善這個情況，可以考慮以下方法：1.提供一些食物販售服務。2.增加員工以提供更多的幫助。3.加強管理住宿者的素質，以避免住宿者的喧囂以及超過午夜的噪音。4.檢討價格，確保不會過於昂貴。,2,1,-1,2400,,2017/08/29,0,負向
我沒有榮幸去。訂位之後接到電話要求協調讓位給另一團更多人，感覺很不舒服，表達不滿想要取消訂位後，店家才說不勉強，熱情完全消失了。,2,1,-1,2561,,2019/05/07,0,負向
營區的衛生狀況有待改進，有很多螞蟻和爬蟲，廁所裡也有許多小蟲，衛生紙也沒有提供，洗手台晚上沒有燈光。,2,1,-1,2576,,2023/10/09,0,負向
最近地震頻繁，大雨，凌晨發佈地震警報，家人擔心走山可能有落石，擔心再次上新聞。想問營地主有無解決方式，結果只能延期半年或退4成費用。朋友在別營地取消預訂，只收200手續費，梅花梯田處理方式令人不滿。政府呼籲民眾避免自行上山以免危險。原本計畫螢火蟲季去觀賞，營地主提出可延期至螢火蟲季，但我們不願等那麼久，只好自行支付6成費用。取消預訂時，30帳位中取消25帳，難道只有我們有問題？其他營地沒有災情，但營地主也只酌收200元。,1,1,-1,2715,,2024/04/30,0,負向
園區整體環境算是乾淨，包括廁所也都維持著乾淨的狀態。不過值得一提的是，G區的衛浴設施和冰箱位置都相對遠，煮東西的時候要不斷來回跑動，有些累人。此外，在G區只有一間蹲式廁所，對於小朋友來說可能不太方便，有時候甚至會遇到排隊的情況，有些小朋友無法忍受就會在褲子上拉尿。至於山區蟲子多是情有可原的，但真的有些不明蟲類，像是叮人的大型螞蟻，回到營區後發現自己腳上有三四個紅腫包，還會有刺痛感。經驗了這麼多次露營，第一次遇到被要求限制帳篷只能入住四人，如果超過人數還需額外收費，而且並不考慮年齡，只要超過四個人就收費。,1,1,-1,2717,,2024/04/07,0,負向
除了草地以外，這個地方的 Pokemon CP 不太高，而且在護草墊區旁邊種有帶刺的植物，很不方便也不安全。此外，營地旁邊有些枯腐的植物，會吸引一些小蟲，並且有一些奇怪的味道。但是，在這附近還有一個小水池，可以讓小朋友拍照。,1,1,-1,2749,,2023/05/07,0,負向
進出道路高低差距大，所以駕駛低底盤車時要特別注意。總共有六間衛浴供七個區域使用，每個區域都有特定的分區使用規則，其中約有十個帳篷共用兩間衛浴設施。此外，這兩間衛浴位於特定區域，進行洗澡時需要注意不要打擾其他露營者。由於人數眾多且有很多小孩，洗澡可能會稍微有些壓力。營區提供Wifi，但有些使用者可能會遇到連線問題，尤其在手機訊號較弱的情況下，可能會造成聯絡不便。,2,1,-1,2775,,2022/05/07,0,負向
第一次到這露營區，包了A.B兩區，稍微整理一下，首先需要準備好心理，進入營區底盤較低，路況不佳，營位規劃略顯可惜。車輛需停在外面的碎石地，搬下裝備後再搬進露營用品，最裡面的位置需拖得很遠，相當費力，且營地信號不佳，提供的wifi 連不上，不知是地區問題還是其他問題。衛浴設備太少，第一有時間限制（早上7:30-11:00），以五人帳篷計算，此區有30個營位，總共能容納150人，但只有六間衛浴，平均一間需供25人使用，每人平均洗30分鐘，需時12.5小時，排隊的情形似乎相當擁擠。第二，ABC三區共用一個廁所，ABC三區共有14個帳篷，厠所壓力山大。營位旁的洗手台燈晚上十點熄滅，只能在黑暗中洗碗。總結，可能不會再來第二次，總結不會二訪，總結不會二訪。,1,1,-1,2776,,2022/05/07,0,負向
營區內只有一台冰箱，大家都沒有地方放東西。預先準備好的德式香腸整包都不見了，營區的管理控管非常混亂。一早醒來心情就很糟糕，決定不吃了，準備結帳離開去山下吃好的，不再回來了。,1,1,-1,2778,,2022/05/07,0,負向
草地的草太長了，已經長到超過黑墊了，有蚊蟲是很正常的，但蒼蠅這麼多就不尋常了。露營這麼久第一次遇到這麼多蒼蠅，從早上八點就被他們弄醒，一整天都黏滿了五張紙，用電風扇吹也吹不走，整群整群的，直到晚上六點才不見蹤影。浴室很寬敞，水池也還不錯，只是蒼蠅實在是太多了，有點誇張。,2,1,-1,2803,,2021/05/07,0,負向
他們真是把東西亂丟，甚至把帳篷都擺放在中央走道上。,1,1,-1,2822,,2020/05/07,0,負向
空氣雖好，但霧很大，建議不要在夜晚出發。營地的主人很和善，但營地有著許多規定，且水壓和水溫不穩定，洗澡時水溫還會突然變冷。營地的主人太太可能那天心情不好，一直擺著臉不太友善。在周日結帳後的隔天，還沒到收帳時間就來催促，並提醒超過時間會被罰款。感謝您的回覆！您提到的停車和不能生火的問題我未提及，請您改進。浴室我使用的是第一間。其他使用者也有類似的問題。建議修改一下規定，例如給予一個緩衝時間，比方說兩點離開前到三點才開始收罰款。罰款給露營者造成不良印象，且我不確定這樣的罰款是否合法？我記得只有執法機關才有權力處罰。以上僅是一些建議，希望貴營區能夠做出改善。謝謝！,2,1,-1,2828,,2019/05/07,0,負向
山路在營地進口處很狹窄，不建議兩車同時通過，路面顛簸，水溫波動大，洗澡時可能會一半是熱水，另一半可能變成冷水，容易讓人感到發冷。,1,1,-1,2829,,2019/05/07,0,負向
這條山路很危險，對於車況不好的人真的不建議前來。由於山路又陡又崎嶇，不適合在夜間前來。營地主人設定了許多規定，但廁所保持得很乾淨且有冰箱。,2,1,-1,2836,,2019/05/07,0,負向
水壓水溫電壓不穩，黑沙坑水池很小。鄰地有果園，但全家人都很不開心。,1,1,-1,2837,,2019/05/07,0,負向
這個營地蟲蟲真的太多了，洗澡時蟲蛾飛來飛去，還停在身上！連冰箱裡面也有蟲，並且共用一個冰箱，真的很沒衛生。,1,1,-1,2987,,2022/05/07,0,負向
雨天積水和泥濘的狀況確實令人擔憂，在我們搭帳的時候幾乎沒有下雨，但一旦開始下雨，水就無法排出去，不斷流進帳篷裡。,1,1,-1,2992,,2022/05/07,0,負向
這個露營地好像有很多吵鬧的人？也許他們特別容易吸引到吵鬧的團體，又或者這個營地普遍沒有約束吵鬧行為的規定。不管是半夜一兩點還是週六，他們都在大聲唱卡拉OK，還唱得很難聽，整個山頭都充滿他們的聲音！我記得還有一次在深夜兩三點，一群人在那裡吵鬧聊天，我站在遠處都能聽見他們呼喚自己的狗回來！他們的狗也亂吠！我的白蘭露營經驗不算多，但遇到過好幾次這個營地容忍吵鬧！跟營地主人溝通似乎也沒有效果！,1,1,-1,3006,,2022/05/07,0,負向
營地的狀況不佳，建議不要前往。,1,1,-1,3058,,2019/05/07,0,負向
不建議，水流不好，廁所很骯髒，沒有人管理。,1,1,-1,3059,,2019/05/07,0,負向
不要踩草皮上的積水，衛浴應該是沒有人在管理的情況。,1,1,-1,3060,,2019/05/07,0,負向
雖然訂場有規定，沒收訂金可以理解，但唸來唸去又有什麼意義呢？小朋友得了腸病毒還要你唸？,1,1,-1,3075,,2019/05/07,0,負向
這個營地存在著許多問題，包括積水、泥濘、場地狹小、擁擠，以及未經過車位規劃和服務不周到。,1,1,-1,3101,,2017/05/07,0,負向
"1). 衛浴雖然有乾濕分離，但廁所空間仍需加強
2). 帳篷排列較為密集，無法有足夠的大草地活動空間
3). 未限制攜帶寵物的露營者，半夜狗吠聲不絕於耳，早上發現草地上到處都是狗的排泄物！",2,1,-1,3199,,2021/05/07,0,負向
營位費漲價次數頻繁，收費越來越高,1,1,-1,3204,,2021/05/07,0,負向
付了200元的清潔費後，沒有得到任何服務，有些人可能只是想和在露營的親朋好友聊天、打屁而已，卻被要求繳交200元！營地主人，價格有點高哦！,1,1,-1,3205,,2021/05/07,0,負向
"1. 地方很漂亮，草坪看起來不錯。
2. 帳篷擠得太密集，沒有空間給小孩子奔跑，有點擠擁（收費可能過高）。
3. 收費要1200元，還會有跳電問題。
4. 總結：如果要收取1200元，就需要控制帳篷密度；營區的電力系統也需要改進，一晚上跳電3、4次真的很令人受不了。不打算再來了。",2,1,-1,3214,,2021/05/07,0,負向
在悄悄話營地，草地雖然很大，但一帳1200價格規矩，卻規矩一堆。衛浴看起來高級美觀，但其實金玉其外，水溫時冷時熱問題嚴重。要不冷冰冰，要不燙得要命，實在令人憤怒。收費這麼貴，還這麼爛，真的很讓人生氣。,2,1,-1,3267,,2019/05/07,0,負向
"1. 環境保持得相當好。
2. 可以訂購披薩、石鍋拌飯，不必自備食物。
3. 沒有什麼風景可看。
4. 入場時間為下午2點，退場時間是中午12點，時間限制太嚴格了。
5. 一人需付1200元，提早入場還需額外支付100元，性價比不太划算。這是後花園區的條件。",2,1,-1,3278,,2018/05/07,0,負向
這裡人很多，就像難民營一樣擁擠。,1,1,-1,3321,,2017/05/07,0,負向
營區服務態度不佳，要求使用客房時需經過營主同意，且熱水供應不穩定。浴室清潔不到位，朋友過敏且水質不清澈，對於環境整潔感到擔憂。夜間吉他彈唱音樂聲持續至深夜，營主無視訊息，甚至睡死到天亮。對於此種服務品質，露營友們考慮清楚前再次選擇前往。,1,1,-1,3335,,2024/03/07,0,負向
8/26-27這兩天去露營，一到就被老闆說看起來很活潑，但晚上10點後請保持安靜，否則可能被要求離開。雖然老闆可能只是開玩笑，但我們覺得這不是一個營地老闆應該有的態度。其中幾次的對話讓我和朋友感到不舒服，例如：「我知道你們應該不會再回來了。」儘管這個營地的位置很好，但我還是希望提醒老闆和老闆娘，待人和氣可以帶來更好的生意，否則可能會失去客源。,1,1,-1,3356,,2023/09/07,0,負向
到達營地後，門口的營主就非常不友善地指示不准進入，並態度極差地打發你走。,1,1,-1,3413,,2022/05/07,0,負向
今天元旦心情好，十點半到達營地，打開車門告訴主持人我們預定了今天，但主持人臉色不好地回應說，預定了今天也要一點才能到，你怎麼現在就來了？然後一直罵重複的話，我們強調，不是要搭帳篷，只是先到周圍走一走，但營主一直堅持一點才能來，讓人覺得很荒謬。最後還得忍受主持人臭臉三天。主持人請反省一下自己的口氣，不要反過來說我口氣不好，是你態度口氣有問題，我又不是第一次露營，我也不是老大，沒有說你是老大，難道整個山頭都是你的麼？尊重應該是雙向的，你尊重過我嗎？誰知道你的營區不能停車？,1,1,-1,3435,,2021/05/07,0,負向
傍晚時蚊蟲很多，營區下有3～4隻狗狗不斷吠叫，鄰居家的小孩從傍晚一直到晚上10點多都嬉戲吵鬧，讓人很困擾。此外，營區的廁所設施老舊，有些洗澡間無法上鎖，廁所的沖水設備也損壞了。除了景色之外，這個營區真的不宜推薦。,2,1,-1,3570,,2023/11/07,0,負向
原先因為下雨取消露營活動，但當天早上致電營地確認時，發現營主竟然忘記這件事？？？他建議我們直接到現場搭營，保留位置給我們。然而到達現場後卻聯絡不上營主，只看到他父親在場，問了許久但得不到正確答案。最後一位好心的營友讓出自己的位置給我們。第一次露營就碰上這種狀況，實在沒預料到。,1,1,-1,3573,,2023/06/07,0,負向
"優點：浴廁保持乾淨，熱水溫度足夠
缺點：熱水僅供應到晚上10點，不利於夜間洗澡。深夜和清晨受到羅馬公路上飆車族的嘈雜聲干擾，營區底下飼養了四隻狗，一旦有動靜就會狂吠；假日清晨7點多仍有人使用割草機除草。以上這三個問題使得難以入睡。另外還有一隻名為黑糖的狗，在清晨時會跑到營區內帳篷旁大小便，直到結帳時才發現，令人非常困擾！",2,1,-1,3576,,2023/05/07,0,負向
營區觀景台前面的竹子和雜草都亂長，擋住了美景。隔壁營區的鄰居整晚一直唱歌吵，早上又開始用電鋸，還有一隻狂犬在亂叫。在深山裡還有其他人在喧鬧，真是令人害怕的露營經驗。,1,1,-1,3578,,2023/05/07,0,負向
冰箱只有送風功能，向營主反應後，對方仍然堅稱冰箱有冷凍功能。另外，水質很差，從水龍頭出來的水都帶有泥土味。,1,1,-1,3587,,2022/05/07,0,負向
這個地方的空間有限，道路也很窄，洗手台又髒又亂，樹葉到處都是。可以清楚地看出營地主人沒有很用心整理。晚上還有包區的人在開派對，吵得很晚，讓人難以入眠。原本預定的所有活動都取消了。這樣環境差，又沒有活動，真的沒有任何吸引人的地方。我不會再去第二次。,1,1,-1,3595,,2022/05/07,0,負向
帳篷區域非常擁擠，已經超出了七個帳篷的容量！此外，沒有沙坑、戲水池，甚至沒有射箭場⋯只有搗麻糬的活動。在下面的營區舉辦了電音派對，連續兩天兩夜都聽著動滋動滋的音樂，而營地主辦單位在出發前兩天才通知我們！我們真的對此感到很無語，我們不是去參加動滋動滋的活動的啊～難道不應該提前告知嗎？,1,1,-1,3597,,2021/05/07,0,負向
這個營區原本以為可以容納7個帳篷，但實際上只能放4-5個，空間很擁擠。網路上說有沙坑、戲水池和射箭場，但看起來都被荒廢了。唯一乾淨的地方只有廁所，還有一個搗麻糬的活動。營區下面舉辦電音派對，持續三天兩夜，聽著那重複的音樂聲。營區的主辦方直到露營前兩天才提醒，讓人有些措手不及。這是第一次給這家營區這樣的評價，希望他們能做出改善。,2,1,-1,3599,,2021/05/07,0,負向
小黑蚊很多，使用防蚊液、止癢藥和開水龍頭都無法完全阻止它們。,2,1,-1,3613,,2021/05/07,0,負向
露營區的一些遊客的表現有待改善，他們在早上六點就開始洗碗發出聲響，七點開始喧囂，也任由小孩尖叫。,1,1,-1,3622,,2020/05/07,0,負向
靠近水源地，可能會對環境造成影響。,1,1,-1,3631,,2020/05/07,0,負向
只想賺錢的營地，營主面對不自重的露友造成的困擾，逃避處理問題，卻嚴重影響其他守規矩的露營者權益！即使硬體設備再好、風景再美，若不能維持秩序，也只是浪費上帝的賞賜！,2,1,-1,3726,,2018/09/15,0,負向
這次的經驗真是糟糕！我原本跟營主訂了C區的水泥雨棚1帳，後來營主打電話來說旁邊閒置的地方有人要訂6帳（共8帳），他們打算晚上使用可能會有些吵，我當時表示沒關係。但後來營主又打來說要改成8帳，要我去B區的碎石雨棚，完全沒有和我商量，還和我爭辯說他們不可能讓他們1帳去其他地方。老實說，我當初就是因為喜歡C區才特意要訂C區的雨棚，而不是你叫我去哪我就去哪的！………,1,1,-1,3767,,2024/04/30,0,負向
這段句子的意思是，露營經驗遇到了洗冷水澡的困擾，對於這種處理方式感到不滿並批評營地管理人員的態度和處理方式。最終諷刺表示希望其他露營者應該謹慎選擇露營地。,1,1,-1,3781,,2023/12/07,0,負向
感覺不太好，營主只是把責任推給客人，多說無益。,1,1,-1,3782,,2023/12/07,0,負向
我在五月27日露營了三天兩夜，遇到了很多蚊子，被咬了好幾個包。不好的經驗是，第三天早上營地主人告訴我們12點前要結帳，我們以為講過一次就好，但他卻講了兩次。當我們準備在10點開始結帳時卻突然停水了，我們告訴了營地主人，他說是下雨導致水管阻塞。有一度我們以為是營地主人為了讓我們趕快離開才造成停水的情況，整體感覺非常不好，可能不會再去那裡了。,1,1,-1,3824,,2023/05/07,0,負向
露營區收費高達三百元有點誇張，感覺像是一直在監視小偷似的。在第26天到達溪遊記，連假四天真是浪費了⋯營地主人不太友善，除了沙坑，孩子們幾乎沒地方可以玩。第一次帶孩子去露營，孩子覺得很無聊呢。唉～為了我們的車，來回開了十多趟，停車費一共要付1800元？這露營區怎麼會怕客人來呢？給的星星都是騙人的，一天過去了，星級卻多了五顆？*未經當事人同意，擅自錄影車牌並公開在網站上，已經請家人律師處理！業者甚至留言，說付不起錢就去免費的野營？？？,1,1,-1,3833,,2022/05/07,0,負向
整體環境還不錯，但定期進行巡邏，看看是否有來訪客。若有車輛需停放，需支付300元停車費並錄影存證。付費不是問題，只是不太滿意他們的態度，沒遇過停車費收取這麼頻繁的營地業主。離開時，營區工作人員要求我們清理護草墊，我們當然樂意合作。然而，我是否需要依照平台規定清理護草墊呢？最後我們將護草墊集中，但該員工的態度確實有待改善。他們不能好好說話嗎？起初否認有錄影我們車輛，後來卻出示了車輛的影片。另外，有人唱歌被投訴影響到其他露營者，雖然當時才晚上7點，也只唱了兩三首不大聲，不確定是否真有其他露友反應。他們的態度並不友善。,1,1,-1,3834,,2022/05/07,0,負向
當天包區的營位費用是800元，停車收費則是每輛車300元，並且定期來巡查收取停車費。朋友開車來一下就要付300元，這次露營3天總計花了1800元停車費。老闆的態度很差，完全沒有親切感，讓人覺得沒有下次想再來了。,1,1,-1,3835,,2022/05/07,0,負向
害怕的不是下雨天，而是營地規劃不良、排水不佳，一下雨就會變成滿地泥濘，鞋子會陷進爛泥巴，讓人很困擾。,2,1,-1,3842,,2022/05/07,0,負向
營區的情況非常糟糕，營主的態度很差，有很多大約2-3公分大小的虎頭蜂，非常可怕。他們不處理這個問題，還把責任推給客人，說是客人招惹了蜂蜇。問題是，虎頭蜂晚上出沒是正常的嗎？最近每晚陸續來了20-30隻，如果今天被小孩蜇到，負責賠償的你負擔得起嗎？建議前往的人要三思！,1,1,-1,3844,,2022/05/07,0,負向
這個營區真的不建議，因為那裡有虎頭蜂。營地的管理者處理這個問題的態度非常消極，甚至推卸責任，還說我們只是在營地噴香水。蜜蜂來到那裡三天了，是因為營地上有一棵樹的花蜜非常誘人，所以整天都有蜜蜂在採集花蜜。在選擇此營區前一定要三思，以免花了錢還找罪受。,1,1,-1,3845,,2022/05/07,0,負向
車聲超級吵！早上5點就被吵醒，睡不著覺，而且衛浴設施太少，總是要排隊。但營區老闆人很好，很親切！,2,1,-1,3979,,2023/09/08,0,負向
在水庫附近的羅馬公路，晚上車聲很吵以至於難以入睡。除了B區以外，其他小型露營區位置都非常狹小且彼此距離過近。建議管理者將CD區位置設定為ㄧ區，這樣比較恰到好處。另外，衛浴設施並不多，需要洗澡的人請儘早前往以免錯過時間。,2,1,-1,3984,,2023/05/08,0,負向
"臨時換了個位置，但有幾個問題需要解決：
1. 地板上長滿雜草
2. 廁所多人同時使用可能會沒有熱水
3. 周遭不夠明亮，半夜上廁所很不方便
4. 電力一直會跳開...",1,1,-1,4048,,2021/05/08,0,負向
這個地方的環境很好，但因為在複育螢火蟲的過程中不使用殺蟲劑，所以小黑蚊比較多。,2,1,-1,4097,,2018/05/08,0,負向
這裡的廁所和浴室保持得相當乾淨，但因為使用的是山泉水，所以看起來有點黃又濁濁的。這裡沒有提供自來水，需自行購買水。螞蟻和蜘蛛網比較多，要小心不要碰到。露營區的樹木間距較窄，可能車子停進和開出比較困難。但晚上聽著河水聲入眠還是相當舒適的。,2,1,-1,4176,,2024/04/07,0,負向
這個地方的飲水設備不方便，水溫時冷時熱，在冬天時更是不夠用，但是可以欣賞到宮廷建築的美麗，其他方面則是普通。至少周圍的環境還不錯。,2,1,-1,4179,,2024/03/07,0,負向
這個地方的衛浴設施不是很方便，只有一個區域有廁所，其他區域要走一段路才能到達。衛浴設施的狀況也不太穩定，有的時候會忽熱忽冷，讓人不太舒服。整個區域只有一個冰箱可供29個帳篷使用，而且有時冰箱都沒冰了。另外，營區禁止外車進入，連朋友送東西都要在門口面交，而且需要注意帶足水，因為這裡沒有飲水機。,2,1,-1,4181,,2024/01/07,0,負向
這個營區的環境相當惱人，處處都是問題：小黑蚊讓人無法安寧，洗碗檯不見蹤影，廁所遠距離，地面潮濕容易滑倒，環境舊且不如網路上看到的好看，晚上暗無燈源，走路要小心。總結來說，這是一個讓人沒有旅行快樂的地方。,2,1,-1,4182,,2024/01/07,0,負向
基本上，我們接受使用者付費，營地主人讓人印象深刻。對於金錢比較謹慎，提到網頁上沒有的資訊時討論後不會收費。在兩天內來了幾次，發現收費態度不甚友善，質疑問題卻只會含糊帶過，是否可以換另一位工作人員為我解釋？營地擁有雨棚，但下雨時水卻往雨棚內流？設施和場地規劃需要改進。其中最大的優點是，廁所和浴室都相當乾淨。道路規劃有待提升。因此，我評給兩顆星，主要是因為廁所乾淨，還有營地的其他遊客也都維持良好的素質。,2,1,-1,4183,,2024/01/07,0,負向
雨棚區的石子鋪很薄，下大雨時直接積水淹到爆⋯⋯無論是人頭、車輛還是帳篷的數量，都算得非常精確…,1,1,-1,4188,,2023/07/07,0,負向
營地的精算師發現營棚有漏水問題，更糟的是下面的低窪地區可能會淹水。,1,1,-1,4189,,2023/07/07,0,負向
環境不佳，而且男老闆態度差劣。,1,1,-1,4200,,2023/05/07,0,負向
這位男老闆的服務態度有待改善，經常讓遊客感到不舒服。,1,1,-1,4201,,2023/05/07,0,負向
很遺憾我們遇到了大雨，地面變得泥濘。居然還要多付$1200的費用，完全沒有人情味。洗手台也不方便，沒有加裝防滑設施。我們家人還滑倒，被平底鍋燙傷。對我來說，似乎這個露營地只在乎盈利，沒有人情味。他們也沒有關心我們的狀況，這態度讓人感到不悅。這次的露營經驗讓我很失望。,1,1,-1,4203,,2023/05/07,0,負向
"露營區的經驗並不理想：
1. 洗澡時熱水突然沒了，小孩沒法繼續洗澡，水壓也很小而且不穩定。
2. 估計有至少6個帳篷共用同一個電路，電壓不穩定，甚至無法點亮10顆LED串燈，打氣機也壞掉了。
3. 環境骯髒，生態池看起來沒有管理過，滿是小黑蚊，需要使用防蚊液，每人至少要用20包。
4. 隨處可見飛行中的大型蟑螂，在浴室和帳篷區都有。
5. 草地長得很高，石階上長滿了青苔，很多人都不小心摔倒。
6. 收費不合理，大多數營地超過4人就要額外費用，每人250元，幼兒園以下的小孩也要收費。
7. 與照片所示不符，大部分景點都比較老舊，只有溪邊環境算是不錯，其他方面都有問題，且服務人員的態度不友善。",1,1,-1,4204,,2023/05/07,0,負向
端午節那天我們原本計畫去湖區露營，卻發現露營車上不去，而且下著大雨。因為路程遙遠，我們受影響心情低落，只好返回。老闆的服務態度也很糟糕，推卸責任。這個露營區真的不太友善。我們還不確定能否退費。,1,1,-1,4205,,2023/05/07,0,負向
營地的排水系統很糟糕，也沒有提供草地墊，下雨後帳篷內的床墊全濕又積水，無法入睡，只好收拾行李回家，真是個令人失望的露營地。,1,1,-1,4212,,2022/05/07,0,負向
中央大池周圍有很多牛蛙，晚上會很吵，要準備耳塞。上游有潺潺的溪水，但有蜘蛛絲和蚊蟲，下水前需小心。小黑蚊和大隻蚊班表已協調好，需要注意防蚊液用量。露營需要充分準備，才能享受大自然。,1,1,-1,4214,,2022/05/07,0,負向
當天晚上去廁所的路上沒什麼路燈，我建議在營區廁所前的大水溝周圍設置欄杆，這樣晚上上廁所時就不會有危險。這次暗天完全不敢讓孩子自己去廁所，擔心他們會不小心掉下去。主要是安全考量，其他問題與大家的觀點差不多。這次的經驗讓我下次可能不會再來了。,1,1,-1,4215,,2022/05/07,0,負向
這座露營地離新店碧潭很近，開車約10分鐘就到，算是城市型的露營地。在這裡你可以買外帶食物進來用餐。原本這個地方是用來拍攝婚宴的，所以並非專門為露營而設計。設施方面有些不足，例如帳篷區沒有洗手台，只有一個垃圾桶，廁所也只有一處，總共約有30個帳篷。有些區域的衛浴設施比較偏遠需要走一段路程。建議早點洗澡，避免搶熱水的情況。晚上可能聽得到其他小朋友哭泣聲。雖然設施有點老舊且整理無太大改善，收費相對較貴。不適合帶小小孩來露營，但晚上可以欣賞到螢火蟲。整體來說，這個露營地最大的賣點就是湖景。,2,1,-1,4216,,2021/05/07,0,負向
這個地方的服務態度不好，特別是付錢的時候卻很積極。網路訊號很差，設施又破舊，還有很多蚊子。場地很小，營位和洗手檯沒有燈光，洗手檯也一直堵塞，洗澡熱水不穩定。營位的規劃很隨便，到處都是雜草，指示牌模糊不清，地點也難找。總之，這次經驗讓人留下不好的印象，再也不想再去了！,1,1,-1,4218,,2021/05/07,0,負向
這段文字在描述露營環境，提到有小黑蚊，以及兩區帳篷緊緊相連。除此之外，環境設施殘破不堪且沒有網路，因此拍照的設施也很有限。在描述教堂時，提到難以近拍且不堪入目。整體而言，露營區的劃分和安排較為密集，價格參考為兩帳包區2200元，夜衝600元。,1,1,-1,4219,,2021/05/07,0,負向
這段故事主要在講述露營時遇到的困境，例如遮雨棚漏水、地面不平坦等問題，還有老闆對露友的收費態度。最後作者表示自己不會再去那個露營地。,1,1,-1,4222,,2021/05/07,0,負向
這個收容區的遮雨棚實在太小，主張是包場的，但事實上和旁邊的人的距離非常近。而且半夜也沒有管制，旁邊的人在半夜兩點還在玩狼人殺。第二天垃圾桶也沒有人來清理。如果不是因為不能給評論沒有星星，我真的不想給一顆星。,1,1,-1,4224,,2021/05/07,0,負向
這個露營區的品質非常差，一個帳篷要花1250的費用，而且營主的態度非常差。如果訂了有雨棚的營位，實際上只能放下400*600大小的帳篷，根本無法容納兩個。此外，他們收取的入場費太過昂貴，每個人要付150元，連小學生也得付150元，一輛車要付100元，而且還有時間限制。總括來說，這個露營區真的不值得推薦。,1,1,-1,4225,,2021/05/07,0,負向
拒絕接納大型犬，僅表示正在學習的新手，詢問能否參觀地點。雖然店家有權拒絕，但也提到了請自行做功課，顯示風評可能不盡如人意。儘管地點離家很近，也不再考慮了。,1,1,-1,4280,,2018/05/07,0,負向
訂位後碰到中央氣象局發佈大雨特報，無法改期，又有小孩同行，營地責任推給露營樂訂位中心，硬要扣60%費用且無發票，還需再扣30元處理費，商家缺乏同理心，專注於賺錢，非常不推薦，爛透了。,1,1,-1,4288,,2018/05/07,0,負向
大門在7月18日下午3點沒有開，旁邊的標誌指示需要先預約，這讓我感到很失望，只好回家了。,1,1,-1,4291,,2018/05/07,0,負向
環境不錯，但是有很多毒性很大的小黑蚊，而且雨天無法延期，帳篷也收到了很多數量。,2,1,-1,4295,,2018/05/07,0,負向
沒人接電話，去了才發現園關門了！,1,1,-1,4307,,2016/05/07,0,負向
門票不能用來抵消費用。東西相當昂貴，例如煎蛋一碟要價220元。環境相當狹窄，廁所男女混合，且隔間間隔不明顯且隔音效果差。建議還是去土雞城吃飯好了。,1,1,-1,4309,,2015/05/07,0,負向
大家要注意了，他們進入園區一人要支付100塊，不能抵扣消費金額。另外還有另外的低消要付180塊！在這麼多家餐廳中，從來沒遇到過這種情況！看來是在變相賺錢！大家在前往之前應該慎重考慮一下。,1,1,-1,4310,,2015/05/07,0,負向
這個營區設施陳舊，蚊蟲繁多，服務品質不佳。過去三年露營經驗不佳：1.洗澡時熱水沒了，小孩泡了一小時才有熱水，水壓弱且不穩定。2.可能有多帳篷共用一電源線，電力不穩，不能點亮燈飾或打氣機運作，只能手動打氣。3.環境髒亂，生態池看起來沒有管理，蚊蟲叢生，使用蚊香與防蚊液仍有20包每人。4.浴室與帳篷區發現大型蟑螂多隻。5.草地長得超過腳踝、青苔爬滿石階，大人常不小心跌倒。6.收費不合理，每人250元，也收幼兒園以下小孩費用。7.拍照景點與實際區域差異大。,1,1,-1,4338,,2022/06/08,0,負向
這個露營區真是太糟糕了！從洗澡沒熱水、電壓不穩到生態池無人管理且蚊蟲叢生，還有蟑螂在帳篷區飛來飛去，整個營區就像是災難現場。而且草地長得跟小森林一樣高、石階滑溜溜的，甚至還有收費不合理的問題。簡直就是一個綜合了所有問題的惡夢營區！,1,1,-1,4339,,2022/06/08,0,負向
營地的情況越來越冷清了。如果超過帳篷限制人數，他們會嚴格收取額外的人頭費和停車費。浴廁還算乾淨，但由於有水池，所以蚊蟲特別多。其他方面的狀況嘛，我就不多說了。,2,1,-1,4349,,2022/01/05,0,負向
這張照片拍得很漂亮，親自看了就知道。營區的照片拍得很美，真的親自去看的話，設施方面還真的只能遠觀和眺望比較好。,2,1,-1,4357,,2021/04/26,0,負向
草地積水泥濘因排水不良。,2,1,-1,4358,,2021/03/05,0,負向
營區費用和周遭環境。由於是連假，我擔心在中南部會塞車，所以選擇北部的營區。但到達後發現營區缺乏設施，而且有大量的小黑蚊，連噴霧都無效。,2,1,-1,4381,,2020/03/25,0,負向
這次露營經歷遇到了許多問題，包括營區限制探營並收取昂貴的費用，而且洗澡水溫忽冷忽熱且無法順利使用，還有廁所裡衛生紙供應不足的情況，讓人很不滿意。看來以後可能會考慮選擇其他方式休閒，不會推薦露營給朋友了。,2,1,-1,4434,,2018/05/27,0,負向
對方態度不好，讓我決定不再前往。對方的態度不好，影響了其他人。,1,1,-1,4437,,2018/05/20,0,負向
照片跟實際情況相差很大。洗手台不夠、插座距離太遠、雨天草地泥濘且排水系統不太好。,2,1,-1,4643,,2016/12/01,0,負向
收了錢就不應該什麼事情都不管，晚上洗澡沒有熱水且找不到人處理，在這麼冷的天氣只有冷水可用，這種情況確實讓人非常不滿意。,1,1,-1,4704,,2021/05/07,0,負向
在竹雞區訂了一個住所，沒有美景可觀賞，最糟糕的是，許多人在抽煙。在上方的營區，年輕人一直嬉鬧大聲，直到凌晨一點，完全忽略他人，似乎也沒有人管束。這是一個非常糟糕的體驗。,2,1,-1,4908,,2021/05/08,0,負向
這個季節蒼蠅真的很煩人，下午還碰上了臨時停電，冰箱又離得很遠，晚上又因為中華電信的基地台超載而無法聯繫。,1,1,-1,4946,,2019/05/08,0,負向
當天在貴營區（又名竹雞區）入住，原本露營是一個很休閒且放鬆的活動，但當天卻遭遇一群年輕人搗亂。這些年輕人從晚上開始就喝酒，言行粗魯且一直喧囂到深夜3~4點不休息。我們的營地剛好在他們對面，被他們的喧囂困擾無法入眠，只能勉強小睡。當天有向營主反映情況，但僅透過電話告誡他們夜晚不要大聲喧嘩。然而，隨著酒精下肚，他們毫不在意，繼續吵鬧。因此，我們對貴營區的感受非常糟糕，決定不會再前往。,2,1,-1,4977,,2021/06/02,0,負向
營主一直很嚴格監督我們，限制很多，而且態度口氣也不友善，我們來露營是想放鬆心情，而不是受氣，非常不推薦。,1,1,-1,5224,,2024/03/08,0,負向
營地管理員的態度非常惡劣，如果不想受氣的話最好避免前往。他們對待小孩玩球撞到車子就大發雷霆，甚至對待老太太和大人也同樣不友善。在露營地想要放鬆，但卻遇到了這樣粗暴的年輕管理員，即便只是因為亂丟垃圾或還未整理好就遭受嚴厲責罵。這樣的營地真的讓人極度不愉快，完全不受歡迎，甚至對寵物也持有極強的偏見。相對應地，這位管理員自己還表達了他對寵物最討厭的看法。,1,1,-1,5225,,2024/03/08,0,負向
這位服務人員的態度很惡劣，一開口就像要跟人吵架一樣。,1,1,-1,5226,,2024/03/08,0,負向
這次參加的是露營活動，營區整個環境很乾淨草坪也很舒適，廁所很整潔有提供衛生紙，但是一開始說只要天氣許可就會開放泳池，結果前一天溫度變化大，不得不取消開放，但其實星期六天氣真的超級炎熱⋯所以沒有使用到這設施，但也無妨，因為營區應該也是出於露友的健康著想才做出這樣的決定。第二天才知道營區要在12:30全面收拾離開，也許營區本來就有這樣的規定，但當時還是有些驚訝，露營應該是輕鬆的活動，之前的經驗都是14:00前離開，我想以後應該不會再去了，畢竟營區選擇很多⋯再加上營區提供的腳踏車都很老舊，騎車的地方也很狹窄，小孩們一直發生相撞受傷的危險️。營位滿了有50多帳，但只共用一個浴室，熱水供應只到晚上12點，所以媽媽帶小孩使用的女生浴室總是人龍擠擁等著洗澡，白天根本沒有熱水唷。如果習慣前一天開始收拾裝備或是輕裝備的露友，這個營區就很適合；如果習慣在營區吃點簡單午餐再離開的露友，或者是早上10點才動手收拾並讓帳篷曬曬陽光去露水的露友，可能需要好好考慮囉！,2,1,-1,5235,,2023/11/08,0,負向
電源波動頻繁，蚊子很多，廁所離得遠。,1,1,-1,5236,,2023/06/08,0,負向
女生淋浴間只有5間，但廁所離得很遠。熱水只供應到12點，我的朋友11點多去卻只剩下冷水。因為是柴燒熱水器，洗澡時水溫無法穩定，有時甚至會忽冷忽熱。女生吹風機只有一台，營地區域空間太小，帳篷之間位置也太靠近。雖然規定上沒有禁止打麻將，卻突然告知打麻將會影響小孩的觀感，要求我們關起帳篷。飲水機也只有一台，但常常水不夠用。總括來說，這個地方完全不值得推薦。,1,1,-1,5243,,2023/05/08,0,負向
衛浴沒幾間要排隊，冰箱只有一台擠滿了，請留意小黑蚊。,2,1,-1,5258,,2022/05/08,0,負向
"1、木材燒成的熱水溫差大，洗澡很不方便。  
2、遊戲規則要求小孩玩沙不能撒出來，並且有人在旁監督。如果擔心被弄髒，就不要開放。  
3、天下大雨撐起遮陽篷已經很尷尬，還要訂立各種規定。  
4、規定將不同類型的物品分類放置，每個區域放1-2個木桶裝備，而且一直在趕時間，草墊應該減少使用因為對雨水和積水敏感。  
5、洗澡時有人提醒不要浪費水。  
6、車輛必須停放在停車場內。（可以理解）  
7、天氣好也不填水到游泳池，更願意用水清洗草坪⋯感覺真的不太好，保持清潔固然重要，但過分的規定不如直接不開放！",1,1,-1,5260,,2022/05/08,0,負向
1. 沒有提供廚餘桶，請問廚餘要怎麼處理呢？ 2. 下著大雨，地面變成爛泥，孩子踩到後滿身泥濘，被責備叫孩子留意水坑。3. 有專人看管的沙坑，陌生孩子玩沙時灑出來，被告誡要在內部玩。4. 腳踏車停在籃球場內，小孩經過可能被籃球砸傷，存在危險。5. 雖然提供老舊腳踏車，但沒有專用道路，與車輛共用，存在危險。6. 泳池中有護草墊清洗中，浴室的水壓波動，且廁所和浴室合併設施，非常不便利。這次的營地主辦方相當嚴格，想體驗的可以去試試看！太挑剔的建議有些火爆的營友不要嘗試！,2,1,-1,5261,,2022/05/08,0,負向
今晚的露營真的糟糕，溫度只有12度，卻跳電了，暖爐和電熱毯都沒辦法用，覺得自己快要被凍死了。,1,1,-1,5267,,2022/05/08,0,負向
全營區有逾 200 人，包括成人和小孩，需要在晚上 12 點前洗澡。若洗澡未完成，便直接停水，這樣處理實在有些過分。此外，只有一台飲水機，導致取水需使用大水桶，卻仍有人抱怨碎唸，這樣會導致缺水問題。我用一個大桶裝水給 10 個人喝，與讓 10 個人自己裝水有何不同？營區收容這麼多人，卻只準備一台飲水機，是否應該考慮增設裝置呢？此外，沙坑傍晚時分卻不開放，讓人不解其用意。營區營位位置擁擠，但前方則顯得還算寬敞。,1,1,-1,5278,,2021/05/08,0,負向
民宿空間規劃有待加強，由於鐵皮屋空地，吸引了所有小孩前往嬉戲，導致住在民宿裡的人們無法找到一個安靜的休息地方，建議有所改善。,1,1,-1,5289,,2021/05/08,0,負向
很長一段時間沒有露營洗澡洗得頗過癮，只好感嘆幸好不是在寒流來襲的時候在這個營區。小黑蚊個人覺得還可以接受，但那溫水實在是令人難以忍受。,2,1,-1,5300,,2020/05/08,0,負向
真的建議重新整修營區的草皮和排水系統，避免雨天時積水影響露營體驗。雖然營主很友善，廁所也很乾淨，而且營區視野很開闊，但是這些因素卻被營區排水問題影響了露營的氣氛，讓人感到非常掃興。,2,1,-1,5436,,2023/11/08,0,負向
這次露營的營地草地長得很高，沒有修剪過，地面又不平又坑洼，蚊子多到讓人無法忍受，每隻蚊子都肥大得驚人，還有各種生物，甚至還有蟑螂...整體來說，這次露營的營地體驗並不太理想，唯一的優點可能就是廁所和衛浴間比較乾淨吧。,2,1,-1,5438,,2023/08/08,0,負向
這個營地的管理真的有待改善，遇到這麼多問題，確實讓人覺得很困擾。像是除了正常的小蚊子、蟻、小黑蚊外，大強和小強更是不在少數，整個園區都處處充滿了威脅！而且面對午後雷陣雨時營地淹水情況，排水設施的問題更是讓人費解。連飲水機都壞了，必須去雜貨店購買水，真是讓人不敢恭維。而且離冰箱又遠，草地上的護墊也被壓壞，收費還不便宜，1200元一天實在難以接受。僅有兩個年輕打工的人友善一點，廁所算是整潔，但實在令人無法接受。,1,1,-1,5439,,2023/07/08,0,負向
這裡的唯一優點就是廁所很乾淨，不過草地不平坑坑巴巴，睡覺容易腰痠背痛，營區景色欠佳。,2,1,-1,5448,,2023/05/08,0,負向
必須給一顆星才能發表評論，但我其實想給零顆星。我覺得收場地費的部份你們至少應該提供乾淨的水槽，因為有時水槽很髒需要我們自己去刷洗。另外，插座應該也要保持良好狀態。修繕時間需要2至3個月處理這個問題，這個應該是營區營業方要努力克服的問題。其實營區不需要太高標準，但是這樣的回應讓人覺得難以接受。如果草地需要照顧，我建議停止營業！草地太泥濘而且破損很嚴重。另外，停車問題也很糟糕！這些都應該在營運時考慮到的事情！,1,1,-1,5453,,2023/05/08,0,負向
露營本應該是一個快樂的經驗，但是因為營區沒有停車位，我的車子受損了；水槽的水管也脫落了，讓我對這裡失望透了。我想以後應該不會再來了。,1,1,-1,5454,,2023/05/08,0,負向
營區沒有停車位，需要自己找車位；水槽水管漏水，營主要求共用；營區露出這麼多問題，讓我感到很驚訝！,1,1,-1,5455,,2023/05/08,0,負向
設備十分簿相，停車位不足，水槽壞掉要跟他人共用，電插座一半損壞，限制許多。,1,1,-1,5456,,2023/05/08,0,負向
廁所沒有清潔過，有虎頭蜂沒被處理，蚊蟲很多，游泳池沒水。早上10:30就開始結賬了，還一直被催，整體經驗很差。,1,1,-1,5458,,2023/05/08,0,負向
如果可以的話，就希望草不要長太高。只有一個工作人員，雖然有點可憐，但我們去露營是為了開心度假，這樣的服務，不要求太多。,1,1,-1,5461,,2023/05/08,0,負向
整體環境不是很好，廁所有濃重的尿味，淋浴間也沒打掃過，冰箱竟然等到客人來才打開，兒童戲水池已經很髒了，而且小黑蚊也很多⋯,1,1,-1,5462,,2023/05/08,0,負向
廁所沒有清潔過，草地長得像小樹，冰箱長霉沒有整理，溪水池看起來像生態池，整體狀況非常糟糕。,1,1,-1,5463,,2023/05/08,0,負向
從週六中午到週日中午之間，廁所一直沒有人清理打掃，衛生紙也沒有補充。,1,1,-1,5464,,2023/05/08,0,負向
這個地方的住戶互相影響很嚴重，晚上鄰居之間的噪音讓人無法安寧入睡。不過給了一顆星是因為環境乾淨，而且營主也親切。可能不太會考慮再次入住這裡。,1,1,-1,5471,,2022/05/08,0,負向
這個營地植被稀少，排水不佳，導致土壤鬆軟，營釘很容易被大風吹走。此外，缺少棧板的情況下，地面充斥著泥巴，整個營地狀況相當糟糕。我給這個營地的評價只有一個字：「慘」。不過我給予一顆星是因為有帥哥工作人員，服務態度還算不錯。,1,1,-1,5472,,2022/05/08,0,負向
這個營地讓吵鬧的客人沒人制止，從中午開始一直持續到凌晨四點！？雖然我們無法阻止喝醉的客人，但營區的電話也沒人接，甚至過了午夜12點仍沒有人出來制止，嚴重影響了其他客人的休息時間。根據營區的使用規章明確禁止卡拉OK，卻讓人唱歌到天亮，吸引警察前來勸導，還是繼續大聲喧嘩。這個營地不太適合。,1,1,-1,5476,,2022/05/08,0,負向
這個營地風景優美，營區主人很熱心，但營區的清潔工作仍有待加強，尤其是洗水槽和冰箱。這次入住了貨櫃露營屋，一進屋裡拖鞋就濕透了。詢問打掃阿姨後得知她使用了噴酒精消毒水，但可能用得太濕了。更讓我們困惑的是，浴室停水的次數實在太多，甚至有一次停水長達2-3分鐘。在這樣的天氣中被停水實在令人為難，小孩和大人洗澡時都被迫受到影響，真的非常不便。,2,1,-1,5482,,2022/05/08,0,負向
這個房型空間相對有限，小孩子幾乎沒有活動的地方，但公共設施還可以。,2,1,-1,5491,,2021/05/08,0,負向
帳與帳之間的距離過近會受影響，洗碗台太低，需要彎腰才能洗碗，區域B和C共用衛浴設施，廁所容易髒亂且清潔不夠勤勞，需特別提醒才會處理。深夜未能控制鄰營帳篷的噪音，連續兩晚都聽到隔壁唱歌聊天到清晨五六點，多次向營地管理反映但未見改善。整夜持續喧囂不間斷，對品質產生負面影響，感受極差，不打算再次造訪。,1,1,-1,5497,,2021/05/08,0,負向
飲水機遠、冰箱不近、營位近、吵雜，停車遠又不方便。,2,1,-1,5498,,2021/05/08,0,負向
環境設施很好！只是可惜...營地管理較無法約束！讓其他客人...喧嘩到深夜！干擾別人的休息時間..,1,1,-1,5515,,2020/05/08,0,負向
硬體設備不錯，廁所和衛浴設施也很乾淨。不過在營區裡有三隻大狗一直在我們的帳篷附近走來走去，從晚餐一直持續到半夜，影響了我們的活動和睡眠品質。雖然我不討厭狗狗，但牠們在我們吃飯時繞來繞去讓人感到困擾，不得不同時防止牠們偷吃。除了狗狗的問題之外，其他方面一切都很不錯。,2,1,-1,5520,,2020/05/08,0,負向
雖然環境不錯，但是有很多小黑蚊，還有野狗半夜會翻垃圾筒，一直在帳篷外走來走去，讓我睡不好。,2,1,-1,5521,,2020/05/08,0,負向
這個地方很吵，因為羅馬公路就在旁邊，半夜要不就是重機聲要不就是超跑聲，相當熱鬧！另外，營地有收取超出的費用，不能讓客人踩草地，難道是要他們飛上天嗎？一帳要價1200元，但卻沒有景觀或高海拔的新鮮空氣，感覺有點貴。給他多一顆星是因為附近有很多螢火蟲可以讓人放鬆，這是我唯一欣賞的地方。,2,1,-1,5534,,2019/05/08,0,負向
這個地方風景優美，是個適合露營的好去處。,2,1,-1,5535,,2019/05/08,0,負向
各個區間的距離太近了，營位的間隔太密集，人潮拥挤，晚上鄰居聊天一直到凌晨1、2點，非常吵。,2,1,-1,5538,,2018/05/08,0,負向
兔子最適合的飼養環境為17-25度，需要避免潮濕及淋雨，並且提供無限量的提摩西草和煮過的飲用水，搭配適量的飼料。高溫下易讓兔子中暑，也可能導致脫毛皮膚疾病。建議兔子環境保持在涼爽度適宜的環境下，遠離高溫環境。,1,1,-1,5737,,2022/05/08,0,負向
風景很美，但環境和人員素質仍有待提升。,1,1,-1,5799,,2019/05/08,0,負向
這裡是一家五星級飯店，蚊子和蒼蠅很多，不管是早上或下午。店家還主動建議購買蒼蠅貼片。,1,1,-1,5807,,2019/05/08,0,負向
這篇文章中提到的營主很擅長訓練鳥類，請大家注意避免觸動雷區。,1,1,-1,5813,,2019/05/08,0,負向
這個地方的設施較為經濟，景觀也算一般般。,2,1,-1,6069,,2023/12/08,0,負向
一開始說可以在這區搭帳。剛剛搭好帳之後又被告知這區不能搭帳，必須停車。又得移一次，真的很讓人感到灰心，而且路況不佳，車底盤還被碰到了。,1,1,-1,6073,,2023/07/08,0,負向
洗澡時水溫難以調節，而且找不到飲水機。,2,1,-1,6076,,2023/05/08,0,負向
請問這個意思是說菠蘿蜜區的熱水在洗頭的時候突然停了嗎？另外，使用的廁所和衛浴間是和其他區共用的，裡面有蹲式馬桶和淋浴間。另外，營區不能開車進入，所以設施是由營地主人用牛車運載嗎？,2,1,-1,6079,,2023/05/08,0,負向
租到的雅房和照片中有很大的落差，但事已至此。房間疏於整理，有跳蚤滋生，讓我皮膚癢癢的。因為遺漏了食材，傍晚時想到補貨，打電話詢問時卻誤會了，以為我們不需要了，工讀生就打算清理房間並帶走了。下次要確認一下租營地的人有沒有忘記事情，處理方式讓我無法接受，需要改進。但也不能怪誰，都是自己疏忽。,2,1,-1,6090,,2023/05/08,0,負向
環境算不錯，營區主人很熱情。我們訂了五帳包區兩晚，但只有一間浴室可以洗澡，每次洗澡都要排隊很久。而且我們五帳包區只有8個人，已經覺得少了，如果正常五帳包區10-15人的話，大概要等到什麼時候呢？,2,1,-1,6099,,2022/05/08,0,負向
"根據11位露友的經驗，他們對這次露營的感想是：

當初參考網路評價預訂露營地時充滿期待，但下訂後卻失望連連。在付了訂金後詢問問題卻遇到已讀不回的情況；入住當晚馬上要收尾款，但卻再也沒有見過所謂的老闆老闆娘，讓他們無法體會到評論中形容的老闆親切等待；兩間盥洗室供至少6帳的露友（約16人）使用，但只有在收款時才有人現身，他們擔心衛生紙會不夠用；除非在晚上6點或11點洗澡，否則洗澡絕對要排隊，讓他們感到很不方便；而流理台缺乏肥皂或洗碗精，盥洗室也未提供沐浴用品。综合以上，這群露友對此次露營有著一致的不滿意見。",1,1,-1,6137,,2019/05/08,0,負向
有這樣做生意的嗎？為了要接受夜間包場的訂單，就讓已經預定的客人取消訂位，而且還要求他們改訂其他日期？我真的輸給你了，業者！「人無信而不立，業無信而不興」，這是古代的明訓！,1,1,-1,6320,,2023/06/09,0,負向
所有房客都很安靜，只有星期日早上營主的朋友來訪時，在前方開始聊天，聊到快8點。這些喧囂的聲音可能讓其他人難以入眠，如果要經營生意，這一點值得注意。總體而言，其他方面都還算不錯。,1,1,-1,6328,,2023/05/09,0,負向
這個露營區並非由原住民經營，訂單確認後被修改並多收了費用。環境並不很寧靜，隨時感覺被營區管理員監視。也許應該考慮取消這家營區，並支持原住民的生活方式。,1,1,-1,6580,,2023/09/09,0,負向
冬天時在這個營區要小心，即使我們不使用高功率電器，卻經常跳電，為了避免困擾，最好盡量避免前往。營主在生氣時可能會說脏話，並且偶爾會有菸味（因為營主抽菸）。特別是帶著小孩而且是冬天的話，建議不要選擇這個營區。唯一的優勢是廁所乾淨。,1,1,-1,6593,,2023/05/09,0,負向
這個營區不太適合冬天來，因為不能使用低功率的電暖器，會造成跳電問題。此外，要小心不要被營區主人責備說怕冷就不要來露營，而且工作人員可能會口出惡言。,1,1,-1,6594,,2023/05/09,0,負向
營地廁所清潔度很出色！在山上露營能讓人放鬆心情並吸收芬多精，但營地主人在我帳篷旁邊不停地抽菸！如果您計劃帶孩子來露營，擔心他們會吸到二手煙或三手菸的話，我不建議來這裡！這一星評價是給營地主人在處理二手菸問題上的。,1,1,-1,6597,,2023/05/09,0,負向
營區環境整潔，整體設施尚可。洗澡水溫熱，但供電情況不穩定，有時無法提供足夠電力。若無法保證足夠電力，請提前告知，切勿隨意指責露營友。建議定期檢修供電設備，因凌晨會斷電，使用廁所時可能會無燈。營區允許無限制使用卡拉OK，營主本身也會唱卡拉OK。護草墊已清楚標示使用方式，無需強調露營友坐在上面要用椅子。,1,1,-1,6614,,2022/05/09,0,負向
露營地和浴室的環境不錯，但除了營主之外，其他女性工作人員的態度都很差，非常差！他們一點都不友善，對營友的問題回答得很差勁，讓人感到不受尊重。這樣的服務讓我不想再去那裡了。,1,1,-1,6617,,2022/05/09,0,負向
這裡的環境整潔，熱水供應只到晚上十點，同樣地，洗手台旁的燈也是如此。營地的主人夫妻可能給您感覺較為冷淡。,2,1,-1,6625,,2022/05/09,0,負向
入住在11月7日的時候，看到網友對這個營區的好評，所以滿心期盼地帶著老婆和小孩來到了馬胎227這個露營地。選擇了廣場區，一開始感覺整體環境相當幽靜清潔。晚餐後，小孩跟隔壁營區的家長們一起開心地玩夜間探險，可惜下了一場雨，但也算是體驗到了露營的樂趣。直到入夜後，想要休息睡覺的時候，卻遇到一群晚來的客人一直嘻嘻哈哈地大聲聊天、唱歌，導致深夜2到3點的山區深具嘈雜聲，營主卻沒有出來制止。基於安全考量，我也一直未去反映，直到友人在3點半左右氣急敗壞地警告後，才漸漸改善了情況。下了雨又整晚未睡，我的心情受到了影響，於是早早收拾好東西準備離開。這時營主來幫忙移車，並提到昨晚客人吵鬧的事情，說是熟客，自己也聽到了深夜的嘈雜聲。我詢問為何不制止，營主竟然笑笑回答客人喝酒所以才會大聲，無能為力。唉！這個營區在預訂網站上擁有5星評價，但無奈營主偏向照顧熟客，忽略新客人。,2,1,-1,6640,,2021/05/09,0,負向
營區的容量明顯過高，每個房間都擁擠不堪，活動空間幾乎沒有，再加上酒客絡繹不絕且喧鬧，不太適合家庭親子活動。,1,1,-1,6655,,2021/05/09,0,負向
這個地方真的擠到爆滿了，讓人無語。,1,1,-1,6659,,2021/05/09,0,負向
在此營地，只有中華電信有訊號，其他家都沒有。營地提供無線網路，但路途需要小心慢開，因為彎曲道路看不到來車，有點危險。營地前的道路因整修而顛簸不平，充滿石頭可能刮傷車底盤，轎車駕駛要小心。營地本身空間有限，五個帳篷相連，孩子活動空間受限。營地環境有蟑螂和許多蒼蠅，不過因海拔750米，沒有小黑蚊。附近有乾淨的廁所和小溪，提供休閒捕捉溪蝦的樂趣。營主家的雞沒有固定籠子，會在凌晨三點發出聲音，可能影響睡眠品質。如果以上狀況可接受，可以試試看，但筆者個人不會再去此營地。,2,1,-1,6660,,2021/05/09,0,負向
到達目的地的一公里路程十分艱難，路況極差，地盤多次受損。營地規模極小，甚至沒有草地供小朋友奔跑。抵達營地後，車子無法前進因地勢崎嶇，只好在其他地點停車，步行前往營地。,1,1,-1,6661,,2021/05/09,0,負向
營地已經擠滿了，還接待太多客人，老闆養的雞整晚不停叫，根本無法安心入睡。,1,1,-1,6664,,2020/05/09,0,負向
營區的空間不大，沒有什麼風景可以欣賞，但有溪水和兒童滑梯，雖然滑梯的設施相當像公園，但卻沒有沙坑。廁所和浴室都保持乾淨，只是地面常常是潮濕的。環境中有許多營位，但只有B區比較適合搭建帳篷。在營地裡有幾隻自由走動的雞，不斷發出咕咕聲，有些吵雜。相對地，這裡的雞比被關在籠子裡的狗更自在。清晨時分常常可以聽到雞鳴狗吠不斷，但自然的蟲鳴鳥語仍是存在的。總的來說，這裡真的沒有太多好的選擇！,2,1,-1,6668,,2020/05/09,0,負向
營地可能會多收費用，營位有點狹小，停車空間有限！,1,1,-1,6676,,2019/05/09,0,負向
這家營主和他的家人都不太友善，而且讓自家狗在隨處大小便。,2,1,-1,6693,,2023/03/07,0,負向
未使用高功率的電器卻不斷跳電，還建議不要在寒冷天氣露營，並帶有不良用語，有些言過其實。提到有使用黑設第六代功率380W。,2,1,-1,6697,,2022/12/13,0,負向
B2區很多蟑螂，偶爾還能聞到狗屎的味道。,2,1,-1,6728,,2020/08/21,0,負向
營地的維護管理真的有待加強，廁所環境髒亂且臭氣熏人，淋浴區瓦斯不穩定。晚上需要等待有熱水的帳位，周圍環境嘈雜，無法好好休息。向營主反應問題需要花費很長時間。我覺得這樣的營地不值得再次造訪，我會尋找其他景觀更好價格更合理的選擇。這裡的一顆星是給予美麗的景觀。,1,1,-1,6753,,2024/04/11,0,負向
這個房間真是狹小且擁擠。每天半夜都會有野狗來報到找食物。垃圾桶不是獨立的，需要和其他住戶共用。,1,1,-1,6756,,2024/04/09,0,負向
不推薦入住這間房間，隔音效果非常差，廁所設於外面，連吹風機都沒有，相當不方便。露營區的廁所常被眾人使用，卻欠缺清潔，相當骯髒混亂。,1,1,-1,6758,,2024/04/09,0,負向
這是第一次來露營，晚上營地主人沒有來巡視。打電話給營地主人，已經過了11點了，還有一些人在帳篷裡喝酒玩樂。營地主人來後，場面仍然很吵。,1,1,-1,6766,,2024/03/09,0,負向
建議ABC三區可以考慮減少露營區數量，或者限制包區的規定。避免帳篷之間過於擁擠，要不然感覺就像難民營一樣。最近似乎南投地區很流行這樣擠，但我們更願意開車遠一點去苗栗或新竹的露營地。其他露營區都在提高品質，我們卻感到退營的念頭。希望營區管理者可以多考慮單獨露營者的感受，而不僅僅是追求利潤。,2,1,-1,6771,,2024/01/09,0,負向
當初在線上預訂位置時，前排夜景區都還有空位，我們已經預付了款項確認位置。但當我們當天到達時，被安排到中間草皮區。我們詢問老闆我們不是預訂前排的嗎？老闆回答說那是要留給當天夜衝的人。我們再問老闆，我們現在不就是夜衝嗎？老闆支支吾吾地說沒有辦法⋯⋯後來才知道他把位置給了晚一點才預訂的6帳戶⋯⋯感覺有點被耍，非常失望。,1,1,-1,6773,,2024/01/09,0,負向
"1. 12/1-12/2半夜1點多，B區的露營友，成年人在大聲交談，小孩們也在嬉鬧不安寧。
2. 營帳之間距離很近，營繩差一點就會相觸。
3. 垃圾桶太少，被擺放在營地前面，建議移至營地後方或區域入口，避免造成不斷遊人進出。
4. 露營好隊友的素質很重要，請不要在其他營帳前走動、觀看別人的裝備，這樣做很不禮貌。行走時請繞過後方。
5. 請規劃吸菸區，避免對風下方散發煙味，地上還有吸菸煙蒂的營地是不推薦的，不會再造訪。",1,1,-1,6776,,2023/12/09,0,負向
我的露營經驗非常糟糕，回來後一定要分享評論。浴室設施不完善（最後一間沒熱水），飲水機超級髒，冰箱太小且沒有區分，草地上蜈蚣超多。營區環境蠻奇怪的，沒有小孩活動區，每個營位間距很近（像在夜市擺攤），晚上被隔壁營位吵醒，營主也不管。帶狗的露友控制不好，經常跑到我們帳篷，對有小孩的我們造成困擾。看完評論後，超級不推薦這個露營區。,1,1,-1,6786,,2023/11/09,0,負向
有一隻野狗偷了半隻雞，還有許多穿著項圈的狗。洗澡時水溫反覆變化，燙傷了皮膚。另外，遇到了不守衛生規定的女性遊客在浴室小便，還把衛生紙亂丟。,1,1,-1,6797,,2023/08/09,0,負向
在露營區裡打了二三十通電話都沒人接，沒熱水的情況下，在裡面等了二十幾分鐘，水溫也忽冷忽熱的狀況下，這樣的露營區真的不值得給六顆星，甚至這一顆星都是多餘的。,1,1,-1,6802,,2023/05/09,0,負向
這個營區的廁所清潔頻率太低了，我第一次露營所以感到不習慣。我打過電話反應，但還沒有人來清潔。另外，熱水時冷時熱，睡覺時大小，早上起床真的很痛苦。,1,1,-1,6817,,2023/05/09,0,負向
廁所設施不完善，衛生環境欠佳，洗澡熱水不穩定，客戶反映後營業方無視。,1,1,-1,6818,,2023/05/09,0,負向
這個露營營區雖然靠近野營體驗，但收費卻非常昂貴。上山的路況狹窄不說，到了營區也沒有指定位置，讓露營者自己在營地內找位置。海拔超過1000公尺，上山的車隊很難掉頭。雷雨像是特別喜歡這裡，半夜電箱爆炸跳電，室外溫度只有攝氏8度。中華遠傳的訊號很弱，營區有提供Wi-Fi，但停電時Wi-Fi也無法使用。洗碗槽沒水或水壓很低，讓露營者練習無水洗碗。小朋友洗澡時也會突然停水。聽說抽水馬達無法運作，馬桶水槽也壞了，需要自己舀水沖馬桶。廁所環境很骯臭，有未沖洗的屎。營區沒有宵禁，適合夜貓族。管理不善，超出營區承載量，造成非常不愉快的經驗。,1,1,-1,6822,,2023/05/09,0,負向
直接掛電話並未解決問題，應當婉轉地提醒營戶說明並請求提供衛生紙。,1,1,-1,6825,,2023/05/09,0,負向
聖誕夜突然斷電，營區主管處理得比較慢，之後還警告說如果用電再這麼不節省，整個區域都會斷電。我找朋友幫忙修理水電，不需要額外付錢。看到帳單的用電量很高，本來就要好好控制。現在還要開新營位，讓我有點擔心這個營區的情況。,1,1,-1,6832,,2023/05/09,0,負向
上方特區的露營場所安排出了一些問題，讓人困擾。營主雖然已經關閉了團露區域，但仍然讓其他露客在夜晚進行露營，造成帳位排程困難。另外，其他露客也沒有在規定的中午12點前離開，導致管理上的困難。其中靠近浴廁的兩個營位過於狹小，無法容納兩個帳篷，而照片也較為舊，讓人誤以為只能搭建一個帳篷。這些問題都需要營主改善，信譽與品質才是吸引客人的關鍵，不能一次次地失望。,1,1,-1,6833,,2023/05/09,0,負向
我最無法接受的是夜爬沒有限制時間，到了晚上11、12點甚至有車輛陸續上山，車燈和帳篷裡的人喧囂聲持續到深夜不停。第二天早上收帳時發現草地滿是蜈蚣，謝天謝地有使用護墊，但仍然有蜈蚣鑽進帳篷裡，數量比螞蟻還多。營地景緻優美，傍晚可觀賞夕陽，晚間能鑑賞星空，清晨時有濃霧，仿若置身仙境。廁所和浴室數量不多，但有冰箱和飲水機。還好我是在連假前一天來，半夜被夜爬攪得心煩意亂，所以第二天一大早就趕緊離開，不想待在擁擠、無法放鬆的營地裡。,2,1,-1,6842,,2023/05/09,0,負向
營地的冰箱剛打開、但已經冰了快一小時，溫度還是27度，連冰塊都融化了。晚上洗澡時朋友們剛進浴室就發現沒熱水，修好後水只有前兩分鐘是熱的，後面都是冷水。我們只好忍耐冰冷的水洗完澡，真是很辛苦。縱然營地風景美麗，但設施確實需要加強。,1,1,-1,6849,,2023/05/09,0,負向
建議下次來這裡露營，每次都會有很棒的體驗喔！,1,1,-1,6856,,2023/05/09,0,負向
景色尚可，網路連線不錯，浴室設備尚可但熱水供應稍有不穩定是主要問題。營區過於擁擠，停車位不足，需要自行評估是否前往。建議別全信網路上的好評。,2,1,-1,6859,,2023/05/09,0,負向
非常沮喪，B區就像停車場露營一樣，根本無法欣賞風景。,1,1,-1,6860,,2022/05/09,0,負向
環境清潔需要改善，營地帳篷過多，品質不高。,1,1,-1,6864,,2022/05/09,0,負向
"1. 冰箱只有冷藏，冷度不足且有濃烈異味，似乎已經很久沒有清理了！冰箱裡沒有提供冷凍功能，食材幾乎都是在常溫下保存！
2. 各家電信訊號不佳，雖然有提供 WiFi 但訊號並不穩定。
3. 入眼即見大片景觀和帳篷，不想看到車子排排站！停車場還有很多空位，卻讓 A 區擺滿了車輛，如果沒有訂到景觀位置，B 區就得面對別人的露營車！營地網站描述與現場完全不符，向營地擁有者反映，卻被告知原本就是這樣的規劃…
4. 浴廁前滿佈蜘蛛網和蟲蚊，讓孩子們將其當作觀察生態的地方，雖然廁所很大，但從到達到離開時垃圾桶總是滿載…需要加強清潔！
5. 特地前往觀景區，白天和夜晚的景色都很美不可錯過！",1,1,-1,6868,,2022/05/09,0,負向
營區負責人說只有A區（景觀區）的遊客可以將車停得整齊有序，就像在停車場一樣。對於其他區域的遊客，車子朝向一排排停放是很正常的，就像在露營區內停車一樣。建議大家如果無法預訂到A區的位置，或許可以考慮在附近的停車場進行野營。,1,1,-1,6869,,2022/05/09,0,負向
B區停車位不足，帶來露營像停車場的感覺。雖然園區告示牌指示停在外面，但A區的車卻停在旁邊，與原先規劃不符。付了1000元卻感覺被欺騙。希望營主能提供清晰說明，避免造成顧客困擾。眺望外面全是車輛，令人感到失望，對老闆的消極態度感到不滿。,1,1,-1,6870,,2022/05/09,0,負向
這裡處處都在唱卡拉OK，而且音量很大卻沒有人來管理，這樣浪費了美麗的景觀，讓人感到失望。,2,1,-1,6882,,2022/05/09,0,負向
這裡螞蟻很多，讓人感到不安，住了兩晚真的很可怕。,2,1,-1,6907,,2022/05/09,0,負向
特區的營位每晚1200元，但營位設計看起來有點小，營主好像沒有考慮到帳篷應該要拉營繩的問題，照片中的保特瓶比例更能顯示這個問題。,1,1,-1,6953,,2021/05/09,0,負向
營區人潮眾多，每個帳篷都被安排得擁擠不堪，甚至沒有滿足 5×8 的空間，有些營位甚至被安排在左邊第一個紅圈處，夾在兩棵樹之間。更讓人不滿的是，還被多收了三個人，讓他們決定下次不再來這裡露營。,2,1,-1,6957,,2021/05/09,0,負向
夜晚的景色確實很美，讓人感到放鬆愉悅，但是房內的衛浴設備有點問題，熱水的溫度時熱時冷，且營地排水不順暢，希望可以有所改進。,2,1,-1,6964,,2021/05/09,0,負向
優點：雲海美麗、夜景動人、夕陽迷人，草地平坦。缺點：建議減少1/3的帳篷營位以增加活動空間，避免小朋友在車道上玩球。浴室廁所不足，缺乏標示，需一間一間試開，水壓不穩、停車位不足、網路只有中華電信訊號良好，其他電信顯示不穩定，WIFI連線效果差。,2,1,-1,6966,,2020/05/09,0,負向
這句話的意思是「不會再次回來，因為營地老闆還會在半夜叫你付帳」。,1,1,-1,7009,,2019/05/09,0,負向
優點：D區場地特別寬廣且有樹蔭，這樣無須搭天幕也不會曬到太陽，非常方便。缺點：環境整潔需加強，水槽十分骯髒，廁所內有許多蜘蛛網，顯得很久未清理。營位和廁所門口的洗手槽有非常多的大隻蟑螂，且還會飛，衛生環境確實有待提升。,2,1,-1,1,,2024/05/06,0,負向
廁所的清潔不夠及時，有異味；吹風機品質差，容易斷電；浴室洗到一半沒熱水，熱水溫度不夠；冰箱容量不足；洗手台傾斜，無法擺放東西。,2,1,-1,16,,2023/12/06,0,負向
這個營地的衛生環境維護情況很糟糕，下雨後積水，草地泥濘，路上沒有照明，廁所光線昏暗，缺乏衛生紙，又臭又髒。營地環境持續惡化，雖然經常舉辦露營活動，但營地管理者沒有改善措施。在雙十連假期間營地仍然維持不佳，只有一位老人在清潔，明顯感受到環境維護不足。冰箱也很骯髒。基於這樣的經驗，我不再考慮再次前往該營地。,2,1,-1,21,,2023/11/06,0,負向
環境還好，但希望人員的態度能更好一些，尤其是參加萬聖節活動扮演《鬼滅之刃》女生的人員。對於某些人如此不耐煩的回應方式感到相當不滿，甚至會在當場表達我的不悅情緒，如果不是有小朋友在場的話。,1,1,-1,22,,2023/11/06,0,負向
營位環境昏暗，中午到達營地時，廁所已經相當骯髒，直到晚上10點都沒有改善！垃圾桶滿溢，衛生紙滿地，馬桶髒亂不堪，幾乎每個廁所都讓人感到害怕…,1,1,-1,36,,2023/05/06,0,負向
水壓變化大，水溫忽高忽低，流理臺容量不足，幾個營位共用一個廁所，有流浪貓狗以及喝醉後失去控制的人最好不要參加露營活動。夏天的美景不應該因為某些人的行為而被糟蹋，整夜聽你喋喋不休真的很囉嗦！,2,1,-1,38,,2023/05/06,0,負向
營區本應在晚上 22:00 宣導降低音量，但為何仍有一些團體在半夜兩點仍在大聲彈吉他、喧嘩，而且沒有人加以管制呢？難道不考慮其他人的休息需求嗎？,1,1,-1,45,,2023/05/06,0,負向
廁所有點臭，看起來好像有一陣子沒有清潔，衛生紙也用完了沒補充，環境算是美麗的，只可惜塞滿了帳篷和車。,2,1,-1,46,,2023/05/06,0,負向
這個場地雖然很大，但F區真的不太推薦。為什麼要把加壓機放在旁邊，還要讓人去搭帳篷呢？這加壓機已經24小時沒停過了，就算停一下下也馬上就會再次啟動，完全影響人無法入睡呀。,1,1,-1,50,,2023/05/06,0,負向
營區的環境很美，空間也很寬敞，但因為人數眾多，導致衛生間不足且髒亂。建議增加清潔頻率和補充衛生紙。浴室也明顯不足，倒數第二間沒有熱水，水溫和水壓不穩定，排水系統不良造成淹水問題。最不能接受的是，當地居民直接焚燒垃圾，這是不可取的做法。希望能改善這些問題。,1,1,-1,68,,2023/05/06,0,負向
假日洗澡沒熱水，通知老闆後說瓦斯沒換好，要求重新開水。不方便籲諒等了20分鐘還是冷。瓦斯換在哪裡？太誇張了，不會再來了。,1,1,-1,96,,2022/05/06,0,負向
廁所很髒，水費很高，而且沒有熱水，建議不要去。,2,1,-1,106,,2022/05/06,0,負向
這段露營經歷真的很辛苦啊！連續三天都在爛泥中度過，路上還沒有路燈，不僅回帳篷時要再次踩著爛泥，排水系統不好導致地面積水，還經常跳電，熱水也不夠熱。這個露營區真是讓人難以忘懷啊！,1,1,-1,108,,2022/05/06,0,負向
廁所跟浴室在同一個空間，洗澡時可能會聞到廁所的味道，且洗手槽的設備也不夠完善。,2,1,-1,112,,2022/05/06,0,負向
房間雖然有點不太乾淨，但是春節的價格很優惠。,2,1,-1,114,,2022/05/06,0,負向
這個情況真是糟糕，第一天只有冷水可洗，第二天還斷電，但是房東賺得盆滿缽滿。,1,1,-1,118,,2022/05/06,0,負向
營區環境很舒適，有溪水和螢火蟲，但聽說一年前有人反映浴室的水溫變化大，今天卻只有冷水沒有熱水，真的令人失望。,2,1,-1,148,,2021/05/06,0,負向
儘管該地點很大，但營區規劃過於緊湊，導致活動空間有限。活動區域缺乏樹蔭，容易過熱，衛浴設施如果人潮過多，會感到明顯不足，需要排隊洗澡。雖然可以看到螢火蟲，溪水也是可以玩的，但是比這裡更好的露營區還有很多。,2,1,-1,149,,2021/05/06,0,負向
建議營地管理者增加洗碗槽和插座的數量，並解決熱水不穩定的問題。另外建議在晚上十點後設定安靜時間，避免夜間大聲聊天影響其他住客。,1,1,-1,176,,2021/05/06,0,負向
浴室數量不夠，洗澡時水溫難以掌握，浴室排水功能不佳，地板上有太多碎石，洗碗槽也顯得不夠。,1,1,-1,190,,2020/05/06,0,負向
這個營地條件很糟糕，廁所非常骯髒，而衛浴設施只有一間有熱水。這樣還要收取1200元。,1,1,-1,204,,2020/05/06,0,負向
這個露營區設施不完善，環境髒亂，且收費不相符，絕對不推薦，建議避免造訪。,1,1,-1,205,,2020/05/06,0,負向
排水不良，下雨後草地變得泥濘不堪。,2,1,-1,207,,2019/05/06,0,負向
在營區裡唱卡拉ok和播放高分貝音樂是被禁止的規定， 可是我們卻遇到了這種情況。唱歌一直唱到晚上11點，其他區域也跟風接著放歌。而且營區外面還有施用臭肥，散發出非常難聞的氣味，吸引了很多蒼蠅。晚上又提供桂圓銀耳甜湯，讓情況更糟。希望主辦單位能加以制止，以免損害營地的聲譽。,2,1,-1,279,,2024/04/06,0,負向
"1. 營主非常熱情，即使天氣這麼熱，他還送來了清涼的點心。
2. 營主也很專業，在聲稱有許多小黑蚊的情況下，我們的前三名釣魚數量分別是34、33、19，讓我們很好奇老闆心目中的「多」是什麼數字。
3. 廁所非常整潔和寬敞，總共有四間，但注意要小心小昆蟲和小寵物。
4. 愛釣魚的朋友要小心，釣到的魚要妥善處理，因為老闆會透過監視器來監視，看你是否私藏他的魚。如果需要叫老闆的話，可以在監視器前揮揮手，他就會來了。感謝讓我體驗了一次性的露營區，即使被小黑蚊叮了一整天。",1,1,-1,334,,2023/05/06,0,負向
螞蟻在繁殖期間數量增加很多，但未告知導致露營體驗受到影響。,1,1,-1,373,,2021/05/06,0,負向
這個營區的環境並不理想，夏天又悶熱又多雷陣雨，排水系統有問題，路面泥濘，影響露營體驗，需要改進。,1,1,-1,375,,2021/05/06,0,負向
如果草地營地建在排水溝旁邊的話，下雨時可能會有水溝流過，營地主人需要考慮是否選擇其他地方比較合適。,2,1,-1,376,,2021/05/06,0,負向
露營60天，第一次在這樣特殊的營地露營，雨棚就是搭在營主家門口，營主家人不停地在營位旁往來，缺乏隱私感。明明租了營位，卻無法搭建得滿滿的，必須留出一條通道給他們進出，壓縮了搭帳的空間，相當不理想！,1,1,-1,417,,2024/04/03,0,負向
園區裡可能設置了捕獸夾，攜帶寵物的人請注意安全。,1,1,-1,467,,2024/02/06,0,負向
不能不說，挺糟糕的。以後不會再來了。有規定大家都知道，跨年來，大家都想開心。這個不行，那個也不行。為什麼什麼都要扯法律呢？難不成我們是花錢來這裡睡覺的嗎？給你六顆星，這已經很多了，還有哪一顆呢？,1,1,-1,468,,2024/01/06,0,負向
因為颱風即將來臨，我們訂了10/7~10/9的5+8帳（二區）連假。可是營地沒有護草墊，一下大雨就會淹水，為了大人和小孩的安全，營主不讓我們延期取消，只扣了我們60%的訂金。不過最讓我不滿的是租借的裝備，明明沒有使用卻一毛錢也不退。營主說是請廠商代訂的，但裝備一直在他的倉庫，哪裡來的廠商？當我質問營主時，他回應說如果帳蓬進水，營地排水不良淹水是正常的。這個營地的狀況其實是眾所周知的，訂營位前應該多看評論，避免踩雷。,1,1,-1,475,,2023/10/06,0,負向
露營地沒有垃圾桶，需要把垃圾拿到廁所外的垃圾桶丟棄。營地主人沒有提前告知可能會有季風問題，強風造成帳篷和炊事區被損壞。地板是石頭，難以釘好營釘，可能還有連假時電力供應不足的問題。計劃去露營的朋友們要考慮這些因素！,1,1,-1,482,,2023/05/06,0,負向
這次露營體驗讓我們感到相當失望。營區雖然衛浴乾淨且有積極的清潔打掃，但其他方面則令人不滿。營位地面堅硬，難以釘搭營篷，也沒有提供護草墊；垃圾桶和廚餘桶只在衛浴區，走很遠很不方便。營位邊坡陡峭且沒有護欄，對小孩來說有很大的危險。晚上氣溫接近零度，營友們不得不自行帶煤油爐或篝火，甚至在睡帳裡使用電熱毯。第二晚發生三次跳電事件，營主要求賠償，卻無法找到高瓦數電器的使用痕跡。最終營主停止供電，晚上只能倚賴煤油爐取暖，結果小孩次日感冒。這樣的服務態度令人無法接受，此營區將永遠被我列入黑名單。,1,1,-1,486,,2023/05/06,0,負向
1. 起初與老闆溝通時非常有禮貌，但付款後態度急轉直下，2. 露友因親人突逝，無法露營，營區主人堅持要求證明才能退款。理解需提供相關文件，但喪禮消息當天難以取得，無人會開這樣的玩笑。3. 抵達露營區後，花了兩小時才完成搭營，營區主人即刻來收尾款，感覺相當差勁。4. 露友租借的床墊漏氣問題持續存在，換了床墊仍有漏氣情況，租賃商品管理不佳，主人卻發怒表示：「明明知道會漏，又何必租呢！」5. 營區垃圾桶與露營地點相距遙遠且水溫不夠熱，冬天不適合露營活動。,1,1,-1,487,,2023/05/06,0,負向
遇到了裝備不足的露營友很為難，朋友租的充氣床老是漏氣，只好半夜打電話給營地管理員，管理員雖然有過來換新的，但態度和口氣非常差，而且換了新的床依然漏氣，最後全家人只好睡在硬硬的石頭地板上，管理員一會說讓我們付費一會又說不用，態度反覆且惡劣，最後直接叫我們不要再來，這是我第一次遇到如此糟糕的經驗，一定要告訴其他裝備不足的露營者。,1,1,-1,489,,2023/05/06,0,負向
營區冰箱存在漏電問題，可能對人造成危險。營主處理問題的態度不夠積極，並且表現得相當不友善。,1,1,-1,490,,2023/05/06,0,負向
"1. 我們租借氣墊床時出了問題，但營主來更換時態度很差，也沒有處理好設備問題，導致整晚我們只能睡在石頭地板上，經歷非常糟糕。
2. 早上要結帳時，營區職員說租借的帳篷、客廳帳等不用收，因為要讓設備在雨中曬太陽，過了一段時間後營主卻來說設備需要收，我們與營主溝通時被告知不需收，但營主卻說他是老闆他說了算，然後離開了。我們便開始整理設備，之後營主又跑來說：「所以你們不收裝備就對了？」我們正在整理裝備的時候都感到非常錯愕...這位營主難道沒有眼睛嗎？這營區經驗太差了，我們絕對不會再來了。",1,1,-1,491,,2023/05/06,0,負向
這次帶團露營真的是令人難過，營地下雨積了水，我跟營主反應了這個情況，但營主卻一直找藉口說尖石的營地就是這樣子的。營地的釘子斜斜的沒有打好，也沒有垃圾桶，還要自己走到廁所才能丟垃圾，這些都是小事。晚上貓咪把我嚴謹整理好的垃圾袋給咬破，垃圾散落一地，早上營主看到後很不高興地叫我趕快清理，我也剛發現垃圾被弄亂，感到非常錯愕。簡直就像是我們亂丟垃圾一樣，清晨就滿心委屈。還沒到中午十二點，營主就一直抱怨為何清理這麼久。我明明付了營地的費用，還沒到時間呢，這到底是怎麼回事？營主能隨意收錢，隨意改變時間？真心不能推薦這個營地，儘管營區風景很美，但營主的不友善及營地的問題實在讓人心情沉重。我希望和我一樣注重露營樂趣的人們，不要因為違心而花錢受罪。所以給了一顆星星評價，至少營區風景很美，這個不能否認。我們離開時特別拍攝了影片，證明我們有好好清理垃圾，這是作為戶外人應有的品德。,1,1,-1,492,,2023/05/06,0,負向
"1. 搭帳篷的時候很難釘下釘子，很多釘子都被打壞了。
2. 要丟垃圾必須到浴室才有垃圾桶可供使用。
3. 廁所有夜間清潔之後就變得很骯髒，感覺沒有定期清潔維護，也沒有補充衛生紙。
4. 排水系統很差，下雨的時候雨水會湧入帳篷，排水不良。",2,1,-1,498,,2023/05/06,0,負向
原本預定參加萬聖節時裝秀，但突然下起大雨，把場地變成摸蜊和洗衣服的經驗活動。帳篷被風吹歪，我家前後有條小河，很擔心帳篷會漂浮在河上。帳篷積水，只能費盡力氣學大禹挖水道，但好像沒什麼用。這場雨沒有前幾天北部暴雨那麼吓人，我們決定趁早收起帳篷，以免深夜驚醒一家老小更加恐慌……不過在雨來之前的經驗還不錯。對了，營釘很難打（可能是因為我的工具不好，而且力氣不夠）。,2,1,-1,499,,2023/05/06,0,負向
雨天時排水不良造成嚴重積水，想學習挖溝技能的話可以趁著下雨天來練習！記得先在蝦皮上買好鏟子。,1,1,-1,500,,2023/05/06,0,負向
營區的排水出了問題，導致地面被泥水淹沒，讓帳篷不能再露營。其他地方都已經是乾燥的，提早打算離開這裡。原來露營時要準備帶鏟子。,1,1,-1,501,,2023/05/06,0,負向
上週參加了一個親子露營，在印象尖石，星期六白天天氣還算可以，但到了下午四點開始下雨，不到半小時各區就開始積水。營地沒有排水系統，營主也沒有處理，各區都淹了，也無法搬移到其他地方。活動主認為這是天災，不該歸咎於營主，但他們為什麼沒有考慮雨天積水問題呢？小朋友無法參加任何活動，為了避免感冒，我們只好決定提前離開。許多人都離開了，因為無法預測雨停止的時間。我們付了一千五的營地費用及活動費，卻只換來小朋友的不愉快，淋濕的情況，和空虛的心情。,1,1,-1,502,,2023/05/06,0,負向
這個營地的停車設施算是方便，但排水不良且無護草墊的缺點十分嚴重。特別是梯田式的地型越低的營地狀況越糟糕。因為我們碰巧遇到大雨，水根本無法順利排走。雨下了三分鐘，整個帳篷就淹水了，整個營區變成河流。露營者要自己挖溝來救他們的帳篷。第一次露營就遇到這種情況，當晚整個營區都不得不撤營回家。真是個極端的經驗，絕對不推薦下雨天前往的營地。,1,1,-1,503,,2023/05/06,0,負向
在這裡最好不要遇到下雨天。帳篷營地地面不平整，下雨時容易積水，可能會讓帳篷內淹水。如果雨勢過大導致積水，15分鐘後雨勢減小後積水會慢慢退去，但如果雨勢持續，就會持續積水。淋浴間也要留意，可能會有熱水供應不穩定的問題。,1,1,-1,504,,2023/05/06,0,負向
這個地方的排水有問題，會造成嚴重的積水情況。在反映問題之後，卻沒有得到任何回應，只能自己想辦法了。,1,1,-1,505,,2023/05/06,0,負向
茄苳D區排水不良且積水嚴重。第一次下雨時因積水而取消行程（後來整個露營區的朋友都提醒要取消行程）。營地地面由草坪和石頭混合而成，底層石頭較大且難以穩固。遇雨天時需要特別考慮。,1,1,-1,506,,2023/05/06,0,負向
地勢不佳造成排水狀況不佳，導致地面不平且缺乏護草，易造成淹水情況。營地主人應對此問題持消極態度。,1,1,-1,507,,2023/05/06,0,負向
我們是第一次參加學校的戶外露營活動，在4/30至5/2共三天兩夜。我們自己攜帶登山野營的帳篷，在搭建時遇到許多小石頭。我們發現營釘插入的位置並不理想，向營區工作人員借了鐵槌詢問方法。有位女性工作人員與一位男生（可能是老闆）告訴我們要多試試其他位置。（但態度不是很友善）第二天我們去爬山回來後，希望泡個熱水澡。一開始水溫還熱，但洗頭後再開水時卻只有冰水，當時溫度只有13度。因此我在13度的天氣裡洗了冷水澡，這是我從未體驗過的事情。在回家後才發現遺忘了雨傘放在入口處的長凳上，打電話詢問時一位男士接聽，他告訴我營地沒有任何遺失物品。我覺得他們並不願意麻煩，若有問題請勿打擾他們，這樣可能比較好。總結來說，這次露營經驗並不完美。,1,1,-1,517,,2023/05/06,0,負向
4/30連假我和一群朋友去露營三天兩夜。一開始到營地時，環境還蠻不錯，浴廁也還算乾淨。後來遇到幾次跳電，水溫難控制，但我們沒有太多怨言。最後一天中午12點營地管我們突然打電話說1點前必須離開，我們一陣大雨只好趕緊撤營。12:40時，又有人冷漠地催促我們離開，還有朋友被罵說拖拖拉拉要關大門。有幾個朋友因為下雨臨時租了房間，但我們也跟其他廠商租了帳篷，朋友們忘了把帳篷收好，營地打來電話罵說不回去就報警。朋友趕緊回去處理，但營地人員的態度令人不滿。希望營地經營者能改進，我們不想再去那裡露營了。,1,1,-1,520,,2022/05/06,0,負向
老闆的態度很惡劣，浴室沒有熱水。,1,1,-1,521,,2022/05/06,0,負向
冷熱水的溫度變化很大，只有非常熱和非常冷兩種選擇，而且經常停電。,1,1,-1,523,,2022/05/06,0,負向
老闆的語氣很刻薄，這種情況停電、洗澡水溫不穩都出現了，當你到服務中心詢問時，甚至還遭遇到挖苦。進入營地的路上到處都是掉落的石頭，十分危險。,1,1,-1,524,,2022/05/06,0,負向
入住這家旅館三天兩夜，洗澡時總是水溫太低，小孩冷到發抖。老闆看起來不太友善，還有規定不能直接開車到訂房位置，對待客人的態度也很差，甚至質問客人「你是哪位」。整體服務經驗非常差，連收錢時也給人一種不友善的感覺，對整體印象非常不好。,1,1,-1,525,,2022/05/06,0,負向
這個地方的衛浴設施有限，幾個區域共用著四間浴室和四間廁所，洗澡或上廁所可能要排隊等一會兒；而且熱水供應不太穩定，時冷時熱；另外，營地主人的態度也很差。,1,1,-1,529,,2022/05/06,0,負向
營地老闆的態度相當惡劣，甚至威脅要讓客人趕快離開山上。,1,1,-1,530,,2022/05/06,0,負向
營區的服務態度不佳，不建議前往。車位有限還會不停地要求遊客離開？真是令人難以理解。,1,1,-1,531,,2022/05/06,0,負向
去了三天兩夜參加跨年活動，但發現熱水供應一直不足且不穩定，向民宿老闆反映後感覺情況未見改善且回應冷淡。廁所雖然有打掃，但其中一天非常髒，給人留下不好的印象，很可惜。此外，每個區域都客滿。,1,1,-1,532,,2022/05/06,0,負向
這個場地的草皮規劃做得很好，但熱水洗澡供應不夠穩定，我只能用8度的冷水洗澡，真的好冷！,2,1,-1,534,,2022/05/06,0,負向
這周我們去露營，在露營區租了帳篷和客廳帳，客廳帳的一頂已經不防水了，滲水相當嚴重。下午四點我們請老闆過來檢查，但工作人員直到晚上七點雨才停下來。他們只是將帳篷裡面的布擦了一遍，匆匆檢查一下有沒有破洞，說沒有就要離開了。我們再三強調問題在於防水塗層失效，因為另一頂帳篷沒有這個問題，要求更換帳篷。老闆來了後一直堅持這是正常情況，客廳帳就是會滲水，態度強硬且輕蔑，完全不理睬客戶的抱怨，堅持自己的看法，搖頭嫌錢難賺。檢視以前的評論，處理問題的方式與此次經歷十分相似，很容易就被習以為常這樣對待。雖然露營區風景優美，但遇到問題時心情確實會感到疲累。,1,1,-1,538,,2022/05/06,0,負向
營地整理得宜，但管理人員的服務態度很差。當我們抵達時，冰箱已滿無任何空間。在結束時提醒管理人員，希望能將冰箱分區，卻被告知不可能，還被建議我們早點到。所有區域皆未設置垃圾桶，我們需要自行整理，理由是人手不足。之後他問我們有什麼建議。,1,1,-1,548,,2022/05/06,0,負向
這次露營經驗遇到了一些困難，營地地面過硬不易釘營，加上未能確定位置是否適合，導致晚上起風到第二天撤營風勢變強，帳篷差點被吹走，使得入眠困難。除此之外，營主的回應也讓人感到無奈，而且浴廁的熱水溫度不夠穩定。總之，這次露營體驗並不盡如人意，無法向朋友推薦這個地方。,1,1,-1,554,,2021/05/06,0,負向
營區裡有太多用電器導致半夜跳電，早上九點多才恢復供電。廁所很髒，還有許多蜜蜂。,1,1,-1,561,,2021/05/06,0,負向
對於尖石營印象不佳，第一次就是最後一次。營地地板堅硬，戳針手軟，營地空間狹小，營主收費過高，營位擁擠，帳篷相互交錯，連接天邊，停車位不足，大家亂停亂搭，每個區最少40個帳位，共用一個冰箱和8間浴室。,1,1,-1,572,,2021/05/06,0,負向
洗澡時熱水和冷水溫度難以控制，沒有水桶可以用，但還能裝水讓小孩洗澡。可惜水溫不穩定，小孩甚至被燙到哭了。,1,1,-1,579,,2021/05/06,0,負向
營地地面是石頭，所以釘營釘很困難，風一吹就會將營釘吹起來，所以下次不太想再去了。,1,1,-1,584,,2020/05/06,0,負向
約好的位置保存，到達目的地時卻被告知位置不存在，感覺很糟糕，但支付時有道歉，浴室花灑突然爆裂，水四處噴灑，不過小孩的遊樂設施很出色。,1,1,-1,593,,2020/05/06,0,負向
營區地面都是石頭，普通釘子根本插不進去，晚上還會沒熱水，洗澡洗到一半都要冷死了。,1,1,-1,597,,2020/05/06,0,負向
車子在快到達目的地前遇到了一條無法行駛的山路。,1,1,-1,624,,2019/05/06,0,負向
這個營區位於山中鞍部，因季風形成強力異常風，在這種情況下，營主應該熟悉這種地形特性，提供支援與建議。在過去十一月，已連續兩次發生帳篷柱被吹斷、夜半驚醒的情況。,2,1,-1,765,,2017/11/21,0,負向
假日放鬆的好選擇，可以到營地欣賞美麗的夕陽。,1,1,-1,813,,2017/05/02,0,負向
這個地方不適合喜歡卡拉OK的人，管理態度也不夠積極，如果你在找品質好的露營地的話，不建議選擇這裡。,1,1,-1,1263,,2023/11/07,0,負向
公告明明禁止唱卡拉OK，卻仍容許某區營地在晚上唱出噪音超級走音的情況。那為什麼其他人還要乖乖遵守規則呢？,1,1,-1,1264,,2023/11/07,0,負向
和營主的朋友在同一區露營，營主人很好、很客氣。然而最後一天我們在整理收拾東西的時候，營主的員工也協助收拾，卻把我們的洗碗精和菜瓜布誤認為垃圾丟進了垃圾桶。起初詢問員工時，他拒絕承認，直到我們向營主求助，員工才去撿回我們的洗碗精。大家都在忙著整理收拾露營用品時，員工卻急著收拾，有時候收拾得比較晚並不代表不重要。我們還發現一條延長線不見了，問員工卻否認拿走。幸好向營主求助後在共用空間找到了。在玩水區域、靠近廁所以及營地附近，都可以聞到濃濃的二手菸味，帶小孩來玩水的家長們要特別注意。另外，有營主的朋友帶著狗來露營，但狗主人的行為令人反感，讓他們的狗在他人營區亂大便，而他們也沒有清理。除此之外，還要忍受他們嘈雜的歌聲和刺耳的笑聲，一直持續到午夜十二點。,1,1,-1,1288,,2023/06/07,0,負向
玩水很有趣，但在營地附近總是聞到有人在抽菸，味道很惡臭！,1,1,-1,1289,,2023/06/07,0,負向
在最後一天收拾東西時，我們營區的營主聘請的員工也一同在那裡清理。就在我們還未離開時，他們就開始了！把我們的洗碗液、洗碗布丟掉了；甚至還連延長線都挖了起來移動到露營營區旁邊。一開始詢問員工時，他們直接否認並不承認有取走東西，直到我們向營主求援，員工才去垃圾桶中找洗碗液給我們，但連延長線依然不告認。大家都已經忙著整理露營設備，還沒有離開營區，員工就在後面盯著收拾！有時收拾比較晚不表示不需要，為什麼要亂動別人的東西？沒有水準，缺乏禮貌。在水域附近的廁所旁邊的營區總部，總能聞到濃烈的煙味，就要求每個人去聞這股味道！營主的朋友帶著狗去露營，讓他們的毛孩子亂拉在別人的營區，還不清理，完全沒有道德觀！沒有禮貌。這次真的很倒楣跟營主的朋友在同一區，不得不忍受他們難聽的音樂和嘈雜尖叫聲，直到午夜12點！,1,1,-1,1290,,2023/06/07,0,負向
聽說新的營區主人接手後，決定在C區試試水溫。但打開車門就聞到了一股腐爛泥土的味道，讓人心裡覺得不妙。從6月25日到26日，這個地區下了約100毫米的豪大雨，C區地面全部積滿水沒有退去，直接變成爛泥坑。一踩下去就陷進爛泥，就算穿拖鞋也黏在上面，小朋友還一直滑倒。後來營區主人和老闆娘把全區的護草墊搬來，我第一次露營就在C區鋪了26片護草墊。等雨停後去A、B、D區一看，竟然完全沒有積水。只有C區大約積水高度達5公分左右。營區主人答應我們會改善，真的改善的話我再多給5顆星。,2,1,-1,1348,,2023/05/07,0,負向
淋浴間的熱水溫度不穩定，時冷時熱，熱水只有持續10秒，冷水要等一分鐘才有，淋浴過程相當痛苦，而且還有使用過的衛生棉黏在那裡！有沒有人在整理這個問題？,1,1,-1,1379,,2022/05/07,0,負向
錢固然重要，但最重要的是我租的地方。衛生間沒有打掃整理，牆壁上還黏著女生的衛生棉。此外，一間沒有熱水供應，另一間則是熱水調溫不正常。,1,1,-1,1381,,2022/05/07,0,負向
網友說的讓我碰上了麻煩！環境髒亂，有許多蒼蠅和不明昆蟲，下山後多人皮膚出現過敏和蚊蟲叮咬造成水泡的情況！水壓不穩，要麽熱到讓人快被燙傷，要麽冷到讓人冷得發抖，整個營區就像個大冰箱，四個帳篷包場只有一個廁所，而且廁所連衛生紙都沒有。非常不推薦，有小孩的家庭完全不必考慮前往。,1,1,-1,1384,,2022/05/07,0,負向
露營已有七八年了，但從未遇過像這個營區這麼多蒼蠅的情況。白天和晚上都有許多蒼蠅和小昆蟲，而且廁所缺乏衛生紙，熱水溫度要麽是燙到人，要麽是太冷。綜合了評論後發現這種情況似乎從未改善過。我們被安排在D區，人擠擠的，小孩幾乎無法找地方玩耍，更不可思議的是，四張包區只有一間廁所和一間浴室。總而言之，無法推薦這個營區。,2,1,-1,1385,,2022/05/07,0,負向
環境很髒亂，有很多蒼蠅，3天2夜沒有定時整理清潔。,1,1,-1,1386,,2022/05/07,0,負向
閱讀了Google評論後，很擔心去營地後會有不好的經驗，但實際到了現場才發現網友的評論是公正的。廁所缺少衛生紙，晚上斷電不給開燈。水槽沒有清潔，也沒有照明，廚餘桶也缺少。浴室中有幾個淹積水，熱水不穩定，生態池有異味，A區帳篷擁擠，另一個區域未整理，因空間不足，只好擠滿。幸好有朋友一起，否則這次228連假遊玩可能會變得很糟糕。,1,1,-1,1390,,2021/05/07,0,負向
營地官網宣稱提供浴廁衛生紙和沐浴乳，但實際上廁所沒有衛生紙，且沐浴乳未補充時間不明。洗澡水幾乎是冷的，3天2夜露營期間，浴廁和垃圾桶均未清潔。營地內偶有少許蟑螂和蒼蠅。整體來看，這個營地有點可惜，儘管硬體條件還算不錯。,2,1,-1,1391,,2021/05/07,0,負向
總括來說，這個露營地的管理態度不友善、衛生紙短缺且環境有異味，草地也未經維護且照明不足，因此我不建議大家前往露營。,1,1,-1,1392,,2021/05/07,0,負向
抱歉聽到你在營區遇到這麼不愉快的狀況。當你抵達時發現洗手槽沒有清潔，還有上一批人留下的污垢，而營區的草地也沒有被整理，原本問過營主有關獨立冰箱的事，但實際到了才發現只有在營本部遠遠的地方才有。另外，營區裡有很多會飛的小蟑螂，甚至還有大隻的。你們露營兩晚期間，廁所沒有被清潔過，也缺乏衛生紙。而營主似乎只在收錢時出現，你的朋友因為是新手，租來的帳篷和睡袋打開後卻是濕的，雖然營主有換給你們，但這是一次非常糟糕的經驗。,1,1,-1,1393,,2021/05/07,0,負向
環境不錯（有很多螞蟻），河道的水沒有被清理，底部堆滿了樹枝、樹葉、昆蟲屍體和泥沙⋯⋯ 廁所兩天都沒人打掃，垃圾堆滿地面，浴室洗到一半變成冷水（不只是我遇到這個問題，其他露營的朋友也有同樣的經歷）。只有在收費時才看到工作人員，其他時間都找不到人。下午雷陣雨後，排水不良導致積水。,1,1,-1,1395,,2021/05/07,0,負向
室外正在大降雨，因營區排水不良，廁所內部也有積水情況。,1,1,-1,1396,,2021/05/07,0,負向
衛浴沒有提供衛生紙，戲水區也不夠乾淨。營區較為狹小，而且沒有草地保護墊，小蟑螂數量也相當多。,1,1,-1,1397,,2021/05/07,0,負向
"晚上去了人少的地方，廁所沒有清潔紙沒有補充，到處都有蟲，馬桶還塞住了，淋浴間的水時冷時熱，好在天氣熱……兩天兩夜連打掃廁所的人都沒來過，只是放了一些衛生紙，也沒打招呼……最重要的是原本說好的飄飄河呢？？？場地雖小沒關係，草地不濃密夾雜著泥地也沒關係，蟑螂到處跑也沒關係，飄飄河上滿是青苔和落葉，根本沒被整理，還說水源不足……那其他區域又怎麼玩呢？我們難道不是客人嗎？即使它看起來像是洗腳水一樣髒，卻是孩子們一直期待的，否則我們還可以提早計畫其他活動啊……差一點就準備好穿上泳衣，拿著水槍和泳圈去""遊玩""了……",1,1,-1,1398,,2020/05/07,0,負向
露營區非常擁擠，除了可以玩水之外，並沒有太多草地空間供小朋友玩耍。,2,1,-1,1403,,2020/05/07,0,負向
與旁邊的土牧驛相比，我們露營地的經營似乎欠缺用心。浴室的熱水不太穩定，遊泳池略帶青苔，還有些小蟑螂（在其他山區營地很少見），洗碗槽需要營地主人才會清潔。看過其他地方後感到可惜，尤其當路經營地時聽到營地主人自豪地宣稱本周客滿。希望他們能加倍努力維持優質的服務水準。,2,1,-1,1416,,2020/05/07,0,負向
帳篷位於馬路旁，空間較狹小。建議每個營位前設置流理台會更方便，共用洗手間稍嫌遠一些。另外，希望水池能保持清潔。謝謝提供飲水機、過濾系統、脫水機、並準備了優質的洗髮精和沐浴乳，真的很棒！,2,1,-1,1417,,2020/05/07,0,負向
營地和主人的朋友在同一個區域露營。雖然玩水區域靠近廁所和營地辦公室，但都能聞到濃重的煙味，家長們要注意讓小孩玩水。營主的朋友帶著狗去露營，狗主人的行為真的很讓人不悅，讓狗在別人的營區亂拉並且不清理。此外，還要忍受他們刺耳的歌聲和喧鬧的笑聲直到半夜。雖然我們可以忍受歌聲、喧鬧笑聲、二手煙味和狗大便，只當是一個晚上而已。但丟東西和差點失去物品是真的需要提醒大家！,1,1,-1,1440,,2023/05/15,0,負向
在露營時，和營主的朋友同區域，營主人很友善，但最後一天在整理東西時，營地工作人員一起幫忙，卻不小心把洗碗精和菜瓜布誤丟到垃圾桶。起初工作人員否認有拿，直到找到營主，工作人員才去撿回。大家忙著整理，工作人員卻一直跟在後面。有時候收拾比較晚不代表不需要。延長線差點不見，問工作人員都否認，最後只能找營主，才在共用空間找到。幸好現場發現少了什麼，否則很容易遺失。,1,1,-1,1441,,2023/05/15,0,負向
浴廁很髒，有很多蟑螂的營地。,2,1,-1,1474,,2020/08/21,0,負向
覺得經營不用心，連廁所都沒有清潔。,2,1,-1,1477,,2020/05/07,0,負向
提高水槽清潔和草地保養工作的品質。,2,1,-1,1483,,2019/09/09,0,負向
1. 衛浴空間太小，要怎麼幫小朋友盥洗呢？2. 露營區沒有護草墊，草地變爛泥巴，裝備要怎麼放才不會弄髒？3. 洗少台真的太少了！4. 廁所有夠髒！,1,1,-1,1519,,2024/04/23,0,負向
1. 原本預訂D區碎石區1帳，但到達現場後發現被安排到3帳，對於原本期待寬敞空間的我來說，感到有些失望，特別是附近露友的小孩玩球擊中我的帳篷和桌椅，顯示空間實在太擁擠了，讓我感到被欺騙的感覺。2. 洗手間裡的衛生紙溢出來了，看起來有些不衛生，不過至少有穩定的熱水可以洗澡。3. 碎石區沒有遮地墊，對帳篷地布造成損傷，其他露營地都有提供。4. 飲水機的水量很少，比起滴水器快一些。5. 傍晚蚊蟲很多，沒有看到前面露友提到的驅蚊線香。 6. 營區的垃圾桶只設在少數地點，也沒有廚餘回收桶，讓從北部來的露友感到有些不適應。,2,1,-1,1533,,2023/05/07,0,負向
事先約好了，到了現場卻改變主意不想做了！他們安慰說可以等待，最後卻直接帶我們去塵土飛揚的桌子區露營？回答問題若無所知，蚊蟲滿天，環境髒亂！,1,1,-1,1542,,2022/05/07,0,負向
小黑真的很可愛喔！,1,1,-1,1547,,2022/05/07,0,負向
沙坑球池和熱水都讓小孩玩得很開心，建議老闆可以考慮在沙坑周圍加上一個沙圍，這樣可以防止風吹將沙子吹進帳棚地墊。此外，C區後面有一條死水溝，可能要注意一下處理以避免小黑蚊過多。整體來說露營的感覺是不錯的！提醒露友，如果有玩仙女棒的廢棄物，請務必丟掉，否則在搭營區很危險。希望老闆的後續收拾動作可以更加確實，以免小孩子遭到意外。,2,1,-1,1585,,2019/05/07,0,負向
營區最大的問題是晚上11點後，營主不管控音量，十分吵雜，讓人難以入眠。建議營主應該採取行動，提升露營品質，吸引更多高品質露營客。除此之外，露營區位置很好，離採購點不遠，步行約15分鐘便可到達全家便利商店。營區空間寬廣，草皮維護得宜，景觀宜人，還有頂樓餐廳。,2,1,-1,1746,,2024/04/16,0,負向
營地環境非常優美，草坪整理得很好，廁所也保持得很乾淨。不過，因為燈條臨時壞掉，營主很親切地借給我們燈串。營主的態度非常nice，唯一令人無法接受的問題是狗大便。當我們在營地旁遇到狗大便時，從此感覺到大便的味道無處不在。隔天早餐時，兩個小妹妹帶著四隻大狗散步，其中一隻狗竟然在我面前拉大便。我提醒她們要記得回來清理，但她們卻在答應後就離開，再也沒有回來清理。我們只好幫忙清理，以免有其他人不小心踩到。然而，當我們準備離開時，那四隻大狗又來了，其中一隻甚至在炊事區拉了一大堆大便，而兩個小妹妹卻完全沒有打算清理。我對此非常失望，好景不如預期，因為兩天的露營經歷被大便味道包圍，希望營主能重視這個問題（原來那四隻大狗是營主的）。,1,1,-1,1756,,2023/06/07,0,負向
這個週末在露營區，硬體設施和景觀都沒問題。不過帳棚區附近的草地常有狗大便。第一天入住時，有兩名同伴不小心踩到大便，讓晚餐的氣氛不太好。第二天早上，同伴看到遛狗的小妹妹，告訴她應該清理狗便，但還是沒有處理，只好通知營地管理員。最後退營時，小妹妹又帶了幾條狗來我們帳篷附近，其中一隻大黑狗還在我們帳篷旁的草地拉大便，還拉了三次，可是小妹妹還是視而不見離開了。雖然露營要與自然和平共處，狗狗拉大便也是無可避免的，但營地管理方是否該至少保持住客的環境乾淨呢？,1,1,-1,1757,,2023/06/07,0,負向
"優點：1. 離三義市區較近，開車只需15-20分鐘；
缺點：1. 營區位於山路旁，清晨和深夜有人在山上奔跑很令人困擾；
2. 整個營區約有5-6個層次，提供30-40個帳篷空間，但只有營區入口處有冰箱，這樣的配置實在讓人不太滿意。夏天拿東西時真的很不方便；
3. 某些層次的營位太狹窄或太短，設立帳篷後無法在前面欣賞山景，放客廳帳篷的天幕根本行不通。甚至在後面也沒有通行空間，建議營區管理者不要為了賺錢而擠滿營位；
4. 營區主人有種橘子樹，但在1-5號營位沒有人露營時為何不修剪樹枝？該周末偏偏要修剪，機油味和噪音真的很令人無法忍受。",1,1,-1,1772,,2023/05/07,0,負向
原先是個親切舒適的休閒場所，然而隨著野心逐漸膨脹，卻忘卻了初心造就的吸引力，雖然收費只要100元不算多，卻漸漸與遊客之間拉遠了關係。,2,1,-1,1773,,2023/05/07,0,負向
這裡有很多蟲子，水溫時冷時熱，營區因為有很多狗所以常常吵鬧，廁所不夠多，需要排隊等候。,2,1,-1,1778,,2023/05/07,0,負向
我們這次露營選擇了第九區，那裡景色優美，營區整理得很乾淨，主人一家笑臉迎人，待人親切。但因生態豐富，螢多蟲。我們看到了藍鵲，也被牠們的尾巴掃到；空中飛來許多小蟑螂和蚱蜢。草地雖美卻過高，導致蟲蟲出沒。建議在廁所裝一盞更多的燈，因清晨有施工聲、吵雜的蟲鳴、鳥叫和犬吠聲。輕眠者需戴耳塞入眠。電壓不穩可能讓吹風機閃光，建議攜帶長延長線。以上僅為個人經驗，不喜歡蟲的人可能較不適合此地。給予兩顆星的評價是因為環境美麗，主人待客熱誠。,2,1,-1,1781,,2023/05/07,0,負向
草地雖然長得茂盛，但排水不良，整個地面都泥濘濘的！本來戶外總會有昆蟲在飛來跳去，可是一直有蟑螂竄上桌子下地板，實在太過分了！對待養的狗要負責任，否則它會對著客人狂吠亂叫，要是嚇到小孩讓他們跌倒，是要誰負責呢？這樣的經驗一次就夠了，謝謝！,1,1,-1,1782,,2023/05/07,0,負向
這個營地的花草保養得很好，但我們租到的是沒有木棧板的區域。由於下了超大雨，整個營地變得泥濘，帳篷區域浸泡在泥水中，24小時內腳底都沒有乾過。更讓人崩潰的是到處都是小蟑螂（還會飛），帳篷內外都有蟑螂爬行，帳篷也因為泥水而損壞。環境雖然植物優美，但給2顆星給業主，因為沒有其他服務，只是開門收費後放我們進去濘地。因此給泥濘環境-2顆星、滿滿的小蟑螂-2顆星、場地租借費用-0.5顆星（價格若在700至800元之間我會考慮，但1000元並不划算）。總體而言，雨天不建議前來，如果沒有租到木棧板區，會遇到很多小蟑螂，也不推薦。總評分1.5顆星（僅代表個人經驗，與業主無關）。,2,1,-1,1783,,2023/05/07,0,負向
我不建議這個住宿地點，因為老闆態度不友善。如果你有寵物，你應該先打電話詢問是否可以帶寵物，因為如果沒有事先問的話，抵達時可能會被要求支付300元的費用。另外，浴室和廁所非常髒亂，水龍頭會時冷時熱，洗澡時還能聞到廁所的異味。總的來說，這個地方真的不太好。,1,1,-1,1786,,2022/05/07,0,負向
蚊子真的很多啊！另外提供的冰箱有異味，而且冷度不夠，放了保冷磚一整晚還是無法結冰。,2,1,-1,1788,,2022/05/07,0,負向
整體環境不錯，沒有太多地方可以挑剔。設施齊全，唯一讓人無法接受的是在2021/11/20（六）露營時，有一個區域超過晚上10點仍然有人大聲放音樂、吵鬧和打電話。即使有人向老闆反應，老闆只是要求他們小聲一點，但持續到23:30。這讓人在睡覺時感到困擾。如果不是這一點，綜合評價可以給予四顆星。,2,1,-1,1795,,2022/05/07,0,負向
營地老闆非常熱情！他會帶著狗來「關心大家」，同時讓狗方便一下。（可能是來調查人數與帳篷數）,1,1,-1,1798,,2022/05/07,0,負向
營地主人很親切，環境也很舒適，但晚上的蟑螂實在太多了！而且還會飛，加上蚱蜢、甚至鳥都能接受，但一晚抓了20多隻蟑螂實在太不可思議。原本美好的氣氛變得很掃興，希望可以改善這個情況。,2,1,-1,1820,,2021/05/07,0,負向
營主很親切，提供了青草茶可供飲用，草地翠綠漂亮，晚上能看到美麗的星星！但這三天有許多會飛的小蟑螂搗亂，出現在食物、人身上和帳篷上，讓害怕蟑螂的夥伴們無法放心放鬆，我們得一直留意食物和餐具，以免被蟑螂碰到；各營區距離近，噪音如音樂或交談聲都很明顯，擔心會打擾他人；下方營區偶爾會飄來刺鼻的廁所排泄物味道，雖不長時間且不頻繁，但沒告知營主這一部分。交通方便且不難開車，冰箱容量足夠大，多數露友需求都能滿足，但如有害怕蟑螂或注重隱私的露友，需要多加考量。,2,1,-1,1821,,2021/05/07,0,負向
這個營地三號區的營主很熱情親切，但是有太多會飛的蟑螂讓我崩潰。廁所氣味不佳且衛浴設施不足，營區燈光昏暗且蟲蟲類比較多。如果怕蟑螂的話要三思再下訂，不怕的話這個營地還是不錯。這次露營完全無法放鬆，一直處於警戒狀態，所以給一顆星⋯⋯,1,1,-1,1822,,2021/05/07,0,負向
為什麼一早去找露營的朋友卻還要付費呢？,1,1,-1,1837,,2020/05/07,0,負向
老闆為了不得罪露營客人，讓我們接受了不公平的超收。在跨年前一星期通知我們我們包區會多一帳，我們被迫接受了收費。然而，結果卻是在跨年連假時硬是塞進了三位陌生人到我們的包區，對方聲稱也是在app上訂位的。事後查證才發現是營地主未確認這三人身份，讓他們進入我們的包區。即使對方善意，但這讓我們感到相當不舒服。,2,1,-1,1867,,2018/05/07,0,負向
"我可以幫你重新表達這段內容嗎？

這個露營區的草坪維護很好，浴廁分離乾淨且有充沛的熱水。營主人也很友善，甚至提供自煮的飲料給露營者。但可惜的是在這裡有很多狗屎。第一天我不幸踩到了，但第二天發現是營主的狗。我告知營主後，他們並未採取行動，甚至當下有小妹妹帶狗在我們帳旁大便時也視而不見。這樣的情況讓人難以接受，在這麼美好的地方卻因為狗屎而失去評價。希望營主能重視這個問題。",2,1,-1,1887,,2023/05/19,0,負向
這段訊息是在談論一家民宿或露營區服務品質下滑的狀況，客人感到主題地遺忘了初衷，對待客人冷淡。对於部分的基本檢查和服務態度都大打折扣，客人希望主人能回想起當初熱情服務的心，而不是只想得到金錢。因此，客人提醒主人若不能真誠對待客戶，不如早點歇業，讓有心的人經營這樣的場所。,2,1,-1,1892,,2022/11/22,0,負向
浴室水龍頭溫度不穩定。建議不要帶寵物進去，否則可能需支付額外費用。,2,1,-1,1905,,2022/04/18,0,負向
營主讓自家狗亂吠，影響我們的睡眠品質。雖然可帶寵物，但每隻需支付300元的清潔費，這樣的規定讓人難以接受。山上的氣溫很低，但浴室的水龍頭卻時冷時熱，讓人差點感冒。廁所和浴室都稍顯髒亂，希望營主能做改善。,2,1,-1,1906,,2022/04/18,0,負向
在半山腰的地方，雖然風景不錯，但因為沒有用心規劃管理，美景已經消失了⋯到了營區，發現不是每個帳篷都有護草墊，管理員說大部分都已經損壞丟掉了，叫我們去其他地方找找看⋯雜草叢生，地面充滿碎石，下了點雨後到處都是爛泥巴，幸好雨不大，不然可能會淹水。晚上洗澡時沒熱水，水壓不足，忽冷忽熱。連續假期滿帳，廁所沒有定時清理，垃圾桶都滿了，散發尿騷味。營區只有一個地方設置垃圾桶，需要走一段路才能找到，非常不便利。結帳那天中午12點就要離開，卻沒有水可用，浴室的水都已經關掉，感覺有點失望。營位停車場沒有規劃，車子停放亂七八糟，帳篷旁邊整個營區給人感覺像難民營，非常擁擠。,1,1,-1,2171,,2024/01/07,0,負向
有很多蟲，還有蜜蜂...只有一支吹風機。,1,1,-1,2172,,2023/11/07,0,負向
我不建議你選擇這個露營區，因為他們收拾得比較慢，而且他們會要求在中午12點前離開。即使職員在10:30提醒你，如果到11:46你還沒收拾好，他們可能會把供水和冰箱都斷掉。這種服務品質讓人感到相當糟糕。,1,1,-1,2173,,2023/05/07,0,負向
隔壁的聲音太大了，大家都無法入睡。,2,1,-1,2174,,2023/05/07,0,負向
因為預定分開，所以我們被安排到別人的營位，甚至搭建了帳篷和天幕。在下大雨天氣搬家時，管理員告訴我們我們實際預定的地點在另一邊，讓我們搬家非常辛苦。這次露營體驗可以說是十分不愉快的。優點是浴室較大且有熱水，缺點是道路不易行駛，周圍都是倒下的樹木、殘破的棧板和極差的排水系統導致帳篷進水，連氣墊床也濕了。,1,1,-1,2177,,2023/05/07,0,負向
這個露營區的風景很美，地方很寬敞，而且位置稍微高一點，所以五月底去不會太熱。我們去的時候選了位於G區較上方的營位，但廁所的清潔環境不盡如人意。大約九點左右要洗澡時，浴室的水根本沒水流出，要自行調整才有辦法使用。使用完後，吹風機沒電，洗手台的水龍頭完全沒水。最後，蚊蟲真的非常多。當天被蚊蟲咬到眼睛腫了，還得去急診。營區的負責人開始時有主動聯絡保險事宜，很感謝他們。事實上，一開始我們也沒有考慮到這點，但後來就沒有下文，聯絡方式也不太積極。總的來說，這次的經驗與感受並不是太好。,1,1,-1,2179,,2023/05/07,0,負向
這個地方的環境景色美麗，但帳篷有些小，只適合最多300人。浴廁設備方面較不理想，乾淨度有待加強，尤其是3月會有許多蟲和飛蛾。每間浴室和廁所都有一些垃圾，地面採用磁磚，浴室和廁所是分開的。水壓較弱且不穩定，水溫也不穩定，排水效果不太好。此外，浴室內的椅子和水桶都有一些霉斑。值得一提的是，水槽旁邊並沒有垃圾桶，有點不太方便。另外，當週日要離開時，營地主人清潔廁所時的洗水會直接流到C區帳篷。另外，還有許多帳篷位子都在道路旁邊。,2,1,-1,2181,,2022/05/07,0,負向
"1. 上山的路並沒有整理好，到處都是枯枝和雜草，開車很困難。
2. 營區的設施（熱水、電力）無法應付連續假期的人潮。
3. 電壓不穩，時常跳電，燈光閃爍，使用不便，建議多帶幾個充電式LED燈。
4. 熱水供應非常不穩定，經常從熱轉冷，建議中午洗澡或先在外頭洗澡再進入營區。
5. 營區道路泥濘坑洞，雨天腳底容易濕濕髒髒，建議穿靴子。
6. 還有很多風景優美的營區可以選擇，或許可以考慮試試其他地方喔！",1,1,-1,2184,,2022/05/07,0,負向
這個地方環境真的很糟糕，飛蠅多得讓我以為我在非洲。洗澡水要麼是滾燙要麼是冷得要命，滑草根本是讓人滑心酸，連游泳池的水都骯髒得跟去年一樣。垃圾居然都集中在帳篷附近，整個環境除了差之外幾乎沒有優點，總之真的很糟糕，就算一顆星都覺得太多了。,1,1,-1,2185,,2022/05/07,0,負向
訊號很差，還有一些人自以為唱歌很好聽，一直唱得難聽又吵，沒事就不要來了，否則你會後悔一輩子。,1,1,-1,2186,,2022/05/07,0,負向
這個露營區的入口路很危險，路旁滿是雜草，非常狹窄，幾乎無法通過兩輛車。行駛時容易被樹枝、竹枝條刮傷車輛，遇到對向車輛時十分困難。除非你是熟練的司機，否則很容易造成車輛損壞。,1,1,-1,2189,,2021/05/07,0,負向
帳篷區的設施不足，浴室數量少且水壓問題，洗澡燈光微弱，電力容易跳斷，管理人員表示延長線可能損壞。營地排水不良，下雨時容易積水，需注意洗淨鞋子。,1,1,-1,2194,,2021/05/07,0,負向
廁所從沒人整理到晚上變得很髒，垃圾桶都已滿溢；洗澡時竟然沒有熱水可用。週日的早上（2020/09/20），竟然連營區的水槽都沒有水了。,1,1,-1,2198,,2021/05/07,0,負向
G區的冰箱冷凍溫度設置太低，冷藏溫度太高。將蛋撻放進去後，食材上居然有螞蟻爬行。園區回應表示冰箱沒有問題，因為冰箱僅提供額外的保存設備，不是主要的。每個區域的間隔也很小，且經常跳電。雖然忘記取食材丟掉可以理解，但在當天沒有回應後，第二天再聯絡，表示東西全都丟掉。之後又改口說沒看到。如果打算前往該處，應三思而行，因為處理事情的方式讓旅遊心情都毀了。,1,1,-1,2203,,2021/05/07,0,負向
這個露營區的衛生狀況不佳，冰箱上有嚴重的霉菌，整體設施都沒有完善，應該在規劃完善之前不應對外開放收費。,1,1,-1,2211,,2020/05/07,0,負向
請在洗手台排水口裝上濾水器。,1,1,-1,2216,,2020/05/07,0,負向
這個營地的規劃太擁擠了，帳數收費太高，所以導致停車位滿了，除了大草原之外，帳篷周邊的活動空間不足。浴廁的清潔狀況有待改善，淋浴水壓不穩，水溫忽冷忽熱，馬桶經常沖不通，使用起來令人崩潰。泳池只在第一天使用過，第二天就說水不夠無法使用，讓孩子們很失望。電壓也不穩定，在我們中秋三天兩夜的露營中三次跳電，讓人有些無語。雖然大草原空間很棒，讓孩子有很棒的活動空間，但滑草的地方有點危險，下面的布被破裂了，我們的朋友（成年人）在那裡溜過一次被釘子刮傷腳。雖然景觀很棒，但只有第一排可以看到，後面只能看到擠滿的車和人。冷藏冰箱壞了，只剩下冷凍櫃，很快就擠滿了，裡面味道不好，也沒有管理，其他帳篷的保麗龍箱和保冷袋都直接放在裡面，讓晚來的人沒有空間放。整體來說，這次露營經驗令人失望，感覺營地管理不善，帳篷控管有問題。,1,1,-1,2224,,2020/05/07,0,負向
G區碎石區下雨時遇到了一些問題。當天晚上跳電三次，而且G區兩個淋浴間的熱水似乎不起作用，水溫只是溫的，這讓人有點難以接受。當時的氣溫應該至少在15度以下，又下著雨，顯然並沒有很在意住客的舒適度。此外，水槽位置在衛浴旁，需要走一段路才能清洗東西，尤其在下雨天更加不方便。我曾經多次露營，也碰過冷又下雨的情況，但這次真的是最糟糕的一次，沒有之一。,1,1,-1,2238,,2019/05/07,0,負向
電壓不穩，衛浴設備也不夠乾淨，營位旁還缺少水槽，水槽都集中在廁所附近，下雨天要刷牙洗臉得拿著傘，連遮雨棚都沒有，讓人有些失望。,2,1,-1,2259,,2018/05/07,0,負向
建議營區管理者規定上山及下山的時間，因上山路況危險無法會車，且山路狹小並不安全。露營裝備眾多，又有孩子同行，十分危險，應考慮安全問題，建議謹慎前往。,2,1,-1,2291,,2021/05/02,0,負向
我了解。雖然事先挑選了F區，但因其他客人的原因，最後被改到C區。初次來訪的客人可能對這個營區的位置不太熟悉，不知道自己已經不在原先預訂的區域，直到看到位置圖才弄清楚。不清楚營區劃分的意義，看來在和營長事先溝通更為重要。,2,1,-1,2362,,2018/05/07,0,負向
地方偏遠，用餐和購物都不便利。可以考慮提供食物售賣服務、增加員工，管理住宿者的行為態度（例如噪音、遵守入住規定），並檢討價格是否太高。,2,1,-1,2400,,2017/08/29,0,負向
未有這個機會去。在訂位後接到電話要改讓位給另一團人數較多、購買較多晚餐次數，讓人感到相當不適，表達了不滿並想取消訂位後，對方才說不用勉強，但是熱情似乎已被澆熄。,2,1,-1,2561,,2019/05/07,0,負向
營區的環境需要改善。有許多螞蟻和爬蟲，廁所裡有很多小昆蟲，而且沒有提供衛生紙，洗手台晚上也沒有燈。,2,1,-1,2576,,2023/10/09,0,負向
最近地震頻繁，大雨也不斷（星期六凌晨又發布地震警報），我和家人都非常擔心山區可能有落石，擔心我們會再次上新聞。我請求營地管理者找出處理方式，但得到的答案讓我感到困惑。他們只能延期半年或退還四成費用，我朋友取消別的營地訂位，管理者也只收取200元手續費。這梅花梯田的處理方式真的不合理。政府已呼籲民眾不要自行前往山區，以免發生危險。我原本是想在螢火蟲季節到該營地觀賞螢火蟲，雖然營地表示可以延期半年，但那時非螢火蟲季節。我們也不想等到隔年的螢火蟲季節，只好自行支付六成費用。我們當天預定30帳位，取消了25帳位，難道只有我們有問題嗎？別的營地並未發生類似情況，但管理者也只是酌收200元手續費。,1,1,-1,2715,,2024/04/30,0,負向
園區整體環境算整潔，包括廁所也保持得很乾淨。不過可惜的是G區離衛浴廁所及冰箱相當遙遠，若想拿取東西就需要跑好幾趟，頗為辛苦。此外，G區只有一間蹲式廁所，對於小孩來說可能不太方便，有些小朋友很容易在等廁所時就在褲子上悶不住。山區蟲蟲當然是家常便飯，不過居然出現了一種大型螞蟻，不知道是什麼品種，竟然會叮人，回來的時候腳上發現了三四個紅腫包，讓人感到刺痛不已。經歷了這麼多次露營，卻是第一次遇到被規定帳篷只能睡四人，多人需另外收費，而且沒有考慮年齡，只要人數超過四個就得額外付費。,1,1,-1,2717,,2024/04/07,0,負向
草地以外的部分CP不是很高，靠近護草墊區培植了一些帶刺的植物，並不是很方便或安全。附近還有一些枯朽的植物，可能會有些小蟲和氣味。不過對於小朋友來說，在小水池旁邊拍照是可以的。,1,1,-1,2749,,2023/05/07,0,負向
進出道路有高低落差，要注意低底盤車輛。總共有七個區域，共有六間衛浴，其中兩間需要十個以上的露營帳篷共用。洗澡時間受限於特定區域，人多或有小孩會稍感壓力。提供Wifi服務，但有連接困難，手機訊號不穩，無法與同伴聯絡可能造成不便。,2,1,-1,2775,,2022/05/07,0,負向
第一次來到這個露營區，包了A.B兩區，整理一下，首先要到達這個營區底盤太低需要有心理準備，路實在不太好開，營位規劃略為可惜，需要將車子停在外部的石子地，下完裝備才能將露營用品拿進去，放得遠了需要拖進去，有點太累....，營地訊號不好，提供的wifi也連不到，不知道是區域問題還是？衛浴設備過少，第一有時間限制（AM7’30-11:00），假設一個帳五個人，營區總共有30個營位，共150人，只有六個衛浴，平均一間25人，一個人平均洗30分鐘，750分鐘/60=12.5小時，這樣好像有點緊湊⋯？，第二ABC三區共用一個廁所，ABC三區共14帳，廁所實在上的很有壓力..，營位旁邊洗手台的電燈10點關閉，只能在黑暗中洗碗...。總結不會二訪、總結不會二訪、總結不會二訪…..,1,1,-1,2776,,2022/05/07,0,負向
營區裡只有一個冰箱，根本沒有足夠的空間讓大家存放東西。準備好的德式香腸整包都不見了，營區管理完全沒有控制。一早起來心情就變差了，決定不再吃，準備結帳回山下吃好的，也不打算再來這裡了。,1,1,-1,2778,,2022/05/07,0,負向
在草地區，草太長已經長到超過黑墊是很正常的，所以有蚊蟲也是正常的。但遇到這麼多蒼蠅就有點不尋常了。露營這麼久第一次碰到蒼蠅大爆炸，從早上八點就被蒼蠅吵醒，整天都黏滿了五張紙，就算用電風扇吹也吹不走，整群整群的，直到晚上六點才消失。浴室很寬敞，水池也還不錯，只是蒼蠅實在太多了，真的有點誇張。,2,1,-1,2803,,2021/05/07,0,負向
連中央走道都擺滿帳篷了。,1,1,-1,2822,,2020/05/07,0,負向
雖然空氣品質不錯，但是霧很大，建議不要在晚上探險。營地的主人很友善，但是營地的規定相當嚴格，而且水壓和水溫不太穩定，洗澡的時候有可能會遇到突然變冷水的情況。營地的主人太太可能當天心情不太好，一直臉色不太好看。在周日結帳後，隔天還未收到帳單，尚未到繳費時間就被告知延遲將會被罰款。我之前沒提到停車問題和不能生火的情況。希望以上回答對您有幫助。若有任何問題，請隨時提出。,2,1,-1,2828,,2019/05/07,0,負向
進入營地的山路狹窄且陡峭，不建議多輛車同時通行。溫水也不穩定，有時洗一半就會變成冷水，洗的時候還會發抖。,1,1,-1,2829,,2019/05/07,0,負向
山路很危險，建議車況不良的人不要前往。因為山路陡峭且不適合夜間走行。雖然營地主人有許多規定，但廁所很乾淨並設有冰箱可以使用。,2,1,-1,2836,,2019/05/07,0,負向
水壓、水溫和電壓都波動不穩定，而且黑沙坑水池很小。附近有果園…全家都很不開心（詳見圖片）。,1,1,-1,2837,,2019/05/07,0,負向
這個營地蟲蟲真的很多，不管是在廁所、浴室還是營區裡，都是到處都是蟲和蛾，真是難以置信！洗個澡變成了一場噩夢，蟲蟲不停地飛來飛去，甚至停在身上。冰箱位置也相當遙遠，更讓人意想不到的是裡面居然也有蟲！整個營區共用一個冰箱，衛生狀況實在令人擔憂。,1,1,-1,2987,,2022/05/07,0,負向
雨天積水跟泥濘真的很麻煩，我們搭帳篷的時候幾乎沒下雨，但一旦開始下起雨來，水就無法順利排走，一直流進帳篷裡面。,1,1,-1,2992,,2022/05/07,0,負向
這個營地的環境好像很喧囂？也許是容易吸引到吵鬧的人，還是有一群喜歡吵鬧的人流傳這營地是可以放肆吵鬧的地方？已經是半夜1-2點了，還是週六，他們不僅大聲唱卡拉OK，而且唱得很難聽，整個山頭都聽得到他們的哀嚎！還有一次，已經是深夜兩三點了，一群人在吵鬧聊天，我在遙遠的地方甚至可以聽到有人在呼喚自己的狗回來！他們露營的狗還憤怒地亂吠！我去過白蘭露營的次數不多，但卻多次遇到這個營地縱容吵鬧的情況！和營地負責人溝通似乎也沒有產生效果！,1,1,-1,3006,,2022/05/07,0,負向
這場地狀況並不理想，建議大家考慮其他選擇，以免造成困擾。,1,1,-1,3058,,2019/05/07,0,負向
這裡的環境不佳，排水問題嚴重，廁所髒亂不堪，也沒有人在管理。,1,1,-1,3059,,2019/05/07,0,負向
不好！草坪積水很嚴重！應該要保持衛生間是無人使用的狀態。,1,1,-1,3060,,2019/05/07,0,負向
雖然訂場有規定，不過訂金交給你就可以了，瞎嘮叨是在說些什麼呢？小朋友得腸病毒還要受到你的抱怨？,1,1,-1,3075,,2019/05/07,0,負向
不太推薦，可能會有積水問題，服務也不太好。,1,1,-1,3097,,2017/05/07,0,負向
營地環境不佳，有積水和泥濘，場地狹小且車位未規劃好，服務也不佳。,1,1,-1,3101,,2017/05/07,0,負向
"1). 衛浴雖然有乾濕分離就挺好的，但廁所空間還需要加強。
2). 帳篷安排稍微有些密集，沒有足夠大的草地供活動。
3). 沒有限制攜帶寵物的露營者，半夜狗狗亂吠，早晨起床發現草地上滿是狗狗的排泄物！",2,1,-1,3199,,2021/05/07,0,負向
營位費一再調漲，收費越來越高。,1,1,-1,3204,,2021/05/07,0,負向
收了200元清潔費卻什麼都沒有，有些人只是想和在露營的親朋好友聊聊天、打打屁就要被收200元！營主啊，有點貴嘿！,1,1,-1,3205,,2021/05/07,0,負向
"1. 這個地方景色很優美，草坪也非常漂亮。
2. 帳篷擠得太過密集，沒有空間讓小孩奔跑（可能存在過度收費的情況）。
3. 收費是1200元，還會發生跳電的問題。
4. 總結：如果要收1200元的費用，就應該控制帳篷數量；營區的電力系統也需要改善，一晚上跳電3、4次會讓人難以忍受。不太想再來了。",2,1,-1,3214,,2021/05/07,0,負向
在悄悄話營地，雖然草地很大，但每個帳篷要價不菲，衛浴設施看起來高級，卻故障頻繁，水溫問題時而冷時而熱，令人很生氣。收取這麼高的費用，卻提供這麼糟糕的服務，實在讓人失望。,2,1,-1,3267,,2019/05/07,0,負向
"1. 環境保持得不錯
2. 可以訂購披薩或石鍋拌飯，不用自己開伙
3. 沒有景觀
4. 帳篷過多，看遍都是帳篷，不是草地
5. 入場時間下午2點，退場時間中午12點，條件太嚴格
6. 每張帳單1200元，提早入場還要額外加100元，性價比不高以上是後花園區的情況",2,1,-1,3278,,2018/05/07,0,負向
這裡人超多，像是在難民營一樣。,1,1,-1,3321,,2017/05/07,0,負向
營場主人的態度不好，只是把車子發動一下，主人就問：「為什麼要發動車子？難道我發動車子開窗戶也要和主人報備？」在洗澡時，主人正在清理浴室，總共有3間浴室，前面兩間已經打掃好了，剩下的第三間還沒有打掃，主人居然叫我去洗第三間。為什麼要付同樣的錢，別人都洗乾淨的浴室，我卻要洗第三間，而且熱水也很不穩定。這樣不為露友考慮的營區，我不會再去第二次了。水質不乾淨，同行的朋友洗完澡後3個人都過敏，洗手檯的水超級混濁，連碗都洗不乾淨。晚上12:30還有露友在彈吉他自彈自唱，即使打電話或傳訊息給主人也沒有人理。隔天早上主人說他已經睡著了，需要來敲他的門他才會知道。如果今天發生火災，你還會在裡面睡成死人嗎？真不知道為什麼營區評價那麼高，想去的露友自己斟酌吧。,1,1,-1,3335,,2024/03/07,0,負向
"8/26-27去露營時，老闆一來就說我們看起來很開心，但晚上10點後請保持安靜，不然會被趕出去。雖然老闆可能是開玩笑，但這樣的態度讓我和朋友都感到不舒服。例如老闆說了一些讓人感到不舒服的話，例如說""我知道你們不會再來了""，雖然地理位置方便，但還是希望老闆和老闆娘能友善一點，毕竟和氣生財，否則可能真的會影響生意。",1,1,-1,3356,,2023/09/07,0,負向
在前往勘查營地的路上，當到達門口時，營地主人就告訴我們不要進去，並且態度非常惡劣，令人感到非常不友善。,1,1,-1,3413,,2022/05/07,0,負向
元旦那天心情很愉快，我們十點半到達營地，當我們開車門時，告訴營主我們預定了今天。營主臉上露出不悅的表情，回答說預定了今天也要等到一點才能進入，為什麼現在就來了，並反覆碎碎念。我們強調了我們不是要搭帳篷，只是想先在附近走走。營主一直強調要等到一點才能來，讓我們覺得很不舒服。我們得承受這樣的氣氛三天，讓我們感到很困擾。請營主自省一下自己的態度和口氣，不要反過來說我們的口氣不好，其實是你的態度和口氣有問題。我並不是第一次露營，也並非掌權者，我並沒有口出狂言說我是老大。到頭來，似乎營主自認為是老大，難道你不能好好說話嗎？難道整個山區就是你一手控制的嗎？互相尊重是必要的，你尊重過我嗎？誰會知道你的營區是不能停車的呢？,1,1,-1,3435,,2021/05/07,0,負向
晚上蚊子很多，營區下方有3～4隻狗狗一直吠叫，還有應該是鄰居家的小孩嬉戲吵鬧到晚上10點多，真的很影響到人們。此外，營區的廁所設施老舊，有洗澡間無法鎖門，廁所沖水設備也損壞了。除了景色之外，這個營區確實不適合。,2,1,-1,3570,,2023/11/07,0,負向
因為之前下雨，所以露營活動被延期。當到了原定的露營日早上，我們打電話確認，結果營主竟然忘記了？！他告訴我們可以直接到現場搭帳篷，並保留位置給我們。然而，到了現場，我們卻聯絡不到營主，只看到他的爸爸在。問了好一陣子，卻沒有得到正確答案。最後，一位熱心的客人讓出他們的位置給我們。真沒想到營主這麼不負責任，第一次露營就碰到進營區找不到人的情況。,1,1,-1,3573,,2023/06/07,0,負向
優點：浴廁環境整潔，熱水溫度足夠。缺點：熱水供應僅到晚上十點，對於夜間用水需求不方便。半夜和凌晨時分，受到羅馬公路飆車族吵雜的聲音；營區下方飼養了四隻狗，一有異動便不斷狂吠；假日清晨7點多竟有人使用割草機造成噪音。以上問題叠加，嚴重影響睡眠品質。此外，還有一隻名為黑糖的狗，清晨會進入營區內的帳篷撒尿，造成困擾。這些情況實在令人錯愕！,2,1,-1,3576,,2023/05/07,0,負向
營地觀景台前的竹子和雜草亂長，擋住了美景。隔壁營區的鄰居整晚唱歌吵鬧，早上又有人在用電鋸施工，一隻瘋狗在亂叫，深山林內還有其他人在喧譁，讓露營區變得可怕。,1,1,-1,3578,,2023/05/07,0,負向
冰箱只能送風，但營主卻說冰箱有冰。另外水質不佳，水龍頭流出的水像泥土一樣。,1,1,-1,3587,,2022/05/07,0,負向
這個地方空間有限，道路狹窄，洗手台髒亂，樹葉到處都是。從整理的情況來看，營地管理者似乎沒有太用心。晚上還有包區的人在開派對，吵到深夜，讓人難以入眠。原定的活動也都取消了。總括來說，這樣環境惡劣，且沒有吸引人之處，我不會再第二次造訪。,1,1,-1,3595,,2022/05/07,0,負向
帳篷區域非常擁擠，實際上已經超過了所容許的人數！沒有沙坑、也沒有戲水池，更沒有射箭場…只有搗麻糬的活動而已。底下的營區正在舉辦電音派對，兩天兩夜都聽到動滋動滋的音樂，這種安排提前兩天才被營主告知！我們真的非常無言，我們去的目的不是為了參加動滋動滋的活動吧…難道不該提前告知嗎？,1,1,-1,3597,,2021/05/07,0,負向
這個營區原本以為可以搭7帳包，但事實上只能搭4至5帳，空間狹小；網路上提到的沙坑、戲水池和射箭場看起來都荒廢了。唯一乾淨的地方是廁所，也有搗麻糬活動。在下方的營區舉辦電音趴派對，持續了3天2夜，聲音很吵。營主在露營前兩天才告知這些情況，令人感到困惑。這是對營區的第一次評價，希望他們能做出改善。,2,1,-1,3599,,2021/05/07,0,負向
小黑蚊真的很多，不管是防蚊液、止癢藥還是水龍頭，似乎都阻擋不了它們。,2,1,-1,3613,,2021/05/07,0,負向
露營的人好像不太懂得保持安靜，早上六點就開始洗碗，七點就吵鬧不止，還不管小孩尖叫。,1,1,-1,3622,,2020/05/07,0,負向
靠近水源地位置可能會對環境造成影響。,1,1,-1,3631,,2020/05/07,0,負向
這個營地只注重賺錢，營主對於沒有自重的露友無所作為，對其他遵守規則的露營者造成了嚴重影響！即使硬體設備再好，風景再美，也只是被浪費了！,2,1,-1,3726,,2018/09/15,0,負向
這段經驗真糟糕了！我跟營主訂了C區水泥雨棚1帳，後來營主打電話告訴我旁邊有一個要訂6帳的（總共8帳），他們晚上會夜衝比較吵，我說沒關係。但後來又打電話說他們要改成8帳，要求我去B區的碎石雨棚，完全沒有詢問我意見。他們還跟我爭辯說他們8帳總不可能讓一帳去別的地方，老闆我先訂了，至少你也尊重一下我的意思吧！當初我就是喜歡C區才指定要訂C區雨棚，而不是你叫我去哪我就去哪！,1,1,-1,3767,,2024/04/30,0,負向
這段的意思大概是在描述一次露營經驗不愉快，主要是因為洗澡水太冷、服務態度不佳等問題。希望露營區可以改善這些問題，讓露營的人可以有一個愉快的體驗。,1,1,-1,3781,,2023/12/07,0,負向
這句話的意思是：只能說到那裡去的感覺非常不好，不想多說什麼。業主只會把責任都推給客人，多說無益。,1,1,-1,3782,,2023/12/07,0,負向
我在五月27日露營了三天兩夜，遇到許多蚊蟲叮咬，整個營地的環境並不理想。第三天早上營主要求在中午12點前結算費用，但我們在早上10點開始結算時突然停水了。雖然通知了營主，但他解釋說是因為下雨導致管線阻塞。一度讓我懷疑是營主為了趕我們收帳才造成停水的情況，整體感受都不太好。或許不會考慮再次光臨那個地方了。,1,1,-1,3824,,2023/05/07,0,負向
露營地的收費高達三百元，有些過分了吧？看起來他們像是四處巡邏抓小偷一樣。在26號去了溪遊記露營地，真是浪費了四天的連假⋯除了沙坑，小孩根本沒地方可以玩。第一次帶小孩去露營，他們覺得無聊。唉～他們說我們的車子來來回回十幾次，這不可能吧？停車費三天總共付了1800元，有開露營區搞什麼奇怪的道理？看到有人評論星星都是在騙人，這才過了一天就多了五顆星？未經當事人同意，擅自錄影車牌並公開在網路上，已經請家人和律師處理！業者還說付不起錢就去免費野營？？？,1,1,-1,3833,,2022/05/07,0,負向
總體環境還可以，但管理單位會不時巡邏檢查來訪者，需繳費300元一輛車，並錄影存據，費用合理。離開時有員工要求還原草坪護墊，我們當然願意合作。不過是否真的需要還原應參考平台規定。最後員工的態度待加強，無法友善溝通，實為罕見。关于录影情况最初回答否认，但后來却提供了相关视频，對此有疑惑。此外，晚上七點唱歌被指影響其他露友品質，實在不易理解，且聲量并不大。管理方對其他露友是否真有投訴一事未知，也難以判斷，令人感到困惑。,1,1,-1,3834,,2022/05/07,0,負向
露營地的收費真的不便宜，包區營位 800元，訪客停車每車 300元，還有巡邏收費，太貴了。停車費一下子就 300元，露營 3 天就花了 1800元，還有老闆態度不好，真是讓人不舒服，可能以後不會再來了。,1,1,-1,3835,,2022/05/07,0,負向
怕的不是下雨，而是營地規劃不當，排水不良。一下雨的確是滿地泥濘，鞋子會陷進爛泥巴，小孩和狗都得關在帳篷裡，真是可惜。,2,1,-1,3842,,2022/05/07,0,負向
這個營區真的不太好，營主的態度很差，然後還有很多虎頭蜂大約2-3公分大，非常可怕。不處理的話真的不好，而且還把責任推給客人說是我們去招惹的。晚上虎頭蜂會出現是正常的嗎？這麼多虎頭蜂來叮人的話，如果今天被小孩叮到了，你能承擔得起嗎？如果要前往這個地方，請三思！,1,1,-1,3844,,2022/05/07,0,負向
不建議去那個營區，因為那裡有虎頭蜂，而且營區的管理者處理這個問題的態度非常消極，甚至推卸責任，還說是我們在噴香水吸引蜜蜂。這些蜜蜂來了三天都是因為我們營地上有一棵樹的花蜜特別吸引牠們，它們日夜不停地在採蜜。因此，在選擇去哪裡露營前，一定要三思，別花了錢卻找來麻煩。,1,1,-1,3845,,2022/05/07,0,負向
車子的聲音實在太吵了！早上5點就被吵醒了，根本無法再睡覺，而且衛浴設施太少，要排隊。不過好在旅館老闆人很好，很親切！,2,1,-1,3979,,2023/09/08,0,負向
在靠近水庫附近的羅馬公路，晚上車聲非常大，以至於難以入睡。除了B區以外，其他小營位的位置都相當狹小，彼此之間距離過於接近。建議營地管理者將CD區劃分為ㄧ區，這樣會比較合適。另外，衛浴設施並不多，所以需要洗澡的人要儘早安排時間。,2,1,-1,3984,,2023/05/08,0,負向
我的位置被臨時調換了，但是面臨一些問題：1.地板上長了很多雜草；2.廁所多人同時使用會沒有熱水；3.四周環境昏暗，半夜上廁所不方便；4.總是會有跳電的情況發生⋯⋯,1,1,-1,4048,,2021/05/08,0,負向
環境很好；由於在複育螢火蟲時不使用殺蟲劑，所以小黑蚊比較多。,2,1,-1,4097,,2018/05/08,0,負向
這裡的廁所和浴室保持得相當乾淨，但因為使用的是山泉水，所以水色稍微偏黃且稍有混濁。此外，這裡沒有提供飲用水，需要自行添購。場地上有許多螞蟻和蜘蛛，請留心避免碰觸。露營區的樹木間距較窄，因此停車進出較為困難。不過，晚上聽著河水聲入睡的感覺相當愜意。,2,1,-1,4176,,2024/04/07,0,負向
這個地方除了宮廷帳還算可以，沒有飲水機，熱水時冷時熱，冬天不夠溫暖，總體來說環境還算不錯。,2,1,-1,4179,,2024/03/07,0,負向
只有一個地方有廁所浴室，其他地方都需要走一段距離才能到達，而且好幾個浴室溫度時冷時熱，讓人受不了。整個29帳篷營地只有一個冰箱，而且晚到的冰箱還沒冰，位置也在廁所附近。如果喜歡散步的人可以來，保證讓你走得很開心。另外，營地主人嚴格禁止外車和訪客進入，即使忘記帶東西，朋友送進來後馬上離開也不行。只能在門口當面交接，不論你的東西有多大重。最後一點是他們沒有飲水機，記得要帶足夠的水喔…,2,1,-1,4181,,2024/01/07,0,負向
這個營區的環境並不太理想，有很多不方便的地方，例如小黑蚊很多、營位沒有洗碗檯、廁所距離遠且環境潮濕、水壓小且熱水不穩，垃圾處理也較麻煩、晚上照明設施不足，整體感覺與照片上的美景差異很大。,2,1,-1,4182,,2024/01/07,0,負向
基本上，我們可以接受使用者的付費。我們很欣賞營主，對金錢看得輕松。有些網頁上沒有提到的資訊，我們在討論後是不收費的。這兩天來了好幾次，發現收費的態度並不友善，也有些含糊處理質疑問題，是否可以請另一位解釋？雖然雨棚設施很棒，但遇到下雨時雨水卻會流到雨棚內？整體設施和場地規劃不是很完善。而最令人印象深刻的是，廁所和浴室都維持得相對乾淨。道路設計也有些不盡人意，所以只給兩顆星評分，主要是因為廁所環境和客人素質都不錯。,2,1,-1,4183,,2024/01/07,0,負向
雨棚區石子鋪的厚度不夠，下大雨時容易積水淹到爆⋯⋯從人頭到車輛，再到帳篷的數量計算，確實是計算得很精確…,1,1,-1,4188,,2023/07/07,0,負向
營主是精算師，屋簷漏水，下雨更可怕，低窪的地方容易淹水...,1,1,-1,4189,,2023/07/07,0,負向
環境不佳，而且男老闆的態度惡劣。,1,1,-1,4200,,2023/05/07,0,負向
這位男老闆的服務態度常常不佳，經常干擾遊客。,1,1,-1,4201,,2023/05/07,0,負向
很抱歉，因為下大雨，到處都變得泥濘了。 居然還要額外收取兩個小帳篷的費用，共$1200。對我們來說，完全沒有人情味。 洗手間也不方便，裡面還沒有加裝防滑設施。 我們家人甚至有人在那滑倒，被平底鍋燙傷。 可以說，這個露營地明顯以營利為主，缺乏人情味。 他們也沒有關心我們的處境，讓我們非常不滿意。 很遺憾，這次露營經驗讓人印象深刻。,1,1,-1,4203,,2023/05/07,0,負向
這段句子的意思是在露營區經歷了許多不好的情況，包括熱水不足、電壓不穩、環境髒亂、蚊蟲過多、蟑螂、植物長得太高、收費高昂、設施老舊等等。整體來說，露營環境並不理想，並且詢問服務人員時也受到不友善的態度。,1,1,-1,4204,,2023/05/07,0,負向
在端午節當天去湖區包場，卻發現露營車無法進入，當時下著磅礡大雨，路程遙遠，心情受影響而返回。老闆的服務態度惡劣，推卸責任，這個營區實在不太友善。目前還不確定是否能退費。,1,1,-1,4205,,2023/05/07,0,負向
營地的排水設施很糟糕，還沒有提供地墊，整個內帳都濕透又積水，根本無法入睡，只好收拾行李回家，這營區真的讓人失望。,1,1,-1,4212,,2022/05/07,0,負向
中央的大池子已經圍起來了，所以周圍有許多青蛙，晚上會舉辦派對，聲音相當壯觀，記得帶上耳塞。上游的小溪水聲潺潺欲滴，但四周有許多蜘蛛網及蚊蟲，若要下去玩水看來需謹慎考慮。此外，小黑蚊和大黑蚊的排班應該已經協調過了，前者大約在上午11點開始工作，後者則是在黃昏前開始出來尋找食物，因此三瓶防蚊液很快就會用完。在外面露營需要與大自然相處，做好充分的準備才能玩得開心。,1,1,-1,4214,,2022/05/07,0,負向
建議在營區廁所前面的大水溝周圍設置一個圍欄，因為晚上沒有路燈，上廁所的過程可能比較危險。我擔心孩子晚上去廁所時可能不小心掉進水溝，所以這次我不敢讓他們自己去廁所了。安全是最重要的考量，其他方面都還好，希望下次能改進。,1,1,-1,4215,,2022/05/07,0,負向
這個露營地距離新店碧潭很近，開車約10分鐘即可到達。這裡是城市露營型的營地，優點是不會聽到汽車的喧囂聲。原本是一個婚宴拍攝地點，設計並不完全針對露營，例如帳篷區沒有洗手台，垃圾桶只能統一在廁所使用，而廁所只有一處。總共約有30個露營帳篷，共用衛浴設施，可能會需要等待排隊。部分較遠的帳篷區需要走一段路才能到達洗手間，稍嫌不方便。洗澡建議早點洗，因為晚一點就沒熱水了。總體而言，設施稍嫌老舊，並且費用略高。進入露營地可欣賞湖景，晚上還能看到螢火蟲，但較不適合小小孩前來。,2,1,-1,4216,,2021/05/07,0,負向
這個地方的服務態度不佳，繳費時倒是很積極。網路訊號很差，設施破舊，蚊子超級多，場地很小！營位和洗手檯沒有燈光，洗手檯總是堵塞，洗澡的熱水不穩定！營位的規劃相當隨便，雜草遍地，指示牌不清楚，位置也不易找。再見不見，永遠不想再來！,1,1,-1,4218,,2021/05/07,0,負向
在這裡有許多小黑蚊，如果你不怕小黑蚊的話可以來（這是自然界提供的參考）。這個營區和隔壁區的帳篷緊緊相連，一排接一排！這裡沒有網路、漂亮的設施，只有殘破的設施可以拍照，其他的我懶得拍了。沒有鋼琴，也不好意思靠近教堂，因為有露客在附近，確實有點不好看～～～和網路上的美照相差很遠⋯⋯⋯劃分的區域安排確實不太好，太密集了。露營和訪客的價格自行參考，兩帳包區價格是2200，夜衝是600，提供給大家參考囉。這次本人只有這樣了～～～～,1,1,-1,4219,,2021/05/07,0,負向
優點就是因為有遮雨棚這點。但是，下雨時遮雨棚到處滴水，遮雨棚下也是到處積水，別人的營地是水泥地加高，我們的營地是泥巴地鋪碎石子，鋪得太薄加上地面低窪。可以想像我們當時的處境是怎樣的。後來因為下雨有一加帳的朋友就不搭帳，想說擠一擠湊和著睡，跟老闆講情況。老闆竟回我們說：「你們人太多，車太多，一個棚區2400元能搭兩帳，加一帳多一千元，兩帳停兩台車。我們三台車兩台摩托車一帳睡5個人，兩帳10個人，多一台汽車兩台機車，人數也才10人，這樣收費一千元。」我只能說真敢講，真敢收。這篇文章純屬當時情況陳述及感受，看到的露友請自行斟酌要不要前往，我絕對不會再去了。,1,1,-1,4222,,2021/05/07,0,負向
這個遮雨棚的包區，實際上空間很小，且距離旁邊的人非常近。半夜沒有管理，旁邊的人一直玩狼人殺，直到凌晨兩點。隔天垃圾桶也沒人清理，實在令人不滿。如果不能評論的話，我真的不想給一顆星。,1,1,-1,4224,,2021/05/07,0,負向
這個露營區的營位費用很貴，每帳要付1250元，營主態度也不好。我預訂了兩帳的雨棚營位，但實際上只有400*600的空間，放不下兩個帳篷。訪客收費也很高，每人要付150元，就算是小學生身高超出標準也要繳納同樣費用。此外，停車費用為100元，並要求在指定時間離開。總之，這個露營區非常不推薦。,1,1,-1,4225,,2021/05/07,0,負向
拒絕接受大型犬，只是謙虛地表明自己是新手，詢問是否可以參觀場地。店家拒絕是他們的權利，但是提醒您先自行了解一下，顯示這個地方可能沒有一般風評那麼好。儘管離家很近，也不再考慮了。,1,1,-1,4280,,2018/05/07,0,負向
糟透了，我們預定露營地後收到中央氣象局發布的大雨特報，想改期卻無法更改。由於我們隨行有小孩，露營地主將責任推給了露營樂訂位中心，強迫扣除60%的費用，並沒有給予發票。更扯的是，除了扣除 60%的費用外，還需另外支付30元的處理費。這些商人沒有同情心，只想賺錢，非常不值得推薦的雷區，真是糟透又扯。,1,1,-1,4288,,2018/05/07,0,負向
7月18日下午3點，大門沒有開，並且旁邊的標誌上寫著需要先預約，讓我感到很失望，只好返回家中。,1,1,-1,4291,,2018/05/07,0,負向
環境好，但是有很多惱人的小黑蚊，雨天也無法拖延，帳篷也滿滿的。,2,1,-1,4295,,2018/05/07,0,負向
沒人接電話，到了才發現園子關閉了！,1,1,-1,4307,,2016/05/07,0,負向
門票無法抵扣消費，東西價格昂貴，麵線一碗加個煎蛋要 220 元，十分精瘦啊！廁所男女混用，且環境昏暗隔音不佳，還不如去土雞城享用晚餐呢。,1,1,-1,4309,,2015/05/07,0,負向
請大家注意，每人進入園區需支付100元的入場費，並且還需要消費額外的180元！在許多餐廳中都沒有遇到過這樣的規定！這等於隱藏額外費用，請大家在前往之前要好好考慮。,1,1,-1,4310,,2015/05/07,0,負向
這個露營區真的很糟糕，遇到了很多問題：1. 洗澡時沒有熱水，小孩泡沫等了快一個小時；2. 恐怕6個帳篷共用一條電路，電壓不穩連燈都無法亮，打氣機罷工；3. 環境髒亂，小黑蚊超多，用了防蚊液還要蚊香，每人最少需要20包；4. 浴室和帳篷區看到兩隻大蟑螂在飛；5. 草地長得太高，石階長滿青苔，大人不小心滑倒；6. 收費不合理，一人250元且幼兒以下也需要收費；7. 拍照景點與實際不符。,1,1,-1,4338,,2022/06/08,0,負向
這個露營區狀況真的很糟糕：洗澡時熱水突然沒了，水壓又小又不穩，還有很多小黑蚊；電壓問題嚴重，六個營位共用一個迴路，連15米長的LED燈都不亮，打氣機也罷工；環境很髒亂，生態池無人管理，蟑螂又多，浴室和帳篷區還看到大蟑螂在飛；草地長得很亂，石階都長滿青苔，大家都不敢走；而且收費不合理，幼兒以下不收費的標準也不符合。總之，這個露營區真的不建議去。,1,1,-1,4339,,2022/06/08,0,負向
這個營地環境越來越冷清了。如果帳篷內人數超過限制，他們會嚴格收取額外的費用，包括人頭費和停車費。浴廁設施還算可以，但由於水池的存在，小黑蚊相當多。總的來說，這裡的情況......沒什麼好說的。,2,1,-1,4349,,2022/01/05,0,負向
這張照片真的很迷人，但自己親自去看就會知道實際情況了。營區的照片拍得很美，不過在設施方面，僅能從遠處觀望和眺望，感受可能會更好。,2,1,-1,4357,,2021/04/26,0,負向
"草地上有積水,可能是排水系統不良。",2,1,-1,4358,,2021/03/05,0,負向
營區的費用和環境。由於是連假的關係，擔心會塞車，所以選擇北部的營區。但到了營區後發現沒有設施，還有很多小黑蚊，連防蚊噴霧都沒什麼用。,2,1,-1,4381,,2020/03/25,0,負向
這次露營經歷遇到了不少問題，因此我不太想再來這裡了，也不太推薦給其他朋友。首先是營區不允許朋友探營，而探營的費用很貴，而且在訂位時沒有提前告知這項規定。我們有四位朋友前來探營，卻被要求支付了900元。其次是洗澡時水溫時冷時熱，更糟糕的是洗到一半時水突然停了，必須打電話給營區管理員才肯重新開啟供水。最後是廁所的衛生紙供應很少，導致大家在廁所裡相互借用。,2,1,-1,4434,,2018/05/27,0,負向
這個地方的服務態度不好，我以後不會再來了。服務態度不好，一個人的行為影響整個團隊。,1,1,-1,4437,,2018/05/20,0,負向
翻譯成：照片和實際有很大的落差。洗手台不夠多，插座距離太遠，而且草地下雨後容易變得泥濘，排水系統很糟糕。,2,1,-1,4643,,2016/12/01,0,負向
收了錢之後不能做任何事都不管，晚上沒熱水沒人處理，天氣這麼冷只有冷水，真的不推薦。,1,1,-1,4704,,2021/05/07,0,負向
在竹雞區訂房，景色一般，最令人困擾的是，許多人在吸菸。另外，營區上的年輕人在凌晨一點仍吵鬧不止，毫不尊重他人，彷彿沒有人管束。這種情況實在令人不愉快。,2,1,-1,4908,,2021/05/08,0,負向
這個季節蒼蠅真的很多，下午又遇到突然停電，冰箱離得又很遠，晚上中華電信基地台擁擠，無法通話。,1,1,-1,4946,,2019/05/08,0,負向
當天進入的露營區是竹雞區，露營原本是一個很輕鬆和放鬆的活動，但當天被一群年輕人搞得很煩。這些年輕人從晚上開始喝酒，不停地大聲罵髒話，一直吵到半夜3到4點都不睡覺。我們的營地剛好在他們對面，吵得讓我們老少無法入眠，只能等到他們不吵才能勉強小睡一會兒。當天有向營主反映，只是透過電話告訴他晚上要安靜一點，但誰在喝醉了會記得這些呢？依然吵得很厲害，所以我們在這個露營區的感覺很糟糕，不會再去了。,2,1,-1,4977,,2021/06/02,0,負向
經營者一直注視著並對許多事情實行嚴格的限制，並且態度和口氣也都很差，我們出來露營是為了放鬆、而不是被氣的，非常不推薦。,1,1,-1,5224,,2024/03/08,0,負向
營主態度惡劣，對待小孩和老太太都沒耐心，甚至因小孩打到車子就大聲責罵。晚間又因年輕人亂丟垃圾抱怨，讓露營者感到極度不愉快。更讓人無法容忍的是，營主公開表示討厭寵物，完全不歡迎有寵物的露營者。,1,1,-1,5225,,2024/03/08,0,負向
這位員工的服務態度很差，口氣像在跟人吵架一樣。,1,1,-1,5226,,2024/03/08,0,負向
參加的是露營活動，營區整體環境維持得很好，草坪舒適，廁所乾淨有提供衛生紙。原本說會在溫度許可下開放泳池，但前一天因早晚溫差大取消開放，但實際上星期六非常炎熱⋯所以泳池沒有使用到，不過沒關係，營區應該是為大家健康考量，隔天12:30就要離開，或許這是營區的規定，但有些露友還是感到意外。露營本來就是放鬆活動，之前經驗都是下午2點前離開，以後可能不會再去了，營區很多⋯另外，提供的腳踏車狀況破舊，騎車地方窄小，小孩撞車受傷⋯極危險。營位多可達50幾個，共用一個衛浴設施，熱水只到晚上12點供應，媽媽帶小孩使用的女生衛浴常常排隊等洗澡，白天完全沒熱水。建議習慣前一天收拾或輕裝備的露友適合這營區，習慣在營區吃午餐才離開或起得晚晒帳篷去露水的露友可能要考慮囉！,2,1,-1,5235,,2023/11/08,0,負向
電力波動頻繁，蚊蟲成群，廁所距離遙遠。,1,1,-1,5236,,2023/06/08,0,負向
女生淋浴間只有5間，廁所離得很遠，熱水供應到12點。結果我和朋友11點多去洗澡時，已經只剩下冷水了。因為是柴燒熱水器，水溫無法穩定，有可能轉到最冷的地方，卻還是會感覺很燙。女生只有一台吹風機可以使用。營地的區域空間相對較小，帳篷之間的距離也相當近。雖然規定上沒有禁止打麻將，但卻告知我們這會影響小孩的觀感，要求我們收起帳篷圍布。飲水機只有一台，有時候水量不夠。總體經驗完全不值得推薦。,1,1,-1,5243,,2023/05/08,0,負向
浴室人少幾間需排隊，冰箱只有一台塞滿了，要小心小黑蚊。,2,1,-1,5258,,2022/05/08,0,負向
"1、燒木頭取熱水，冷熱分明，洗澡很困難。  
2、規定小孩在玩沙時不能讓沙子掉出去，並有人在旁看守。如果擔心被玩弄，那就不要開放。  
3、下著大雨搭帳篷已經很凌亂，還多出了東西、西邊的規定。  
4、規定要分類，每桶1個到2個，停車卸裝備一直趕，護草墊因應雨水不能使用太過。  
5、洗澡時有人提醒不要用太多水。  
6、車子必須進入停車場（可以接受）。  
7、即使天氣好也不讓水進入游泳池，寧可用來清洗護草墊⋯感覺真的很差，保持清潔是好事，但太過頭了，不如干脆不要開放！",1,1,-1,5260,,2022/05/08,0,負向
"1. 若沒有提供廚餘桶，沒關係。廚餘可以放在其他垃圾桶。
2. 下雨了，場地泥濘，孩子踩到泥巴，要小心了。最好調整水壩大小，提醒孩子不要亂踩。
3. 沙坑有專人看守，不熟悉的孩子玩沙時沙子灑到邊緣，應及時提醒他們往中間玩。也要防止小孩受傷。
4. 腳踏車放在籃球場內，可能會造成危險。應該要注意讓小孩遠離大孩子在打籃球時。
5. 雖然提供老舊腳踏車，但沒有專用車道，與汽車共用，很危險。
6. 護草墊在泳池裡清洗是不對的。浴室水壓不穩，廁所和浴室共用，不太方便。這是一個嚴格的營地，有興趣可以去體驗看看，但太熱鬧的營友最好別嘗試。",2,1,-1,5261,,2022/05/08,0,負向
今晚的露營經歷真的很糟糕，因為低溫只有12度，而且還跳電了，暖爐和電熱毯都無法使用，我真的擔心今晚會被凍死。,1,1,-1,5267,,2022/05/08,0,負向
全營區有200多位成人和小孩需要在晚上12點前洗澡，如果沒有趕及洗完就將水關掉，確實有點不方便。飲水機僅有一台，使用大桶裝水時會造成缺水的問題。你問如果我使用大桶裝水給10個人喝，與讓10個人自己裝水有何不同，這是在提醒大家應該節約用水。明明有這麼多人，為什麼只有一台飲水機呢？營區可能需要考慮增加設備以提供更好的服務。傍晚沙坑不開放讓人搞不懂用意為何。整體來說，營位左右擁擠，但前方還算可以。,1,1,-1,5278,,2021/05/08,0,負向
民宿的空間規劃可以再加強，因為鐵皮屋旁邊的空地，吸引了所有的小孩前去玩耍，造成住在民宿裡的人缺乏休息的地方。我建議應該改進這個問題。,1,1,-1,5289,,2021/05/08,0,負向
從很久以前開始沒有露營洗澡洗到發瘋了，只好感嘆幸好今天不是極端寒冷的天氣下露營。對於小黑蚊還可以忍受，但是這水溫實在是叫人難以接受。,2,1,-1,5300,,2020/05/08,0,負向
建議改善營區草皮整理及排水，避免雨天積水影響露營品質。營主nice，廁所乾淨，視野開闊，但需注意營區設施維護。,2,1,-1,5436,,2023/11/08,0,負向
這次露營營地的草超長，地面不平並且蚊子很多，各種昆蟲都在那裡，甚至還有蟑螂。整體露營體驗不太理想，唯一的優點可能是廁所和衛浴間比較乾淨吧。,2,1,-1,5438,,2023/08/08,0,負向
這段話的意思是：草地雖然長得很高，有一些蚊子和蟻巢，蟑螂也很多，若碰到大雨的話，營地容易淹水、帳篷也會滲水。他們聲稱沒有排水裝置，但地面會自然吸水，排水管因螞蟻阻塞無法運作。飲水機突然壞了，要到營地的雜貨店購買水，讓人感到被欺騙。冰箱離營地很遠，地面不平壓毀了草坪墊，並要求每天收1200元，完全不符價值。僅有來打工的兩個年輕人友善，廁所雖然乾淨但容易堵塞。,1,1,-1,5439,,2023/07/08,0,負向
營區唯一的優點是廁所很乾淨，但草地不平且坑坑巴巴，睡覺時腰痠背痛，有點可惜營區沒有風景可以看。,2,1,-1,5448,,2023/05/08,0,負向
需要至少一顆星的評分才能發布，但其實我想選零顆星。場地費貴不說，連水槽都不乾淨，需要自己刷洗。插座也應該良好，而且修繕要花2至3個月的時間，這個問題應該由營區自己解決。其實營區的高度並不是主要問題，這樣的回答有點難以接受。如果草地維護不善，建議休園！草皮泥濘又破損嚴重，停車問題更是很糟糕！這些都應該在營運時考量的事情！,1,1,-1,5453,,2023/05/08,0,負向
露營本該是一次愉快的經歷，但是營區沒有停車位讓我的車子受創，水槽的水管也脫落了，讓我對此地失望透頂。,1,1,-1,5454,,2023/05/08,0,負向
營區竟然沒有停車位，要我們自己找，水槽水管漏水，向營主反應後，被告知需與其他人共用，這種營區管理方式真的讓我很驚訝！,1,1,-1,5455,,2023/05/08,0,負向
設施設備不足，停車位有限，水槽無法使用需共用，電插座只有一邊可用，真的是非常糟糕！,1,1,-1,5456,,2023/05/08,0,負向
衛生環境不佳、虎頭蜂纏擾、蚊蟲猖獗，游泳池未添加水，早上10:30已經收帳但受到催促，整體體驗非常糟糕。,1,1,-1,5458,,2023/05/08,0,負向
希望草地不要太長。雖然只有一位工作人員，雖然情況有點可憐，但我們去露營是為了開心的假期，所以服務水準也無所謂。,1,1,-1,5461,,2023/05/08,0,負向
整個體驗不太理想，廁所有很重的尿味，淋浴間沒有打掃過，冰箱竟然在我們到達後才開，還有兒童戲水池已經髒到看不見底，還有很多小黑蚊⋯,1,1,-1,5462,,2023/05/08,0,負向
廁所需要清潔一下，草地長得像小樹一樣，冰箱發霉沒整理過，溪水池看起來像個生態池，整體情況很糟糕。,1,1,-1,5463,,2023/05/08,0,負向
從週六中午到週日接近中午，廁所一直沒有進行清潔，也沒有補充衛生紙。,1,1,-1,5464,,2023/05/08,0,負向
我收到過多帳單，帳單之間太接近了，晚上鄰居吵得我無法休息，只給了一顆星，好處是環境乾淨，房東也很親切，但應該不會再來了。,1,1,-1,5471,,2022/05/08,0,負向
營地的植被稀少，排水不良導致土壤鬆軟，大風一來就把營釘連根拔起，再加上沒有擺放棧板，地面滿是泥巴，整個情況都很慘！只給一顆星是因為打赤膊的帥哥服務還不錯。,1,1,-1,5472,,2022/05/08,0,負向
營區營主沒有制止酒醉客人的噪音，導致他們狂歡到清晨四點！我們無法阻止酒後客人，但營區電話也沒有接，連過了午夜12點也沒有出來制止，嚴重影響其他客人休息時間。營區明確規定禁止卡拉OK，卻讓人一直唱到凌晨，引來了警察來勸導，客人是否繼續大聲喧嘩。綜上所述，這個營地不值得推薦。,1,1,-1,5476,,2022/05/08,0,負向
這個營區的風景很漂亮，營主非常熱心。不過營區的清潔環境需要更加努力，尤其是洗水槽和冰箱。這次入住貨櫃露營屋後發現室內拖鞋都濕了。詢問打掃阿姨，她說有用酒精消毒水噴灑，但可能噴得太濕了。讓我們感到困惑的是，在浴室洗澡時水龍頭多次被停水，有一次還停了2-3分鐘之久。在這樣的天氣裡被停水實在令人為難，小孩和大人都感到非常不方便，真的很冷。,2,1,-1,5482,,2022/05/08,0,負向
這個房間和網友評價的不太一樣，小朋友在收納滿的時候就沒有太多活動空間，但其他的公共設施還可以。,2,1,-1,5491,,2021/05/08,0,負向
帳與帳之間距離太近，會受到干擾，洗碗台太矮，只到膝蓋高度170公分，需要張開雙腿才能洗碗!!!B區和C區共用廁所，人多時廁所變得非常髒亂，且沒有固定清潔時間，必須特別通知才會處理。深夜時沒有管理其他露營者的音量，持續兩晚都聽到隔壁帳篷大聲唱歌聊天到清晨五、六點，多次向營地管理反應都沒有改善。整晚不停聊天唱歌，從午夜12點到早上6點連續不斷，沒有限制其他客人，對整體品質造成負面影響，感受相當糟糕，無法再考慮再前往。,1,1,-1,5497,,2021/05/08,0,負向
飲水機離冰箱很遠，營位太近而吵雜，停車位置也太遠不方便。,2,1,-1,5498,,2021/05/08,0,負向
環境設備不錯！只是營主的約束力不夠！讓其他客人隨意吵鬧，一直持續到凌晨，影響大家的休息時間。,1,1,-1,5515,,2020/05/08,0,負向
營區的硬體設備不錯，廁所和衛浴設備也很乾淨。不過營區裡有三隻大狗狗一直在我們帳篷周圍轉來轉去，從晚餐一直到半夜都讓我們很困擾⋯甚至在我們想要入睡的時候還在旁邊嬉鬧，讓我們睡得不太好。雖然我們並不討厭狗狗，但牠們不斷繞來繞去，尤其是在我們在煮飯的時候，確實讓我們感到困擾。除了狗狗的問題外，其他方面都還不錯，真的。,2,1,-1,5520,,2020/05/08,0,負向
環境雖然不賴，但小黑蚊很多，野狗半夜會翻垃圾筒，一直在帳篷外走來走去，讓我難以入眠。,2,1,-1,5521,,2020/05/08,0,負向
這個地方雖然很熱鬧，但可能不太適合想要安靜的人。營地管理要求客人不踩草坪，可能是想保護環境吧。如果對高價位和沒有美景不是很滿意的話，這個地方可能不太適合你。不過，我聽說附近有很多螢火蟲，可以給人一些心靈上的療癒。,2,1,-1,5534,,2019/05/08,0,負向
這個地方很適合露營呢，風景很漂亮。,2,1,-1,5535,,2019/05/08,0,負向
各個營位之間的距離太近了，導致營區過於擁擠，夜晚時鄰居聊天一直到凌晨1、2點，很吵人。,2,1,-1,5538,,2018/05/08,0,負向
兔子最好不要養在室外，飲食也很重要。如果要開始利用動物賺錢，應該好好學習有關兔子的知識。告訴店家，兔子主食應該是無限量的提摩西草和煮過的飲用水，再加上適量的飼料。兔子適宜生活在17到25度的環境中，要避免潮濕和淋雨，否則可能導致脫毛或者皮膚疾病。在高溫環境下，兔子可能會中暑。我曾經救助過一隻因夏天在室內沒有冷氣而肝功能異常的兔子。我也很注意讓我的兔子在家裡適當使用冷氣，並分享這些知識給店家。希望能夠同時照顧動物和環境。,1,1,-1,5737,,2022/05/08,0,負向
風景很美，但環境和人員素質還有待提升。,1,1,-1,5799,,2019/05/08,0,負向
五星級飯店裡有很多蚊子和蒼蠅，不管是早上或下午，甚至房東也說有賣蒼蠅貼片。,1,1,-1,5807,,2019/05/08,0,負向
主辦會讓鳥兒飛放，請勿貼雷。,1,1,-1,5813,,2019/05/08,0,負向
設施價格實惠，景觀一般般。,2,1,-1,6069,,2023/12/08,0,負向
一開始說可以在這個區域搭帳，但在大熱天搭好帳之後又說這個區域不能搭帳，只能停車。又得再移一次車，真的很令人失望，而且路況不佳。底盤居然碰到了。,1,1,-1,6073,,2023/07/08,0,負向
洗澡的時候水溫難以調節，並且沒有提供飲水設備。,2,1,-1,6076,,2023/05/08,0,負向
菠蘿蜜區的熱水在頭剛洗完就沒有了！該區與其他區共用2間廁所和衛浴間（其中包含蹲式和坐式廁所）。另外，車輛無法進入營區，設備需要由營區負責人用牛車運載。,2,1,-1,6079,,2023/05/08,0,負向
房間整理得很亂，有跳蚤出沒，讓皮膚癢。我們忘記帶食材，傍晚打電話詢問，被誤會不需要了。工讀生打掃房間，把東西帶走。下次要確認租戶是否遺忘物品，處理方式令人不滿。這也是我們的疏忽，不能怪他人。,2,1,-1,6090,,2023/05/08,0,負向
環境宜人，營區主人很熱心。我們在五人帳篷區住了兩晚，但只有一間浴室可以洗澡，所以洗澡時需要排隊很久。考慮到我們五人帳篷區只有8個人，已經覺得人數較少，假如正常情況下這個區域要容納10-15人的話，大家要洗到何時才能洗完呢？,2,1,-1,6099,,2022/05/08,0,負向
根據這次參加露營的11個人的共同感受，他們最初是根據網路上的評論預定的，然而事實與期待大不相同。首先，在付了訂金後，詢問問題卻沒有得到回覆；其次，入住時未見到所謂的老闆老闆娘，因此沒有感受到評論所說的親切。另外，兩間盥洗室供至少6組露友使用，但只有在收款時才有人出現，且缺乏衛生紙；此外，若不是在晚上6點或11點洗澡，就必須排隊，造成不便。最後，流理台未提供肥皂或洗碗精，盥洗室也沒有沐浴用品。,1,1,-1,6137,,2019/05/08,0,負向
這句話的意思是有商家為了接受包場的夜場訂單，要求已經預訂的客人取消訂位並改訂其他日期。這種做法可能讓人感到不滿，因為失信於客戶會影響生意。,1,1,-1,6320,,2023/06/09,0,負向
所有的房客都很安靜，只有星期日早上來訪的朋友和房東開始在前面聊天，從早上6點多一直聊到快8點。這樣讓人有點難以入眠，尤其是如果要做生意的時候，這一點真的需要注意。不過除此之外，其他方面還算不錯。,1,1,-1,6328,,2023/05/09,0,負向
這個露營區是由非原住民經營，在確認訂單後被管理員修改而多收了錢。環境也不夠放鬆，總有被營區主人監視的感覺。也許應該考慮關閉這個露營區，讓原住民經營會比較好。,1,1,-1,6580,,2023/09/09,0,負向
這個營區冬天時不能使用高功率電器，卻經常跳電，使營主生氣並開始大罵，有時還有煙味（營主抽菸），如果帶著小孩來又是冬天的話，我完全不建議來這個營區。唯一的優點就是廁所很乾淨。,1,1,-1,6593,,2023/05/09,0,負向
冬天不太適合造訪這個露營區，因為無法使用低功率電暖器，會導致跳電。此外，需要注意營地管理者可能會責怪說不適合怕冷的人來露營，並且營區工作人員有可能會非常粗魯地對待你。,1,1,-1,6594,,2023/05/09,0,負向
營地的廁所清潔非常好！來山上露營是為了放鬆心情、吸收芬多精，但營地主人卻在帳篷旁頻繁抽菸！如果有計畫帶孩子來露營的話，擔心他們吸到二手菸或三手菸的話，不建議來這裡！對於營地主人創造的二手菸環境，我只能給予一顆星的評價。,1,1,-1,6597,,2023/05/09,0,負向
營區環境整潔，總體來說還不錯。洗澡水溫熱，但電力供應不足，凌晨會停電。請事先告知如無法提供足夠電力，請勿隨意責怪露營者。另外，營區內有卡拉OK設備，歡迎使用，但也請注意使用方式，露營者可能會在上面放椅子。,1,1,-1,6614,,2022/05/09,0,負向
露營地和浴室的環境很好，但除了營主本人外，其他女性工作人員的態度極差！非常不好！完全不友善！聽到很多營友問問題時，有一位女性工作人員的態度非常惡劣！回答的口氣很不耐煩！我不會再去那裡了…,1,1,-1,6617,,2022/05/09,0,負向
環境整潔，熱水只提供至晚上十點，旁邊洗手臺的燈也只開到十點，營地主人夫婦給人的印象似乎不太友善⋯⋯⋯⋯,2,1,-1,6625,,2022/05/09,0,負向
入住日期是11月7日，我們期待已久地帶著老婆和小孩來馬胎227露營地度過人生中的第一次露營經驗。我們選擇了廣場區，初次到來時感覺整個環境非常幽靜且乾淨。晚餐後，小孩跟著隔壁營區的熱情家長一起開心地參加夜間探險活動。可惜遇到了雨，但也算是體驗到了露營的趣味。直到入夜後準備睡覺時，一群晚到的客人持續大聲喧笑、唱歌，深夜2-3點的山區變得格外吵鬧。雖然營主沒有出面制止，出於安全考量，我也一直未能前去投訴，直到凌晨3點半左右，友人氣憤地提醒後，才有所改善。因為下雨而難以入眠，我心情受到很大影響，清晨趕緊收拾行李準備下山。就在這時，營主前來打招呼並幫忙移車，竟然主動提及昨晚客人的吵鬧行為，表示這些客人是熟客，因此沒有制止。當我質問為什麼不制止時，營主笑著回答說客人有喝酒，所以才會喧鬧，他也無能為力。唉，雖然在預訂網站上有5星評價，但無奈營主偏袒熟客，對於其他客人卻顯得不夠友善。,2,1,-1,6640,,2021/05/09,0,負向
營區非常擁擠，收費過高，活動場地極為有限，且酒客眾多且喧囂，不太適合親子活動。,1,1,-1,6655,,2021/05/09,0,負向
完全超過容量，擠得亂七八糟，無法開口。,1,1,-1,6659,,2021/05/09,0,負向
只有中華電信有訊號，其他家都沒有，不過營地有WIFI。首先要告訴大家，開去馬胎227營地的路上，需要慢慢開，因為道路彎曲看不到來車，有點危險。快到營地之前的道路因為在整修，所以非常凹凸不平，有很多大大小石頭，可能會刮傷車子的底盤。開休旅車倒是沒什麼問題，一般轎車還請小心。我們這次入住營主家前的廣場區，場地小，放了5帳，帳帳相連，孩子沒有活動空間，感覺營主收費過高。環境有蟑螂，非常多的蒼蠅（目前第五露，是最多蒼蠅的營地）。可能因為海拔750公尺的關係，沒有小黑蚊。廣場區不遠處約1分鐘路程就有廁所，廁所很乾淨，旁邊有小溪，可以抓溪蝦，水不深，適合小朋友玩水。另外，營主養的雞到處跑，沒有關籠子，凌晨3點就開始咕咕叫，很吵，早上還會到營地來。如果以上的狀況您可以接受的話再去試試看吧，我是不會再去了。,2,1,-1,6660,,2021/05/09,0,負向
前往目的地的一公里路面狀況糟糕，地盤被磨損多次，營地很小，甚至沒有草地給小朋友玩。到達營地後，下到營地的地方崎嶇不平，車子無法開下去，只好在別處停車步行前往營地。,1,1,-1,6661,,2021/05/09,0,負向
營地的空間已經有限，還接待了太多客人，老闆飼養的雞整晚不停叫，根本無法入眠。,1,1,-1,6664,,2020/05/09,0,負向
這個營區雖然地方不大並沒有太多景致可欣賞，但有溪水和兒童滑梯，滑梯設施水準甚至比公園還好，唯獨沒有沙坑。廁所浴室保持乾淨，只是地面有些潮濕。總體而言，只有B區適合設置帳篷露營。在這個營區放養了幾隻雞，它們自由走動並總是「咕咕」叫個不停，有點吵。相較之下，這裡的雞比起被關籠裡的狗更幸福。清早時分真是一陣雞叫狗嚎，持續不斷......不過，大自然中的蟲鳴鳥語還是有的。總結來說，這裡似乎並不是一個理想的選擇！,2,1,-1,6668,,2020/05/09,0,負向
營地可能會多收費用，營位稍微狹小，停車空間有點不夠。,1,1,-1,6676,,2019/05/09,0,負向
這家營地的所有家人態度都不友善，還隨意讓家裡的狗在隨處大小便。,2,1,-1,6693,,2023/03/07,0,負向
沒有使用高功率的電器，卻一直經常跳電，對方還說天氣冷就不要出來露營，且罵人髒話，有點過分了。他有使用第六代功率380W的黑設備。,2,1,-1,6697,,2022/12/13,0,負向
B2區有很多蟑螂，有時還能聞到狗屎的味道。,2,1,-1,6728,,2020/08/21,0,負向
營地的管理較為疏忽，廁所環境髒亂，垃圾不被清理。洗澡設備不好，瓦斯供應不穩定，需等待熱水。晚上入浴需等待和擁擠。帳篷之間牆壁薄，能聽到隔壁人的談話清晰。營地主人不願協助問題解決，需等待長達2小時以上。綜合來說，這次經驗令人失望，不太可能再次光臨此處。價格與景觀不相符，建議有更好的選擇。僅給一顆星是基於美麗的景觀。,1,1,-1,6753,,2024/04/11,0,負向
房間很狹窄很擁擠。每天半夜都有野狗前來覓食，令人困擾。垃圾桶不是獨立使用，需要與其他家庭共用。,1,1,-1,6756,,2024/04/09,0,負向
這個房間的隔音效果不太好，廁所還在外面，而且連吹風機都沒有，非常不方便。另外，在露營區廁所的清潔狀況也不理想，因為很多人使用但卻沒有清理，非常髒亂。,1,1,-1,6758,,2024/04/09,0,負向
這是第一次來這裡，晚上營地主人也沒來巡視。我打電話給主人，已經過了11點，有人還在帳篷裡喝酒作鬧，主人來了之後，服務態度還是很差。,1,1,-1,6766,,2024/03/09,0,負向
這段話的意思是：建議降低 ABC 三區的露營費用一半，否則限制包區露營。現在的情況像是高處往下看非常擁擠，好像南投縣都這樣擠擁？未來可能更願意更遠一些去苗栗、新竹的露營區，因為他們正在提升露營品質並減少收費。如果現在感到很糟糕可能會提早離開，單獨露營的人會被整群的露營者圍繞。希望露營地主人可以考慮單獨露營者的露營品質，而不僅僅想賺錢。,2,1,-1,6771,,2024/01/09,0,負向
訂位置時前排夜景區有空位，已付款預訂，抵達時被分配到中間草皮區。詢問老闆為何非前排，老闆說那是留給夜衝的。我們問不就是夜衝嗎？老闆說沒辦法。後來才知是位置給後來訂的6帳戶，感到被耍和失望。,1,1,-1,6773,,2024/01/09,0,負向
"1. 在12月1日到12月2日的凌晨1點多時，B區的露營友，有大人大聲說話，小孩嬉鬧不止。
2. 營帳與營帳之間非常靠近，營繩只差一步，就要碰在一起了。
3. 垃圾桶太少，擺放在營位前，建議改放在營位後方或是區域入口，這樣才不會一直有人走來走去。
4. 露營友的素質非常重要，可以請不要在別人的營帳前走來走去看他人的裝備，這樣很不禮貌，若要走路，請大家繞過營帳後方行走。
5. 請規劃吸煙區域，下風處能聞到煙味，地上還有煙蒂並不推薦的營地，我們將不會再造訪。",1,1,-1,6776,,2023/12/09,0,負向
我剛從騰雲露營區回來，覺得露營經驗很不滿意。浴室設施不佳，有些沒熱水，飲水機灰塵很厚，冰箱不夠大且沒劃分。此外，草地上蜈蚣很多，環境設計有問題，營位間距過近。晚上很吵，鄰居沒管控，帶狗的露友更是困擾。看了其他評論後，我不推薦這個露營區。,1,1,-1,6786,,2023/11/09,0,負向
有隻野狗走火口，還叼走了一半的雞。野狗群裡頭，有些狗戴著項圈；洗澡時水溫時冷時熱，把我燙傷了。而且遇到一位沒水準的女露宿者，在浴室尿尿還把衛生紙亂丟。,1,1,-1,6797,,2023/08/09,0,負向
打了二三十通電話都沒有人接，沒熱水我在裡面等了二十幾分鐘，水還時冷時熱，這樣的露營區真的不值得給六顆星，這一顆星顯然是多出來的。,1,1,-1,6802,,2023/05/09,0,負向
這個露營區的廁所清潔不夠勤勞，熱水溫度不穩定，而且早晨起床感覺很困難。,1,1,-1,6817,,2023/05/09,0,負向
廁所設施稀少，且衛生狀況糟糕，熱水溫度時大時小。已致電提出廁所髒亂的問題，但營主尚未解決。,1,1,-1,6818,,2023/05/09,0,負向
這個營區雖然地理位置接近野營的感覺，但收費卻高昂。除了山路狹窄、難以會車之外，抵達營區後也沒有導覽，讓露營者自行尋找營位。位於海拔1000公尺以上的高山地區，轎車行駛困難，而且遇到了之前從未遇到的雷災。半夜電箱爆裂導致停電，戶外溫度8度。這個營區的電訊網路訊號不穩定，儘管提供Wi-Fi，停電時卻無法使用。此外，洗碗槽缺水或水壓不穩，強迫露營者做環保無水洗碗。小朋友洗澡時水量不足，連抽水馬達都燒壞，馬桶無法沖洗。廁所髒亂，有未處理的粪便殘留。此外，營區缺乏夜間管制，吸引夜貓族前來。管理不善，吸納了超出硬體負載能力的人數，造成非常不愉快的露營經驗。,1,1,-1,6822,,2023/05/09,0,負向
直接掛電話對待人不太友善，可以表達自己的需求，禮貌地告訴對方廁所缺乏衛生紙，並提出請求。,1,1,-1,6825,,2023/05/09,0,負向
聖誕夜時停電，管理單位處理速度緩慢，還警告說如果再浪費用電，整個區域就會斷電。朋友前來幫忙修理水電，費用全免。看來使用電量要小心，另外需要更注重衛生清潔，不需那麼頻繁。此外，還考慮開發新的營位，目前對此區域感到擔憂。,1,1,-1,6832,,2023/05/09,0,負向
上方特區的團露已經被包場，但營主還是容許其他露客進行夜晚露營，導致營位難以安排。此外，其他露客第二天離開時並未遵守中午12點的結帳時間，也沒有管理人員進行規範，這讓人感到困惑。同時，靠近浴廁的兩個營位太小，無法設置兩個帳篷。另外，訂位網站的照片仍舊是舊的，容易讓人誤解只能設置一個帳篷而不是兩個。這兩個問題是營主迫切需要改進的地方。信譽與品質才是長期經營的關鍵，不能只求一時之利。,1,1,-1,6833,,2023/05/09,0,負向
最讓人無法忍受的是夜爬沒有設定時間，晚上11、12點時仍有車輛不斷上山，車燈和露營者的喧嘩聲直到深夜都沒有停止。早晨整理營位時發現草地上滿是蜈蚣，幸好有使用草地保護墊，但還是有蜈蚣鑽進帳篷裡，數量比螞蟻還多。營區的景致很好，傍晚可以看夕陽，晚上可以觀星，早上有濃濃的薄霧，彷彿置身仙境般。廁所和浴室的數量不多，但有提供冰箱和飲水機。還好是在連假前一天來，半夜被夜爬擾得睡不安寧，第二天一大清早就離開了，不想待在擠擁且無法放鬆的營地。,2,1,-1,6842,,2023/05/09,0,負向
到營地後，我們開始準備食材冰箱剛開，但已經冰了快一小時，溫度還是27度！連冰塊都直接融化了，而且晚上洗澡時，朋友們進到浴室就發現沒熱水。後來修好之後，我們進去洗澡，只有前兩分鐘的水是熱的，後面全程都是冷水。要忍受冰冷的水洗完澡，實在很辛苦。雖然營地風景很美，但設備真的有待加強。,1,1,-1,6849,,2023/05/09,0,負向
建議每次露營來這裡，都會有美好的天堂般的感覺喔！,1,1,-1,6856,,2023/05/09,0,負向
風景還過得去，wifi 還算順暢，衛浴設備還可以，但熱水不太穩定是最大問題……空間太擁擠了，露營的人會覺得停車位不夠，所以帳篷的安排要視個人情況而定……不要完全相信網路上的好評。,2,1,-1,6859,,2023/05/09,0,負向
B區就像在停車場露營一樣，完全沒有風景可欣賞，讓人非常不開心。,1,1,-1,6860,,2022/05/09,0,負向
環境衛生需要改善，環境衛生需要改善⋯⋯帳篷數量過多，整體質量很差。,1,1,-1,6864,,2022/05/09,0,負向
"1. 冰箱冷藏效果不佳，有濃烈異味，需清理。沒有冷凍功能，食材都變成常溫！
2. 各家電信收訊不良，提供wifi但訊號不穩定。
3. 露營地景觀不符預期，車位規劃混亂，希望改進。
4. 浴廁蜘蛛網補蟲，需清潔加強，垃圾桶常滿。
5. 觀景區白天夜晚景色優美，特別推薦造訪。",1,1,-1,6868,,2022/05/09,0,負向
營區主人說只有A區（景觀區）的可以停車像在停車場一樣。對於我們其他區的來說，看到一整排車子就好像在停車場露營也是很正常的。建議大家如果訂不到A區，不妨考慮在附近的停車場旁邊野營。,1,1,-1,6869,,2022/05/09,0,負向
B區停車位設計不足，像停車場露營般擁擠，有人將帳篷和車輛停在一起。雖然園區告示牌要求停在外面，但卻容許A區的人在旁邊停車，與預期規劃不符。收費高達1000元，讓人感到被欺騙。期望營地管理者能提供清晰說明，免得讓遊客到達後才發現問題。眺望外面時，看見的卻是別人的車輛，對老闆消極的態度感到非常失望。,1,1,-1,6870,,2022/05/09,0,負向
到處都在唱卡拉OK，並且開得很大聲，但卻沒有人管理。這樣浪費了美麗的景觀，讓人感到失望。,2,1,-1,6882,,2022/05/09,0,負向
有這麼多螞蟻，整個房間都是它們，住了兩晚感覺很可怕。,2,1,-1,6907,,2022/05/09,0,負向
每晚收取1200元的特殊地帶營位，營位之間的布置看起來並未考慮到帳篷需要用營繩拉扎的問題。此外，營位的設計顯得相當狹小（照片中可見比例參考保特瓶）。,1,1,-1,6953,,2021/05/09,0,負向
營區人潮眾多，營位連續布滿，分配的位置不佳，連5×8的面積都無法滿足。被安排在左邊第一個紅圈處，夾在兩棵樹之間。此外，還多收了三個人，讓您對下次的營區體驗感到失望。,2,1,-1,6957,,2021/05/09,0,負向
夜晚的風景確實美不勝收，讓人感到放鬆愉悅，不過衛浴設備似乎有些問題，熱水有時太燙，有時又變成冷水，且營地的排水也有待改善。,2,1,-1,6964,,2021/05/09,0,負向
這個地方的優點是雲海美麗，夜景宜人，夕陽迷人，草地平坦。但缺點是營區的帳篷營位太擁擠，建議少收1/3的營位，因為營位過多導致活動空間狹小，孩子們連玩球都只能在車道上。此外，浴室廁所太少，且沒有明確標示，需要一間一間嘗試，相當麻煩。水壓太小，水溫忽冷忽熱問題嚴重。停車空間不足，規劃混亂，而且網路訊號只有中華電信好用，其他電信訊號都不太穩定。總的來說，WIFI的狀況跟沒有差不多，因為訊號不足，太多人都連不上。,2,1,-1,6966,,2020/05/09,0,負向
翻譯：營地主人會在半夜叫人退帳，表示再也無法在該地露營。,1,1,-1,7009,,2019/05/09,0,負向
"優點：D區場地寬敞並有樹蔭，能避免暴露於陽光下需搭棚，非常方便。
缺點：環境整潔需要改善，水槽十分骯髒，廁所內有許多蜘蛛網，顯然已很久沒進行清潔。營位和廁所入口的洗手槽有許多大隻飛蟑螂，衛生狀況實在不佳。",2,1,-1,1,,2024/05/06,0,負向
"廁所很髒，沒有定時打掃，味道很難聞。吹風機的質量很差，常常過熱斷電。浴室用水時洗到一半時沒有熱水可用，或是熱水不夠熱。冰箱太小, 容量完全不夠。洗手台是傾斜的，無法放置任何東西。",2,1,-1,16,,2023/12/06,0,負向
這個營地環境很糟糕，雨天的淹水問題很嚴重，草地都泥濘了，路上沒有照明，廁所衛生設備不堪入目，連衛生紙都沒有。營地常團露，但營主卻沒有改善環境，只看到一個阿伯打掃，顯然是人手不足。整個營地不乾淨，冰箱也很髒，讓人絕望。結論就是不會再去那裡了。,2,1,-1,21,,2023/11/06,0,負向
環境好一點但希望人員態度可以改善，尤其是在10/8萬聖節活動扮演《鬼滅之刃》女生角色的表演團隊。對於提問就耐心一點，如果不是有小朋友在場，我可能會當場表達我的不滿情緒。,1,1,-1,22,,2023/11/06,0,負向
營區照明不足，中午抵達時廁所已經骯髒不堪，直到晚上十點仍未有改善！垃圾桶溢滿，衛生紙滿地散落，馬桶污垢滿盈，每個廁所都讓人感到恐懼...,1,1,-1,36,,2023/05/06,0,負向
營地設施不良，共用的浴室衛生間不足，環境中有流浪動物出沒，且部分露營者晚間行為不當，妨礙其他人休息，希望大家都能保持秩序與尊重，讓夏日露營更加美好。,2,1,-1,38,,2023/05/06,0,負向
營區本來是要求22:00後要降低音量的，為何還有團體在半夜兩點仍在大聲彈吉他喧嘩卻沒有人管呢？難道不考慮他人的休息權益嗎？,1,1,-1,45,,2023/05/06,0,負向
廁所有點臭，好像已經有兩三天沒有打掃了，衛生紙也沒補充，雖然環境還算美觀，但是滿得塞滿了帳篷和車。,2,1,-1,46,,2023/05/06,0,負向
這個地方雖然很寬敞，但 F 區真的不太好。為什麼還要在旁邊放壓縮機並設立帳篷區呢？整天都在噪音中，即使停了也馬上又開始叫，根本讓人無法好好入睡啊。,1,1,-1,50,,2023/05/06,0,負向
營區環境漂亮，空間很大，但由於入住人數眾多，廁所不足且很髒亂。希望增加清潔頻率，補充衛生紙。浴室不足，倒數第二間沒熱水，水溫和水壓不穩定，排水系統不良，造成淹水問題。最令人無法接受的是當地直接焚燒垃圾，這樣做合乎道德嗎？,1,1,-1,68,,2023/05/06,0,負向
服務經驗真是糟糕！假日人潮多，洗澡竟然沒熱水，我可以理解要等一下！通知老闆後，竟然說瓦斯沒換過，叫我把衣服脫光，身上還有沐浴乳，山上那麼冷！在那邊站著等了20分鐘，還是沒熱水？？？我就想問！瓦斯去哪裡了？？太誇張了！我再也不會再來了！,1,1,-1,96,,2022/05/06,0,負向
這個地方的衛生狀況很差，洗手間非常髒亂，冷水的供應似乎有問題，無論是早洗或晚洗都沒有熱水，我不太建議這裡。,2,1,-1,106,,2022/05/06,0,負向
這段經歷真是令人煩惱！從星期三到星期五連續三天都得在爛泥中徒步，實在是辛苦啊！走去上廁所的路上沒有路燈，只能踩著爛泥前往，然後再踩著爛泥返回帳篷。露營區的排水系統不完善，即使雨量不大，地面上還能看見積水，且經常停電，熱水還沒有熱，這真是讓人難以忘懷的露營經歷啊！,1,1,-1,108,,2022/05/06,0,負向
廁所和洗澡間共用一個空間，洗澡時會聞到廁所的氣味，同時洗手台也很不足夠。,2,1,-1,112,,2022/05/06,0,負向
房間沒有很乾淨，但春節價格很優惠。,2,1,-1,114,,2022/05/06,0,負向
這房子真糟糕，第一天洗澡只有冷水，第二天還斷電了，房東真賺得盆滿缽滿。,1,1,-1,118,,2022/05/06,0,負向
營區的環境很舒適，有溪水和螢火蟲，但聽說一年前有人抱怨浴室的水溫時冷時熱。今天終於固定保持恆溫，卻是因為沒有熱水，真是有點令人失望。,2,1,-1,148,,2021/05/06,0,負向
雖然這個地方地點很大，但是營區規劃過於緊密，導致沒有足夠的空間可以活動。活動區域缺乏樹蔭，因此很容易過熱。在使用衛浴設施時，如果人數過多，排隊洗澡是一個明顯的問題。雖然這裡有螢火蟲和可以玩的溪水，但比這裡更適合露營的地方還有很多。,2,1,-1,149,,2021/05/06,0,負向
洗碗槽和插座不夠用，熱水出現忽冷忽熱的情況。我建議營地管理者訂定晚上十點後請降低音量的規定。我們遇到了隔壁帳篷的人，在半夜十二點還在大聲聊天。我們跟他們反應，他們一開始有稍微變小聲，但過沒多久又變得很吵。其中一個人一直在自誇業績成長了好幾倍，要其他人多學點。這樣吵得睡不好。,1,1,-1,176,,2021/05/06,0,負向
浴室數量不足，洗澡水溫難以掌握，排水情況不佳，地板有太多碎石，洗手槽不夠多。,1,1,-1,190,,2020/05/06,0,負向
這個營地設施很差，廁所很髒，只有一間衛浴有熱水，要收取1200元。,1,1,-1,204,,2020/05/06,0,負向
這個露營區的環境非常糟糕，沒有熱水可洗澡，廁所也很髒。而且沒有適合小朋友玩耍的設施，收費卻高達1200元，真的不值得。我絕對不會再去這種地方露營，簡直是個雷區。,1,1,-1,205,,2020/05/06,0,負向
排水效果很不好，下雨後草地成了一片泥濘。,2,1,-1,207,,2019/05/06,0,負向
規定裡明確表示不得在營區內唱卡拉ok或使用高分貝音響，但卻發生了此情況。唱歌一直持續到晚上11點，其他區域也陸續模仿播放音樂。而在營區外，施放了防臭肥料，造成難聞氣味，吸引了許多蒼蠅。雖然有提供桂圓銀耳甜湯作為加分活動，但還是希望主辦方能加以制止此類行為，以免損害營地的聲譽。,2,1,-1,279,,2024/04/06,0,負向
"1. 營主非常熱情，在這麼炎熱的天氣裡，送來了清涼爽口的點心。
2. 營主也很專業，表示有很多小黑蚊，但實際上我們前三名的點數是34、33、19，真的很想知道老闆心目中的「多」是什麼數字。
3. 廁所很寬敞乾淨，總共有四間，但要小心害怕小昆蟲和寵物。
4. 愛釣魚的朋友要小心，釣到的魚要放好，老闆會監視器看著，以確保你沒有藏他的魚。如果需要叫老闆，其實只要在監視器前揮揮手，他就會來。感謝讓我們在露營區度過了一個小黑蚊叮得紀錄破表的時刻。",1,1,-1,334,,2023/05/06,0,負向
螞蟻在繁殖期間數量很多，這一事實沒有被告知，導致露營體驗受到了很大的影響。,1,1,-1,373,,2021/05/06,0,負向
這個營區的環境讓人感到不舒服，夏天時悶熱的天氣不建議前往，下午可能會有雷陣雨，糟糕的排水系統將會帶來不便。路面泥濘不堪，影響露營者的放鬆心情，建議有必要進行改善。,1,1,-1,375,,2021/05/06,0,負向
在洩水道旁設立營地並不是一個理想的選擇，因為如果下大雨的話旁邊就會形成一條大水溝，營主應該仔細考慮是否將營地設在離水槽遠一點的地方會比較適合。,2,1,-1,376,,2021/05/06,0,負向
露營了60次，這次遇到了一個非常特別的營地。雨棚被搭在營主家門口，營主家人經常從旁邊進出，完全沒有隱私。明明租了營位，卻無法完全搭起來，還要保留一條通道讓他們進出，搭帳空間被壓縮得很不理想！,1,1,-1,417,,2024/04/03,0,負向
有人在園區放捕獸夾，帶寵物進入的人需要小心了。,1,1,-1,467,,2024/02/06,0,負向
這裡環境真讓人失望，規定都太嚴格了。大家都是來跨年開心的，怎麼搞得這麼嚴肅呢？費那麼多錢難道來這邊就是為了睡覺嗎？給六顆星，這顆是多餘的。,1,1,-1,468,,2024/01/06,0,負向
我理解您的疑慮。您原本訂了10/7 到 10/9 的營地帳篷，但因颱風即將來臨而取消了。雖然營主扣取您60% 的訂金，這部分我認為情有可原。然而，讓您感到不合理的是租借裝備費用未使用時全額不退。您發現營地倉庫內的裝備是由營地所有，不存在其他廠商代訂的情況。當您詢問營主關於排水不良是否會造成淹水時，營主回答避而不談，讓您感到困惑。這樣的處理方式讓您對該營地的管理感到擔憂，因此建議未來在預訂營位前多加查證其他遊客的評論，以避免類似困擾發生。,1,1,-1,475,,2023/10/06,0,負向
露營地沒有提供垃圾桶，需要自行帶垃圾到廁所外的垃圾桶。因未事先告知有季風問題，風勢大造成帳篷及炊事帳損壞。地板是石頭，難以釘營釘且電壓可能不足，連假時去露營的朋友們要多加考慮喔！,1,1,-1,482,,2023/05/06,0,負向
這次露營體驗並不盡人意，營區硬地難釘難拔，缺乏護草墊，垃圾桶遠離。營位設施不安全，對小孩來說很危險，夜晚寒冷，無法提供足夠取暖設施，營主服務態度不佳，要求賠償不合理，只能說是不理想的露營經驗，對這家營區感到失望。,1,1,-1,486,,2023/05/06,0,負向
"1. 開始接洽時老闆很客氣，但付款後態度出現大轉變。當露友家人臨時離世告知無法露營時，營主不斷催促要提供證明才能退款。雖然我理解需要相關資料，但訃聞不可能當天就有，也沒有人會拿這件事開玩笑。

2. 當天到達搭營區後才剛搭好帳篷，營主就來收尾款，讓人感覺很差。

3. 露友租借的床墊有漏氣，換了還是漏氣。當詢問租賃商品問題時，營主表現管理不當，甚至生氣地說：「知道會漏就不要借！」

4. 垃圾桶離營區很遠。

5. 洗澡水溫不夠熱，冬天不建議在這裡露營。",1,1,-1,487,,2023/05/06,0,負向
對於裝備不足的露營朋友們來說，這樣的狀況確實令人感到不滿。朋友們租借的充氣床一直漏氣，即使半夜打電話給營主，營主的態度和口氣都非常差，更糟糕的是換了新的充氣床依然有漏氣的問題。最後一家人只好睡在堅硬的石頭地板上，而營主還一會兒讓收費一會兒又不收費，態度反覆且惡劣。最終，營主直接告訴我們不要再來了。這樣糟糕的經驗實在太過難忘，我們必須向裝備不足的露營朋友們提醒。,1,1,-1,489,,2023/05/06,0,負向
營區的冰箱出現漏電情況，會對人造成危險。營地負責人對此問題的處理態度消極，表現得很不友善。,1,1,-1,490,,2023/05/06,0,負向
"1. 我們租的氣墊床有問題，要求營主來換時，對方態度差且沒處理好，結果整晚睡在石頭地板上，經驗相當糟糕。
2. 早上要結帳時，營區人員說帳篷、客廳帳等不用結，因為要曬太陽，但營主稍後又來說要收。我們依照營區人員指示，營主卻表示他是老闆就是對的，離開了。我們開始整理裝備時，營主又來說我們不用收？這讓我們感到相當困惑... 這營區真的讓人失望，再也不想再來了，非常糟糕。",1,1,-1,491,,2023/05/06,0,負向
這次帶團露營真的讓我感到很不愉快，因為在營地下雨積水，我向營主反應，但營主卻找各種藉口說這是尖石營地的常態。營地的釘子打歪、沒有垃圾桶，還得自己拿到廁所去丟垃圾，這些都算小事，晚上還被貓咬破我包好的垃圾，早上營主看到後卻生氣地要求我趕快清理。我才發現垃圾已經被亂丟一地，像是我們造成的混亂一樣。更讓人無法接受的是，還不到中午營主就一直抱怨收拾時間太久，明明我們早就等著營地開門了，不知道為什麼營主可以隨意更改收費時間。我真心不推薦這個營地，雖然風景很美，但營主的不友善態度以及營地的種種問題讓我感到非常失望。我希望和我一樣追求開心露營的人不要花錢卻受到委屈。所以我只給一顆星星評分，至少營區風景還不錯，這一點我不否認。我們走的時候也特地錄影留證，證明我們沒有亂丟垃圾，這是作為戶外人應有的品質。,1,1,-1,492,,2023/05/06,0,負向
"1. 搭帳篷時很困難釘子下不去，許多釘子被敲壞了。
2. 只有在浴室才有垃圾桶可以丟垃圾。
3. 廁所只有在打掃當天乾淨，之後就變得很髒，感覺沒有在做維護，沒有衛生紙補充。
4. 排水系統非常糟糕，下雨時雨水會沖進帳篷，排水不暢通。",2,1,-1,498,,2023/05/06,0,負向
參加萬聖節走秀的原定計畫突然因為大雨而改為摸蜊並清洗衣物的活動，雨水讓帳篷靠在山邊，家前後有小河，讓人擔心帳篷會漂浮在河上。帳篷淹水後，只能仿效大禹挖水溝，但效果似乎並不理想。這場雨較之前北部暴雨還算不算什麼，所以我們決定提早收起帳篷，以免深夜驚醒一家老小更加恐慌......不過在這場雨之前的經驗都還算不錯。對了，營釘很難插（或許是因為工具不好，再加上力道不足）～～,2,1,-1,499,,2023/05/06,0,負向
在下雨天時因排水不良造成積水很嚴重，如果想學習挖溝技能，可以趁著雨天來練習！記得先在蝦皮買好鏟子。,1,1,-1,500,,2023/05/06,0,負向
營區的排水出了問題，整個區域都被泥水淹了，無法繼續露營。我們習慣乾爽收拾，但這裡卻要提早離開。我發現露營時要隨身帶鏟子。,1,1,-1,501,,2023/05/06,0,負向
我想要給這個露營地零星評價，以及一大堆的不滿（對於前往這個營地並參加這個團露的人給予建議）。上週參加了一個有一百多個帳篷的親子露營團，前往印象尖石，星期六白天的天氣還不錯，但下午四點開始下雨，不到半小時後各區就開始積水了，我們的帳篷後半部分都被淹沒在水中。問題點有兩個：第一，營地根本沒有有效的排水系統（而且地面還是石子），營地負責人也沒有採取任何行動，每個區域都被淹，但沒有辦法搬遷這麼大也不是新的營地，不能簡單地說因為下雨就束手無策！第二，活動主辯稱這是天災，不應該指責營地負責人（雖然我們已經繳交了活動費），但活動主難道就不需要考量雨天積水的問題？難道你們根本就沒有因應這種情況的應急計畫，結果小朋友無法拿到糖果，無法參與任何活動。為了避免小朋友感冒，我們決定果斷撤營，當時已經有不少人做同樣的決定，因為沒有人知道雨什麼時候會停（也沒有收到大雨特報）。我們一直處於積水中，據說接近一半的帳篷都已經決定撤營。我們雖然沒有遇到大雨，但這樣的積水和排水不良真的讓人無法接受。我們總共支付了一千五百元的營地費和活動費，只換來小朋友的不快、尷尬的撤營過程，以及一肚子的委屈。,1,1,-1,502,,2023/05/06,0,負向
營地的停車位設施雖然有優點，但排水不良、未提供護草墊的問題卻很嚴重。特別是梯田式地形下面的營位更為受影響，當我們遇到大雨時，無法有效地排水，帳篷在下雨3分鐘後就淹水了。整個區域都變成了小河，露營者得自行挖溝來拯救帳篷。首次露營的晚上，整個營區都被撤帳回家，這是相當誇張的經驗。結論是，下雨天絕對不推薦這個營地。,1,1,-1,503,,2023/05/06,0,負向
這個地方下雨時比較容易積水，所以如果雨勢變小後15分鐘後積水就會退。如果雨勢持續的話，可能就會有積水的問題。另外，淋浴間的熱水可能不太穩定，需要注意一下。,1,1,-1,504,,2023/05/06,0,負向
場地的排水情況出現問題，容易積水，反映後卻無人理會，只能自求多福。,1,1,-1,505,,2023/05/06,0,負向
茄苳D區排水情況不佳、積水問題嚴重。第一次下雨時，因積水影響到撤營（後來整個露營區的朋友都被迫離開撤營），營地是以草皮與石頭混合鋪設的地面，底部的石頭較大，難以釘搭帳篷。遇雨天時需要特別多加考量。,1,1,-1,506,,2023/05/06,0,負向
這個地方的排水不良，地面不平並沒有草皮保護，導致積水問題，且房東的態度消極。,1,1,-1,507,,2023/05/06,0,負向
我們是在4/30-5/2這三天兩夜第一次參加學校的露營活動。我們自己帶了一個登山野營帳篷，在搭建過程中碰到許多小石頭，營釘也難以固定在地上。我們向營區的工作人員借了鐵錘詢問如何在充滿小石頭的草地上釘營釘。有一位女生工作人員和一位男生（不確定是否老闆）教我們如何更恰當地挑選釘點位置（雖然態度不太友善）。第二天我們去爬山回來後想洗個熱水澡，但開水器一開始還有熱水，洗頭後再開則只有冷水（當時溫度只有13度），因此我在13度的天氣中洗了冷水澡，這是我從未有過的體驗。離開後回到家才發現雨傘掉在他們入口處的長凳上，便打電話詢問，有位男士接聽後告訴我他們那裡什麼都沒有...我覺得他們並不希望被打擾，有什麼事情就不要找他們了。總結來說，這次露營經驗不是很愉快。,1,1,-1,517,,2023/05/06,0,負向
這週末我和一群朋友一起在露營地度過了三天兩夜的連假。一開始抵達營地時，覺得環境還算不錯，浴廁也蠻乾淨的。雖然後來遇到好幾次跳電，冷熱水溫度也難以控制，但我們也沒有抱怨。沒想到最後一天中午12點時，營地的管理人員臨時打電話，要求我們1點前必須離開，但之前完全沒有事先告知，當時還下著大雨，只好儘快配合離開。大約12:40，另一名工作人員再次冷漠地通知，要求我們必須在1點前全部離開，甚至有朋友被責罵收拾太慢。另外，由於天氣的原因，有幾位朋友臨時跟管理人員租借房間或客廳，但因為我們同時也跟其他廠商租了帳篷，其他廠商有專人會到現場收取，我們並不需要處理。朋友們因此有點遺漏沒有將租借物件歸還給營地，直到我們離開一段時間後，收到營地的電話責罵如果不馬上回來就報警處理。朋友們立即趕回去處理，但對於營地不友善的態度感到困惑。許多問題都是可以互相溝通解決的，如果營地有狀況，我們也可以忍耐一下；但若我們有遺漏的地方，只要提醒一聲我們會盡力配合，沒有必要如此刻薄。營地的環境其實很不錯，可惜因為經營者的態度問題，讓我們對此地露營的感受大打折扣，可能也不會再來了。,1,1,-1,520,,2022/05/06,0,負向
老闆的態度很差，而且浴室沒有熱水。,1,1,-1,521,,2022/05/06,0,負向
冷熱水的溫度非常不穩定，只能選擇極熱或極冷，且經常發生跳電的情況。,1,1,-1,523,,2022/05/06,0,負向
老闆說話很不友善，停電和洗澡水溫不穩定等問題紛至踵來，到服務中心詢問事情卻還被嘲諷，進入營地的路上又充滿落石，十分危險。,1,1,-1,524,,2022/05/06,0,負向
在住了三天兩夜的旅館，洗澡時總是遇到溫度太低的熱水，小孩都冷到發抖。而老闆不僅不知道怎麼幫忙處理這個問題，還對客人很粗魯地詢問「你是哪位？」，整體服務態度十分糟糕。即使要付款時也表現得驕傲自大，給人極為糟糕的印象。總之，這家旅館改名也無法改善他們糟糕的形象，建議還是選擇其他地方入住。,1,1,-1,525,,2022/05/06,0,負向
浴室和廁所的數量有限，每個區域共用四間浴室和四間廁所，洗澡和早晨可能需要等待一段時間；熱水供應不穩定，有時冷有時熱；管理人員的態度很不友善。,1,1,-1,529,,2022/05/06,0,負向
營地主人的態度並不友善，甚至說要請客人盡快離開山上。,1,1,-1,530,,2022/05/06,0,負向
營地老闆的服務態度相當差，我不推薦這個地方。他們竟然在車位有限的情況下常常讓人下山？這真是令人難以理解。,1,1,-1,531,,2022/05/06,0,負向
這次到跨年旅行住宿地方熱水持續不足且不穩定，反映給旅館管理人員後感覺收到的回應較冷漠。雖然廁所有在打掃，但其中一天仍感到髒亂，這讓整體印象不佳，有點遺憾。除此之外，地區內的客房都被預訂滿了。,1,1,-1,532,,2022/05/06,0,負向
這個場地的草皮規劃得很好，但是熱水洗澡供應不太穩定，只好忍受8度的冷水淋浴了，太冷了！,2,1,-1,534,,2022/05/06,0,負向
這周我們去露營租了露營區的客廳帳和帳篷，其中一頂客廳帳不防水，滴水很嚴重。下午四點我們請老闆來看，但工作人員直到七點下雨停了才到。他們先擦拭了一遍裡布，仔細檢查有沒有破洞，表示沒有後就想離開了。我們強調是防水層失效了，因為另一頂客廳帳沒問題，要求換一個新的。老闆來了後一直堅持這是正常現象，客廳帳一直都會滴水，態度強硬且輕蔑，完全不理睬我們的反應，堅持自己的看法，搖頭表示錢難賺。看了過去的評論，處理問題的方式確實和我們這次的經驗很相似，不小心就把這當成老板的習慣了，露營區雖然美好但遇到問題真的讓人覺得心累。,1,1,-1,538,,2022/05/06,0,負向
營地的整理還可以，但管理人員的服務態度很糟糕。我們住的帳篷大約有65左右，過了一點才發現冰箱已經滿了，收尾款時提醒他，建議將冰箱分區，但他說做不到，還反問我們為什麼不早點到。冰箱區域都沒有垃圾桶，全都要自己處理，他說人手不足，問我要怎麼辦。,1,1,-1,548,,2022/05/06,0,負向
這次露營經驗並不盡如人意，由於營地地面過硬難以釘搭帳篷，夜間風力過大導致帳篷幾乎被吹走，無法好好入眠，與營主討論後得到無法解決的回應，衛浴設施水溫不穩，整體讓人感到困擾，因此無法推薦朋友前來。,1,1,-1,554,,2021/05/06,0,負向
營區因為帳篷太多，導致半夜跳電，早上9點才恢復電力。廁所很髒，還有許多蜜蜂。,1,1,-1,561,,2021/05/06,0,負向
尖石營地的印象很差，我只去過一次，但也是最後一次。地板硬得可以把釘子都釘不進去，營地極其狹小，營主還不斷多收費用，營區擁擠到不行，帳篷密密麻麻地擠在一起，停車位更是一無所規劃，大家亂停亂放。一個區域竟然有至少40個帳篷，大家還要共用一個冰箱和8間浴室。,1,1,-1,572,,2021/05/06,0,負向
洗澡時水溫變動很大，連水桶都沒有，不過還好可以裝一些水來幫小孩洗澡。可惜水溫不穩定，小孩受燙了還哭了起來。,1,1,-1,579,,2021/05/06,0,負向
營地地面石頭很多，營釘很難釘進去，風大的時候會把營釘吹起來，下次可能不會再到那裡去了。,1,1,-1,584,,2020/05/06,0,負向
顧客說好要保留的位置，到達目的地後卻發現並沒有留位置給他們，讓他們感覺很失望。不過在收費時道歉了。另外，浴室的蓮蓬頭突然爆開，水亂噴一通。好在小孩的遊樂設施還是很棒的。,1,1,-1,593,,2020/05/06,0,負向
營區地面都是石頭，一般釘子基本上插不進去。晚上也常常沒有熱水，洗澡時洗到一半就快冷死了。,1,1,-1,597,,2020/05/06,0,負向
山路太陡，車子爬不上去。,1,1,-1,624,,2019/05/06,0,負向
這個營區位於山區的山谷中，受到季風影響，容易在內部產生強力異常風，營主應該對這種地形特性非常瞭解，提供協助和建議。已有兩次在十一月因這風吹斷了營柱，讓人半夜驚醒後逃離。,2,1,-1,765,,2017/11/21,0,負向
可以去海邊或山上找個地方，欣賞美麗的夕陽景色。,1,1,-1,813,,2017/05/02,0,負向
這裡的管理不良，並未有效處理禁止卡拉OK的規定。若想找品質好的露營地，建議避免此處。,1,1,-1,1263,,2023/11/07,0,負向
公告明明禁止唱卡拉OK，可是卻放任某個區域的營地晚上唱超級走音的噪音，這樣其他人還遵守規則的意義是什麼呢？,1,1,-1,1264,,2023/11/07,0,負向
和營主的朋友在同一區露營，營主人真的很好、很客氣。不過最後一天我們在整理東西時，營地的員工也幫忙，不小心把我們的洗碗精和菜瓜布丟進垃圾桶。一開始問員工時，他們否認拿了，直到我們找到營主才去撿回來給我們。當時大家都很忙，員工還在一直收拾，有時候因為匆忙並不一定代表有心機。我們另外一條延長線也差點丟了，問了員工也說沒有看到。後來只好請營主幫忙，才在共用空間找到延長線。另外要注意附近的玩水區域和廁所附近，有時候會聞到濃濃的二手菸味，家長要小心。還有營主的朋友帶了狗去露營，但狗主人卻沒有清理狗的大便，也發出吵雜的聲音，可能會影響其他露營者的休息。,1,1,-1,1288,,2023/06/07,0,負向
對啊，水很有趣，但是在營區附近一直聞到有人抽菸，味道很難聞！,1,1,-1,1289,,2023/06/07,0,負向
在最後一天整理東西時，營地雇用的員工也在我們營區幫忙整理，就在我們還沒離開之前！真是太過分了！他們不僅把我們的洗碗液和洗菜布都丟掉，連延長線也不放過，拔起來搬到露營營區旁邊。一開始詢問員工時，他們還直接否認有拿，直到我們找營主反應，員工才去垃圾桶找洗碗液給我們，延長線還是不承認！大家已經在忙著整理東西，還沒離開營區，員工卻一直跟著監視！有時候晚些收拾不代表不要，為什麼要亂動別人的東西？非常沒禮貌，沒教養。另外，在靠近廁所的水域區，營地主部會聞到濃濃的煙味，要求每個人去聞那股味道！還有營主的朋友帶著狗去露營，讓狗在別人的營區亂大便，卻不清理，真是缺乏品德！這次真的很倒霉，還要忍受營主的朋友在同一區播放難聽的歌聲和吵雜的尖叫聲，一直到深夜12點。,1,1,-1,1290,,2023/06/07,0,負向
聽說新的營區負責人將C區封閉以進行水溫調整。當打開車門時，可以聞到濃厚的腐爛泥土味，令人擔憂。在6月25日至26日，當地遭受約100毫米的大範圍暴雨，導致C區地面全部淹水，無法迅速排乾。地面上變成了爛泥巴坑，踩上去會沾到泥巴，小朋友也經常在爛泥上滑倒。營區主人和老闆娘緊急將整個營區的草坪保護墊移到C區。這是我第一次露營經驗，前後共鋪了26片草坪保護墊。雨過後，我去A、B、D區巡視，發現完全沒有積水，只有C區依然有約5公分高的積水。營區主人承諾會進行改善，期待他們真正改善後，我會再給予5顆星的評價。,2,1,-1,1348,,2023/05/07,0,負向
熱水溫度不穩定，熱水10秒後冷水一分鐘，淋浴太痛苦了，還有沒有發現使用過的衛生棉在淋浴間？,1,1,-1,1379,,2022/05/07,0,負向
錢雖然不是問題，但重點是我包的地方，廁所沒整理，而且有兩間廁所牆壁上黏著女生的衛生棉。另外，一間沒有熱水，另一間的熱水無法調溫。,1,1,-1,1381,,2022/05/07,0,負向
網友說的情況我都碰到了！環境很糟，有很多蒼蠅和不明昆蟲，下山後很多人都過敏或被蚊蟲咬出水泡！水壓不穩，要嘛燙死，要嘛冷死，整個營區就像個冰箱，四帳包場只有一個廁所，而且那間廁所連衛生紙都沒有。真的不推薦，帶小孩的就更不用考慮了。,1,1,-1,1384,,2022/05/07,0,負向
在露營場營了七八年，這次遇到的蒼蠅真的太多了，白天滿天蒼蠅，晚上到處都是小蟲，加上沒有衛生紙的廁所，熱水又是燙死人的那種。試著調整過溫度，卻要麼是超熱、要麼是超冷。從評論得知，這種情況似乎一直得不到改善。我們住的四人帳篷D區非常擁擠，孩子們幾乎沒有地方可玩，更讓人意外的是，整個四帳篷區只有一間廁所和一間浴室。總之，這個地方真的不推薦。,2,1,-1,1385,,2022/05/07,0,負向
環境骯髒，蒼蠅成群，3天2夜都沒有固定時間進行整理清潔。,1,1,-1,1386,,2022/05/07,0,負向
在看了Google評論之後，我很擔心營地的狀況。但當我真的到達現場後，我才明白網友的評論都是公正的！廁所沒有提供衛生紙，晚上還斷電不給開燈。水槽沒有清潔，也沒有照明，更沒有廚餘桶。浴室有幾間超雷積水，還不定期缺少熱水，生態池味道超臭，A區塞了12帳，超滿超擁擠，角落還有一區像荒地沒有整理，因為空間不夠只好塞了一帳。幸好有朋友在一起，不然真的會讓228連假的旅行體驗很糟糕。,1,1,-1,1390,,2021/05/07,0,負向
這營地官網上說有提供衛生紙和沐浴乳，但實際上衛生紙沒有補，沐浴乳也不清楚補充的時間。洗澡的水溫幾乎是冷的，而且在進行了3天2夜的露營後，浴廁完全沒有清潔過，也沒有垃圾桶。此外，還有一些蟑螂和蒼蠅。總的來說，這營地還算不錯，但當中有些非常可惜的地方。,2,1,-1,1391,,2021/05/07,0,負向
總結來說，營地的管理態度很差，衛生紙缺乏且環境有異味，草地也沒有打理，燈光也顯得不足，所以我不建議大家來露營這個地方。,1,1,-1,1392,,2021/05/07,0,負向
抵達露營區後，我們發現洗手槽沒有清理乾淨，上次使用者留下的殘渣仍然在裡面。此外，TOP區的草地沒有除草，也沒有維護。事前我們還特地打電話詢問TOP區是否有獨立冰箱，營主告訴我們有，但到了現場才發現只有在營區的本部，而且距離相當遙遠。營區裡有許多會飛的小蟑螂（甚至有大隻的），讓人感到相當不舒服。我們待了兩晚，卻沒有人清潔過廁所，也沒有提供衛生紙。直到支付費用時才見到營主。因為我們是新手，所以帳篷和睡袋都是直接向營區租借的。然而，當打開帳篷後才發現它們全都濕透了。我向營主反映後雖然有換給我們，但這真的是一次非常糟糕的經驗。,1,1,-1,1393,,2021/05/07,0,負向
這個地方的生態環境不賴（許多昆蟲也都出現），河道的水質並不乾淨，底部堆積了許多樹枝、樹葉、昆蟲屍體和泥⋯⋯ 公共廁所連續兩天都沒人打掃，垃圾都已經堆到地上，浴室用到一半時水變冷（不只我遇到，其他露營者也有同樣情況），只有在收費時才有看到工作人員，其他時間都看不到人影。午後雷陣雨後排水不良導致積水。,1,1,-1,1395,,2021/05/07,0,負向
室外正在下大雨，廁所則有些漏水，營區排水不良，導致積水嚴重。,1,1,-1,1396,,2021/05/07,0,負向
衛浴缺少補充衛生紙，戲水區未維持乾淨。營區空間較小，缺少護草墊，且有許多小蟑螂。,1,1,-1,1397,,2021/05/07,0,負向
夜間沒有人接待，廁所的衛生紙沒有補充，有很多蟲，馬桶還被堵住，洗澡間的水忽冷忽熱，好在天氣炎熱……兩天兩夜都沒有人來清潔廁所，只是補充了一些衛生紙卻連打個招呼都沒有……最重要的是飄飄河呢？場地再小也沒關係，草地不濃密並帶有些許泥土也沒關係，小昆蟲四處爬也沒關係，但飄飄河上滿滿的青苔和落葉完全沒有整理，說好的水源呢……那另一區怎麼能玩？難道我們不是客人？即便它已經髒得像洗腳水一樣，給孩子們期待的心情，否則我們還能提前做其他的活動……最後差一點點就可以穿上泳衣拿著水槍和泳圈去「玩水」了…,1,1,-1,1398,,2020/05/07,0,負向
露營區非常擁擠，除了水上活動，幾乎沒有足夠的草地空間供小朋友玩耍。,2,1,-1,1403,,2020/05/07,0,負向
與旁邊的土牧驛相比，這裡的經營有些差勁。露營區的浴室熱水不穩定，水道長滿青苔，還有不少小蟑螂（其他山區很少見），洗水槽也需要請營主清潔。真的很可惜，特別是在比較過後，還聽到營主驕傲地告訴訪客本週客滿。希望能繼續努力保持高品質。,2,1,-1,1416,,2020/05/07,0,負向
營位位於馬路邊，位置有點小。如果每個營位前面都有流理台會比較方便，因為共用的洗手間有點遠。我建議水池保持乾淨一點。設有飲水機、過濾系統和脫水機，而且提供不錯的洗髮精和沐浴乳，非常棒！,2,1,-1,1417,,2020/05/07,0,負向
倒霉的朋友和營主在同一區露營。玩水區域靠近廁所和營地中心，總是飄著濃濃的煙味，請帶孩子來玩水的家長注意。營主的朋友帶著狗去露營，狗主人的行為真的讓人生氣，讓他們家的狗亂拉在別人營區，卻不清理。我們忍受著他們難聽的歌聲和吵雜的尖笑聲，直到半夜12點——歌聲、吵雜的笑聲、二手菸味、狗大便——我們都還忍了下來，只想著這只是一晚而已。但丟失東西或差點不見，這件事我們真的需要提醒大家一下。,1,1,-1,1440,,2023/05/15,0,負向
倒霉和營主的朋友在同一區露營。營主人非常好客，但在最後一天收拾東西時，營地的員工將我們的洗碗精和菜瓜布誤放到垃圾桶裡。起初員工否認拿走，直到我們找到營主才尋回洗碗精。在忙碌地整理營地時，員工一直跟在我們後面收拾。有時候收拾較晚不代表不需要那些物品。我們的延長線差點就此失蹤，問員工也稱沒有拿。幸好最後在營主的朋友的共用空間找到它。很幸運我們當場發現遺失的物品，要不然可能就遺失了。,1,1,-1,1441,,2023/05/15,0,負向
浴廁很骯髒，並且有許多蟑螂的露營地。,2,1,-1,1474,,2020/08/21,0,負向
覺得沒有用心經營，連廁所都沒有清潔。,2,1,-1,1477,,2020/05/07,0,負向
增強水槽的清潔和草坪的保養。,2,1,-1,1483,,2019/09/09,0,負向
"1. 基本上露營區的衛浴空間通常都較為狹小，要幫小朋友盥洗的話，可以考慮使用嬰兒擦身巾或是濕紙巾等來進行清潔。
2. 沒有護草墊的露營區確實會讓地面泥濘，如果裝備需要放置在地上，可以搭配地墊或者防潮墊來保護裝備，避免泥巴弄髒或損壞。
3. 洗手台真的不夠多啊！可以考慮排隊時間，或者考慮攜帶乾洗手液來解決這個問題。
4. 如果廁所衛生環境不佳的話，建議事先攜帶充足的衛生紙和消毒擦拭劑，盡量避免直接接觸到髒污表面。",1,1,-1,1519,,2024/04/23,0,負向
"1. 我在露營樂系統訂了 D 區碎石區 1 帳，但當我到現場時發現已經有第 4 帳了，營主表示是 4 帳。起初我選擇 D 區是因為想要一個較寬敞的空間，沒料到營區超載，而且隔壁露友的兩個小孩一直在我帳篷附近玩拋球，造成空間不足。我很在意空間，感覺被塞入一帳有點被欺騙的感覺。(照片中可以看到有 4 帳)

2. 接下來是洗手間，衛生紙堆滿的樣子不太讓人舒適。不過洗澡水是穩定有熱水的。

3. 碎石區沒有護草墊，對帳篷底部造成損傷，我之前住過的其他營地都有提供。

4. 飲水機供水量有些小，大概比滴水要快一點。

5. 傍晚時蚊蟲有點多，我沒看到前面露友提到的驅蚊線香。

6. 營區的垃圾桶只在少數幾個地方，而且沒有廚餘回收桶，這對於來自北部的露友來說可能有些不習慣。",2,1,-1,1533,,2023/05/07,0,負向
事先約好了，到了現場卻改變主意不做！他們說可以等待，最後卻還是不做，直接讓我們到灰塵飛揚的桌子區露營？回答問題模糊、蚊子多、環境髒亂！,1,1,-1,1542,,2022/05/07,0,負向
小黑可愛到不行...,1,1,-1,1547,,2022/05/07,0,負向
沙坑和球池都讓小朋友玩得很開心，熱水的溫度和水量都足夠，建議老闆在沙坑周圍裝個圍牆，以免風吹時沙子容易進到帳篷地墊。C區後有一條死水溝，那裡的小黑蚊很多，或許需要處理一下水溝，整體露營體驗感覺不錯！希望露營者能記得丟掉仙女棒的廢棄物，否則在營區很危險。老闆的後續清理工作可能需要更加仔細，以免小朋友遭遇意外。,2,1,-1,1585,,2019/05/07,0,負向
總體來說，露營區地點不錯，草皮養護得很好，景觀美麗，最上層還有餐廳。唯一需要改善的地方是晚上11點後，營主沒有管制音量，有可能會吵到睡不著，建議營主能夠有所行動，以提升露營品質，吸引更多優質露友。此外，離下山採購點的距離也不遠，大約15分鐘就有一間全家便利商店。,2,1,-1,1746,,2024/04/16,0,負向
總的來說，這個營地環境非常美麗，草地維護得宜，廁所也很乾淨。雖然有位友善的營主借了我們燈串，但最不能容忍的是營地周圍的狗大便問題。我們曾經提醒兩位帶了四隻大狗的小妹妹，但他們沒有清理而是離開了。我們只好自行處理，以免其他人不小心踩到。即使營地和營主都很好，但兩天被大便味圍繞實在讓人感到討厭。我們希望營主能重視並解決這個問題。,1,1,-1,1756,,2023/06/07,0,負向
在該區露營時，硬體設施和景觀都沒問題，不過帳棚區附近經常可以看到狗大便。我們的同伴在入住的第一天就不巧踩到草地上的狗大便，影響了晚餐的品質。第二天早上，同伴看到了遛狗的小女孩，告訴她應該清理狗便，但是小女孩沒有做任何處理。我們只好通知了營地管理員。結果在結帳的時候，小女孩又帶了幾隻狗來到我們帳篷附近，其中一隻大黑狗跑到草地上大便，還是三次。小女孩卻視而不見地離開了。雖然露營應該與大自然和諧共存，狗狗大便難免，但管理員是否應該保持旅客住宿環境的清潔呢？,1,1,-1,1757,,2023/06/07,0,負向
優點：1. 離三義市區很近，開車只需15-20分鐘。 缺點：1. 營區靠山路，早上半夜時有人在山上跑步，實在很吵。2. 整個營區有5-6層區域，30-40個帳篷的空間只有入口處有冰箱，這樣省成這樣值得嗎？夏天拿東西真的很不方便。3. 有些層數的營位太短或太窄，裝好帳篷後要放客廳天幕前景根本不可能，後面也沒有位置可以通行，建議營區主人不要為了賺錢安排得太擁擠。4. 營區主人種了一些橘子樹，1-5號沒人來露營時為什麼不修剪樹枝？卻偏偏在週末修剪，發動機的油煙和噪音真的很吵。,1,1,-1,1772,,2023/05/07,0,負向
這個地方曾經給人親切舒適的感覺，但隨著野心的膨脹，忘記了原本吸引人的特質......入場費雖然不算高，卻漸漸拉遠了和遊客之間的距離......,2,1,-1,1773,,2023/05/07,0,負向
蚊蟲很多，水溫變化很大，營區有許多狗在不停吠叫，廁所少讓人需要排隊。,2,1,-1,1778,,2023/05/07,0,負向
我們這次露營選在第九區，那裡的環境非常漂亮，營區整理得很乾淨，而且營區主人非常親切熱情。不過，因為周遭生態豐富，蟲子比較多，有時候會遇到藍鵲，甚至被牠們的尾巴掃到。還有很多會飛的小蟑螂和蚱蜢，草地很美但草卻長得太高，所以蟲子比較多。建議在廁所洗手台多裝一盞燈，因為早上會有施工的聲音，以及很大聲的蟲、鳥和狗叫聲，對於比較容易醒來的人要注意帶耳塞。另外，電力供應部分可能會有些問題，吹頭髮的時候會發生閃燈現象。如果營區的範圍蠻大，要記得帶一條長一點的延長線。以上僅代表個人經驗，對於害怕蟲子的人可能不太建議。總括來說，我會給這個營區兩顆星，主要是因為環境美麗，而且營區主人待人親切。,2,1,-1,1781,,2023/05/07,0,負向
草地雖然長得茂盛，但排水情況不佳，所以腳底沾滿泥濘！戶外總是有各種昆蟲在飛舞跳躍，但居然還有蟑螂爬上桌子下竄，這也太誇張了！養狗的話要好好控制，否則對著客人亂叫，小孩嚇到跑開跌倒，這該怎麼辦？這樣的經歷一次就夠了，謝謝。,1,1,-1,1782,,2023/05/07,0,負向
營地的花草維護得不錯，但因為下大雨，整個營地都變成了泥濘，帳篷區也淹水了。24小時以來我們的腳一直濕濕的，還有好多小飛蟑螂，內帳外帳都有，場地的帳篷也都被泥水毀了。環境很美，但因為沒有其他服務，只是開放收費就讓我們進來，所以只能給兩顆星。總體來說，如果天氣下雨，不推薦來這裡，而且如果租不到木棧板區也會有很多蟑螂，所以只能給1.5顆星。,2,1,-1,1783,,2023/05/07,0,負向
不建議入住此處，因為老闆態度欠佳，若您有攜帶寵物需求，建議事先致電確認；此外，入住時被要求支付300元；浴室衛生狀況差，水龍頭溫度不穩定，且有異味。總括而言，不太推薦入住此地。,1,1,-1,1786,,2022/05/07,0,負向
營區裡蚊子真的超級多！而且提供的冰箱味道重，冷度也不夠，保冷磚放了一整晚還是沒有結冰。,2,1,-1,1788,,2022/05/07,0,負向
整體環境不錯，沒有什麼可以挑剔的地方。設施齊全，唯一讓人無法接受的是在2021/11/20（週六）露營時，有一區超過晚上10點還在放音樂、大聲喧譁和打電話。向老闆反映後，老闆只說讓他們小聲點，但噪音一直持續到23:30，導致無法入眠。如果不是這一點的話，整體評價會給予四顆星。,2,1,-1,1795,,2022/05/07,0,負向
營地管理者十分熱情！會帶著狗來「關心大家」並順便讓狗方便一下，（可能是來點人數和帳篷數）。,1,1,-1,1798,,2022/05/07,0,負向
營地主人很友善，環境也十分舒適，但晚上的蟑螂實在太多了！而且它們還會飛，太嚇人了！其他的昆蟲如螂蟻、昆蟲等還可以接受，但整晚抓了二十幾隻蟑螂實在太誇張了。原本美好的氛圍被破壞，希望能改善這個情況。,2,1,-1,1820,,2021/05/07,0,負向
營主很友善，主動告知大家可以喝青草茶，草地很美麗翠綠，晚上可以看到美麗的星星！然而這三天有許多會飛的小蟑螂讓人感到不舒服，牠們會飛到食物、人身上和帳篷上，讓害怕蟑螂的同伴無法放鬆。我們一直留意食物和餐具，避免被蟑螂爬過；各營區間距離很近，聲音傳播比較明顯，擔心會打擾到別人；下方營區偶爾會飄來刺鼻的廁所味道，但不常見且不持續很久，所以沒有告知營主。開車很輕鬆，冰箱足夠大，大多數露營者的需求都可以滿足，但對於害怕蟑螂或較在意隱私的露營者可能需要多加考慮。,2,1,-1,1821,,2021/05/07,0,負向
在這次露營經驗中，我們選擇了三號區，營主非常熱情友善，但是遇到太多會飛的蟑螂！其他的蛾、大螞蟻、蒼蠅和蚊子都還好，但是那些會飛的蟑螂真讓我崩潰。另外，廁所區的異味也很難忍受，衛浴設施稍嫌不足，燈光昏暗，而且吸引了不少蟲類。營區空間狹小，與其他帳篷相距很近。建議怕蟑螂的人三思而後行，不怕蟲的話，這個營地仍然是個不錯的選擇。但對我來說，我實在太怕蟑螂了，尤其還會飛！這次露營完全無法放鬆，一直保持高度警戒，因此只能給一顆星⋯⋯,1,1,-1,1822,,2021/05/07,0,負向
明明已經進到露營區找朋友了，為什麼還需要付費？,1,1,-1,1837,,2020/05/07,0,負向
老闆在過年前一星期告訴我們，我們的包區會比原先多一個帳篷，我們雖然不太開心，但還是接受了老闆的安排。然而，在跨年連假時，竟然硬是塞進了三組陌生人到我們的包區，對方聲稱也是透過app訂位系統預定的。後來查證才發現是營主沒有確認這三組客人的身份就讓他們進入我們的包區。這讓我們感到委屈和不舒服。,2,1,-1,1867,,2018/05/07,0,負向
這段描述的主要問題是營區環境很好，但因為狗屎問題而影響了整體體驗。希望營主可以重視這個問題，以免讓其他露營者受到困擾。,2,1,-1,1887,,2023/05/19,0,負向
這裡曾經是我們同學每年聚會的好地方，但近來似乎主人經營太忙，忽略了原本敬業的心。連假前的檢查都草草了事，甚至忘了檢查民宿和浴室的瓦斯供應。這次露營竟然沒有熱水，讓人感到失望，與其誠摯服務的初衷背道而馳。如今過於著急想收費，甚至當客人面詢問兒子是否收到錢。建議如此不信任客人的話，可能應該考慮停止營業，專注經營自己的空間，以免受騙。我們不是挑剔的顧客，但因為曾經這裡舒適溫馨的形象值得珍惜。無論是否理會我們，如今有許多住宿露營的選擇，不值得我們花錢在缺乏熱情的地方。,2,1,-1,1892,,2022/11/22,0,負向
浴室的水龍頭水溫不穩定。寵物是禁止帶進去的，或者帶進去也不收費。,2,1,-1,1905,,2022/04/18,0,負向
營地老闆任由自家的狗亂吠，讓晚上被吵得無法入眠。雖然可以攜帶寵物，但要支付300元的清潔費有點無法接受。山上氣溫很低，但浴室的水龍頭時冷時熱，差點讓人感冒。廁所和浴室有些不太乾淨，希望營地老闆能夠改善一下。,2,1,-1,1906,,2022/04/18,0,負向
在半山腰的風景雖然優美，但因為缺乏用心經營和規劃，失去了原本美好的景象。抵達營地後，發現並非每個帳篷都有護草墊，管理員告訴我們，大部分已經破損並被丟棄，建議我們去其他地方尋找。雜草叢生，地面布滿碎石，稍微下過雨後到處都是爛泥，幸好雨勢不大，否則可能水淹營區。晚上洗澡時，沒有熱水且水壓不足，搭配上忽冷忽熱的問題。跨年連假期間營位滿滿，廁所有點很髒，垃圾桶滿溢，散發出濃重尿騷味。只有一區有垃圾桶，需要走一段路才能找到，相當不方便。退營當天中午12點離開時，發現已經沒有水可使用，浴室的水已被關掉，感覺相當差勁。停車場未規劃，車子亂停，整個營區看起來有些像難民營，人擠人的感覺十分明顯。,1,1,-1,2171,,2024/01/07,0,負向
這裡有很多蟲，還有蜜蜂....但只有一支吹風機。,1,1,-1,2172,,2023/11/07,0,負向
這間露營區不太推薦，因為他們的管理態度比較嚴格，要求在中午12點前離開，甚至會在早上10點半來提醒。而且還有出現在11點46分就把水電和冰箱關掉的情況，讓人覺得體驗不是很好。,1,1,-1,2173,,2023/05/07,0,負向
隔壁的聲音很大，大家都受影響，無法入睡。,2,1,-1,2174,,2023/05/07,0,負向
因為預定分開，園區管理人員將我們錯誤安排到別人預定的營位，包括租借客廳與帳篷的露營者。一開始大家以為是夥伴租的，於是搭起帳篷，但後來被告知搭錯地方，於是在大雨中搬遷到正確區域。這次營地管理差錯，讓露營體驗變得非常糟糕。浴室大且熱水充足是優點，但道路狀況差、排水問題讓帳篷進水、氣墊床濕掉是缺點。,1,1,-1,2177,,2023/05/07,0,負向
露營區風景優美且寬敞，因位置稍高，五月底前往不會太熱。我們選擇G區，但廁所不太乾淨，晚上九點左右無法使用浴室的熱水，需自行調整。洗澡後吹風機沒電，洗手台沒水，且有許多大蚊子和飛蟲。被蟲叮眼睛腫，需就醫，營區負責人一開始主動處理保險事宜，感謝。但後續沒下文，未積極聯絡，整體經驗不佳。,1,1,-1,2179,,2023/05/07,0,負向
該營地的環境很美，但是棧板較小，僅適合300帳以內。浴廁設施較不乾淨，3月份有許多蟲和飛蛾，每個浴室和廁所都有些許垃圾，地面鋪設磚瓦，浴室和廁所分開，水壓弱且不穩定，水溫波動大，排水不太順暢，浴室內的椅子和水桶有一些霉斑。另外，備註：1.水槽旁缺少垃圾桶，稍嫌不便利。2.週日離營時，營地主人清潔浴廁時排出的水直接流到C區帳篷位置。3.許多營位靠近道路旁邊。,2,1,-1,2181,,2022/05/07,0,負向
"1. 上山的路沒有打理過，到處是枯枝和雜草，開車很困難。
2. 營區的設施（如熱水和電力）無法應付連續假期人潮，承載不住。
3. 電壓不穩，時常跳電，燈泡閃爍不已，根本無法使用，建議多帶幾個充電的LED燈。
4. 熱水溫度非常不穩定，燒熱後未等待20分鐘就冷掉，接著又變成冰冷的，實在無法忍受，建議中午洗澡或外面先洗淨再進來。
5. 營區道路泥濘多坑，下雨時尤其糟糕，徒步到主要設施或廁所時，腳底會弄得又濕又髒，非常不便，建議穿好靴子。
6. 還有許多風景優美的營地可供選擇，感受到營地管理者並沒有盡心經營，或許考慮前往其他營地。",1,1,-1,2184,,2022/05/07,0,負向
這個地方有很多蒼蠅，洗澡的水溫要麼太燙要麼太冷，滑草時感覺心情很低落，游泳池的水看起來很骯髒，周圍垃圾堆積在帳篷附近，整體環境除了差沒有其他優點，總之非常糟糕，給一顆星都太多了。,1,1,-1,2185,,2022/05/07,0,負向
訊號很差，還有一些人以為自己唱歌很棒，然後一直唱得很難聽、很吵。如果沒有事，請不要來了，不然你會後悔一輩子。,1,1,-1,2186,,2022/05/07,0,負向
這個露營區的山路很危險，進出露營區的路徑非常不好走，路上長滿了雜草，路很窄，幾乎無法雙向通行，路旁的樹枝和竹枝會不斷擦傷車子，遇到對向車輛時，情況就像黑羊和白羊在獨木橋上一樣，有很高的損車風險，除非你是專業的駕駛高手。,1,1,-1,2189,,2021/05/07,0,負向
浴室狀況不佳，電力問題也頻繁，管理人員表示延長線可能有問題造成使用困難。營地排水不良，小雨一下就積水嚴重。,1,1,-1,2194,,2021/05/07,0,負向
今天晚上廁所很骯濟，垃圾桶都滿了。洗澡時沒有熱水，而且從週日（2020/09/20）早上起，整個營區的水槽都沒水。,1,1,-1,2198,,2021/05/07,0,負向
在G區，冰箱的冷凍溫度設定成冷藏，而冷藏的溫度卻是常溫。當把蛋撻放進去時，意外地發現螞蟻在食材上爬來爬去。園區回應表示冰箱沒有問題，只是額外提供的設備，而且每個區域的間隔都很小。過於頻繁跳電，讓人忘了取食材，結果只好丟掉。即使當天沒有回電，隔天再次聯繫後告知所有東西都丟掉了。後來又改口說沒有看到東西。前往的人需要三思而行，因為處理事情的方式讓旅遊心情大受影響。,1,1,-1,2203,,2021/05/07,0,負向
這個露營地的衛生環境並不滿意，冰箱也很髒，看起來管理不周全，應該先做好規劃再開始收費。,1,1,-1,2211,,2020/05/07,0,負向
這次露營經驗真的讓人失望，場地太擁擠，帳數收費過高導致停滿了車子，帳篷附近缺乏活動空間。廁所整潔度待加強，洗澡水壓不穩、水溫忽冷忽熱，馬桶常沖不下去，使用上困擾。泳池只用了一天，第二天就被告知水量不足，孩子們很失望。電壓也不穩，我們在中秋連休露營期間三次跳電，感到相當無奈。大草原空間不錯，但滑草處危險，有人因帆布破裂被刮傷。景觀優美，但只有第一排能看到，後方全是擁擠的車輛和人群。冷藏冰箱壞掉，只剩冷凍櫃，塞滿不詳，內臭味濃重，缺乏管理。總之，營地管理不當，讓人十分失望。,1,1,-1,2224,,2020/05/07,0,負向
在G區碎石區下雨時的情況非常糟糕。最讓人難以接受的是當晚跳電三次，而且整個G區兩個淋浴間的熱水都很奇怪，不管怎麼調整或等待，都只有溫水而已(雖然我本來對冷水比較不敏感)。那天的天氣應該至少在15度以下，再加上下雨，真的讓人感覺服務態度不夠好... 另外，水源地點都集中在衛浴旁，所以清洗東西時要走一段路，特別是下雨的時候更是不便。我露營次數不少，也遇過冷又下雨的情況，但這次真的是最糟糕的，前所未有。,1,1,-1,2238,,2019/05/07,0,負向
電壓不足的話，可能會造成衛浴設備使用上的困擾；廁所旁的水槽設計有些不方便，尤其在下雨天刷牙洗臉時需要打傘；而缺乏遮雨棚的設施可能讓人感到有點失望。,2,1,-1,2259,,2018/05/07,0,負向
去營區的上山路況很糟糕，非常危險，無法會車。建議營主應該限制上山及下山的時間，因為山路狹窄且路況良好。隨身攜帶著許多露營裝備，且有孩子同行，真的存在極高風險。營主似乎沒有考慮到安全問題，強烈建議不前往。,2,1,-1,2291,,2021/05/02,0,負向
我了解。您原本精心選擇了F區，但由於其他客人的原因，被迫調到了C區。對於第一次來的客人來說，不熟悉這個營區的營地位置，一直到看了區域位置圖才了解自己已經離開原本預訂的區域。對於原營區劃分的區域意義不明，似乎需要事先與營長溝通過。,2,1,-1,2362,,2018/05/07,0,負向
這個地方的位置比較偏僻，所以吃飯和購物都不是很方便。解決這個問題的方法可以有幾個：一是在這裡販賣一些食物；二是多請一些人手幫忙；三是管理住宿者的素質，避免他們大聲喧嘩，或者過了12點還在吵鬧；最後就是要檢討一下價錢是否過高。,2,1,-1,2400,,2017/08/29,0,負向
因為訂位後收到電話說要讓位給另一團更多人，感覺很不舒服，表達了不滿並決定取消，熱情一下子消失了。,2,1,-1,2561,,2019/05/07,0,負向
營區的衛生狀況有些需要改善，有許多螞蟻和爬蟲，廁所有很多小蟲，也沒有提供衛生紙，洗手台晚上沒有燈。,2,1,-1,2576,,2023/10/09,0,負向
最近地震頻繁，而且有大雨，造成人們擔心山區落石。民眾被建議不在此時上山，政府也呼籲不要冒險。原本計畫在螢火蟲季到梅花梯田觀賞螢火蟲，但營主提出延期或退費的建議讓人不滿。其他營地取消訂位手續費只需200元，唯獨梅花梯田的處理方式引起爭議。,1,1,-1,2715,,2024/04/30,0,負向
整體來說，園區環境算整潔，廁所衛生狀況良好。但美中不足的是G區與衛浴廁所距離過遠，且冰箱也離得很遠。若需要取食材時要來回奔走，相當辛苦。此外，G區僅有一間蹲式廁所，對小孩來說不太方便，可能會出現在無人處就隨地大小便的情況。山區蟲蟲當然屬於自然現象，但出現不知名會叮人的大螞蟻，讓人覺得很不舒服，回來後腳上還會感到刺痛。在露營次數眾多的情況下，第一次遇到帳篷限制只能容納四人，若人數超過則需額外支付費用，而且不論年齡，只要人數超過四個就要繳費。,1,1,-1,2717,,2024/04/07,0,負向
營地周圍不僅有帶刺的植物造成不方便和安全隱患，還有枯腐的植物散發出一些異味，並且有些小昆蟲。不過，小水池還是可以提供一些小孩拍照的機會。,1,1,-1,2749,,2023/05/07,0,負向
出入道路有明顯高低差，建議駕駛較低底盤車輛注意。共有六間衛浴供七個區域使用，其中兩間衛浴供十個以上的營區使用，請留意特定區域使用時間，以免干擾其他露營者。在人數眾多或有許多小孩的情況下，洗澡可能會稍感壓力。營區提供Wifi，但您可能無法連線，且手機訊號可能不佳，這可能會造成與同行朋友聯絡上的困擾。,2,1,-1,2775,,2022/05/07,0,負向
對於這個露營區的第一次體驗，包括A區和B區的三天兩夜，要先說，這個營區位置較低，路況較差，露營區規劃也有些可惜。開車進入營區需做好心理準備，停在外部的石子地後，再將裝備搬進去。如果營位在內側，需要遠遠地拖著東西走。營區訊號不好，提供的wifi 也連不上，衛浴設施太少，有時間限制。同時，ABC三區共用一個廁所，14帳的情況下顯得壓力重重。此外，洗手台的燈在晚上十點就關掉了，只能在暗中洗碗。總的來說，這次的體驗似乎讓人沒有二次造訪的打算。,1,1,-1,2776,,2022/05/07,0,負向
營區只有一個冰箱，所有人都沒地方放東西，預備的德式香腸整包都不見了。這個營區管理得一點都不好，一早起來心情就很差。不吃了，在山下吃好的，以後就不再來這裡了。,1,1,-1,2778,,2022/05/07,0,負向
這個地方的草太長了，不僅長到黑墊上都有蚊蟲，這麼多蒼蠅真的不尋常。我露營這麼久第一次遇到這麼多蒼蠅，早上八點就被蒼蠅擾醒，整天都在貼滿五張紙，用電風扇吹也吹不走，整群整群的，直到晚上六點才終於消失。浴室很寬敞，水池也不錯，只是蒼蠅真的太多了，太誇張了。,2,1,-1,2803,,2021/05/07,0,負向
這裡超擁擠，連走道都擺滿了帳篷。,1,1,-1,2822,,2020/05/07,0,負向
營區空氣品質優良，但霧氣很濃，夜間不建議外出。營地主人很友善，但營區的規定較為嚴格，且水壓和水溫不穩定，洗澡時可能會中途遇到冷水。營地主人的太太當天可能有些心情不佳，臉色不太好看。在周日結帳時提前告知超過時間將需要支付罰款，這點可能需要改進，建議加入一個緩衝時間，例如離開時間延長一小時才需要罰款。罰款可能會影響露營者的感受，建議營區應確保罰款政策合法性，只有執法機關才有權力處罰。以上是一些建議，希望對營區的改進有所幫助。謝謝您的回覆！,2,1,-1,2828,,2019/05/07,0,負向
進入營地的山路狹窄且難以通行，坡度陡峭，建議不要駕駛水溫不穩定，洗了一半變成冷水，一邊洗一邊發抖。,1,1,-1,2829,,2019/05/07,0,負向
不建議不車況不良的人開車前往山區，因為山路陡峭且不適合夜間行車。營區的管理者有許多規定，不過廁所保持得很乾淨，而且設備齊全，還配有冰箱。,2,1,-1,2836,,2019/05/07,0,負向
水壓、水溫和電壓都不穩定，而且黑沙坑的水池很小。鄰居有一片果園...整個家庭都處在困境中（見圖）。,1,1,-1,2837,,2019/05/07,0,負向
這個營地蟲蟲真的太多了，到處都是蟲和蛾，洗澡時更是吃不消，蟲在身上飛來飛去。冰箱位置也太遠了，裡面居然也有蟲！整個營區只有一個公用冰箱，衛生情況很差。,1,1,-1,2987,,2022/05/07,0,負向
下雨時積水跟泥濘確實令人擔憂，我們扎營時幸運地避開了雨水，但一旦開始下雨，水就無法順利排走且源源不斷流進帳篷裡。,1,1,-1,2992,,2022/05/07,0,負向
這個露營地好像常常有很多吵鬧的人群，不管是特別容易吸引到吵鬧的團體，還是這些吵鬧的人群之間有流傳到這個營地就會被縱容吵鬧的說法。現在已經是半夜1-2點，雖然是星期六，但他們仍然以很難聽的唱卡拉OK的方式在持續吵鬧，整個山頭都聽得到他們的聲音。另外，我也曾經在兩三點的時候被一群人吵鬧聊天的聲音打擾，連在遙遠的地方都還可以聽到有人在呼喚他們家的狗回來。聽到他們露營地的狗亂吠！我的白蘭露營經驗並不多，但卻遇到過很多次這個營地容忍吵鬧的情況！我嘗試和營地負責人溝通的經驗也顯得無效！,1,1,-1,3006,,2022/05/07,0,負向
天氣預報顯示下週會有大雷雨，已提前詢問是否能延期，但營主未允許改期。另外，場地偏遠、沒有景觀，排水設施差，廁所也非常骯髒。建議各位不需特地前往這裡，連一顆星的評價也不值得。,1,1,-1,3058,,2019/05/07,0,負向
這個地方不宜推薦，排水狀況差，廁所十分髒亂，且缺乏管理。,1,1,-1,3059,,2019/05/07,0,負向
草皮積水很嚴重！應該要有人管理衛浴設施。,1,1,-1,3060,,2019/05/07,0,負向
儘管訂場有一些規定，如果你沒繳訂金就算了，你為什麼要那麼擔心呢？小朋友得了腸病毒，你也不需要那麼生氣嘛。,1,1,-1,3075,,2019/05/07,0,負向
營地環境不佳，積水問題嚴重，泥濘不堪，場地狹小且擁擠，車位規劃不足，服務也有待改善。,1,1,-1,3101,,2017/05/07,0,負向
"1). 衛浴雖然有乾濕分離，但廁所空間有待加強。  
2). 帳篷擺放稍嫌密集，無法享受大草地活動。  
3). 露天區域未限制攜帶寵物，致使半夜狗狗吠叫，早晨發現草地上充斥狗便情況！",2,1,-1,3199,,2021/05/07,0,負向
營位費一直在變動，漸漸變得越來越貴。,1,1,-1,3204,,2021/05/07,0,負向
營地管理收了我200元清潔費，但卻沒有提供任何服務！有些人只是想在露營時和親朋好友聊聊天、打打屁，就要被收200元！營主啊，收費有點過高了吧！,1,1,-1,3205,,2021/05/07,0,負向
"1. 這個地方的景色很美，草坪看起來很漂亮。
2. 帳篷都貼得很近，人多擁擠，小朋友沒有空間可以奔跑。（感覺像在搶錢）
3. 收費是1200元，還會發生停電的情況。
4. 總結：如果要收1200元的費用，應該限制帳篷數量；營區的電力系統也需要改善，一晚上停電3、4次讓人難以忍受。不會再來這裡了。",2,1,-1,3214,,2021/05/07,0,負向
在這個隱秘的營地，雖然草地很大，但每個帳篷收費卻有著嚴格的規定，而衛浴設施看起來很豪華，但實際使用起來卻冷熱不定，讓人感到非常惱火。這樣收取高昂的費用，卻提供這樣糟糕的服務，真的讓人很討厭。,2,1,-1,3267,,2019/05/07,0,負向
"1. 環境保護做得相當不錯。
2. 可以訂購披薩和石鍋拌飯，無需自行準備食物。
3. 沒有美景可欣賞。
4. 入場時間為下午2點，退場時間為中午12點，規定過於嚴格。
5. 每帳1200元，若提早入場還需額外支付100元，性價比不高。以上為後花園區的情況。",2,1,-1,3278,,2018/05/07,0,負向
人口稠密，像是難民營一樣。,1,1,-1,3321,,2017/05/07,0,負向
營地業主的態度很差，當我只是讓車子發動一下時，業主就問：為什麼要發動車子？難道連這個也要報備給業主嗎？另外，當我在洗澡時，業主正在清理浴室，他已經清掃好前面兩間，但第三間還沒有清掃，竟然要我去洗第三間。為什麼要付相同的費用，別人洗乾淨的浴室，我卻要去洗第三間，而且熱水還不穩定。這樣不為露營者著想的營區，我是不會再第二次造訪了。同行的朋友洗完澡後三個人都過敏，洗手檯的水非常濁，感覺連碗都洗不乾淨。晚上12:30還有露營者自彈自唱吉他，打電話和傳訊息給業主也沒有人理會。隔天早上業主說他睡著了，需要去敲門才能叫醒他。如果今天發生火災，你還會在裡面睡得那麼沉嗎？真不知道這個營地是怎麼得到高評價的，想去的露營者自己好好考慮吧。,1,1,-1,3335,,2024/03/07,0,負向
8/26-27去露營的時候，老闆一來就說你們看起來很興奮，晚上10點後請保持安靜，否則會被請出去。雖然老闆可能是在開玩笑，但我們覺得這不是一個好的營地主態度。在交談過程中有幾次讓我和朋友感到不太舒服，比如說：“雖然我知道你們不會再來了。”儘管營地位置不錯，但我們還是想提醒老闆和老闆娘要和氣待人，這樣才能促進生意，不然的話就真的沒戲唱了。,1,1,-1,3356,,2023/09/07,0,負向
在進入營地前，營地的主人就已經不允許進入，並且態度極差，對你發出了警告。,1,1,-1,3413,,2022/05/07,0,負向
我們今天很高興，早上十點半抵達營地。當打開車門，告訴營主我們提前預約了今天。營主臉帶不悅地回應，指出我們提早抵達，雖然我們重申並沒有訂購營位，只是想先在附近逛逛。營主一再強調要一點才能進入，讓我們感到困惑。我們只是想放鬆一下，卻不斷受氣，看營主臉色難看了三天。我們提醒營主檢視自己的態度，不要反過來說是我們的口氣有問題，實際上是營主的態度和口氣有問題。我們不是第一次露營，也沒有自誇自大，從來沒有聲稱自己是老大。但營主卻似乎自認為是老大，無法好好溝通嗎？難道整個山頭都是他的嗎？互相尊重是基本原則，他尊重過我們嗎？誰本來就知道他的營區不允許停車呢？,1,1,-1,3435,,2021/05/07,0,負向
傍晚的蚊蟲很多，營區下有3到4隻狗狗一直吠叫，還有鄰居家的小孩從傍晚一直吵到晚上10點多都不休息，確實很讓人困擾。另外，營區的廁所設施很舊，洗澡間無法上鎖，廁所沖水設備也損壞了。除了風景之外，這個營區確實不適合推薦。,2,1,-1,3570,,2023/11/07,0,負向
原本因為下雨延期的露營活動，到了當天早上打電話再次確認時，營主竟然忘記了？？？他讓我們直接到現場搭營，但結果到了現場卻聯絡不上他，只看到他的爸爸在。問了好一陣子也沒得到明確答案，最後還好有位好心的客人讓出一個位置給我們。這位營主實在太不負責任了，第一次露營就碰到這樣的情況，真的是很不可思議。,1,1,-1,3573,,2023/06/07,0,負向
"優點：浴廁乾淨，熱水溫度足夠。

缺點：熱水供應時間僅到晚上10點，對夜間洗澡不太方便。半夜和清晨羅馬公路上飆車族的聲音很吵，營區下方還飼養了四隻狗，一有動靜就亂吠。假日一早7點多竟然有人在使用割草機除草。這三個問題足以讓人無法好好入睡。另外還有一隻叫黑糖的狗，清早竟然跑到營區內的帳篷旁尿尿，直到結帳時才發現，真的令人感到困擾！",2,1,-1,3576,,2023/05/07,0,負向
營地觀景台前方的竹子和雜草長得亂糟糟的，擋住了景觀。營區隔壁的鄰居整晚唱歌吵到很晚，早上又開始用電鋸施工，瘋狗一直亂叫，還有一群人在深山林裡大吵大鬧，讓露營區變得很可怕。,1,1,-1,3578,,2023/05/07,0,負向
冰箱只能吹送風，向維修人員反映後，卻被告知冰箱有冰耶。自來水品質不佳，打開水龍頭出來的水跟泥土一樣。,1,1,-1,3587,,2022/05/07,0,負向
這個地方很小，道路很窄，洗手台很髒亂，樹葉滿地，看得出來營主沒有很用心整理。晚上還有包區的人在辦派對，吵到半夜，讓人難以入睡。還有原定的活動都取消了。環境惡劣，沒有任何吸引人的地方，不會再第二次光臨。,1,1,-1,3595,,2022/05/07,0,負向
帳篷區塞得滿滿的，完全超出了預期！沒有沙堆，也沒有水池，更沒有射箭場⋯只能參加搗麻糬活動。下方的營區辦著電音派對，兩天兩夜的動滋動滋音樂持續不斷，營主在出發前兩天才通知！真是無言，我們不是去聽音樂的～難道不應提前告知嗎？,1,1,-1,3597,,2021/05/07,0,負向
這個營區原本說可以搭7帳，但實際空間只能容納4-5帳，真的太擁擠了。而且在網路上有說有沙坑、戲水池和射箭場，但看起來都荒廢了。唯一乾淨的地方可能就只有廁所了，還有搗麻糬的活動。而且下面的營區還在辦電音派對，動滋動滋的聲音持續了3天2夜。營主也是在露營前兩天才通知大家，這讓很多人感到意外。第一次給這個營區這樣的評價，希望他們可以改進。,2,1,-1,3599,,2021/05/07,0,負向
防蚊液、止癢藥和開水龍頭都無法有效避蚊叮咬，小黑蚊實在太多了。,2,1,-1,3613,,2021/05/07,0,負向
露營區的一些客人行為不太理想，清晨6點就開始洗碗發出聲響，7點又吵鬧不休，還讓小孩大聲尖叫。,1,1,-1,3622,,2020/05/07,0,負向
位於水源地附近，可能會對環境造成影響。,1,1,-1,3631,,2020/05/07,0,負向
營地只想賺錢，但營主卻面對不自重的露友，凌晨一、兩點還大聲喧嘩、大放厥詞，逃避處理方式，嚴重影響其他同樣付費卻守規矩的露友權益！即使硬體設備再好、風景再美，也只是白費上帝的賜予！,2,1,-1,3726,,2018/09/15,0,負向
遇到很不愉快的狀況！我本來跟營主訂了C區的水泥雨棚，後來營主卻打電話告訴我旁邊還有一組要訂6帳（共8帳），他們要晚上用可能會比較吵，但我說沒問題。後來又打電話告訴我要改成8帳，要我去B區的碎石雨棚，完全沒有徵求我的意見，甚至爭辯說他們8帳總不可能讓他們1帳去別的地方。老闆，我當初指定要在C區訂雨棚是因為我喜歡那裡，不是你叫我去哪我就去哪！希望你也能尊重一下我的想法！,1,1,-1,3767,,2024/04/30,0,負向
這個露營經驗讓人感到非常不愉快，尤其是洗冷水澡的情況。主辦方的態度和應對方式也讓人感到失望。在這樣的環境下，真的難以享受假期愉快。這也提醒了我們在選擇露營地時要格外小心，以免遇到類似的問題。,1,1,-1,3781,,2023/12/07,0,負向
感覺很差，營業人員只會把責任推給客人，多說無用。,1,1,-1,3782,,2023/12/07,0,負向
我的三天兩夜露營經驗並不愉快。第三天清晨，營地負責人告訴我們必須在中午12點前結算費用，但他卻重複提醒我們兩次，並在早上10點開始結算時突然沒有水。營主解釋是因為下雨造成了供水阻塞，我一度以為是營主為了讓我們趕快離開而刻意中斷水源。這樣的觀點讓我對這次露營體驗感到非常不滿，我想我應該不會再去那個地方了。,1,1,-1,3824,,2023/05/07,0,負向
露營區收費高達三百元，覺得有點不合理。他們似乎一直在巡邏，好像在抓小偷一樣。來到臨26溪遊記後，真是浪費了四天的連假⋯營區的管理者態度不友善，除了沙坑，孩子們根本沒有其他地方可以玩。小孩第一次去露營就說無聊，唉～ 我們的車子來了去十幾次？這樣說：「停車費三天總共多付了1800元」，他們怎麼可能設計露營區讓客人不想來呢？評分都是在騙人的，怎麼一天後就多了五顆星？未經同意就擅自錄影車牌並發佈到公開網站上，已經請家人律師處理！業者還留言說付不起就去免費的野營？？？,1,1,-1,3833,,2022/05/07,0,負向
整體環境還可以，不過不時會有人巡邏，看有沒有訪客。如果有訪客的話，每台車要收300元，並且要一台一台錄影作為證據。儘管這不是問題，但他們的態度令人不滿。我還沒遇過停車費收得這麼勤的營地主人。最後離開時，營地的員工要我們還原護草墊，我們當然很樂意。但他們的態度有待改善，不能好好說話。第一次回答時還不承認有錄影車輛，後來卻展示了車輛的錄影。他們還說唱歌影響其他露營者的品質，但當時才晚上7點，也只唱了兩三首不大聲的歌曲。不確定是否真的有其他露友反應，而且他們的態度也不友善。,1,1,-1,3834,,2022/05/07,0,負向
在這個露營區，每天露營位收費為800元，訪客停車每輛要收300元，且還需不定時巡查收費。朋友來訪只是短暫停留，卻也要收取300元。這次露營停車費總共花了1800元。老闆態度不友善，讓人感受不到親切。或許這裡沒有下次了。,1,1,-1,3835,,2022/05/07,0,負向
不是下雨天讓人害怕，而是因營地規劃不佳、排水不良，造成一旦下雨就會出現滿地泥濘的情況。這時鞋子容易陷進爛泥巴裡，小孩和狗都只能被困在帳篷裡，實在十分可惜。,2,1,-1,3842,,2022/05/07,0,負向
營區情況糟糕，營主態度差，有很多2-3公分大的虎頭蜂，讓人很害怕。營主不處理問題，還把責任推給客人，說是他們招惹的。請問，虎頭蜂晚上出沒是正常的嗎？今晚陸續來了20-30隻，如果今天有小孩被叮到，你能承擔嗎？要去這樣的營區，請三思！,1,1,-1,3844,,2022/05/07,0,負向
這個地方不太建議去，因為營區裡有虎頭蜂。營地管理者處理這個問題的態度非常消極，還把責任推給我們說要噴香水。蜜蜂來這裡已經三天了，因為我們營地上有一棵花蜜很香的樹，蜜蜂日夜都在採蜜。因此，如果要選擇前要三思，以免花了錢還找罪受。,1,1,-1,3845,,2022/05/07,0,負向
車子的噪音真的很吵！早上五點就完全被吵醒睡不著，另外廁所的數量太少，總是需要排隊。不過營地老闆人很好，很親切！,2,1,-1,3979,,2023/09/08,0,負向
在靠近水庫和羅馬公路的地方，晚上車聲很大，讓人難以入眠。除了B區以外，其他小帳篷區的位置都很狹小，彼此之間距離太近。建議營地主將CD區劃分為ㄧ區，這樣會比較適中。但由於衛浴廁所數量有限，需要洗澡的人應該抓緊時間。,2,1,-1,3984,,2023/05/08,0,負向
臨時被換到另一個位置，但面臨了一些問題：1.地板上雜草叢生 2.當廁所有多人同時使用時，熱水很快會用完 3.四周環境昏暗，半夜起床上廁所很不方便 4.屢次發生跳電的情況...,1,1,-1,4048,,2021/05/08,0,負向
環境很優質，因為在複育螢火蟲的過程中沒有使用殺蟲劑，所以小黑蚊變得更多了。,2,1,-1,4097,,2018/05/08,0,負向
這裡的廁所和浴室保持得相當乾淨，但這裡使用的水是山泉水，所以顏色可能偏黃且稍微濁濁的。另外這裡沒有提供飲水機，需自行準備水源。螞蟻和蜘蛛網比較多，要注意避免碰觸。露營區的樹之間空間比較狹窄，停放和開車會比較困難。儘管如此，夜晚聽著河水聲音入睡感覺還是相當愉悅的。,2,1,-1,4176,,2024/04/07,0,負向
這個地方的設施還有待改善，尤其是熱水供應不穩定，冬天使用起來有點困難。但宮廷帳的設計值得稱讚，整體環境倒是不錯。,2,1,-1,4179,,2024/03/07,0,負向
只有一個區域有廁所和浴室，許多區域都需要走一段路才能到達，幾個浴室溫度時冷時熱，有時燙有時冷，或者溫度不夠。整個區域29房只有一個冰箱（而且晚到的冰箱根本沒有冷藏效果），同樣位於廁所附近。如果喜歡健行，可以來此地，讓您保證樂在其中。此外，營區主人非常嚴格禁止外來車輛和訪客，即使忘記帶東西，朋友也無法送入，必須在門口交接。無論您帶進的物品多大多重，都無法例外。另外，營區沒有飲水機，請務必自行攜帶足夠的水。,2,1,-1,4181,,2024/01/07,0,負向
這個營區的狀況不太好，營位周圍有很多小黑蚊，只能用蚊香驅趕。營位沒有洗碗檯，只有左右兩側各一個，相當不方便。廁所位置大多偏遠，環境潮濕，步道容易滑倒。廁所外放置衛生紙，但其他生活垃圾收集點在廁所附近，環境老舊，坑洞很多，晚上沒有燈光，需要自己小心行走。整體環境不如照片中看起來美好，所以沒有提供照片。,2,1,-1,4182,,2024/01/07,0,負向
基本上，我們願意接受使用者的付費。營地主人的態度讓人印象深刻，但對金錢比較謹慎。如果網頁上沒有提到的內容，我們會不收費進行討論。該使用者在兩天內來了幾次，但對待收費的態度讓人感到不悅。對於提出的問題，回答卻有些含糊，想請另一位人員解釋？雨棚的設施很好，但下雨時水流卻會流向雨棚內？設施和場地的規劃有待加強。值得一提的是，廁所和浴室都維持較為乾淨，但道路規劃有待改善。因此我們給了兩顆星，主要是因為廁所設施的乾淨度和品質較好。,2,1,-1,4183,,2024/01/07,0,負向
雨棚區的鋪石層很薄，下大雨直接積水淹到爆⋯⋯無論是人頭、車輛還是帳篷的數量，都計算得非常精準…,1,1,-1,4188,,2023/07/07,0,負向
營主精算師的雨棚有漏水的問題，而且更糟的是地勢較低的地方可能會淹水。,1,1,-1,4189,,2023/07/07,0,負向
環境不好，而且男老闆的態度惡劣。,1,1,-1,4200,,2023/05/07,0,負向
這位男老闆的服務態度差，經常給遊客帶來困擾。,1,1,-1,4201,,2023/05/07,0,負向
這次露營經驗真是令人感到遺憾，下了一場大雨後到處都泥濘不堪，居然還要多收兩個小帳的錢$1200，又沒有人情味。洗手檯不便利，也沒有加裝防滑，家人還滑倒被平底鍋燙傷。可以說，這個露營地以營利為主，完全沒有人情味，也沒有關心營客的安危狀況。這樣的態度讓人對露營的美好期待頓時變成了一段令人不悅的回憶。,1,1,-1,4203,,2023/05/07,0,負向
近3年來露過最讓人傷腦筋的露營經驗有以下幾點：1. 洗澡時半途沒熱水，小孩泡在泡泡中等了快1小時，水壓小又不穩 2. 大概有6個帳篷共用一條電路，電壓不穩，連接15公尺的串燈和打氣機運作不正常，只能手動打氣，改用LED燈條 3. 環境骯髒，生態池看起來無人管理，有很多小黑蚊，點了蚊香抹了防蚊液，每人至少需要20包 4. 在廁所和帳篷區看到兩隻大蟑螂在飛舞 5. 草地長得太高，過膝蓋，石階上滿是青苔，有幾個人不小心滑倒，大家都要繞路 6. 收費不合理，多於4人一帳要收100元，幼兒園以下兒童卻不算，這營區收費每人250元，連幼兒園以下都要收費 7. 和照片上不符，參觀的教堂等景點多數老舊，網頁上也找不到漂亮的介紹，唯一優點是環境算清幽，其他都有問題，詢問服務人員態度也不友善。希望以上內容屬實，願承擔法律責任。,1,1,-1,4204,,2023/05/07,0,負向
端午節那天在湖區包了營地，才發現無法開著露營車進入。當下正下著磅礡大雨，而且路程遙遠，因此心情受影響決定提早離開。更讓人感到不滿的是，老闆的服務態度惡劣並且推卸責任，讓這個營區給人感到不友善。而且仍不確定是否能夠退費。,1,1,-1,4205,,2023/05/07,0,負向
營地的排水情況非常糟糕，並且缺乏草地墊，當下雨時內帳和床墊全部濕透且積水，根本無法入眠，只好收拾行李回家，營區真是讓人失望。,1,1,-1,4212,,2022/05/07,0,負向
中央最大的池塘已經被圍起來了，所以附近有許多青蛙，晚上他們會舉辦派對，很喧鬧，建議戴上耳塞。上游的溪水潺潺流動，但周遭有蜘蛛網和蚊蟲干擾，若要下水玩水似乎需要慎重考慮。此外，小黑蚊和大蚊子的排班看來已經有協調好的計劃，前者約在上午11點上班，後者會在黃昏前開始出門覓食，因此3瓶防蚊液很快就會用光，出門露營需要與大自然和諧相處，充分準備才能玩得開心。,1,1,-1,4214,,2022/05/07,0,負向
建議提高營區廁所前面大水溝的安全措施，晚上路途沒有路燈，可能會有安全風險。特別為了小孩子考慮，下次不敢讓他們自己去廁所。,1,1,-1,4215,,2022/05/07,0,負向
這個露營地位於新店碧潭附近，開車約10分鐘的路程。是一個城市型的露營場地，好處是可以在外面買外食進來用餐，周遭環境安靜沒有車聲。原先的設計是用作婚禮場地，並非專為露營而設計，例如帳篷區沒有洗手台，垃圾桶只能在廁所使用，廁所只有一處，共有30個帳篷，需共用衛浴設施有時需要等候，有些地區需要走一段路才可到達衛浴設施。建議儘早洗澡以確保有熱水可用，晚上可能熱水已經用盡。設施有些老舊並未被很好整理，相較於其他露營地價格稍嫌昂貴（其他營地通常會巡視整理以避免動物干擾）。最大亮點是可欣賞湖景，不適合帶小孩，晚上可觀賞螢火蟲。,2,1,-1,4216,,2021/05/07,0,負向
服務態度不友善，付款時卻很急迫，網路訊號不理想，設施很舊，蚊子非常多，場地狹小！露營區和洗手台沒有照明，洗手台總是堵塞，淋浴熱水不穩定！露營區規劃很隨意，長滿雜草，指示牌不清楚，地點不易尋找，再見永不再來！,1,1,-1,4218,,2021/05/07,0,負向
有小黑蚊，不怕小黑蚊的可以，這是自然界提供的參考。帳區跟隔壁區的帳篷緊緊相連，帳尾連帳尾！沒有網路美美的設施，只有殘破不堪的設施可以照相，其它懶得拍了。沒有鋼琴，也沒有教堂️，因為有其他遊客，不好意思近距離拍攝，確實有點不堪入目，與網路美照相比差很遠。劃分區域安排確實不太好，太密集了。露營及訪客價格請自行參考，兩帳包區為2200元，夜衝為600元，提供給大家參考。本人只有這次了。,1,1,-1,4219,,2021/05/07,0,負向
這段敘述主要是在描述露營時遇到雨水滲透帳篷的困境，以及和露營地老闆之間關於帳篷數量和收費的對話。在遇到帳篷滲水和積水的情況下，有朋友建議一起擠在一個帳篷裡，但老闆卻說人數和車輛太多，只能按照規定收費。作者認為老闆說得很敢講，但也感嘆這樣的處境。,1,1,-1,4222,,2021/05/07,0,負向
這個遮雨棚的空間真的很擁擠，雖然宣稱是獨立包區，但實際上與旁邊的人非常靠近。半夜沒有任何管制，隔壁還在玩狼人殺直到凌晨兩點。第二天垃圾桶也沒有人來清理。如果不是因為無法評論沒有給星星的話，我真的一顆星都不願給。,1,1,-1,4224,,2021/05/07,0,負向
這個露營區真的不太推薦，每帳要收1250元，而且營區主人的態度十分惡劣。預訂了兩個帳篷的雨棚營位，事實上雨棚只有400*600的大小，裡面根本容不下兩個帳篷。參觀者的收費也實在太貴了，一個人要收150元，就算是小學生也一樣要收150元，連車子也要收100元，還有強制規定離開時間，真的非常不推薦。,1,1,-1,4225,,2021/05/07,0,負向
不要大型犬，謙虛地表示仍然是新手，詢問是否可以參觀場地。雖然店家有權利拒絕，但提醒著對方要先做功課，顯示這家店也許不如風評中所述。即使離家很近，也不打算考慮了。,1,1,-1,4280,,2018/05/07,0,負向
訂位付款後，因遇到中央氣象局發佈大雨特報，無法改期，有小孩同行，營主卻將責任推給露營樂訂位中心，強制扣取60%費用並未提供發票。更扯的是，除了扣60%外還要額外扣除30元處理費。這種只想賺錢，缺乏同理心的商家真令人失望，絕對不推薦這家雷區。,1,1,-1,4288,,2018/05/07,0,負向
7月18日下午3點時，大門未開放，而旁邊的標示指出需要事先預約，這讓我感到相當失望，只好回家了。,1,1,-1,4291,,2018/05/07,0,負向
環境雖好，但小黑蚊很兇猛，数量眾多，下雨時無法延期且討帳的事項也相當繁忙。,2,1,-1,4295,,2018/05/07,0,負向
打電話過去沒有人接，到了才發現園已經關閉！,1,1,-1,4307,,2016/05/07,0,負向
門票不能用來抵消費用。貨物價格昂貴，如炸麵線配一顆蛋要 220 元。環境雖美，但充滿嘈雜，衛生間男女混和、昏暗且隔音效果不佳。個人比較偏好親近自然的環境去用餐。,1,1,-1,4309,,2015/05/07,0,負向
大家要注意，每位入園需支付100元的入場費，且還有另外180元的最低消費限制！在這麼多餐廳中，從未遇過這樣的情況！感覺有點像在變相賺錢！建議大家在前往之前要三思而後行。,1,1,-1,4310,,2015/05/07,0,負向
這個露營區真是讓人印象深刻啊，服務超差！洗澡還沒熱水，打氣機罷工，抬燈都不亮，還有大蟑螂又黑蚊的，環境又髒亂，還要收不合理的費用，真的不建議去啊！,1,1,-1,4338,,2022/06/08,0,負向
這個露營區真的遇到不少問題呢！洗澡時熱水中斷、電壓不穩、灰塵髒亂，還有超多的小黑蚊和蟑螂。草地長得太高，石階上長滿青苔，真是危險。收費又不合理，拍照景點也舊舊的，跟實際看到的有很大差異。,1,1,-1,4339,,2022/06/08,0,負向
這個營地感覺越來越冷清了。如果超過每帳範圍限制的人數，他們會嚴格收取額外的人頭費和停車費。浴廁還算可以，但因為有水池，所以小黑蚊很多，其他的部分我就不多做評論了。,2,1,-1,4349,,2022/01/05,0,負向
這張照片很漂亮，自己看過就知道。營區在照片中看起來很美，但實際去看的話，設施方面可能只能遠觀和眺望比較好。,2,1,-1,4357,,2021/04/26,0,負向
草地因為排水不良而出現積水泥濘的情況。,2,1,-1,4358,,2021/03/05,0,負向
營區的收費和環境。由於是連假的關係，我擔心在中南部會塞車，因此選擇了北部的營區。但當到達營區時，我發現那裡幾乎沒有任何設施，而且蚊子特別多，連防蚊噴霧也沒有用。,2,1,-1,4381,,2020/03/25,0,負向
這次的露營經歷真的糟糕，讓我們毋需再來這裡，也不會推薦給其他想露營的朋友！1. 在營區探營被禁止，探營費用又貴，卻在事前未告知這項規定，四位朋友探營只花了一個半小時就要支付900元。2. 洗澡時水溫忽冷忽熱，更糟糕的是水突然停了，必須打電話給營主才重新開啟水源。3. 廁所的衛生紙供應稀少，導致使用者需要互相借用。,2,1,-1,4434,,2018/05/27,0,負向
這個人的態度很不友善，讓我不想再去那裡。他的態度惹惱了很多人。,1,1,-1,4437,,2018/05/20,0,負向
照片裡看起來比較漂亮，實際上落差很大。洗手台不夠，插座位置太遠，下雨時草地會泥濘因為排水系統不好。,2,1,-1,4643,,2016/12/01,0,負向
收了錢後，仍然應該提供完善的服務，如果晚上洗澡沒熱水且無人處理，在這樣寒冷的天氣只有冷水可用，這種情況下是相當不理想的。,1,1,-1,4704,,2021/05/07,0,負向
在竹雞區訂的地方沒有什麼風景可看，最糟糕的是，有很多人在那裡抽煙。在上方的營區，年輕人一直嬉鬧到深夜一點，完全不理會其他人的存在，似乎也沒有人去制止。真是個非常糟糕的經驗。,2,1,-1,4908,,2021/05/08,0,負向
這個季節蒼蠅真的很多，下午還剛好碰到突然停電，而且冰箱離得有點遠，晚上又因為中華電信基地台超載而無法聯繫。,1,1,-1,4946,,2019/05/08,0,負向
當天在竹雞區露營，原本是一個很輕鬆休閒的活動，但卻被一群喧鬧的年輕人打擾了。他們從晚上開始喝酒，大聲喧嘩、罵髒話，一直吵到半夜3~4點不肯安靜，我們的營地剛好在他們對面，讓我們無法入睡，只能勉強小睡一下。我們當時有向營主反映，但只是通過電話告知他們晚上不要喧嘩，但誰會在酒醉之後記得呢？因此，我們在那個營區的感覺非常差，決定不會再去那裡了。,2,1,-1,4977,,2021/06/02,0,負向
營主一直盯著你做事、限制很多，態度口氣也很差，這樣完全不適合來露營放鬆，反而讓人感覺很不舒服，我不推薦。,1,1,-1,5224,,2024/03/08,0,負向
這位露營主持人的態度真的令人無法接受，明明是想要好好放鬆的露營活動，卻遇到了這麼差勁的服務態度。 很抱歉，我們無法推薦這樣的露營區給您，這樣的營主實在讓人感到極度不愉快。,1,1,-1,5225,,2024/03/08,0,負向
這位服務態度不佳，口氣類似在與人吵架。,1,1,-1,5226,,2024/03/08,0,負向
這次團露活動的營區環境整潔、草坪舒適，提供乾淨的廁所和衛生紙。原本說好只要天氣允許就會開放泳池，但前一天溫差大導致取消。星期六天氣炎熱，但遺憾未能使用泳池。離開時間被告知是12:30，有些意外，因為之前經驗都是14:00前離開。營區提供的腳踏車舊舊的，地方狹小，容易發生小孩撞車。廁所共用，熱水僅晚上有，因此白天洗澡時要排隊。若習慣前一天收拾離開的露友，這營區適合；若習慣在營區吃午餐才走，或喜歡在帳篷曬太陽的，要考慮看看這裡是否適合。,2,1,-1,5235,,2023/11/08,0,負向
閃電頻頻，蚊子煩人，廁所離很遠,1,1,-1,5236,,2023/06/08,0,負向
這個營地的設施有很多限制，包括只有5個淋浴間、遠離廁所、熱水供應到12點等等。同行的朋友在11點多去洗澡時卻只有冷水。因為使用柴燒，洗澡時水溫難以穩定，有可能轉到最冷或是超燙的地方。此外，女生吹風機只有一台，帳篷之間的空間過於接近，而且不允許打麻將，卻未明示。而要求把帳篷圍布拉上，喝水機也只有一台且有時供水不足。整體來說，這個營地是不被推薦的。,1,1,-1,5243,,2023/05/08,0,負向
衛浴沒有幾間需要排隊，冰箱只有一台擠爆了，要小心蚊子。,2,1,-1,5258,,2022/05/08,0,負向
1、熱水是由燒木頭取得的，水的溫度冷熱分明，因此洗澡變得困難。2、有規定孩子玩沙時不能把沙子掉出來，還要有人盯著。如果擔心玩得太開心，那就不要讓孩子玩。3、下大雨時打開帳篷已經很狼狽，卻又規定這個要這樣，那個要那樣。4、有規定要做分類，每個桶只能裝1至2個，停車時要裝備，一直在趕。護草墊因為怕積水，也不能多用。5、洗澡時有人提醒不要用太多水。6、車輛需要進入停車場停放。7、即使天氣好也不允許使用游泳池，寧願拿來清洗護草墊⋯這感覺真的很糟，要保持清潔很重要，但過度的限制反而不如不開放！,1,1,-1,5260,,2022/05/08,0,負向
"1. 如果沒有提供廚餘桶，您應該問問看哪裡可以丟廚餘。
2. 下大雨後未退訂，造成場地泥濘，營友孩子踩到泥滿腳，被教訓要注意小心，請水開小一點，不要再踩到泥。
3. 沙坑有專人管理，不熟悉的孩子玩沙時噴到沙池邊，立即提醒小孩不要亂撒，去中間玩，營友也要提醒，員工吩咐孩子不要這樣玩。
4. 在籃球場放置腳踏車，小孩經過時可能被籃球擊中，存在危險。
5. 提供老舊腳踏車但沒有專用車道，需與汽車共用，存在危險。
6. 護草墊放在泳池裡清潔，浴室水壓不穩，廁所和浴室共用，不方便。這個營地對細節要求嚴格，想挑戰的營友可以去體驗！火爆型的營友請慎重考慮！",2,1,-1,5261,,2022/05/08,0,負向
今晚真的是個冰冷的露營經驗，溫度只有12度，還遇到了斷電的困境，暖爐和電熱毯都無能為力，真的有點擔心會被凍死。,1,1,-1,5267,,2022/05/08,0,負向
營區內有200多位成人和孩童需要在晚上12點前洗澡，當水龍頭被關閉時令人感到困擾。只有一台飲水機供應，且需使用大桶裝水，這可能導致缺水情況。如果一個人拿著大桶為10個人裝水，與輪流為10個人裝水有何不同呢？應該檢討營區的水資源供應，是否足夠應對眾多使用者的需求。此外，沙坑在晚上不開放給孩童玩耍，究竟是出於什麼樣的考量呢？營位之間擁擠不堪，但前方的情況還算可以。,1,1,-1,5278,,2021/05/08,0,負向
民宿的空間規劃需要改進，因為鐵皮屋旁的空地吸引了所有小孩前往玩耍，造成住在民宿的人沒有地方休息。建議應該改善這個情況。,1,1,-1,5289,,2021/05/08,0,負向
很久沒有露營洗澡已經忍得很辛苦了，還好現在不是寒流降臨的時候在這個露營區，雖然小黑蚊還可以忍受，但這熱水真的太讓人受不了了。,2,1,-1,5300,,2020/05/08,0,負向
建議改善露營區的草坪整理和排水設施，這樣才能避免雨天積水影響露營活動。營區管理員很友善，並且廁所環境乾淨，整體視野也很開闊，值得多給一顆星。,2,1,-1,5436,,2023/11/08,0,負向
這個營地的草叢很長，沒有修剪過，地面不平且有很多蚊子。各種生物都很多，甚至還有蟑螂。這次露營的營地體驗不太好，唯一的優點可能是廁所和衛浴間比較乾淨。,2,1,-1,5438,,2023/08/08,0,負向
草地雖然長得很高割到人、有很多蚊蟲和小黑蟲是正常的，但大蟑螂和小蟑螂在園區裡到處飛來飛去，對怕蟑螂的人來說真的要三思！遇到午後雷陣雨時，最下面的營地直接淹水，泥巴水和雜物全部流進帳篷裡，問他們的排水系統怎麼辦，他們說沒有排水，土地自然會吸水，但後來又說排水管線裡有螞蟻築巢造成堵塞，所以他們只能請人來修理！最糟糕的是飲水機壞掉卻沒提前告知，要我們去營地開的雜貨店購買，感覺像是被宰了兩次。冰箱離營地很遠！因為地勢不平整，護草墊全部被踩壞，有割到人的危險，1200元一天完全不值得，唯一優點是那兩位年輕工作人員態度友善，廁所雖然常被草堵塞，但算是相當乾淨，就是這樣。,1,1,-1,5439,,2023/07/08,0,負向
這裡的唯一優點就是廁所很乾淨，但草地不平坑坑巴巴，睡覺時容易腰痠背痛，也沒有風景可看，有點可惜。,2,1,-1,5448,,2023/05/08,0,負向
希望在給評分的時候即使沒有給出滿分，也能表示你心目中的偏好。我們認為，在提供場地設備的時候，至少水槽應該維持良好狀態，而不需要顧客自己清潔水槽。同時，插座也應該保持完好無損。修繕需要花費2至3個月的時間，這個問題應該是營業方要解決的。即使營區並不高大，這樣的回應仍然讓人有點無法接受。如果草地過於泥濘且設施破損嚴重，我們建議您考慮暫時休園。停車問題也應該是營運時需要考慮的重要事項。,1,1,-1,5453,,2023/05/08,0,負向
露營原本應該是一個愉快的體驗，但營區沒有停車位讓我的車受損，水槽的水管也脫落了，讓我對此地失望透頂，下次真的不會再來了。,1,1,-1,5454,,2023/05/08,0,負向
營區沒有足夠的停車位，要我們自己尋找；水槽水管漏水，向營地負責人反映後，卻被要求和他人共用；總之，這種處理方式讓我感到非常無奈！,1,1,-1,5455,,2023/05/08,0,負向
設備不足，停車位有限，水槽需要共用，電插座故障，情況相當糟糕。,1,1,-1,5456,,2023/05/08,0,負向
廁所沒有清潔、有虎頭蜂未處理、蚊蟲繁多、游泳池沒水、早上10:30收帳仍被催促，整體經驗非常糟糕。,1,1,-1,5458,,2023/05/08,0,負向
如果可以的話，我們希望草坪不要太長。雖然只有一位工作人員，這樣的服務不盡如人意，但我們來露營是為了放鬆開心，這點最重要。,1,1,-1,5461,,2023/05/08,0,負向
整體體驗不是很好，廁所有濃重的尿味，淋浴間沒有打掃乾淨，冰箱竟然是等客人到才打開的，兒童戲水池已經髒到看不到底，還有很多小黑蚊⋯,1,1,-1,5462,,2023/05/08,0,負向
廁所沒有打掃，草地長得像小樹，冰箱長霉沒有整理，溪水池看起來像是生態池，整體情況不太好。,1,1,-1,5463,,2023/05/08,0,負向
從上週六中午到上週日快中午，廁所一直沒有進行清潔，也沒有補充衛生紙。,1,1,-1,5464,,2023/05/08,0,負向
這個住宿環境有一些問題，因為收帳太多次，房間之間距離太近，導致晚上被鄰居吵得無法入睡。雖然給了一顆星好評是環境乾淨、營主親切，但可能不會再光顧這個地方了。,1,1,-1,5471,,2022/05/08,0,負向
這個營地的地勢不利，地面鬆軟植被稀少，排水不良導致滿地泥濘。大風一吹，營釘被拔起，沒有棧板更增加了困難。總之，情況不容樂觀。至於評價部分，打赤膊的帥哥服務還算可以，所以給了一顆星。,1,1,-1,5472,,2022/05/08,0,負向
營地管理人員沒有處理吵鬧的客人，造成從中午一直狂歡到凌晨四點！我們雖然無法制止酒後亂行的客人，但營地的管理人員也沒有接電話，也沒有在半夜12點後出來制止，嚴重干擾其他客人的休息時間。營地的使用規則明確禁止卡拉OK，但卻讓人一直唱到幾乎天亮，甚至引來警察勸導仍繼續大喧嘩。總的來說，這個營地不值得推薦。,1,1,-1,5476,,2022/05/08,0,負向
營地的風景不賴，營區主人很熱心。但營區的清潔狀況有待提升，特別是洗水槽和冰箱。這次入住貨櫃露營屋時，室內拖鞋超濕。詢問打掃阿姨時，她表示有用酒精消毒水，但可能噴得太濕了。令人困惑的是，浴室停水的次數太多，有時還停水2-3分鐘之久。在這種天氣下被停水真的很令人尷尬，小孩和大人都洗到哇哇叫，真的太冷了。,2,1,-1,5482,,2022/05/08,0,負向
這個房間的設計較為擁擠，小朋友在裡面動一動就會碰到東西，但其他公共設施還算不錯。,2,1,-1,5491,,2021/05/08,0,負向
帳篷之間距離太近，會受到影響；水槽過矮，只及到膝蓋位置，使用時需劈腿；B區和C區共用浴室，人多時衛生狀況糟糕，清潔不及時需要特別提醒；深夜未控制鄰居的噪音，持續兩晚聽到隔壁帳篷大聲聊天唱歌至清晨5、6點，向營地管理反應未見改善；整夜不斷噪音反應影響住宿品質，感受極差，決定不再造訪。,1,1,-1,5497,,2021/05/08,0,負向
飲水機離冰箱太遠，營位太過鄰近，導致噪音很大，而停車位置又太遠不方便。,2,1,-1,5498,,2021/05/08,0,負向
環境設備很好！可惜...管理不夠有力！允許其他客人...一直吵鬧到深夜！影響他人休息時間。,1,1,-1,5515,,2020/05/08,0,負向
硬體設備很好，廁所衛浴設備也很乾淨。不過營區裡有三隻大狗跑來跑去，從晚餐到半夜一直在帳篷周圍晃來晃去，影響了我們的活動和入睡品質。雖然不討厭狗狗，但在進行烹飪時不斷地被打擾，有點困擾。除了狗狗的問題之外，其他都還算不錯。,2,1,-1,5520,,2020/05/08,0,負向
雖然環境不錯，但是有許多小黑蚊和野狗，半夜會翻垃圾桶，一直在帳篷外走來走去，讓人睡不好。,2,1,-1,5521,,2020/05/08,0,負向
這個地方很吵，因為靠近羅馬公路，半夜要麼是機車要麼是跑車，非常吵！而且營地管理很嚴格，不讓客人踩草地，難道要大家飛起來嗎？一個帳篷要1200元，沒有好景觀或高海拔新鮮空氣，價格有點高。多給一顆星是因為附近有很多螢火蟲可以讓人放鬆，這是唯一讓我感覺好一點的地方。,2,1,-1,5534,,2019/05/08,0,負向
這個地方很適合露營，景色很美。,2,1,-1,5535,,2019/05/08,0,負向
各區間距離太靠近，營位過於密集，擁擠，晚上鄰居聊到凌晨1、2點很吵。,2,1,-1,5538,,2018/05/08,0,負向
兔子最好不要養在室外，並且飲食也很重要⋯希望利用動物營利的機會來學習更多關於兔子的知識⋯回答店家，兔子的主食應為無限量的提摩西草和煮過的水（確實是無限量），並且適量添加飼料。兔子適宜生活在溫度介於17-25度的環境，同時避免潮濕和受雨淋，以免引發黴菌和皮膚疾病。長時間暴露在高溫下也可能導致中暑。曾有一次發現室內沒冷氣的情況下，所救援的兔子肝功能出現問題。我也養兔子，不讓牠在家中無止盡地吹冷氣活動。我很樂意分享這些知識給店家，希望我們可以共同打造對動物友善，也對環境友善的空間。,1,1,-1,5737,,2022/05/08,0,負向
風景不錯，但環境和人員素質需要改善。,1,1,-1,5799,,2019/05/08,0,負向
這家五星級飯店不論早上或下午，都遇到很多蚊子和蒼蠅，連營主都說要賣蒼蠅貼片。,1,1,-1,5807,,2019/05/08,0,負向
主人誠意邀請，請勿觸雷。,1,1,-1,5813,,2019/05/08,0,負向
這個地方的設施價格合理，景色也比較平凡。,2,1,-1,6069,,2023/12/08,0,負向
一開始說這區可以搭帳，但大熱天搭好帳之後又說這區不能搭要停車。又搬一次很麻煩。真的很讓人掃興，路不好走，車底盤還敲到了。,1,1,-1,6073,,2023/07/08,0,負向
洗澡時水溫難以調節，並沒有提供飲水設備。,2,1,-1,6076,,2023/05/08,0,負向
在菠蘿蜜區洗頭時熱水突然沒了！這區域必須和其他區域共用兩間廁所和浴室（蹲式馬桶與浴室合併）。營區內無法開車進入，所有設備都是由營區負責人用牛車運載。,2,1,-1,6079,,2023/05/08,0,負向
我租的雅房跟照片上的差異很大，房間久未整理，有跳蚤，讓我皮膚癢。我們忘記帶食材，晚上想到時已經太遲，打電話詢問之後被誤會不需要房間，結果被工讀生清潔並要求我們離開。下次要先確認是否有食材遺漏，處理問題的方式有待改進。儘管如此，我也不能全怪別人，這是我的疏忽。,2,1,-1,6090,,2023/05/08,0,負向
環境很好，營區主人非常熱情。我們預訂了五帳篷區執行兩晚，然而只有一間浴室可以洗澡。每次洗澡都得排隊很久。考慮到現在我們五帳篷區已經有8個人，人數已經相當少。若是正常五帳篷區10-15人的話，洗澡可能要排到什麼時候呢？,2,1,-1,6099,,2022/05/08,0,負向
根據你的描述，這次參與露營的11人都有類似的感受：1、在付訂金後詢問問題未得到回應，感到被忽略；2、入住時沒見到老闆或老闆娘，無法體會到之前評論所提到的親切感；3、兩間盥洗室被至少16人共用，一些衛生問題引起擔憂；4、洗澡時間排隊，有些不便；5、設施缺乏常見的清潔用品，例如肥皂和洗碗精。,1,1,-1,6137,,2019/05/08,0,負向
有店家這樣經營嗎？如果要夜場接包，他們竟然會要求已經訂位的客人取消訂位，然後要求你改訂其他日期？我真的輸給你了，老闆！「人無信而不立，業無信而不興」，這是古人的教訓！,1,1,-1,6320,,2023/06/09,0,負向
所有的露營者都很安靜，只有在星期日早上，營地主人的朋友來訪竟然在前面聊天，從早上6點多開始一直聊到近8點，讓人有點難以入睡。對於生意來說，這需要注意一下，其他方面都還算不錯。,1,1,-1,6328,,2023/05/09,0,負向
這個露營區不是由原住民經營，訂單確認後卻被管理員修改，多收取了一些費用。環境不太適合放鬆，在那裡總是感覺受到營地主人的監視。也許應該考慮將這個營區收回，讓原住民重新管理。,1,1,-1,6580,,2023/09/09,0,負向
在這個營區，冬天的時候我們不建議使用高功率電器，因為會常常跳電。營主會生氣到說不潔的話，有時還會聞到菸味（營主有抽菸），如果帶著小孩並且是冬天的話，建議避免來這個營區。唯一的優點是廁所很乾淨。,1,1,-1,6593,,2023/05/09,0,負向
這個營區在冬天可能不太適合，因為不能使用低功率的電暖器，容易造成跳電情況。此外，營主可能會斥責那些不喜歡冷的人不應該前來露營，而營區工作人員也可能會口出惡言對待你。,1,1,-1,6594,,2023/05/09,0,負向
營地廁所保持得很乾淨！來山上露營可以放鬆心情、享受大自然，但營地主人經常在帳篷旁抽菸，這對帶孩子來露營的人來說可能造成環境污染。如果想遠離二手菸、三手煙，或許這裡不是最理想的選擇。給予營地主人一顆星評價是出於對二手煙環境的考量。,1,1,-1,6597,,2023/05/09,0,負向
營區環境整潔，洗澡熱水充足，但電力供應有時不穩，若無法提供足夠電力請提前告知，請勿隨意責怪露營友。請定期保養電力設備，凌晨會停電，上廁所時沒有燈光，有些困擾。營區允許無限制使用卡拉OK，因為營主也在唱卡拉OK。護草墊使用方式已有清楚標示，無需特別強調露營友會在上面使用椅子。,1,1,-1,6614,,2022/05/09,0,負向
露營環境和浴室設施都很不錯，但除了營主之外，其他女性工作人員的態度都很差，非常差！他們並不友善，聽到很多營友提問時，其中一位女性工作人員的態度特別惱人，回答得好像很居高臨下的。這讓我決定不再光顧了。,1,1,-1,6617,,2022/05/09,0,負向
環境整潔，熱水供應時間只到晚上10點，洗手台旁邊的燈也只亮到10點，營地主人沒有太多熱情感覺⋯⋯⋯⋯,2,1,-1,6625,,2022/05/09,0,負向
(11/7入住) 我看到網友給的好評後非常期待地帶著我的妻子和小孩來到了馬胎227進行人生中的第一次露營。我們選擇了廣場區，初次到來時感受到整個環境非常幽靜乾淨。晚餐後，小孩跟隔壁營區的熱情家長一起開心地玩夜間探險。可惜下了場雨，但也體驗到了露營的樂趣，直到入夜的睡覺時間。然而，一群晚來的客人整晚嘻嘻哈哈地唱歌聊天，深夜2-3點的喧囂在寧靜的山區顯得格外刺耳。營區的管理者沒有介入制止，出於安全考量，我也沒有立即反映，直到凌晨3點半左右，友人氣憤地提出批評後，情況才有所改善。由於下雨和一晚未睡，我的心情受到很大影響，一大早趕緊整理東西準備離開山上。這時，營區的負責人前來打招呼並幫我們移車，竟然主動提到昨晚客人喧鬧的事情。他說那是熟客，他也有聽到深夜的喧嘩聲音，我問他為什麼沒有制止，他卻笑著回答說客人們喝了酒，所以才會那麼吵，他也無能為力。唉，這個營區在預訂網站上有5星評價，但可惜營區負責人只偏好熟客。,2,1,-1,6640,,2021/05/09,0,負向
營區確實人潮眾多，相當擁擠，活動空間有限，而且酒客很多且喧囂，不太適合帶小孩來活動。,1,1,-1,6655,,2021/05/09,0,負向
這裡人山人海，擠得不得了，讓人無語。,1,1,-1,6659,,2021/05/09,0,負向
中華電信是唯一有訊號的電信業者，其他家都沒有訊號，但營地有提供WiFi。首先要告訴大家，在前往馬胎227營地的路上，需要小心駕駛，因為道路彎曲看不到來車，有些危險。快到營地之前的道路因為在整修，所以非常不平整，有很多大小石頭，可能會刮傷車子的底盤。如果開休旅車倒是沒什麼問題，但一般轎車還是要小心。這次我們入住營主家前的廣場區，場地較小，連接了5帳篷，孩子活動空間有限，感覺營主有點過收費！！！營地環境有蟑螂，還有非常多的蒼蠅（目前去過的營地中蒼蠅最多），但可能因為海拔750米，沒有小黑蚊。廣場區附近約不到1分鐘的距離就有乾淨的廁所，旁邊有小溪，可以抓溪蝦。水不深，很適合小朋友玩水。值得一提的是，營主養的雞到處自由奔跑，凌晨3點就開始啼叫，很吵，可能會影響睡眠。早上還會跑來營地。如果以上情況您可以接受，可以考慮去試試看，但我不打算再去了！！！,2,1,-1,6660,,2021/05/09,0,負向
到目的地大約一公里的路真的很崎嶇，路面很糟糕。營地很小，甚至沒有一片可以讓小朋友跑的草地。抵達營地後，發現下去營地的路很顛簸，車子無法前進，只好停在附近的地方，走路前往營地。,1,1,-1,6661,,2021/05/09,0,負向
營地已經擁擠了，還接待太多客人，老闆養的雞通宵叫個不停，根本無法入眠。,1,1,-1,6664,,2020/05/09,0,負向
營區空間不大，沒有什麼風景可供觀賞，雖然有溪水和兒童滑梯，滑梯設備相當不錯，但卻沒有沙坑。廁所和浴室很乾淨，但地面總是潮濕。總的來說，只有B區比較適合露營，那裡有一些放養的雞自由走動著，不停地咕咕叫著，有點吵。不過，相對地，這些雞比那被關在籠子裡的狗幸福。清晨時分，一邊是雞嗚一邊是狗叫，持續不斷。但是大自然的蟲鳴鳥語依然存在。總之，好的選擇並不多！,2,1,-1,6668,,2020/05/09,0,負向
營主可能會多收費，營地的空間有點狹小，車子停放的地方不夠大！,1,1,-1,6676,,2019/05/09,0,負向
營地的所有家人態度都不友善，還隨意讓家裡的狗在地上亂拉亂尿。,2,1,-1,6693,,2023/03/07,0,負向
沒有使用高功率的電器，卻一直跳電，還建議不要出來露營因為天氣冷，並且講髒話，有點太過分了。除此之外，使用了第六代黑設計功率380瓦。,2,1,-1,6697,,2022/12/13,0,負向
B2區有很多蟑螂，偶爾還能聞到狗屎的味道。,2,1,-1,6728,,2020/08/21,0,負向
營地的營主缺乏管理，廁所很髒且未清潔、垃圾未處理。洗澡的瓦斯熱水供應有問題，每晚要找有熱水的廁所，人擁擠抬頭不見低頭見人，無法好好休息。打電話請營主上來需要等待兩個小時以上，讓人感到無法忍受。我想此生不會再來第二次，同樣的景觀和價格中有更好的選擇。一顆星是為了那美麗的景觀。,1,1,-1,6753,,2024/04/11,0,負向
這個地方真的不大，空間很狹窄。每天半夜都有野狗來拜訪，咬食物。而垃圾桶也不是獨立的，需要與其他人共用。,1,1,-1,6756,,2024/04/09,0,負向
這間住宿的隔音很差，廁所在房間外面，而且連吹風機都沒有，非常不方便。露營區的廁所常常沒有清理，很髒亂。,1,1,-1,6758,,2024/04/09,0,負向
這段句子的意思是：第一次來到這裡，晚上管理人員也沒來巡視，我打電話給管理人員，已經過了11點，還有一些帳篷裡的人在聚在一起飲酒作樂，管理人員來了後，情況依然很吵。,1,1,-1,6766,,2024/03/09,0,負向
這段意思大致是希望露營營區可以改善營位分配問題，建議減少包區或是限制包區的比例，希望能保留一些營位讓單獨露營的人選擇位置。同時也提到其他露營區正在提升品質，希望該營區也能重視單獨露營者的需求，而不只是為了賺錢。,2,1,-1,6771,,2024/01/09,0,負向
當一開始在網上預訂位置時，前排的夜景區還有空位，而且我們已經提前付款預定了。但當我們當天夜晚到達時，卻被分配到了中間的草皮區。我們問老板我們不是訂了前排的位置嗎？老板回答說那是要留給夜晚到達的客人。我們又問老板我們現在不就是夜晚到達的客人嗎？老板只是無奈地回應說沒有辦法… 後來才得知他把位置給了後來才訂的第六組客人… 感覺有點被忽略，真是讓人超級失望。,1,1,-1,6773,,2024/01/09,0,負向
"1. 在12/1至12/2的凌晨1點多，B區的露營朋友，大人們講話聲音太大，小孩們一直在嬉鬧。  
2. 營帳之間距離太近，營繩差一點就碰在一起了。  
3. 垃圾桶太少，擺放在營位前方，建議改在營位後方或區域入口處，這樣才不會一直有人走來走去。  
4. 露營夥伴的素質很重要，不要在其他帳篷前走來走去觀看人家的裝備，這樣很失禮，請繞過帳篷後方走路。  
5. 請設立吸煙區，下風處可以聞到煙味，地上還有煙蒂，不推薦這樣的露營地點，下次不會再選擇了。",1,1,-1,6776,,2023/12/09,0,負向
我昨天回來了騰雲露營區，露營經驗讓我非常失望。浴室有大，但最後一間沒熱水；飲水機上灰塵很厚，冰箱太小沒有區分，馬桶水箱沒有蓋子；草地上有很多蜈蚣。營區環境奇怪，沒有小孩活動空間，每個營位間距很近，就像夜市攤位一樣。晚上很晚了但隔壁的營位很吵，營主也沒有管理。有人帶狗控制不好，常跑到我們那裡，對有小孩的我們造成困擾。我在看完評論後才決定去的，但最後真的不推薦這個地方。,1,1,-1,6786,,2023/11/09,0,負向
有些野狗咬走了一半的雞，有一群帶著項圈的狗，洗澡水溫忽冷忽熱燙傷了他們，甚至遇到了沒有衛生標準的女露宿者在浴室解放大小便並將衛生紙亂丟。,1,1,-1,6797,,2023/08/09,0,負向
打了二三十通電話都沒有人接，沒熱水的情況下我在裡面等了二十幾分鐘，水還忽冷忽熱的。這樣的露營區實在不值得給予六顆星的評價，其中這一顆星顯然是多餘的。,1,1,-1,6802,,2023/05/09,0,負向
我第一次露營到的營區，廁所清潔頻率非常低，打電話反應後還沒來清理。此外，營區的熱水時冷時熱，睡覺時又大又小，早起面對寒流很痛苦。,1,1,-1,6817,,2023/05/09,0,負向
廁所數量稀少，衛生狀況糟糕，熱水時大時小。我已打電話反映廁所髒亂的情況，但營地管理者尚未處理。,1,1,-1,6818,,2023/05/09,0,負向
這個露營地雖然靠近野外露營的感覺，但收費卻相當高。上山的道路狹窄且不易通車，抵達營區後沒有引導服務，讓露營者自行在營地內尋找位置。這個營區位於海拔1000公尺以上的高山，一旦有多輛車抵達，離開時可能會困難。還有從來沒遇到過的雷雨也都贈送給這個營區，半夜電箱爆裂導致停電，外面溫度只有攝氏8度。此地手機信號不好，營區雖然提供Wi-Fi，停電時也無法使用。連洗碗槽都沒水或水壓很低，營區主人想要訓練露營者無水洗碗。小朋友洗澡時水流不順。聽說連抽水馬達都抽不到水燒壞了，馬桶水槽也故障無法蓄水沖洗，只能自行找水沖洗廁所。整個營區環境髒臭，有未沖洗乾淨的痕跡。且晚上沒有靜音管理，適合夜貓族活動。管理不善，吸引太多露營者超出硬體設施負荷，是一個非常不愉快的經驗。,1,1,-1,6822,,2023/05/09,0,負向
直接掛電話是有點粗魯，可以先詢問營主是否能補充衛生紙之後再掛電話。,1,1,-1,6825,,2023/05/09,0,負向
聖誕夜停電後，營區管理處處理速度較慢，還向您發出警告，若再浪費電力，將暫停全區電力供應。朋友前來協助修理水電，卻沒有另外收取費用。帳單顯示用電量過高，管理區本來就需要加強監控。廁所清潔頻率不需過於頻繁。另外，考慮是否開放新的營位，管理處感到擔憂。,1,1,-1,6832,,2023/05/09,0,負向
上述情況描述了露營地的幾個問題：1. 營主開放其他露客進行夜衝，導致帳位難安排。2. 其他露客未按時收帳離開，也沒有管理人員到場。3. 靠近浴廁的兩個營位太小，網站上的照片並未清楚顯示，容易讓人誤解。這些問題都要營主改善，以提高信譽和品質。,1,1,-1,6833,,2023/05/09,0,負向
對我來說，最令人無法忍受的是夜晚的車輛夜衝並沒有時間限制，甚至在晚上11點或12點仍有車輛不斷爬山，而車燈和棚營人之間的吵雜聲一直持續到深夜。第二天早上收拾營位時發現草地上滿滿的蜈蚣，幸好有使用草坪保護墊，但仍然有蜈蚣鑽進帳篷裡，數量比螞蟻還多。儘管營地視野良好，晚上可以看日落、夜晚可以觀星，但清晨濃霧迷濛，彷彿置身仙境。廁所和浴室數量有限，還有冰箱和飲水機提供。幸好是在連假前一天來，夜晚被車輛的吵雜聲驚醒，第二天一早就匆匆離開，不想待在人擁擠無法放鬆的營地中。,2,1,-1,6842,,2023/05/09,0,負向
到營地時，營主告訴我們冰箱已經開了一小時，但溫度還是27度，甚至比我家的冷氣還熱。連冰塊都直接融化了。晚上洗澡時，朋友們進了浴室才發現沒熱水，後來修好後我們才開始洗澡。起初兩分鐘水是熱的，但接下來的時間都是冷水。因此，我們花了半小時忍受冰冷的水洗完澡。營地風景很美，但設施確實需要加強。,1,1,-1,6849,,2023/05/09,0,負向
建議每次來這裡露營都會感覺很美好喔...,1,1,-1,6856,,2023/05/09,0,負向
風景還不錯，沒其他人說得那麼神，wifi 順暢，衛浴設施還可以，熱水不太穩定是最大的問題……地方太擁擠了，對露營的人來說是一個噩夢，停車場也不夠大，帳篷擠得水洩不通，有意前往的人需自行評估情況……建議不要聽信網路上的吹捧文字。,2,1,-1,6859,,2023/05/09,0,負向
非常的不開心，B區就像是在停車場露營一樣，完全看不到風景。,1,1,-1,6860,,2022/05/09,0,負向
環境清潔需要改善，帳篷數量過多，整體品質不佳。,1,1,-1,6864,,2022/05/09,0,負向
"1. 冰箱只能冷藏，溫度不夠低，並散發濃烈的異味，看起來好像有一陣子沒有清理過了！並沒有提供冷凍功能，食材幾乎都變成室溫了！
2. 各大電信業者的訊號都不太理想，雖然有提供WiFi，但訊號不穩定。
3. 期待眼前是大片美景和帳篷，但事實上並不是這樣，也不希望看到一整排的車輛！現場停車空間還很多，但A區卻塞滿了整排車輛，如果訂不到觀景那排，B區就得直接面對別人的露營車輛，官網上描述的情況與實際地點並不相符，向營地負責人反應也說是這樣規劃的…
4. 浴廁前面有一大片蜘蛛網結滿蟲，變成孩子們觀察生態的地方，雖然浴廁很大，但從抵達到離開時都是滿垃圾桶的狀況... 這邊需要加強清潔！
5. 特別到觀景區走走，無論是白天或是夜晚，景色真的很美！",1,1,-1,6868,,2022/05/09,0,負向
營地管理人員說只有A區（景觀區）的客人可以像在停車場停車一樣。其他區的車輛面對一排排停車，露營也是可以接受的。建議如果無法預訂到A區，不如考慮在附近的停車場露營。,1,1,-1,6869,,2022/05/09,0,負向
B區停車位規劃不足，感覺像在停車場露營。帳篷與車子擁擠在一起，園區告示牌要求停在外面，卻默許A區停在旁邊，讓人感到困惑。1000元的收費讓人覺得受騙。希望營主能提供清楚說明，避免到了才發現這種情況。眺望卻被別人的車子擋住風景，對老闆的消極態度感到非常失望。,1,1,-1,6870,,2022/05/09,0,負向
這裡正在大聲卡拉OK，卻沒有人管。美麗的景觀都被浪費了，令人感到失望。,2,1,-1,6882,,2022/05/09,0,負向
有許多螞蟻，到處都是螞蟻，住了兩晚，感覺很可怕。,2,1,-1,6907,,2022/05/09,0,負向
1200元一晚在特區露營，搭帳篷時遇到了相連帳位的情況，露營主似乎沒有考慮到帳篷拉繩的問題，造成帳位設計很局促（以照片中的保特瓶比例來比較）。,1,1,-1,6953,,2021/05/09,0,負向
營區擁擠，每個營位都連成一排，連5排8座位都不到，被安排在最左邊的第一個紅色圈圈裡，被夾在兩棵樹之間。而且還多收了三個人，下次不打算再來了。,2,1,-1,6957,,2021/05/09,0,負向
夜晚的景色真的很漂亮，讓人感覺放鬆愉悅，但衛浴設施有些問題，熱水時溫度要麼太高容易燙傷，調整過去又變成冷水，營地的排水系統也不太好，希望可以改進。,2,1,-1,6964,,2021/05/09,0,負向
這個地方的優點是有美麗的雲海、迷人的夜景和漂亮的夕陽，還有平坦的草地；不過缺點是建議減少營位數量的帳篷區域以增加活動空間，並且更改浴室和廁所的標示，解決水壓和水溫問題，改善停車場規劃混亂的問題，以及提升網路訊號品質。,2,1,-1,6966,,2020/05/09,0,負向
營主可能會在半夜叫人結帳，這樣可能就沒有下次了。,1,1,-1,7009,,2019/05/09,0,負向
優點是，D區場地很大並且有樹蔭，因此不需要搭天幕也不會曬到太陽，非常方便。缺點是，環境整理需要加強，水槽極其髒亂，廁所裡有很多蜘蛛網，看起來好像很長時間沒有清理過。此外，營位和廁所門口的洗手槽有很多非常大隻且會飛的蟑螂，衛生環境確實需要改善。,2,1,-1,1,,2024/05/06,0,負向
廁所很髒，沒有定時清潔，味道很難忍受。吹風機的效能很差，常常過熱而斷電。浴室裡洗到一半突然沒熱水，而且就算有熱水，也不夠熱。冰箱太小，根本裝不下足夠的食物。洗手台歪斜，無法放置物品。,2,1,-1,16,,2023/12/06,0,負向
這個營地環境非常糟糕，雨天容易積水，草地泥濘，路上沒有照明，廁所衛生狀況讓人難以忍受，而且營地維護不周，冰箱也髒亂不堪。總結來說，這個地方讓人非常失望，不值得再次造訪。,2,1,-1,21,,2023/11/06,0,負向
環境還算可以，但希望員工的態度能夠更好些（例如10/8舉辦的萬聖節活動中飾演《鬼滅之刃》中女性角色的工作人員）。對於一些問題的不耐煩回應確實有些讓人感到不悅，希望未來能夠改進。,1,1,-1,22,,2023/11/06,0,負向
營區照明不足，當我們在中午抵達時，廁所已經十分骯髒了，直到晚上十點也沒有改善！垃圾桶溢出，衛生紙遍地散落，馬桶非常髒，幾乎每個廁所都令人驚恐…,1,1,-1,36,,2023/05/06,0,負向
水壓變化大，水溫不穩，流理台不夠用，四五人共用一個廁所，有野貓野狗四處亂跑，還有喝醉後失控的人，最好不要去露營。這樣的狀況很讓人感到尷尬，整晚都聽到你的抱怨！,2,1,-1,38,,2023/05/06,0,負向
營區應該要在晚上十點後保持安靜，為什麼還有團體一直在半夜兩點彈吉他、大聲喧囂而沒有人來干涉呢？是不是應該讓大家有個好的休息環境？,1,1,-1,45,,2023/05/06,0,負向
廁所味道很差，似乎已經三天兩夜沒有清潔了，衛生紙用完也沒有補充，雖然環境本來不錯，但非常可惜被塞滿了帳篷和車。,2,1,-1,46,,2023/05/06,0,負向
場地很寬闊，但F區真的不太適合。為什麼要將壓力機放在旁邊，還要規劃讓人搭帳篷呢？整天24小時都在嗡嗡作響，就算停了一下下，馬上又開始嘈雜，真的讓人難以入眠啊~,1,1,-1,50,,2023/05/06,0,負向
營區的自然風景很迷人，場地很寬敞，但因為接待的人數眾多，導致廁所不足且環境髒亂。希望增加清潔頻率並補充衛生紙。另外，浴室的數量明顯不足，倒數第二間沒有熱水，水溫和水壓都不穩定，且排水系統不良導致積水問題。最不能容忍的是在現場直接焚燒垃圾，這樣真的合適嗎？,1,1,-1,68,,2023/05/06,0,負向
假日人潮眾多，洗澡沒熱水了，可以體諒等一下。通知了老闆，老闆說沒瓦斯，換了瓦斯叫人家重新開水，要脫光衣服站在山上等了20分鐘，還是沒熱水？我就想問，瓦斯換去哪裡了？太誇張了，不會再來了。,1,1,-1,96,,2022/05/06,0,負向
廁所太多，衛生狀況不理想。連續兩天沒有熱水，早晚洗澡都是冷水，非常不建議。,2,1,-1,106,,2022/05/06,0,負向
這次露營經歷真是太糟糕了！連續三天從初三到初五都在爛泥地裡走來走去，真是太艱苦了！走去上廁所的路上又沒有路燈，全程都在踩爛泥，然後再踩著爛泥回到帳篷。露營區的排水系統也不良好，雖然沒有下大雨，地面卻出現了小河，不停地跳電，熱水也不給力，這次的露營真是令人難以忘懷！,1,1,-1,108,,2022/05/06,0,負向
廁所和淋浴間在同一個地方，洗澡時還要忍受著排泄物異味，洗手池也嚴重不足。,2,1,-1,112,,2022/05/06,0,負向
房間不太乾淨，但春節期間價格很優惠。,2,1,-1,114,,2022/05/06,0,負向
夠糟糕了，第一天只有冷水可洗，第二天還整個停電，營區主人真是賺了不少呢。,1,1,-1,118,,2022/05/06,0,負向
營區環境很舒適，有溪水和螢火蟲，但聽說一年前有人反映浴室的水溫時冷時熱，結果今天只有冷水沒有熱水，真是讓人掃興。,2,1,-1,148,,2021/05/06,0,負向
雖然這個地方擁有廣大的空間，但營區的規劃過於密集，導致缺乏活動空間。另外，活動區缺乏樹蔭，使得夏天時容易過熱。當人數較多時，衛浴設施也明顯不足，需要排隊洗澡。雖然這裡可以看到螢火蟲、玩水，但是比這裡更理想的露營地還有很多。,2,1,-1,149,,2021/05/06,0,負向
建議營主可以考慮加強洗碗槽和插座的數量，並改進熱水供應穩定性。另外，建議營主制定晚上十點後降低音量的規定，因為有些鄰居在半夜十二點還在大聲聊天，造成困擾。當有人反應時，他們會短暫降低音量，但很快又變成原來的吵雜程度。其中一位隔壁住戶不停地炫耀業績成長得多快，建議其他人要多學點，這樣太吵雜也是相當困擾。,1,1,-1,176,,2021/05/06,0,負向
浴室數量不足，沐浴時水溫難以控制，排水設施不良，地面有太多碎石，洗碗槽不夠。,1,1,-1,190,,2020/05/06,0,負向
這個營地環境很差，廁所非常髒，只有一間衛浴可以用熱水，價格卻要收1200。,1,1,-1,204,,2020/05/06,0,負向
這個露營區沒有熱水可洗澡，廁所很髒，而且缺少小朋友的遊樂設施。收費1200元，但感覺沒有物超所值。總之，這是一個令人不想再去的雷區。,1,1,-1,205,,2020/05/06,0,負向
排水系統表現不佳，在降雨後草地變得泥濘不堪。,2,1,-1,207,,2019/05/06,0,負向
熱水器的溫度時常不穩定，我建議不要購買這款產品。,1,1,-1,209,,2019/05/06,0,負向
在營區規定是不能唱卡拉ok或使用高分貝音響，但我們卻遇到了這樣的情況。有人在夜晚唱歌一直唱到晚上11點，其他地方也跟著放音樂，營區外還有施放臭肥，臭味令人難以忍受，吸引了一大群蒼蠅。晚上有提供桂圓銀耳甜湯，讓人開心加分，但還是建議主辦單位以後要加強管理，避免破壞營地的聲譽。,2,1,-1,279,,2024/04/06,0,負向
"1. 營主非常熱情，在這麼炎熱的天氣裡，親自送上清涼的點心。  
2. 營主展現專業，提及不少小黑蚊的存在，我們前三名的收穫是34、33、19，讓我好奇老闆的標準是甚麼。  
3. 廁所整潔而寬敞，總計四間，但需小心以防有昆蟲或寵物進入。  
4. 喜歡釣魚的朋友要小心，釣上的魚要妥善放置，老闆會透過監視器查看，以防您藏起他的魚。如果需要叫老闆，其實只要在監視器前揮手，他就會到來，感謝這個露營區，讓我打破了被小黑蚊叮的紀錄。",1,1,-1,334,,2023/05/06,0,負向
明明知道螞蟻繁殖期數量眾多，卻不提醒，讓露營體驗受到很大影響。,1,1,-1,373,,2021/05/06,0,負向
這個營區讓人對再次造訪望而卻步，燥熱的夏天令人不樂，下午的雷陣雨讓糟糕的排水系統露出破綻，泥濘的路面影響露營的舒適感，必須加以改進。,1,1,-1,375,,2021/05/06,0,負向
在洩水道旁設置營地並不理想，下大雨時會有一條大水溝在旁邊，營地負責人應該好好考慮是否將營地遷至更理想的地點。,2,1,-1,376,,2021/05/06,0,負向
露營了60天，第一次遇到這麼獨特的營地，雨棚就像搭在營主家門口一樣，營主家人在營位旁進進出出，完全沒有隱私可言。明明租了營位，卻搭不全，還要留出位置讓他們進出，導致搭帳空間被壓縮，實在不太理想！,1,1,-1,417,,2024/04/03,0,負向
在園區放捕獸夾可能違法，攜帶寵物的人要小心。,1,1,-1,467,,2024/02/06,0,負向
這裡的規定確實讓人有些沮喪，大家來這裡跨年都希望開心，卻不能盡興。對吧，我們不是來這裡花錢睡覺的嘛？給你六顆星，還差一顆呢。,1,1,-1,468,,2024/01/06,0,負向
我們已經在雙十連假（10/7~10/9）訂了5+8帳（二區），但因颱風即將來襲，考慮到大人和小孩的安全，我們決定取消。雖然取消訂單被扣了訂金的60%，這部分我認為是合理的。然而，我認為不合理的地方在於租借裝備的費用，因為在未使用的情況下，卻未能全額退款。營主聲稱裝備是通過廠商代訂的，但事實上，裝備從頭到尾都存放在你們的營地倉庫，讓我懷疑這個說法的正確性。當我詢問營主關於如何因應帳蓬進水的狀況時，他只字不提，僅表示戶外地區難免會淹水。對於這個營地的狀況，我覺得有去過的人都能理解我的疑慮。或許未來在訂購營位前，需要多花些時間了解營地的評論，才不致於出現太大的誤差。,1,1,-1,475,,2023/10/06,0,負向
露營地缺乏垃圾桶，需自行將垃圾帶到廁所外的垃圾桶處丟棄。未事先告知有季風問題，風力大導致帳篷和炊事帳受損。石頭地難釘帳篷，連假期間可能電力不足。前往露營的朋友應該考慮以上問題。,1,1,-1,482,,2023/05/06,0,負向
這段評論指出，營地衛生乾淨且有積極打掃，但其他方面不盡人意。例如，地面堅硬，難釘營釘且無提供護草墊，垃圾桶和廚餘桶位置不便，且環境對小孩有危險。夜間溫度接近零度，露友自帶取暖設備，但營主質疑用電，最終停電只能依賴煤油爐取暖，導致小孩受涼。由於營區的服務態度不佳，評論者承諾永不再光顧該營區。,1,1,-1,486,,2023/05/06,0,負向
"1. 老闆一開始接洽的時候很客氣，但付款後態度完全改變。當我告知露友家人臨時離世無法前往露營時，營主一直催促要提供證明才能退款。我明白需要相關資料，但要在當天拿到訃聞實在不切實際，沒人會拿這事開玩笑。

2. 當天抵達搭營區，花了兩個小時才搭好帳篷，營主就過來要尾款，感覺很不好。

3. 露友租借的床墊有漏氣，換了還是漏氣，租賃物品管理不當，營主聽到後反而生氣說，知道會漏氣就不要租！！

4. 垃圾桶離露營區很遠。

5. 淋浴水溫不夠熱，在冬天不建議露營。",1,1,-1,487,,2023/05/06,0,負向
對於裝備不足的露營朋友來說，這次的經驗真的很糟糕。朋友租用的充氣床一直漏氣，不得已半夜打電話給營地管理員，雖然對方過來換了床，但態度和口氣非常惡劣。換了新床依舊漏氣，最後只能讓全家人睡在硬邦邦的地板上。營地管理員一會讓我們收費，一會又不讓收費，態度反覆也極差，最後還直接告訴我們不要再來。這次的經歷真的是相當不愉快，必須告訴其他裝備不足的露營朋友。,1,1,-1,489,,2023/05/06,0,負向
營區冰箱存在漏電問題，造成觸電的情況，營區負責人對此問題的處理態度消極且不友善。,1,1,-1,490,,2023/05/06,0,負向
"1. 我們租借的氣墊床有問題，但營區主人的態度很差，沒有處理好設備的問題，讓我們整晚睡在硬石地板上，經驗非常糟糕。
2. 在收帳的早上，營區的職員說租借的帳篷和客廳帳不用付費，因為要晾乾在雨天使用的設備。然而過了一會兒，營區主人卻來要求收費，我們和他溝通提及之前的情況，但他表示他是老闆就是要收費，然後離開了。當我們正在整理設備時，主人再次來說我們不需要付費？這讓我們感到非常困惑...這位營區主人難道眼睛有問題嗎？這次的營區體驗實在是糟糕透頂，我們不會再來了。",1,1,-1,491,,2023/05/06,0,負向
帶著團友去露營，經歷了一段不愉快的經驗。遇到下雨的情況導致營地積水，反應給營主後，卻被以尖石營地條件為由搪塞。營地中缺乏垃圾桶，需要自行提到廁所處理垃圾，而晚上被貓咪撕破垃圾袋，造成垃圾四滿。清晨營主發現後不客氣要求我趕快清理，卻對我們被貓撕亂的垃圾提出質疑，讓人感到困惑和委屈。此外，營主要求提早收拾營地，並責怪我們拖延，即使時間還未到而要求付費。這種狀況讓我不推薦這個營地，儘管環境美麗，但營主的不友善態度和營地設施問題使得我們無法放心享受露營樂趣。希望和我一樣注重露營開心氛圍的人，不要因為此類問題而付出不必要的困擾。給予一顆星的評價，至少認同該營區的美麗景色，而且離開時沒有任何垃圾留下，保持戶外人的高品格。,1,1,-1,492,,2023/05/06,0,負向
"1. 搭帳篷時釘子下起來很困難，許多釘子都被錘壞了。
2. 要丟垃圾必須到浴室，因為只有浴室有垃圾桶可以使用。
3. 廁所除了第一天打掃得很乾淨外，之後就保持得不太好，感覺沒有持續的維護，而且沒有補充衛生紙。
4. 排水系統極差，下大雨時整個帳篷都淹進水裡，水都無法排走。",2,1,-1,498,,2023/05/06,0,負向
原先準備參加萬聖節走秀的活動，卻突然下起大雨，場地變成了幾乎要淹到大腿的經驗。我們的帳篷被淹水，試了各種方法想把水排走，但似乎都沒什麼用。跟之前北部暴雨相比，今天這場雨比較讓人擔心，所以我們決定提早撤帳，希望不會一家老小半夜驚醒。不過在這場雨來臨之前的經驗還算不錯，唯一的問題是打營釘實在太困難了（可能是因為我工具不好，也缺乏力氣）。,2,1,-1,499,,2023/05/06,0,負向
下雨時水流不佳，如果遇到嚴重積水情況，想要學習挖溝技能的話，可以趁著下雨天來練習！記得先在蝦皮上買好鏟子。,1,1,-1,500,,2023/05/06,0,負向
營地的排水系統出了問題，導致泥水淹滿內帳，無法再留在裡面。我們通常是在其他地方乾燥整理營地，但這裡卻必須提前整理。原來露營時應該帶一把鏟子。,1,1,-1,501,,2023/05/06,0,負向
上週參加了一個親子露營活動，去了印象尖石。星期六白天天氣還可以，但下午四點開始下雨，不到半小時各區就開始淹水了。營地沒有排水系統，營主也無所作為。雖然付了活動費，但活動主認為這是天災，不能怪罪營主。由於積水問題，小朋友無法參與任何活動，我們只好決定撤營。結果有許多人也選擇離開，因為不知道何時雨會停。營地及活動費共花了一千五，卻只換來小朋友的不開心及許多困擾，令人感到非常氣憤。,1,1,-1,502,,2023/05/06,0,負向
這個營地的停車方便是一項優勢，但排水不良和缺乏護草墊是個大問題。特別是像梯田一樣地勢的營地，位於下面的營位面臨著更悲慘的情況。在我們露營時遇到了一場大雨，排水系統完全無法應對，營位瞬間淹水，整個區域變成了一條小河。露友不得不自力救帳篷，這次露營經歷非常糟糕，第一天晚上就有人不得不撤營回家。結論是這個營地在下雨天絕對不是個推薦的選擇。,1,1,-1,503,,2023/05/06,0,負向
這個地方下雨天不適合來。營地的地面不平整，容易積水造成帳篷內淹水的問題；營主無法解決這個情況，只能等雨勢變小後15分鐘積水才會慢慢退去。此外，淋浴間的熱水供應也有問題，要特別留意。,1,1,-1,504,,2023/05/06,0,負向
這個地方的排水有問題，會造成嚴重的積水，反映後卻沒有人處理，只能自求多福。,1,1,-1,505,,2023/05/06,0,負向
茄苳D區排水不良、積水嚴重，在第一次下雨時因積水而撤營（後來整個露營區的朋友們都撤營了），營地是草皮和石頭混合的地面，底層石頭比較大顆，釘營釘的時候困難一些，遇到下雨的天氣要多考慮一下。,1,1,-1,506,,2023/05/06,0,負向
排水系統存在問題，地面不平整且沒有護草，導致淹水情形，但營主的態度卻顯得消極。,1,1,-1,507,,2023/05/06,0,負向
我們第一次參加學校的團露活動，是在4/30至5/2，共計三天兩夜。我們使用了登山野營帳篷，在搭建過程中遇到了許多小石頭，營釘插不進去。向營區工作人員借了鐵槌，問他們怎麼在草地上敲營釘。有位女生工作人員和一位男生（不確定是否老闆）告訴我們要多找平地（但態度不太友善）。第二天我們去爬山，回來後想洗熱水澡。一開始有熱水，但洗頭後再開水卻一直是冰水（當時只有13度），所以在13度天氣裡洗了冷水澡。這是我從未有過的人生體驗。離開後才發現雨傘忘在營區入口的長凳上，打電話詢問時有位男士回應說營地什麼都沒有... 我覺得他們很不想被麻煩，有其他事情最好不要再找他們。總結來說，這次露營經驗不怎麼樣。,1,1,-1,517,,2023/05/06,0,負向
4/30週末連假我和朋友們一起在露營地待了三天兩夜。一開始抵達營地時，環境還算不錯，浴廁也算乾淨。雖然之後遇到幾次跳電和水溫控制問題，我們都沒有抱怨。但最後一天，營地管事的在中午12點臨時通知我們必須在1點前離開，對此我們毫無準備，當時還在下大雨，只好趕緊打包離開。快到1點時，有一名男性冷漠地再次提醒我們必須準時離開，甚至有朋友被罵說搬收帳篷搬得太慢。還有一些朋友因為下雨臨時跟營地租借空間，但因為管理上的混亂，他們沒有注意到必須交回房間。稍後營地打電話來責罵，威脅要報警處理如果不趕回來。雖然朋友們立刻回去處理，但我們都感到為何要對待如此惡劣。寬容對待營地的問題，但營地若有需求，若早說我們會盡力配合，沒必要對待如此不友善。整體而言，這是一個不錯的營地，可惜營地管理者的態度讓我們不再願意再訪。,1,1,-1,520,,2022/05/06,0,負向
老闆態度很差，浴室沒有熱水。,1,1,-1,521,,2022/05/06,0,負向
冷熱水溫度浮動很大，只有非常熱和非常冷可以選擇，而且經常停電。,1,1,-1,523,,2022/05/06,0,負向
老闆說話的口氣很不友善，停電、洗澡水溫不穩定等問題都出現了，而去服務中心詢問事情時還遭到嘲諷。前往營地的路面到處都是落石，非常危險。,1,1,-1,524,,2022/05/06,0,負向
這段句子大概是在描述一個不太愉快的住宿體驗，提到洗澡時熱水溫度過低，小孩冷到發抖。另外也提及老闆的不友善態度和服務品質不佳。总的來說，這段描述反映了一個不太理想的住宿體驗。,1,1,-1,525,,2022/05/06,0,負向
浴室廁所數量有限，每個區域共用四間浴室和四間廁所，所以洗澡和上廁所可能要等一下；熱水供應不穩定，時冷時熱；經營者的服務態度不佳。,1,1,-1,529,,2022/05/06,0,負向
營主的態度並不友好，他甚至說要客人趕快下山。,1,1,-1,530,,2022/05/06,0,負向
營地老闆的態度非常差，我不推薦這個地方。他們甚至會限制停車位，讓人離開？這真的令人無法理解。,1,1,-1,531,,2022/05/06,0,負向
去了三天兩晚參加跨年活動，但熱水供應一直不穩定且不足，和房東女主人提出問題後感覺回應冷淡且沒有改善。廁所雖然有清潔過，但第一天就變得髒亂，這讓我留下了不好的印象。這種情況讓我感到很可惜，而且每個區域都住滿了。,1,1,-1,532,,2022/05/06,0,負向
場地的草皮規劃得很不錯，但熱水供應不夠穩定......8度時只有冷水洗澡......冷死了！,2,1,-1,534,,2022/05/06,0,負向
這周我們去露營，租了帳篷和客廳帳。客廳帳裡有一頂已經不防水，嚴重滲水，下午四點要求老闆來檢查，但工作人員直到晚上七點雨停才到。他們只是擦拭了一下帳篷內部，表示沒有發現破洞就要離開。我們強調這不是破洞的問題，而是防水層失效了，因為另一頂帳篷沒有這個問題。我們要求更換帳篷，但老闆堅持這是正常現象，並表示客廳帳就是會滲水，態度高傲輕蔑，完全不理會客戶的反應，堅持自己的看法，還表示錢難賺。通過查看其他顧客的評論發現，他們處理問題的方式和我們這次的經驗很相似，我們或許習慣了這樣的老闆。雖然露營區美麗，但碰到問題會感到很累。,1,1,-1,538,,2022/05/06,0,負向
營地整理得還不錯，但管理人員的服務態度真的有待改善。當我們快要離開時，發現冰箱已經滿到了65個左右，然而卻找不到足夠的空間。當我們提出要求建議冰箱分區時，他卻回應說無法做到，還反問我們可以早點到。此外，所有區域都沒有垃圾桶，我們得自己處理所有垃圾，他則表示人手不足，並問我們有什麼其他建議。,1,1,-1,548,,2022/05/06,0,負向
這次露營經歷不太順利，帳篷被風吹得搖搖欲墜，晚上無法好好入睡。營地地面堅硬難以釘搗，且風勢很強。連洗澡水溫也難以掌控，綜合種種不便，讓這次露營感受不盡如人意，並不太適合推薦給朋友。,1,1,-1,554,,2021/05/06,0,負向
營區有太多的電器連接，所以在半夜就跳電了，早上9點多才有電恢復。廁所很髒，還有很多蜜蜂。,1,1,-1,561,,2021/05/06,0,負向
印象尖石營地給我的印象非常糟糕，第一次也是最後一次去那裡了。地板非常硬，打營釘打到手都快軟了，而且營地非常狹小。營主還不斷地多收費用，營區擁擠到不行，帳篷都連成一片，連停車位都沒有合適的，大家亂停亂放。四個區域至少有40個帳篷位，但卻共用一個冰箱和8間浴室。,1,1,-1,572,,2021/05/06,0,負向
洗澡時水溫不穩定，沒有水桶，但還能裝水來幫小孩洗澡，可惜小孩被燙到哭了。,1,1,-1,579,,2021/05/06,0,負向
營地地面是石頭，所以很難釘營釘，而且一下風就會把營釘吹起來，所以下次不想再去那裡了。,1,1,-1,584,,2020/05/06,0,負向
前面說好要保留位置，結果到達目的地時卻說沒有這回事，感覺很差，不過在收錢時有道歉。浴室的蓮蓬頭突然爆裂，水亂亂地噴射出來，不過小孩的遊樂設施很棒。,1,1,-1,593,,2020/05/06,0,負向
營區地面全是石頭，一般的釘子根本插不進去，而且晚上竟然還沒有熱水，洗澡洗到一半就冷死了。,1,1,-1,597,,2020/05/06,0,負向
車子在即將抵達目的地前的山路上無法行駛。,1,1,-1,624,,2019/05/06,0,負向
營區位於山中鞍部，有些微季風，可能產生強風，營主應該要熟悉這個地方的特性，提供協助和建議。已經連續兩次在這裡營區拔營的十一月，因為強風導致營柱折斷。,2,1,-1,765,,2017/11/21,0,負向
假日放鬆的好地方，可觀賞夕陽的營地,1,1,-1,813,,2017/05/02,0,負向
這個露營地因為管理不當，不建議前往找有品質的露營地。,1,1,-1,1263,,2023/11/07,0,負向
某區營地晚上放任唱超級走音的噪音，難怪其他人覺得為什麼還要遵守規則。,1,1,-1,1264,,2023/11/07,0,負向
和營主的朋友在同一區露營，營主人真的很好、很客氣。但是在最後一天我們在收拾東西的時候，營主的員工也一起幫忙，卻把我們的洗碗精和菜瓜布誤放到垃圾桶裡。一開始詢問員工時，他們先是否認沒有拿，直到我們找營主要求才願意去垃圾桶中找回洗碗精給我們。在眾人匆忙收拾離開場地的同時，員工也一直追隨後面幫忙收拾！有時候遲一點收拾並不意味著放棄。我們的延長線幾乎失蹤了，不知道被帶到哪里去了。詢問員工時他們都否認沒有拿，我們實在找不到，只好請營主幫忙尋找，最後在營主的朋友露營共用空間找到了。很庆幸當時及時發現有東西不見了，如果不知道或忘記了，那就可能會被搶走了。在玩水區域近廁所、營地本部附近，總能聞到濃濃的二手菸味，家長們帶小孩去玩水時要特別注意。營主的朋友帶著狗去露營，狗主人真的很不懂得禮貌，而讓自家寵物亂拉在別人的營區，更不主動清理。另外，他們的喧鬧吵雜的歌聲和尖銳的笑聲一直持續到深夜12點，實在讓人難以忍受。,1,1,-1,1288,,2023/06/07,0,負向
玩水很有趣，可是在營本部周遭總是聞到有人在抽菸，味道很臭非常難聞！,1,1,-1,1289,,2023/06/07,0,負向
最後一天我們在整理東西的時候，營地雇用的員工也在我們的營區收拾東西，我們還沒離開呢！讓人氣憤！他們連洗碗精和菜瓜布都丟掉了；甚至連延長線也不放過，拔起來放在露營營主朋友群旁邊。一開始問員工時他們還直接否認拿了，直到我們找營主要回東西，員工才去垃圾回收桶撿回洗碗精給我們，但延長線還是不承認！！大家正在忙著整理營具，還未離開場地，員工就跟著收拾！有時候收拾比較晚不代表不要那些物品，何必亂動別人的東西，毫無品德，也缺乏教養。靠近水源區域的營區附近的營本部，總是散發著濃濃的煙味，讓人不舒服，卻還要每個人去聞那煙味！營主的朋友帶著狗去露營，讓毛小孩在別人的營區亂拉屎，卻不清理，沒有品德和教養。我們真的很倒霉，跟營主的朋友同區，要忍受他們的刺耳音樂和吵雜尖叫聲，一直到凌晨12點。,1,1,-1,1290,,2023/06/07,0,負向
聽說新的營地負責人在C區進行了試試水溫的經營，在打開車門的時候就聞到了一股腐爛泥土的味道，心裡真的是有些擔憂。在6月25日到26日期間下了大約100毫米的豪大雨，導致C區地面全部積滿了水，沒有退乾，直接變成爛泥坑。走路的時候一踩到爛泥坑就會陷進去，拖鞋也會粘住，小朋友們一直滑倒。營地的負責人和老闆娘決定把全區的護草墊搬來。這是我第一次露營，小包區都鋪了26片護草墊，下完雨後我去了A、B、D區，發現完全沒有積水，只有C區的水大約積了約5公分左右高度。營地負責人答應我們會改善情況，真希望能真正改善，我會再給予5顆星的評價。,2,1,-1,1348,,2023/05/07,0,負向
熱水溫度變化太大，熱水只有10秒，冷水要等一分鐘才來，淋浴過程真是太辛苦了。另外，淋浴間裡還有用過的衛生棉，這也太不整潔了吧！,1,1,-1,1379,,2022/05/07,0,負向
錢雖然不是問題，但重點是我租的地方。廁所沒有整理，還有兩間廁所的牆上黏著女生用的衛生棉。另外，還有一間沒有熱水，另一間則熱水無法調溫。,1,1,-1,1381,,2022/05/07,0,負向
網友提到的情況真的令人困擾！環境骯髒，有許多蒼蠅和不明昆蟲，下山後多人皮膚因為過敏或昆蟲咬傷起水泡。水壓不穩，熱水就像燙焦一樣或者冷到發抖，整個營區就像冰箱一樣冷。四個人包場只有一間廁所，而且連衛生紙也沒有。不推薦前往，尤其是有小孩的家庭更不需要考慮。,1,1,-1,1384,,2022/05/07,0,負向
在露營場待了七八年，從來沒遇過像這次這麼多蒼蠅的情況。白天蒼蠅成群，晚上又是一群小蟲。廁所沒有衛生紙，熱水溫度要命，調不到適合的溫度，要麼太熱要麼太冷。看了評論後發現，這種情況似乎一直沒有改善。我們在D區的四張帳篷，實在太擁擠了，孩子們幾乎沒有地方可以跑。而四張包區的營地居然只有一間廁所和一間浴室。總之，無法推薦這個地方。,2,1,-1,1385,,2022/05/07,0,負向
環境不整潔，蒼蠅很多，3天2夜沒有規律地整理和清潔。,1,1,-1,1386,,2022/05/07,0,負向
看了google評論很擔心營地的情況，但實際到了現場才知道網友的評價是準確的！廁所沒有提供衛生紙，晚上斷電不亮燈。水槽沒有清潔，也沒有照明，廚餘桶也沒有。浴室有幾間水塘水不通，有時還沒有熱水，生態池味道很難聞。A區塞滿了12張帳篷，非常擁擠，角落還有一區荒地沒有整理，只好利用空間塞一個帳篷。幸好有朋友相伴，否則這次228連假的旅行真是糟糕透頂。,1,1,-1,1390,,2021/05/07,0,負向
營地官網宣稱提供衛生紙和沐浴乳，但實際上廁所沒有衛生紙，而沐浴乳也沒有補充很久。洗澡水都是冷的，在3天2夜的露營期間，浴廁沒有被清潔也沒有垃圾桶。另外，還有一些蟑螂和蒼蠅。儘管營地硬體條件還不錯，但整體情況令人感到非常可惜。,2,1,-1,1391,,2021/05/07,0,負向
總括而言，露營地主人的服務態度不佳，廁所沒有提供衛生紙且有異味，草坪沒有打理好，照明設施也不夠亮，因此我不推薦大家前往那裡露營。,1,1,-1,1392,,2021/05/07,0,負向
抵達營區後發現衛生狀況糟糕，草皆未整理且有蟑螂出沒。營主提供不實資訊，廁所未清潔且沒有衛生紙。租借的帳篷和睡袋濕潤，與營主溝通換新卻仍是負面體驗。,1,1,-1,1393,,2021/05/07,0,負向
這地方環境不錯，但是河道沒有清理，底部充滿了樹枝、樹葉、昆蟲屍體和泥沙⋯⋯廁所已經兩天沒人清潔，垃圾堆滿地面，洗澡時水突然變冷（不僅是自己遇到，其他露營者也一樣），只有在收費時才看到工作人員，其他時間都看不到人。午後發生雷陣雨後，排水系統不良，形成積水。,1,1,-1,1395,,2021/05/07,0,負向
室外正在下大雨，廁所裡也有雨水滲入，營區的排水系統不良，導致積水嚴重。,1,1,-1,1396,,2021/05/07,0,負向
衛浴沒有補充衛生紙，戲水區也不夠乾淨。營區比較狹小，也沒有草地保護墊，且有很多小蟑螂。,1,1,-1,1397,,2021/05/07,0,負向
"沒有人在夜間接待，廁所裡的衛生紙沒有補充，充滿了蟲子，馬桶還堵塞著，淋浴間的水時冷時熱，好在天氣熱……兩天兩夜都沒有人來打掃廁所，只是放了點衛生紙，甚至都沒打招呼……最重要的飄飄河呢？？？場地再小也沒關係，草地缺乏也沒關係，螞蟻到處亂爬也沒關係，但飄飄河卻長滿青苔、樹葉和泥土，根本沒有整理，水源似乎不足……那麼其他地區怎麼辦？我們不是顧客嗎？即使它雜亂得像洗腳水，但對孩子們來說卻是一大期待，不然我們還能提早安排其他活動啊……差點就忘了穿上泳衣，準備好水槍和游泳圈來享受""手機遊戲""……",1,1,-1,1398,,2020/05/07,0,負向
露營區人潮眾多，除了水上活動外，就沒有太多草地空間讓小朋友玩了。,2,1,-1,1403,,2020/05/07,0,負向
可惜啊，跟旁邊的土牧驛相比，少了些用心。我們露營的地方，浴室熱水不太穩定，水道長滿了青苔，還有不少小蟑螂（在其他山區的營地很少見，甚至幾乎沒有），洗水槽也需要營地主人來清潔。真的很可惜這個好地方，尤其是比較過後。還有，在路過營地本部時聽到營地主人自豪地告訴遊客本週客滿，希望他們努力保持優質的服務。,2,1,-1,1416,,2020/05/07,0,負向
營位位置靠近馬路，有點小。建議在每個帳篷前安裝流理台會更方便，共用廁所較遠。另外，希望水池能保持乾淨。設有飲水機、過濾系統、脫水機，提供品質良好的洗髮精和沐浴乳。,2,1,-1,1417,,2020/05/07,0,負向
在同個區域露營時，碰到了倒霉的情況，樓主的朋友和一位露營營主同區露營。玩水區域和廁所附近，總是飄散著濃烈的煙味，提醒家長要特別留意讓小孩玩水的地方。此外，營主的朋友帶著狗去露營，狗主人的行為真的令人不悅，讓自家毛小孩隨處亂拉，也不負責清理。另外，得忍受他們吵雜的歌聲和尖銳的笑聲，一直持續到深夜12點。雖然我們可以忍受歌聲、笑聲、二手菸味和狗屎，只視之為一個晚上的經歷。但是關於東西丟失或差點不見，這個情況真的需要提醒大家小心。,1,1,-1,1440,,2023/05/15,0,負向
這段故事講述了倒霉和營主的朋友在同一區露營的經歷。雖然營主人非常友善，但最後一天收拾東西時，營主的員工把洗碗精和菜瓜布誤放到垃圾桶裡，一開始否認拿走，直到找營主後才歸還。雖然露營時很忙碌，員工仍在後面跟進收拾工作，有時候晚收拾並不代表不重視。延長線差點被弄丟，最後在共用空間找回，提醒我們要確保清點物品，以免遺失或被誤拿。,1,1,-1,1441,,2023/05/15,0,負向
浴廁衛生狀況很差，露營地有很多蟑螂。,2,1,-1,1474,,2020/08/21,0,負向
覺得經營不夠用心。連廁所都沒有清潔。,2,1,-1,1477,,2020/05/07,0,負向
提高洗手槽的清潔力度並且照顧草坪。,2,1,-1,1483,,2019/09/09,0,負向
"1. 衛浴空間小對於有小朋友的露營家庭確實不方便。可以考慮在帳篷外準備一個小盆或架子，讓小朋友在那裡盥洗。
2. 沒有護草墊的草地很容易變成泥巴，露營裝備最好放在潮濕地面之上的地磚或者防潮墊上，以免衣物或裝備受損。
3. 洗手台較少確實有點不便，可以事先準備好濕紙巾或消毒搓手液來保持清潔。
4. 如果廁所太髒，可以嘗試避開繁忙的時間使用，或是自行攜帶一些衛生紙或香氛噴霧以增加舒適度。",1,1,-1,1519,,2024/04/23,0,負向
"1.我透過露營樂系統訂了D區碎石區1帳，但到現場發現我是第4帳，原本系統顯示該區只有3帳。營主解釋是因為超收了。我之前選擇這區是因為想要寬敞一點，但明顯空間不足，還被隔壁露友的小孩拋接球打到帳篷和桌椅，感覺被騙了一樣。  
2.洗手間的衛生紙已經堆滿了，看起來不太衛生，不過洗澡水倒是有穩定的熱水。  
3.碎石區沒有護草墊，導致帳篷底布受損，跟我之前住過的其他營地有點不同。  
4.飲水機的水量有點少，比滴水還慢。  
5.傍晚蚊蟲比較多，前面露友提到的驅蚊線香也沒看到。  
6.營區垃圾桶設施很少，也沒有廚餘回收桶，對北部來的露友來說有點不習慣。",2,1,-1,1533,,2023/05/07,0,負向
提前預訂卻改變主意，雖然說可以等待但最終不做，要求我們到塵土飛揚的桌區露營？情況混亂、蚊蟲繁多、環境髒亂！,1,1,-1,1542,,2022/05/07,0,負向
小黑真的是太可愛了！,1,1,-1,1547,,2022/05/07,0,負向
沙坑球池是小孩子的開心地方，熱水溫度夠且水量充足，建議老闆可以增設一個沙圍，避免風吹將沙子吹進帳篷地墊。此外，C區後面有一條死水溝，小黑蚊太多了，如果能處理一下水溝就更完美了。另外，希望露營的朋友可以記得丟棄仙女棒的廢棄物，以免造成危險。老闆在後續的清潔動作上可能要更加謹慎一些，以免小孩受傷。整體來說，露營的感覺很不錯！,2,1,-1,1585,,2019/05/07,0,負向
先說說這個地方最大的問題，晚上11點以後，營地主人完全沒有控制音量，絕對會吵到無法入眠。強烈建議營地主人能夠採取一些行動，提升露營品質，吸引更多品質好的露營者。除此之外，露營區的位置不錯，離下山購物的地方也不遠，大約15分鐘就能抵達一家全家便利商店。露營地很寬敞，草坪也維護得很好，風景也很美，最上層還有一間餐廳。,2,1,-1,1746,,2024/04/16,0,負向
營地環境優美，草坪維護良好，廁所也乾淨整潔。營主服務親切，甚至借給我們燈串。唯一令人無法接受的是，狗大便滿地。即便不知道是誰的狗，令人困擾。隔天早餐時，兩位帶著狗散步的小妹妹，狗又大便，我提醒她們清理，但她們卻離開。我們只能自顧自地清理。這種情況非常讓人失望，儘管營地和營主都很棒，但被大便味包圍的感覺實在不愉快。希望營主能重視此問題。,1,1,-1,1756,,2023/06/07,0,負向
這段文字在描述週末露營時遇到的困擾，帳棚區附近經常有狗大便，讓同伴踩到，甚至遛狗的人沒有清理。作者認為營主應該要維持環境清潔。,1,1,-1,1757,,2023/06/07,0,負向
"優點：1. 靠近三義市區，車程只需15-20分鐘。
缺點：1. 營區位於山路旁，清晨半夜有人跑山真的很困擾。2. 整個營區約有5-6層高，有30-40個營位，但只有入口處有冰箱，這樣省錢嗎？夏天想取東西的時候真的很不方便。3. 有些層數的營位太短或太窄，搭帳篷後放客廳天幕根本不可能，甚至後面也沒辦法通行，建議營區不要過度擁擠。4. 營區有種橘子，但如果1-5號營位沒有人露營，為什麼不在周間修剪樹枝，非要在週末修剪，發動機油煙味和噪音真的很令人討厭。",1,1,-1,1772,,2023/05/07,0,負向
這個地方曾經是親切舒適的休閒場所，但隨著野心不斷膨脹，忘記了讓人喜歡它的原因。雖然入場費只收100元並不算很多，卻漸漸和旅客之間產生了距離。,2,1,-1,1773,,2023/05/07,0,負向
這裡有很多蟲子，水溫時冷時熱，營地裡有很多隻狗會一直吠，廁所較少需要排隊。,2,1,-1,1778,,2023/05/07,0,負向
我們這次去露營選擇了第九區，那裡的環境非常美麗，營地主人整理得很乾淨，一家人臉上總是掛著笑容，對待客人非常友善。不過那裡的生態非常豐富，蟲子很多，有時候可能會遇到藍鵲，甚至被牠們的尾巴掃到。草地很漂亮但草太高了，吸引了很多蟲子。建議在廁所的洗手台多安裝一盞燈，早晨可能會聽到一些施工聲音，還有很多小動物的聲音，需要注意帶耳塞。另外，插座使用時可能會有閃爍情況，建議帶一條長一點的延長線。以上僅為個人經驗分享，對於怕蟲子的人可能不太建議。總體而言，我給這個營地兩顆星，因為環境優美，而且營主人非常友善。,2,1,-1,1781,,2023/05/07,0,負向
草地太厚導致排水不良，步行時容易踩到泥濘。戶外本來就會有昆蟲在飛舞跳躍，但有蟑螂出沒在桌子上下爬來爬去，實在有些過分！飼養狗的話請注意，如果牠對客人咆哮吠叫，讓小孩受到驚嚇跑開摔倒，該負責嗎？這樣的經歷一次就足夠了，謝謝。,1,1,-1,1782,,2023/05/07,0,負向
在這個營地，花草的維護很好，但因為下了大雨，整個營地變得泥濘且充滿小蟑螂，帳篷也因泥水損毀。雖然環境優美，但場主的服務只是開門收費後就放我們進去，對此我們並不滿意。總的來說，若下雨天不建議前往，尤其是營地沒有木棧板區，容易遇到許多蟑螂。綜合評分為1.5顆星，僅為個人經驗，與商家無關。,2,1,-1,1783,,2023/05/07,0,負向
這個地方不太推薦，因為老闆態度不友善。如果你有寵物，最好先打電話詢問是否可以帶寵物，否則可能會直接被收取300元。浴室和廁所有點骯髒亂，浴室的水龍頭溫度不穩定，而且在洗澡時可能會聞到廁所異味。總的來說，這裡真的太差了。,1,1,-1,1786,,2022/05/07,0,負向
蚊子真的超級多！還有營區提供的冰箱有異味，冷度也不夠，我放保冷磚一整晚還是沒結冰。,2,1,-1,1788,,2022/05/07,0,負向
整體環境不錯，沒有什麼可以挑剔的，一應俱全。唯一讓人無法接受的是在2021年11月20日（星期六）露營時，有一區超過晚上10點仍在放音樂，喧嘩並打電話給老闆。老闆只是說有反應請他們小聲，但持續到23:30。這對睡眠造成了困擾，若非此事，整體評價可以給四顆星。,2,1,-1,1795,,2022/05/07,0,負向
營地主人熱情得有點過頭！會帶著狗來「關心大家」，順便等狗解手。可能是為了統計人數與搭帳篷的情況。,1,1,-1,1798,,2022/05/07,0,負向
營區的主人很友善，環境也相當舒適，但晚上出現太多蟑螂了，而且它們還會飛！對於抓到超過二十多隻蟑螂的情況感到相當無奈，這真的有些過分。這樣的情況破壞了原本美好的氛圍，希望可以有所改善。,2,1,-1,1820,,2021/05/07,0,負向
營主很親切地通知大家有青草茶可以品嘗，在翠綠的草地上可以觀賞美麗的星空。然而，這三天卻遇到很多飛行的小蟑螂，牠們飛來飛去，讓同行的朋友們有些不敢放鬆。我們得小心照顧食物和餐具，以免受到蟑螂的干擾。各營區之間的距離較近，因此音樂和交談聲音都很明顯，擔心會打擾到其他露營的人。底下的營區偶爾會飄來刺鼻的廁所排泄物味道，不過不會持續太久，也不太頻繁。交通方便，開車不難，而且有一個足夠大的冰箱可以滿足大部分露營者的需求。然而，如果有人害怕蟑螂或注重隱私，可能需要考慮一下。,2,1,-1,1821,,2021/05/07,0,負向
這次在這個營地三號區，雖然營主非常熱情友善，但是蟑螂實在太多了！其他像是蛾、大螞蟻、蒼蠅、蚊子等還好，但飛的蟑螂讓我很困擾。另外，那區的廁所臭味常常會飄上來，衛浴間設備稍嫌不足，燈光也比較昏暗，而且有很多昆蟲。營區比較狹小，跟其他帳篷相當接近。非常怕蟑螂的人應該要三思再決定，但如果不怕蟲的話，這個營地還是不錯的選擇。我個人太怕蟑螂了，尤其是飛的，這次露營完全沒有放鬆，一直保持警覺，所以給一顆星⋯⋯,1,1,-1,1822,,2021/05/07,0,負向
為什麼進去找露營的朋友打招呼，還要付費？,1,1,-1,1837,,2020/05/07,0,負向
老闆為了不得罪露營客，卻要求我們勉強接受超額預訂。在跨年前一週告知我們包區要多接待一帳客人，我們雖然不情願也接受了。然而，過年連假時，我們包區竟然硬是被擠進了三位陌生人，對方聲稱也是預訂了我們的區域。他們一直說是訂位系統的錯，但後來查證發現是營區主人沒有確認這三人的身份，隨意讓他們進入我們的區域。雖然這些人善意，但讓我們感到非常不舒服。,2,1,-1,1867,,2018/05/07,0,負向
營區的草坪維護得很好，浴廁也分離乾淨，熱水充沛。營主人友善，甚至提供自煮飲料給露營者。當燈條壞掉時，還免費借燈泡給我們使用。唯一可惜的是，有很多狗屎，尤其第一天我們不知道是誰的狗犯的，只好自認倒楣。第二天發現是營主的狗，告知營主後，他們並未控制狗狗，稍後還有小妹帶狗在營區大便，我們抗議卻無動於衷，這讓人無法接受。總之，儘管營區設施優良，卻因為狗屎問題，給人留下不佳印象。希望營主能重視這點。,2,1,-1,1887,,2023/05/19,0,負向
這裡曾經是我們同學每年聚會的好地方，但似乎主人因為生意興隆而忘記了對客人的服務態度。連假前都沒有基本檢查，甚至忘了檢查民宿和浴室的瓦斯。二十多年來第一次在露營區洗澡時沒有熱水（雖然後來裝好了），忽略了最初熱情的服務精神。現在只著重快速收取費用，甚至當面詢問兒子是否已經收到錢。如果不信任顧客，建議早點關門、留在自己的小天地，以免被欺騙。我們雖非挑剔的客人，但這樣直接的說法是因為對這曾經溫馨的露營區感到遺憾。我們不在乎是否被理睬，現在有許多其他地方可供露營住宿，缺乏服務精神的地方不值得我們花錢。,2,1,-1,1892,,2022/11/22,0,負向
浴室的水龍頭溫度時冷時熱。主人建議禁止進入，否則可以免費帶走。,2,1,-1,1905,,2022/04/18,0,負向
營主讓自家狗亂吠，晚上讓人被吵得睡不好覺。雖然可以帶寵物，但要收取300元清潔費，這點有點難以接受。另外，山上氣溫很低，但浴室的水龍頭卻時冷時熱，差點讓我感冒。廁所和浴室也有些髒亂，希望營主能夠改善一下這些問題。,2,1,-1,1906,,2022/04/18,0,負向
在半山腰上的風景雖然不錯，但是因為缺乏用心經營和規劃，失去了美景的本來面貌。抵達營區後，我們發現不是每個營帳都有護草墊，管理員告訴我們大部分都已經損壞，建議我們去其他地方找看看。雜草叢生，地面布滿碎石，下過雨後到處都是爛泥漿，好在雨量不大，否則可能會淹水。晚上洗澡時熱水不足，水壓也不夠，忽冷忽熱的狀況很讓人困擾。連續假期營區滿房，廁所沒有定時清潔，垃圾桶滿溢，充斥著尿騷味。只有一個區域有垃圾桶，要走一段路才能找到，非常不方便。退營當天中午12點要離開時，卻已經沒有水可供使用，浴室的水已經被關掉，感覺相當糟糕。營位停車場沒有規劃，車輛隨意停放，帳篷周圍的擁擠感讓整個營區彷彿難民營一般。,1,1,-1,2171,,2024/01/07,0,負向
很多蟲還有蜜蜂....只有一支風筒。,1,1,-1,2172,,2023/11/07,0,負向
這間露營區服務速度較慢，不建議前往。他們強制要求12:00離場，並在10:30提醒離開，11:46時甚至將水電和冰箱關閉，讓整體體驗相當不理想。,1,1,-1,2173,,2023/05/07,0,負向
隔壁真的太吵了，整個大家都無法入睡。,2,1,-1,2174,,2023/05/07,0,負向
因為分開預訂的關係，我們遇到了一些問題，園區管理員將我們安排在他人已經預訂的營位上。在搭建帳篷過程中遇到了大雨，原本以為是同行夥伴的預訂，結果後來才發現我們的營位在別的區域。搬家的過程中在雨中努力搬運，這次露營經驗可說是最糟糕的一次。浴室設施不錯，熱水供應充足，但上山的路不好開，路邊樹木倒塌，木板損壞，排水不良，帳篷進水，氣墊床也被淋濕。,1,1,-1,2177,,2023/05/07,0,負向
這個露營區的風景美麗，而且空間寬敞。由於海拔稍高，五月底去的時候不會太熱。我們選擇位於G區較上方的營位，但廁所環境並不是很乾淨。洗澡時間大約在九點左右，但浴室的水根本不出來，必須自行調整才能使用。洗完後，吹風機沒有電，洗手台的水龍頭也無法使用。此外，蚊蟲非常多，當天被蟲撞到眼睛，造成腫脹，必須前往急診治療。營區的負責人一開始很主動地聯絡了保險相關事宜，讓人感激。起初我們也沒有考慮到這一點，但之後再也沒有消息，也沒有積極的聯絡。總的來說，整體經驗與感受並不太好。,1,1,-1,2179,,2023/05/07,0,負向
環境：景色優美，浴室稍嫌狹窄，適合300人住宿浴廁：清潔度有待加強，3月有較多昆蟲和蛾，每個浴廁略有一些雜物，具磁磚地板，浴室和廁所分開，水壓不足且不穩定，溫度調節困難，排水情況欠佳，浴室內的椅子和水桶有些霉斑備註：1.沒有垃圾桶在水槽旁，稍嫌不便利2.星期天離開時，須留意營地主人清潔浴廁水流會直達C區帳篷⋯⋯⋯⋯⋯⋯⋯3.許多帳篷靠近馬路,2,1,-1,2181,,2022/05/07,0,負向
"1. 上山的路很難走，到處都是枯枝和雜草，需要小心前行。
2. 營區的設備（熱水、電力）無法應付大量連續假期的人潮。
3. 電壓問題嚴重，燈光閃爍不穩，建議攜帶多個充電型LED燈。
4. 熱水供應非常不穩定，時冷時熱，洗澡很不方便，建議避開寒流時間洗澡。
5. 營區的道路在下雨天變得泥濘多坑洞，建議穿靴子以避免濕髒。
6. 雖然營地風景優美，但營區管理可能有不足，或許考慮另尋營地。",1,1,-1,2184,,2022/05/07,0,負向
這個地方真的很糟糕，到處都是蒼蠅，洗澡的水要麼熱得像爸爸一樣會燙，要麼冷得像爸爸一樣冷；滑草讓人感到心酸，游泳池的水骯髒得都像去年的了；還有，垃圾竟然都集中在帳篷附近。整體環境除了很差，根本沒有什麼優點。總之，非常糟糕，要給一顆星都覺得太多。,1,1,-1,2185,,2022/05/07,0,負向
訊號很差，還有一些人以為自己唱歌很好聽，一直唱得難聽又吵，沒事的話就不要來，否則你會後悔一輩子。,1,1,-1,2186,,2022/05/07,0,負向
這露營區的山路很危險，入口和出口的路非常狹窄，排滿著雜草，幾乎無法雙向通行。路邊樹枝不斷刮傷車輛，遇到對向車輛時，就像在狹窄的橋上，風險很高。如果不是熟練的司機，車輛容易受損。,1,1,-1,2189,,2021/05/07,0,負向
帳篷連接的電源過載了，所以使用廁所時電力不穩，浴室的燈光微弱，而營地管理認為是你們的延長線有問題，不是他們的供電或線路問題。在下雨時營地排水不良，小雨就會積水，要注意在帳篷外洗鞋子後再進帳篷。,1,1,-1,2194,,2021/05/07,0,負向
廁所沒有人清理，到晚上變得很骯髒 垃圾桶都滿了；洗澡沒有熱水；週日（2020/09/20）早上開始連營區的水槽都沒水。,1,1,-1,2198,,2021/05/07,0,負向
G區的冰箱設定為冷凍溫度而非冷藏溫度，蛋撻放入後竟然有螞蟻爬行在食材上。園區回應稱冰箱沒問題，因為這些僅為額外提供的設備，且各區間距很小。此外，冰箱發生瘋狂跳電情況。雖然忘記拿食材導致丟失可以理解，但當天未回應，次日才接通，又告知東西全數遺失。後來卻改口稱未見。欲造訪該處者應三思，因處理方式讓旅遊的心情全無。,1,1,-1,2203,,2021/05/07,0,負向
這個露營區的衛生情況並不理想，冰箱也有嚴重發霉的問題。在完善前還不應該收費，需要更新計劃。,1,1,-1,2211,,2020/05/07,0,負向
這次露營經驗讓人相當失望，因為場地規劃過於擁擠，蒐帳太多導致車停滿了，而帳篷附近缺乏活動空間。浴廁整潔度待加強，洗澡水壓不穩、水溫起伏、馬桶沖不走，令人困擾。泳池只在第一天開放，第二天卻因水量不足而無法使用，讓孩子們非常失望。電壓不穩，露營期間三次跳電實在令人無言。雖然大草原提供了孩子們很棒的活動空間，但滑草處頗為危險，下方帆布破裂，甚至有朋友在旁邊踩到釘子造成腳傷。儘管景觀不錯，但僅限於第一排，其他車輛和人擠滿的景象令人困擾。冷藏冰箱故障，僅剩冷凍櫃並被塞滿，裡頭味道難聞且管理疏忽，其他帳篷的保麗龍箱和保冷袋直接擺放其中，讓後來者無處可放。總體而言，這次露營經驗實在令人失望，感覺營地管理不當，帳篷控制失當。,1,1,-1,2224,,2020/05/07,0,負向
G區碎石區下雨了，真的很糟糕！晚上跳電三次，後來兩個淋浴間的熱水都不夠熱，只有溫水。天氣應該至少有15度以下，再加上下雨，感覺客人待遇不夠好⋯⋯另外，水槽離衛浴有一段距離，用水不方便，特別是下雨時。我露營過很多次，遇到過冷又下雨的情況，但這次真的是最糟糕的一次，無法忍受。,1,1,-1,2238,,2019/05/07,0,負向
電壓不足，衛浴設備不夠乾淨，營位旁沒有水槽，水槽都設在廁所旁，下雨天刷牙洗臉必須撐傘，甚至沒有遮雨棚，讓人感到有些失望。,2,1,-1,2259,,2018/05/07,0,負向
建議不要前往營區，上山路況很差，非常危險，無法會車。建議營主限定上山及下山時間，山路狹小路況惡劣，完全無法會車，帶著露營裝備和孩子，安全考量很重要。,2,1,-1,2291,,2021/05/02,0,負向
客人原本想要住在F區，但因其他客人的關係，被轉到了C區。對於第一次來的客人來說，不太清楚營地各區的位置，直到看了區域位置圖才明白自己被安排到其他區域。不了解營區劃分的意義，或許應該在事前與營長溝通過才較好。,2,1,-1,2362,,2018/05/07,0,負向
"這個地方位於偏遠地區，讓吃飯和購物變得非常不便利。為了改善狀況，可以考慮以下建議：
1. 提供一些食物販賣服務。
2. 增加更多人手來幫忙。
3. 管理住宿者的行為品質，例如禁止大聲喧嘩，以及確保晚上12點後保持安靜。
4. 檢討價格設定，可能價格過高造成負面影響。",2,1,-1,2400,,2017/08/29,0,負向
雖然訂位後接到通知需要讓位給另一組更大的團體，讓您感到不舒服，但在表達不滿並取消後，對方才表示不勉強。這種情況讓您感到熱情都熄了。,2,1,-1,2561,,2019/05/07,0,負向
營區的環境可以再改善。有很多螞蟻和爬蟲，在廁所裡也有很多小蟲，並且沒有提供衛生紙。另外，洗手台在晚上沒有燈光。,2,1,-1,2576,,2023/10/09,0,負向
最近地震頻繁，又有大雨。星期六凌晨，發佈地震警報。我和家人很擔心走山可能會有落石，希望在螢火蟲季去觀賞螢火蟲，但營地處理方式讓我們感到困惑。政府呼籲民眾不要自行上山，以免有危險。,1,1,-1,2715,,2024/04/30,0,負向
園區整體還算乾淨，廁所也維持得很好。但美中不足的地方是G區離衛浴廁所和冰箱都相當遠，導致拿東西或使用廁所要跑很遠，有些麻煩。此外，G區只有一間蹲式廁所，對於小孩不太方便，有時候會造成意外。在山區碰到一些蟲子是正常的，但居然碰到一種不明螞蟻會咬人，回到營地後發現腳上有幾個紅腫的包，感覺刺痛。雖然已經多次露營，但這是第一次遇到被要求限制帳篷人數，超過四人就得另外支付費用，而且不論年齡，只要人數超過四個就得額外付費。,1,1,-1,2717,,2024/04/07,0,負向
草皮外的地方CP值不高，旁邊的護草墊區種植了帶刺植物，不方便也不安全。營地旁邊有枯腐植物，有些小蟲，味道也不太好，不適合小孩在小水池旁拍照。,1,1,-1,2749,,2023/05/07,0,負向
進出道路有顯著高低差，建議低底盤車輛留心。總共有六間衛浴，分屬七個區域，有不同限制使用。每十個營位共用兩間衛浴，需留意使用時間，尤其若帶有許多孩童可能會稍感壓力。營區提供Wifi服務，但我無法連接，手機處於無訊號狀態，導致與同伴聯絡略有困難。,2,1,-1,2775,,2022/05/07,0,負向
第一次來到這個露營區，包了A.B兩區，整理感想如下：首先，要進入這個露營區需要有心理準備，因為底盤較低，路況也不太好。營位規劃稍嫌遺憾，需要先把車停在外部的石子地，再把露營用品搬進去，尤其是位置較靠內的營位需要拖遠距離才能設置，有點費力耗時。營地訊號不太好，提供的wifi 連接也不穩定，不確定是區域問題還是其他原因。另外，衛浴設備較少，第一區有時間限制（早上7:30-11:00），如果一個帳篷住五個人，共有30個營位，總共150人，卻只有六個衛浴設施，平均一間衛浴要容納25人，因此會造成等待時間延長，情況有點緊湊。第二ABC三區共用一個廁所，共有14個帳篷，對於使用者來說壓力很大。另外，營位旁邊洗手台的燈晚上10點就關掉了，只能在黑暗中洗碗，這點也有些不方便。總結來說，不太想再次光顧這個地方。,1,1,-1,2776,,2022/05/07,0,負向
營區內只有一個冰箱，所有人都沒有地方放東西。預備好的德式香腸整包消失了，這個營區完全沒有任何管控。一早起來就感覺心情不好，決定不再吃這裡的東西，準備結束在山下找好吃的地方。,1,1,-1,2778,,2022/05/07,0,負向
草地的草太長，已經長到超過黑墊，有蚊蟲是很正常的，但出現這麼多蒼蠅就有點不尋常了。在露營這麼久，第一次碰到這麼多蒼蠅，早上八點就被蒼蠅吵醒，整天都黏滿了五張紙，即使用電風扇吹也吹不走，整群整群的，直到晚上六點才終於沒有了。浴室很寬敞，水池也不錯，只是蒼蠅實在是太多太誇張了。,2,1,-1,2803,,2021/05/07,0,負向
超商收費太貴......連中間走道都擺放帳篷。,1,1,-1,2822,,2020/05/07,0,負向
空氣不錯，但霧大，建議不要在晚上出去。營地的主人很親切，但營地的規定很多，而且水壓和水溫不穩定，洗澡的時候會被冷水嚇一跳。營地的女主人可能當天心情不太好，一直板著臉。星期天結帳，隔天還沒有結帳，就被要求支付罰款，感覺時間還沒到就已經過了。謝謝您的回覆！您提到的停車和篝火問題我沒有提及。至於您的問題，希望您可以做出改進。我使用的是第一間浴室，其他網友也有發現類似問題。希望營地能修改一下規定，增加一些緩衝時間，比如兩點要離開，可以到三點才開始收取罰款。罰款會讓露營客有不好的感受，也不確定這樣的罰款合法性如何？我記得只有執法機構可以處罰。希望以上的建議能夠幫助營地有所改進。感謝！,2,1,-1,2828,,2019/05/07,0,負向
進入露營地的山路狹窄陡峭，不適合來往車輛，路面顛簸不平。建議避免行駛，以免導致溫水不穩，洗澡過程中一半容易變成冷水，一邊沐浴一邊感到發抖。,1,1,-1,2829,,2019/05/07,0,負向
山路很危險，因此不建議車況不好的人來。山路陡峭，不適合夜間駕駛。營地主有許多規定，但廁所很乾淨，而且還有冰箱設備。,2,1,-1,2836,,2019/05/07,0,負向
水壓水溫電壓不穩，黑沙坑水池很小。鄰地有果園，整個家庭都很困擾。,1,1,-1,2837,,2019/05/07,0,負向
這個營地裡的蟲真的太多了，不管是廁所、浴室還是營區，到處都是蟲跟蛾。洗個澡都變得困難，蟲不停地飛來飛去，甚至停在身上。而且冰箱也離得太遠了，更不可思議的是裡面居然也有蟲！整個營區只有一個共用的冰箱，衛生情況真是令人擔憂。,1,1,-1,2987,,2022/05/07,0,負向
下雨時積水和泥淤確實很可怕，在我們搭帳篷時幾乎沒下雨，但一旦開始下雨，水完全排不出去，一直流進帳篷內部。,1,1,-1,2992,,2022/05/07,0,負向
這個露營地好像有很多人習慣喧嘩？是容易吸引到吵鬧的群體呢，還是吵鬧的人有共同的規矩認為在這個地方可以大聲喧嘩？雖然已經是深夜一兩點，甚至是星期六，他們還在不停地唱卡拉OK，而且唱的十分難聽，整座山都能聽到他們的嗚咽聲！還有一次已經快三點了，一群人大聲喧嘩談話，我那麼遠的地方都聽得到有人在喊他們的狗回來！聽到他們露營的狗開始亂吠！我在白蘭露營只有很少的經驗，但卻遇到過很多次這個露營地容忍喧嘩！與營地負責人溝通似乎也沒有結果！,1,1,-1,3006,,2022/05/07,0,負向
這場地真的不宜舉辦活動，建議大家不要前往找麻煩。,1,1,-1,3058,,2019/05/07,0,負向
不推薦，排水不良，廁所很骯髒，沒有人在管。,1,1,-1,3059,,2019/05/07,0,負向
不妙！草地上有積水嚴重！應該要維持衛浴設施無人使用的狀態。,1,1,-1,3060,,2019/05/07,0,負向
雖然預訂場地有一定的規定，但只是沒收訂金而已，何必唧唧歪歪呢？小朋友得了腸病毒，還要你嘮叨什麼？,1,1,-1,3075,,2019/05/07,0,負向
不建議去那裡，容易有積水，而且服務也不好。,1,1,-1,3097,,2017/05/07,0,負向
營地環境狀況不佳，有積水且泥濘，場地狹小且擁擠，車位規劃不當，服務品質欠佳。,1,1,-1,3101,,2017/05/07,0,負向
"1). 衛浴雖有乾濕分離，但廁所空間待加強。
2). 帳篷排列較密，缺乏大草地活動空間。
3). 未限制攜帶寵物的露營者，半夜狗吠，早晨發現草地臟了許多狗便！",2,1,-1,3199,,2021/05/07,0,負向
營位費反覆調整，收費越來越高。,1,1,-1,3204,,2021/05/07,0,負向
營主說明了這是一筆不可退還的清潔費，無論您使用了多少設施或服務，都是必須支付的費用。希望您能理解這個規定。,1,1,-1,3205,,2021/05/07,0,負向
"1. 這個場地真的很美，草皮看起來很漂亮。
2. 帳篷都挨得很近，感覺很擁擠，沒有足夠空間讓小孩奔跑（有點像在逼人收費）。
3. 收費要1200元，還會常常跳電。
4. 總結：如果要收1200元的費用，應該要控制帳篷的密度；另外，營區的電力系統也需要改進，一個晚上跳電3到4次實在太讓人受不了了，我應該不會再來了。",2,1,-1,3214,,2021/05/07,0,負向
在悄悄話營地，草地空間很大，但一個營位要價1200元卻相當擁擠，衛浴設施看起來豪華漂亮，但實際使用起來卻是另一回事，熱水溫度常常忽冷忽熱，讓人非常不滿。收取這樣高昂的費用卻提供這樣差勁的服務，真令人生氣。,2,1,-1,3267,,2019/05/07,0,負向
"1. 環境保護情形還不錯。

2. 可以點披薩或石鍋拌飯，還有免費提供餐具。

3. 沒有景色。

4. 帳篷數量太多，看到處都是帳篷，而不是草地。

5. 入場時間為下午2:00，退場時間為中午12:00，條件相當嚴格。

6. 每人1200元，若提前入場還需額外支付100元，性價比不高。以上內容為後花園區的情況。",2,1,-1,3278,,2018/05/07,0,負向
這裡的人很多，就像難民營一樣擁擠。,1,1,-1,3321,,2017/05/07,0,負向
營主的服務態度不佳，當我發動車子時，他問我為什麼要發動車子，就連開窗戶也要事先告知他，洗澡時他正在清理浴室，前兩間浴室都已經清掃好了，但是他卻要我去洗還沒有清掃的第三間浴室。而且熱水供應也不穩定。整個露營區讓人感覺不是很顧及露友，水質也不乾淨，同行的朋友洗完澡後都過敏，洗手檯的水也非常濁，感覺連碗都洗不乾淨。晚上12:30還有露友彈吉他自彈自唱，打電話和傳訊息給營主都毫無回應，第二天營主還說他已經睡著了，需要去敲他的門才能得到回應。若是發生火災，讓人懷疑他會不會因此錯過危險。真不明白他們為何會有高評價，我是不打算再第二次造訪了，其他露友自己衡量吧。,1,1,-1,3335,,2024/03/07,0,負向
當我們抵達露營地時，老闆立刻說我們看起來很高興，並在晚上十點後要求不要造成噪音，否則會被趕走。雖然老闆可能是在開玩笑，但這樣的態度並不符合一個營地主應有的待人方式。在過程中，有幾次對話讓我和朋友感到不舒服，比如：“我知道你們不會再來了”。雖然這個露營地的地理位置確實不錯，但我希望提醒老闆和老闆娘，善良待人才會帶來財富，否則可能會真的沒人來露營。,1,1,-1,3356,,2023/09/07,0,負向
在抵達營地門口時，營地負責人非常不友善地阻止進入。,1,1,-1,3413,,2022/05/07,0,負向
元旦當天心情很愉快，我們在10點半到達露營地，當我打開車門與營地負責人溝通時，他的臉色不太好，說我們訂的是今天，卻要一點才到，不應該現在就來。他一直在嘀咕著同樣的話，我們解釋說我們並沒有要立即搭帳，只是想先到附近走走。可是營地負責人堅持要等到一點才能來，讓我們覺得很困惑。我們不得不忍受他的氣息，看著他臉色不好的樣子三天。我建議營地負責人盡量注意自己說話的語氣，不要反過來說我們的口氣不好。事實上，他的態度和語氣才是問題所在。我並非第一次參加露營，也不是主辦者，我並沒有自認為自己是老大。我只是覺得營地負責人應該和善一點，難道整個山頭都是他的嗎？尊重應該是雙向的，他有尊重過我嗎？誰知道他的營地不能停車呢？,1,1,-1,3435,,2021/05/07,0,負向
這營區的情況確實不太理想，有蚊子又有吵鬧，還有設施老舊又損壞，不僅無法好好休息，甚至很困擾。,2,1,-1,3570,,2023/11/07,0,負向
因為之前下雨，所以與營主延期，到了出發露營的那一天早上打電話再次確認，居然發現營主忘了？？？他告訴我們直接到現場搭營沒問題，但到了現場聯繫不到營主本人，只看到營主的爸爸在場。問了老半天，他也含糊其辭。最後，一位好心的客人把他的位置讓給我們。還真是從未遇過這麼不負責任的營主，第一次露營就碰到這樣進入營區卻看不到人的情況。,1,1,-1,3573,,2023/06/07,0,負向
這個地方優點是浴廁乾淨，熱水夠熱；缺點是熱水供應只到晚上10點，對夜間來去浴室相當不方便。半夜和清晨，羅馬公路上飆車族的聲音很吵，營區下方養了四隻狗，一有動靜就亂吠，假日清晨7點多還有人在用割草機除草。這些問題讓人根本無法好好睡覺。還有一隻名叫黑糖的狗，一大早竟然會跑到營區內的帳篷裡尿尿，收帳時才發現，真的很嚇一跳！,2,1,-1,3576,,2023/05/07,0,負向
營地觀景台前方的竹子與雜草長得亂七八糟，擋住了風景。隔壁營區的鄰居整晚喧嘩唱歌，早上又開始使用電鋸施工，還有狗在亂吠。深山裡還有一堆人在吵鬧，這個露營區真是讓人覺得可怕。,1,1,-1,3578,,2023/05/07,0,負向
冰箱只會吹冷風，我跟房東反應後，他竟然說冰箱有冰塊呢。水質不好，水龍頭放出來的水都像泥土一樣。,1,1,-1,3587,,2022/05/07,0,負向
這個地方的空間狹小，道路狹窄、洗手台髒亂，樹葉到處堆滿。可以看出營地管理者沒有很用心整理。晚上包區內的人在開派對，吵得很晚，讓人無法好好休息入睡。原本預定的活動都取消了。因為環境很差且沒有活動，沒有吸引人的地方，讓人不願再來第二次。,1,1,-1,3595,,2022/05/07,0,負向
帳號很擁擠，實在超出了七人限制！設施裡沒有沙坑、也沒有戲水池，更別提射箭場⋯唯一的活動就是搗麻糬。而營區下面正在辦電音派對，兩天兩夜都聽著轟隆隆的音樂，離營前兩天才被告知！真的很無語，我們不是去聽音樂的～難道不該提前通知？！,1,1,-1,3597,,2021/05/07,0,負向
這個營區看起來並不像網路上描述的那樣豐富多元，反而過於擁擠。只有廁所比較乾淨，而且還有搗麻糬活動。營區還在辦電音派對，這音樂聲持續了3天2夜。營主似乎在露營前兩天才告訴露營者，這讓人感到頗為無奈。希望這個營區未來能夠做些改善。,2,1,-1,3599,,2021/05/07,0,負向
小黑蚊實在是太多了，無論使用防蚊液、止癢藥，甚至開水龍頭一樣都無法擋住它們。,2,1,-1,3613,,2021/05/07,0,負向
露營的遊客素質相當低劣，清晨六點就開始洗碗時敲敲打打，七點就開始吵鬧，讓小孩尖叫。,1,1,-1,3622,,2020/05/07,0,負向
靠近水源地，可能對環境有影響。,1,1,-1,3631,,2020/05/07,0,負向
營地只想賺錢，但營主卻面對不自重的露友。凌晨一、兩點還大聲喧嘩、大放厥詞，營主卻逃避處理，嚴重影響其他守規矩的露客權益！無論硬體設備再好、風景再美，這些只是枉費上帝的賞賜！,2,1,-1,3726,,2018/09/15,0,負向
這段經歷真的很糟糕！我訂了C區的水泥雨棚，但後來營主告訴我要改到B區的碎石雨棚，完全沒有徵詢我的意見。他們也想改成8帳，並爭辯說不可能讓他們的1帳移到其他地方。我當初喜歡C區才特地選擇的，我希望他們尊重我的意見，至少要考慮一下。,1,1,-1,3767,,2024/04/30,0,負向
總之就是遇到非常不愉快的露營經驗，洗冷水澡，營主表現不佳，還找警察來威脅客人。當事人感到非常失望並建議其他人慎選露營地點。,1,1,-1,3781,,2023/12/07,0,負向
只能說這次的感受很糟糕，不想多談了。店家只會把責任推給顧客，沒什麼好說的。,1,1,-1,3782,,2023/12/07,0,負向
我在五月27日露營了3天2夜，遇到很多蚊蟲，被叮了好幾個包。不好的經驗是，第三天早上營主告訴我們12點前要結帳，結果10點開始收的時候突然沒有水了。我告訴營主，他說因為下雨造成阻塞。我一度以為是營主要讓我們趕快結帳才造成停水的，整個體驗都不太好，應該不會再去那裡了。,1,1,-1,3824,,2023/05/07,0,負向
露營收費高達三百元，有些不合理。業者似乎過分巡視，像是在抓小偷一樣？26號來到「溪遊記」，連假四天感覺很浪費⋯營地主人不友善，除了沙坑，小孩根本沒地方可以玩。小孩第一次露營就覺得無聊，唉～說我們開來開去的車子多了十幾部，哪來的？「停車費三天一共也多付了1800元」。開露營區怕客人來了嗎？五顆星都是騙人的。擅自錄影車牌後放到公開網站上，已經請家人律師處理！業者還留言，說付不起錢就去住免費的野營？？？,1,1,-1,3833,,2022/05/07,0,負向
整體來說環境還可以，但有時會定期巡邏，查看是否有訪客到來。如果有，則需要支付停車費300元一輛，並逐台錄影作為證明。雖然支付費用不是問題，只是那種態度令人難以認同。多次露營卻未曾遇到如此嚴格收費的管理員。最後離開時，一名營區員工來收回草墊，我們當然樂意幫忙恢復原狀。不過，我是否需要按照平台規定還原草墊呢？最後我們把草墊集中，但那名員工的態度確實有待改進。不能友好地溝通嗎？一開始他否認有錄製我們車輛，後來卻又拿出影片證據？此外，唱歌是否會影響其他露營者品質？當時才晚上7點而已（平台規定是晚上10點後禁止唱歌），也只唱了兩三首，聲音也不大，就被指影響到其他露友，不清楚是否真的有其他露友反映。在這樣的情況下，態度也不夠友善。,1,1,-1,3834,,2022/05/07,0,負向
在當天包區營位800元的價格下，訪客停車每車要收300元。而且每隔幾個小時就會來巡視一次並收取停車費。我的朋友只是短暫停車，就要繳交300元。這次露營總共停車3天，停車費花了1800元，真是... 。老闆的態度很差，一點親切感都沒有，看來下次應該不會再來了。,1,1,-1,3835,,2022/05/07,0,負向
擔心的不是雨天，而是因營地規劃不當、排水不良而導致地上滿是泥巴。下雨後真的是地面泥濘，鞋子很容易陷進爛泥巴裡，這時得把小孩和狗狗都關在帳篷裡，實在是有點可惜。,2,1,-1,3842,,2022/05/07,0,負向
營區的情況很糟糕，營主的態度非常差，還有很多大約2到3公分大小的虎頭蜂，讓人感到相當可怕。他們不予處理並且把責任推給客人，聲稱是客人招惹的。問題是，虎頭蜂晚上在營區出現是正常的嗎？它們陸續來了20到30隻。如果今天有小孩被螫到，你負擔得起責任嗎？如果有打算前往的人，請三思！,1,1,-1,3844,,2022/05/07,0,負向
這個營區有虎頭蜂出沒，營區管理者態度消極，還把責任推給遊客，表示我們應該噴香水來解決。蜜蜂來的原因是因為營地上有棵樹盛產好吃的花蜜，吸引蜜蜂來採集。建議在選擇營區時要三思，以免花了錢卻遇到不愉快的狀況。,1,1,-1,3845,,2022/05/07,0,負向
車聲真的很吵！清晨5點就被吵醒，根本無法入眠，而且衛浴的數量太少，總是要排隊。不過幸好營區的主人很好相處！,2,1,-1,3979,,2023/09/08,0,負向
在靠近水庫和羅馬公路的地方，晚上車輛的噪音很大，讓人難以入睡。除了B區以外，其他小帳篷區的位置都很狹小，彼此距離過近。建議營地負責人將CD區規劃為ㄧ區，這樣比較適中。另外，衛浴設施較少，需要洗澡的話要抓緊時間。,2,1,-1,3984,,2023/05/08,0,負向
被臨時換到的位置有幾個問題：1.地板長滿了雜草；2.廁所多人同時使用時沒有熱水；3.四周環境陰暗，半夜上廁所不方便；4.電源一直跳動。,1,1,-1,4048,,2021/05/08,0,負向
環境維持良好；由於複育螢火蟲不使用殺蟲劑，因此小黑蚊數量增加。,2,1,-1,4097,,2018/05/08,0,負向
這裡的廁所和浴室保持得相當整潔，但因為沒有自來水供應，所以使用的是山泉水，水質較為混濁。露營區缺少飲水機，需要自行準備。另外，螞蟻和蜘蛛網比較常見，建議注意避免碰觸。露營區的小樹間隔較為狹窄，造成停車進出較為困難，但晚上聆聽著河水的聲音入睡是一個不錯的選擇。,2,1,-1,4176,,2024/04/07,0,負向
可以這樣說：“宮廷帳是值得稱讚的，但是沒有飲水機，熱水時冷時熱，冬天不夠用，其他設施都很普通。整體環境還算不錯。”,2,1,-1,4179,,2024/03/07,0,負向
只有一區有廁所設備，其他地方都要走一段路才能到達。衛浴設施有幾間會出現溫度不穩定的問題，有時會燙到人，有時又變得冷冷的，或者水溫不夠熱。整個區域只有一個冰箱供29個戶使用，且晚到的冰箱幾乎沒有冰。冰箱也設在廁所附近。如果你喜歡走路的話，歡迎來使用，保證你會走得很開心。此外，營區主人嚴格禁止外部車輛及訪客進入，即使忘記帶東西，也不能讓朋友送遞進來後立刻離開。只能在門口交換物品，無論大小重量！最後還有一點，這裡並沒有飲水機，請記得攜帶足夠的水喔…,2,1,-1,4181,,2024/01/07,0,負向
這個營區在開車進去的路段很好，但一到達營區就被小黑蚊圍攻，只好把蚊香點得到處都是。營位沒有洗碗檯，只有左右各一個，非常不方便。廁所大多都很遠，整個環境都潮濕，因為周圍沒有湖就是溪，地面潮濕踩下去就差點滑倒。廁所外才有放衛生紙，浴室提供洗髮精和沐浴乳，但水壓很小，熱水不穩定。垃圾集中點又要走到遠遠的廁所那邊，現場環境很老舊，跟照片上看到的美景完全不同。晚上還有幾個大坑洞，走路要小心，地面上碎石很多，根本算不上草皮！晚上沒有燈光，要去廁所得自己小心。整體環境實在不適合拍照，所以沒有附上照片。,2,1,-1,4182,,2024/01/07,0,負向
基本上，我們接受使用者付費；雖然營主令人印象深刻，對金錢有些斤斤計較。網頁說明缺少一些資料，不過討論時並未收費。這兩天來了好幾次，但發現收費態度有待改善，對質疑問題回答有些含糊。是否可以請另一位來解釋呢？另外，雨棚看起來很棒，但下雨時水卻往雨棚內流？設施和場地規劃似乎有些不完善；不過最棒的地方是廁所和浴室都比較乾淨。道路規劃方面有些不足，我會給予兩顆星的評價，主要是因為廁所的狀況和客人的素質不錯。,2,1,-1,4183,,2024/01/07,0,負向
雨棚區的路面很薄，下大雨時容易積水⋯⋯無論是人頭還是車輛或者帳篷的數量，計算都非常精確。,1,1,-1,4188,,2023/07/07,0,負向
營地主人是精算師，雨棚漏水使得地面更糟，低窪地區開始淹水。,1,1,-1,4189,,2023/07/07,0,負向
環境很糟糕，而且男老闆態度非常惡劣。,1,1,-1,4200,,2023/05/07,0,負向
這位男老闆的服務態度差，經常給遊客造成困擾。,1,1,-1,4201,,2023/05/07,0,負向
這個露營經驗真是讓人感到不愉快，下了大雨之後到處都是泥濘，還要額外收費$1200，完全沒有人情味。洗手台不方便，也沒有加裝防滑設施，讓我們家人滑倒受傷。這種以營利為主毫無人情味的露營地，真是讓人感到遺憾與不滿。,1,1,-1,4203,,2023/05/07,0,負向
"最近在露營區的經驗真的很糟糕:
1. 洗澡時突然沒有熱水，小孩泡沫浴等了將近1小時，水壓又小又不穩定。
2. 大概有6個帳篷共用一個電路，電壓不穩定到連10顆LED的15米串燈都不亮，打氣機也罷工，只好手動打氣，最後只能換成LED燈條。
3. 環境很髒亂，生態池看來無人管理，有很多小黑蚊，每人最少需要使用20包防蚊液。
4. 浴室和帳篷區都有看到2隻很大的蟑螂飛來飛去。
5. 草坪沒有定期修剪，已經長到超過腳踝高度，石階也長滿青苔，導致有人不小心滑倒。
6. 收費不合理，多於4人每人要付費100元，幼兒園以下的小孩免費，但這個營區每人要付250元，幼兒園以下也收費。
7. 與照片展示的不符，大部分景點都相當老舊，沒有網頁介紹，唯一的優點是環境在溪邊算是清幽，其他地方缺點多。此外，詢問服務人員卻遇到非常不友善的態度。",1,1,-1,4204,,2023/05/07,0,負向
在端午節這一天前往湖區包場，才發現露營車無法進入，而且下著滂沱大雨。因為路途遙遠又心情受到影響，就決定返回。老闆的服務態度惡劣，還推卸責任。這個營區真的不友善。不確定能否退費。,1,1,-1,4205,,2023/05/07,0,負向
營地的排水真的很糟糕，而且沒有提供草地墊，下雨時內帳和床墊都濕透了，還積了水，根本無法入睡，只好收拾行李回家，這個營區真的讓人很失望。,1,1,-1,4212,,2022/05/07,0,負向
中央最大的池子已經被圍起來了，所以周圍有很多的牛蛙，它們晚上會開派對，叫聲非常壯觀，最好記得戴上耳塞。上游的溪水流淌悠悠，但周圍有蜘蛛網和蚊蟲的騷擾，如果要下水玩可能要好好考慮一下。此外，小黑蚊和大隻蚊的班表似乎已經協調好了，前者大約在上午11點開始活動，而後者是在傍晚前準備出來覓食，因此三瓶防蚊液可能會很快用完。出門露營本就需要與大自然親近，充分準備才能玩得盡興。,1,1,-1,4214,,2022/05/07,0,負向
建議將營區廁所前的大水溝設置圍欄，以增加夜間使用廁所的安全性。我們對此議題很關心，尤其是孩子們的安全。,1,1,-1,4215,,2022/05/07,0,負向
這個露營地位於新店碧潭附近，開車約需10分鐘即可抵達。這是一個城市露營型的地方，可以從外面買外食進來用餐。營地優點在於沒有車輛的吵雜聲，前身是婚宴拍攝地點，因此並非專為露營而設計。一些設施上的不便包括帳篷前沒有洗手台，垃圾桶僅在廁所使用，廁所僅有一處，且共享設施需共30人使用。有些區域較偏遠，需要走一段路才能到廁所，而洗澡最好早點洗，因為晚些時候可能沒有熱水。聽到其他露營者家中的小朋友在洗澡時哭泣。設施有些老舊，與其他營地相比較費用稍嫌昂貴。該營地最大賣點是湖景，很適合觀賞螢火蟲，但不太適合帶小孩入場。,2,1,-1,4216,,2021/05/07,0,負向
服務態度不積極，收錢時很積極，網路訊號很差，設施破舊，蚊子超級多，場地很小！營位和洗手台沒有照明，洗手台一直堵塞，淋浴熱水不穩定！營位規劃很隨意，雜草叢生，指示牌不清晰，地點難找，這次再見就再也不會回來了！,1,1,-1,4218,,2021/05/07,0,負向
這段文字大致上在描述露營地的一些情況，包括帳篷的隔開、設施的狀況以及價格等資訊。露營地設施不夠完善，且密集度較高，因此讓人擔憂。另外提到了價格資訊，兩個帳篷的費用是2200元，夜間入場的費用是600元，這些都是提供給大家參考的。,1,1,-1,4219,,2021/05/07,0,負向
這段文字主要在描述一次露營經歷，當時遇到下雨的情況，因為營地的遮雨棚存在漏水問題，使得營地變得混亂。除此之外，老闆對於露友的加帳和停車問題提出了相應的收費規定，造成露友們感到有些無奈。整段文字的作者表達了不會再去那個露營地的決定。,1,1,-1,4222,,2021/05/07,0,負向
這個遮雨棚不僅兩個帳篷擠在一起無法塞下，還號稱是獨立的區域，但實際上與旁邊的人之間距離非常緊迫。而且半夜時沒有任何管理控制，旁邊的人玩狼人殺直到凌晨兩點。第二天垃圾桶也沒有人來清理。如果不是因為無法評論才不能給星星的話，我真的不想給一顆星。,1,1,-1,4224,,2021/05/07,0,負向
這個露營區營位費用昂貴，且營主態度不佳。訂了雨棚營位但實際無法容納兩個帳篷，內部空間只有400*600，價格卻高昂。另外，訪客收費也很貴，一個人要收150元，就連小學生身高也要被收費。停車費用更是要求100元，而且還有時間限制，真是令人難以接受。,1,1,-1,4225,,2021/05/07,0,負向
不接受大型犬，只是謙虛地表示還是新手，詢問是否可以進行參觀。雖然拒絕是店家的權利，但提醒自己先做功課，暗示不像傳言中好。即使離家很近，也不再考慮了。,1,1,-1,4280,,2018/05/07,0,負向
訂位後碰上中央氣象局發佈大雨特報，不能改期，並且無法獲得發票，營地硬要扣60%費用且要再扣30元處理費，讓人覺得極不合理。這種商家只想賺錢，完全沒有顧及客人的需求和困境，實在令人失望。,1,1,-1,4288,,2018/05/07,0,負向
大門沒有開，標誌上寫著需先預約，讓我感到很失望，只好返回家了。,1,1,-1,4291,,2018/05/07,0,負向
環境雖然好，但小黑蚊很毒，數量眾多；下雨時無法延期，收帳的事項也很繁忙。,2,1,-1,4295,,2018/05/07,0,負向
去了才發現園區已經關閉，電話沒人接。,1,1,-1,4307,,2016/05/07,0,負向
門票貴，但食物價格較昂貴。煎個蛋要$220，但份量不夠。廁所男女共用，且環境較差，建議考慮前往土雞城享用美食。,1,1,-1,4309,,2015/05/07,0,負向
大家要留意，他們入場一人收費是100元，不能用來抵消消費。另外還有一筆180元的最低消費！在這麼多餐廳中去過，從未遇到過這樣的情況！看似賺了錢的把戲！大家在前往之前要謹慎考慮。,1,1,-1,4310,,2015/05/07,0,負向
這個露營區狀況真的很糟糕，服務很差，洗澡還沒熱水讓小孩子等待了整整1小時，還有電壓問題，連15米的LED燈都不能亮，生態池管理不善，蚊蟲太多，還看到大蟑螂飛來飛去，草地長得很亂，石階又滑又滿青苔，收費方式也很奇怪，有很多地方的風景都老舊與照片不符。,1,1,-1,4338,,2022/06/08,0,負向
這個露營區真的很糟糕，有很多問題需要改善：1. 洗澡時沒有熱水，且水壓小不穩；2. 電壓不穩，設備無法正常運作；3. 環境髒亂，有很多蟑螂和小黑蚊；4. 草地長得很高，石階有青苔滑倒風險；5. 收費不合理，貴且對幼兒收費；6. 拍照景點與實際不符。希望管理單位能重視這些問題，改進服務品質。,1,1,-1,4339,,2022/06/08,0,負向
營地的情況越來越冷清。如果超過每個營位的人數限制，他們會很嚴格地收取額外的人頭費和停車費。浴廁設施還可以，但因為有水池，所以有很多小黑蚊。其他方面……就不多做評論了。,2,1,-1,4349,,2022/01/05,0,負向
照片看起來很美，但實際去看的話，設施方面可能只適合觀望和遠觀。,2,1,-1,4357,,2021/04/26,0,負向
草地積水是因為排水不良。,2,1,-1,4358,,2021/03/05,0,負向
營區的費用和周圍環境。由於是假期，擔心南部交通壅塞，所以選擇了北部的營區。但抵達營區後發現沒有相應的設施，還有許多小黑蚊，噴霧都沒有用。,2,1,-1,4381,,2020/03/25,0,負向
這次露營體驗真的糟透了，我應該不會再去了，也不會推薦給朋友。主要問題有三個：1. 營區不允許友人來訪，而探營費用高昂，而且沒提前告知。我們有四位朋友來探營，卻要付出900元。2. 洗澡時水溫時冷時熱，洗到一半竟然停水，要找營主才開水讓我們繼續沐浴。3. 廁所的衛生紙供應稀少，導致大家要互相借用。,2,1,-1,4434,,2018/05/27,0,負向
這家店的服務態度很差，我以後不會再來了。那裡的態度差，可是會影響到所有人的情緒。,1,1,-1,4437,,2018/05/20,0,負向
這裡跟照片上的不一樣，有些地方和我想像中的不太一樣。洗手台不夠多，插座的距離也太遠了，而且下雨時草地容易變泥濘，排水系統有點差。,2,1,-1,4643,,2016/12/01,0,負向
即使支付了金錢，也不能讓所有事情置之不理。晚上洗澡沒熱水且無法得到解決，在這麼寒冷的天氣只有冷水，這種情況是非常不推薦的。,1,1,-1,4704,,2021/05/07,0,負向
在竹雞區的訂房地點沒有景色可觀賞，最令人困擾的是，許多人在那裡抽菸。在上方的營區，年輕人熱鬧喧嘩一直持續到凌晨一點，並且不考慮其他人的感受，似乎也沒有人管束。這種經歷確實令人感到不悅。,2,1,-1,4908,,2021/05/08,0,負向
這個季節果真蒼蠅很多，下午還碰到突然停電，冰箱又離得好遠，晚上中華電信的基地台嚴重超載，無法聯絡。,1,1,-1,4946,,2019/05/08,0,負向
當天在入住的營區是竹雞區，原本露營是一個很輕鬆和舒適的活動，但當天被一群年輕人搞砸了。這些年輕人從晚上開始喝酒，辱罵著脏話，一直吵到淩晨3到4點都不睡覺。我們的營地剛好在他們對面，被他們吵得連小孩子都無法入睡，只能勉強等到他們停止吵鬧才能稍微小睡一下。我們當時有跟管理人員反映，但只是電話告知他們不要在深夜喧嘩，然而酒後的人誰會記得，所以依然很吵。這讓我們對這個營區的感受非常糟糕，下次不會再去了。,2,1,-1,4977,,2021/06/02,0,負向
營地管理員一直用很多限制要求，態度和口氣都不太友善，人們來露營是為了放鬆，不是為了接受這樣的對待，我非常不推薦。,1,1,-1,5224,,2024/03/08,0,負向
這位露營營主真的待人接物態度非常差，不僅對小孩和大人一樣指責，甚至對老太太和攜帶寵物的遊客都缺乏耐心和友善。營主的言行讓人感到非常不舒服，完全不具歡迎之心。希望他能改善自己的態度與言行，以營造更友善的露營環境。,1,1,-1,5225,,2024/03/08,0,負向
服務態度很差，口氣彷彿在與人吵架。,1,1,-1,5226,,2024/03/08,0,負向
這次參加的是露營活動，營區整體環境很乾淨，草坪也很舒適，廁所提供了衛生紙，但是一開始說只要天氣許可就會開放泳池，結果前一天天氣忽然轉涼，導致泳池沒有開放。雖然星期六非常炎熱⋯但最後還是沒有用到泳池。不過沒關係，因為營區主辦方也是為了露營者的健康著想，第二天突然知道12:30就得撤離營區的規定，也許這是營區一貫的規定，但仍讓人有些驚訝。露營本來是供放鬆的活動，之前的經驗都是下午2點前離開，我想以後應該不太會再去了，畢竟其他營區還有很多選擇⋯另外，營區提供的單車都很舊，而且騎車的地方很狹窄，孩子們時常撞車受傷，相當危險。雖然營位有50多個，但只有一個共用衛浴，而熱水只供應到晚上12點，所以媽媽帶小孩去女生衛浴時經常得排長龍等洗澡，白天則完全沒有熱水。如果習慣前一天開始整理裝備或用輕裝備的露營者就適合這個營區，但若習慣在營區吃點簡單午餐再離開的露營者或是早上10點才開始收拾帳篷、晾乾露水的露營者，可能需要好好考慮一下囉！,2,1,-1,5235,,2023/11/08,0,負向
電力不穩，蚊子很多，廁所離得遠。,1,1,-1,5236,,2023/06/08,0,負向
女生淋浴間只有5間，廁所位置很遠，熱水供應到12點，但同行的朋友11點多去洗時已經只有冷水了。洗澡時使用柴燒熱水器，水溫難以穩定，有可能一下轉到最冷的地方，下一秒又是超熱的。女生吹風機只有一台，營地區域空間偏小，帳篷間距相當接近。雖然規定沒有明確禁止打麻將，但被告知這會對小孩的觀感有負面影響。被要求盡快拉起帳篷圍布，飲水機只有一台，水量時常不足。總體評價：完全不推薦。,1,1,-1,5243,,2023/05/08,0,負向
衛浴要排隊的人很多，冰箱滿滿的，小心蚊蟲。,2,1,-1,5258,,2022/05/08,0,負向
"1、燒木頭製造的熱水讓洗澡變得困難，溫差明顯。  
2、遊戲場內對於小孩玩沙有著諸多限制，包括監視防止沙子掉出來。若擔心孩子玩耍，不如別開放。  
3、下大雨時雨篷已經搞得很狼狽，卻還要不斷地制定各種規定。  
4、對於垃圾的分類要求非常嚴格，每個區域只能有1到2個垃圾桶，停車時需要裝備，也都趕著要求，對於防護護墊因為雨水或積水，也有使用次數的限制。  
5、洗澡時有人提醒不要浪費太多水。  
6、車輛必須停進停車場（或接受處罰）。  
7、即使天氣好也不放水進去游泳池，寧可用水來清洗護墊⋯感覺非常不滿意，保持衛生是好事，但過分了，不如干脆不要開放！",1,1,-1,5260,,2022/05/08,0,負向
"1. 廚餘桶標示為「垃圾桶」了嗎？如果沒有提供廚餘桶，廚餘應該要丟到哪裡呢？
2. 下著大雨，事前沒有取消，場地被泥濘淹沒，營友的孩子踩到泥濘弄濕了腳，因此被責備，要求降低水柱大小，並告訴孩子不要再踩到水和泥！不然要再次清洗。
3. 沙坑有專人負責看管，陌生孩子將沙子噴到沙坑邊緣（沒有掉出去），馬上告訴孩子，嘿，不要散落出去，進去玩，其他營友也勸告，這樣孩子怎麼玩，被工作人員斥責說：還是別來玩了。
4. 將腳踏車放在籃球場內，小朋友經過隨時可能被大孩子投籃擊中，太危險了。
5. 雖然提供老舊腳踏車供使用，但缺乏專用的老舊腳踏車道，不得不與汽車同道共行，十分危險。
6. 泳池中的護草墊被當作洗澡浴室，這讓人感到困惑。浴室的水壓不穩定，廁所和浴室是同一區域，很不方便，位置還相當遙遠。這是我第一次碰到這麼嚴格的營地管理人員，想體驗的人可以試一下！對於不喜歡太忙碌的人就不要嘗試了！",2,1,-1,5261,,2022/05/08,0,負向
聽起來你的露營經驗相當糟糕，12度的低溫讓暖爐和電熱毯都無法發揮作用，希望你能保暖度過這個寒冷的夜晚。,1,1,-1,5267,,2022/05/08,0,負向
全營區裡有200多位成人和小孩需要在晚上12點前洗澡，如果洗不完就直接停水，這種做法很過分。另外只有一台飲水機，用大桶裝水會被指責，問題是拿大桶和10個人來裝有什麼不同？只有一台飲水機對於這麼多人來說真的太少了，應該考慮提供更多的設備。另外，沙坑在傍晚時段就不讓小孩玩了，這樣的規定是在什麼用意？營位左右擁擠，前方還可以。,1,1,-1,5278,,2021/05/08,0,負向
民宿的空間規劃需要加強，因為鐵皮屋前的空地成了小孩們的玩耍聚集地，讓住在民宿裡的人沒有地方可以安靜休息。我建議改善這個情況。,1,1,-1,5289,,2021/05/08,0,負向
已經很久沒有露營洗澡洗到快發瘋了，我只能說幸好不是寒流來的時候到這營區，小黑蚊我個人還覺得可以接受，但這熱水真的讓人難以忍受。,2,1,-1,5300,,2020/05/08,0,負向
建議營區的草地應重新整理和整地，因為在雨天露營時，積水問題會讓露營變得很困難。這不是天氣不好的問題，而是因為營區的排水系統沒有做好，這破壞了露營的氣氛，讓人感到非常掃興。值得一提的是，營主很nice，廁所也很乾淨，而且營區的視野很開闊，因此我給予一額外的星星。,2,1,-1,5436,,2023/11/08,0,負向
這個營地的草地很長，沒有修剪，地面還有坑洞，蚊子很多，每隻都很胖，還有各種生物，甚至還有蟑螂。這次露營的體驗並不理想，唯一優點可能是廁所和衛浴間比較乾淨。,2,1,-1,5438,,2023/08/08,0,負向
這個營地管理真的有點糟糕，看來要特別留心螞蟻和蟑螂的問題。那個排水設施更是讓人擔憂，還有飲水機壞掉沒提前通知真的很不負責。冰箱又離營地很遠，還有護草墊被壓壞，收費卻不低。好在工作人員還算友善，廁所也比較乾淨，但整體來說這個營地似乎不能令人滿意。,1,1,-1,5439,,2023/07/08,0,負向
這裡的優點就是廁所乾淨，但草地不平坑坑巴巴，睡覺時可能會腰痠背痛，且營區風景不怎麼樣。,2,1,-1,5448,,2023/05/08,0,負向
必須給一顆星才可以發表評論，但其實我想給零顆星。最讓人在意的是場地費用，至少要求水槽要保持乾淨，而不是讓顧客自己去清潔水槽。而且電線插座也應該是處於良好狀態。修繕需要花費2至3個月的時間，這是營區經營者需要克服的問題。營區的高低並不重要，因此這樣的解釋並不令人滿意。如果草地的狀況需要改善，建議暫時關閉營區。草地太泥濘且破損嚴重。另外，停車問題也很糟糕，這是營運時應該考量的事情。,1,1,-1,5453,,2023/05/08,0,負向
原本期待露營是一件愉快的事情，但是因營區沒有停車位，讓我的車車下巴遇上了困難，且水槽水管也脫落了。這種情況讓我覺得很不愉快，或許我真的不會再來這裡了。,1,1,-1,5454,,2023/05/08,0,負向
營區沒有停車位，還要自己找；水槽漏水，營主讓我們和其他人共用，讓我感到非常不方便！,1,1,-1,5455,,2023/05/08,0,負向
設施有限制，停車位不足，水槽壞了還要共用，電插座也有限制，提供的設備真的很糟糕。,1,1,-1,5456,,2023/05/08,0,負向
廁所未清潔，有虎頭蜂未處理，蚊蟲異常多，游泳池缺水，早上十點半已開始結帳，仍持續被催促，整體體驗不佳。,1,1,-1,5458,,2023/05/08,0,負向
如果可以的話，真的不想讓草長太長。只有一位工作人員，雖然有點可憐，但畢竟我們去露營是希望能開心度假，這樣的服務，實在算不上什麼。,1,1,-1,5461,,2023/05/08,0,負向
整體情況不太理想，廁所有濃重的尿味，淋浴間沒有清潔過，冰箱等到客人到才打開，兒童戲水池已經很髒，且有很多小黑蚊⋯,1,1,-1,5462,,2023/05/08,0,負向
廁所沒有打掃過，草地上長出像小樹一樣的雜草，冰箱發霉沒有整理，溪水池看起來像生態池，整體狀況非常糟糕。,1,1,-1,5463,,2023/05/08,0,負向
從週六中午到週日快中午時，廁所一直沒有進行清潔和打掃，也沒有補充衛生紙。,1,1,-1,5464,,2023/05/08,0,負向
太多收音機都太靠近了，晚上鄰居吵得睡不好。但是環境乾淨，房東也很親切。下次應該不會再來了。,1,1,-1,5471,,2022/05/08,0,負向
營地的植被稀少，排水不良導致土壤鬆軟，大風一吹營釘就連根拔起，而且沒有棧板，地面滿是泥巴，簡直就是一場災難。但是值得一提的是，一顆星是給那位打著赤膊的帥哥，他的服務還算不錯。,1,1,-1,5472,,2022/05/08,0,負向
營地經營者對於吵鬧的客人放置不理，讓他們從中午一直玩到凌晨四點！？我們雖然無法制止喝醉的客人，但營地的電話也沒人接，甚至過了半夜12點也沒有出來制止，這嚴重影響了其他客人的休息時間。營地的使用規章明確禁止使用卡拉OK，卻讓這些人一直唱歌直到快天亮，吵到警察前來勸導或者繼續大聲喧嘩。這樣的營地實在無法推薦。,1,1,-1,5476,,2022/05/08,0,負向
"總體入住體驗還不錯,風景宜人,營主熱心。然而，營區環境的清潔有待加強，尤其是洗水槽和冰箱。此次入住貨櫃露營屋時，室內拖鞋濕潤超過預期。詢問打掃阿姨後，得知她使用了酒精消毒水，但可能使用過量導致濕潤感增加。令人疑惑的是，浴室在洗澡過程中多次停水，甚至停水2-3分鐘之久。這種天氣下被停水實在讓人感到困擾，小孩和大人都洗得哇哇大叫，感到十分冷。",2,1,-1,5482,,2022/05/08,0,負向
這個房間不夠寬敞，收納空間太滿了，孩子們幾乎沒有地方可以玩，但其他公共設施還不錯。,2,1,-1,5491,,2021/05/08,0,負向
帳篷與帳篷之間距離太近，會受到干擾，洗碗池太矮，只有到身高170的膝蓋位置，得劈腿才能洗碗了！B區和C區共用廁所，人多時廁所變得很髒亂，且不定期清潔，需要特別提醒才處理。深夜沒有管理其他露營者的音量，兩天連續聽到隔壁帳篷大聲唱歌聊天到早晨五、六點，多次向管理員反應，卻未見改善，整夜不停唱歌聊天，從午夜12點到早上6點不停，沒有限制其他客人，影響整體品質，體驗非常糟糕，不打算再去了。,1,1,-1,5497,,2021/05/08,0,負向
飲水機離冰箱太遠，營位過於接近，吵雜不安寧，而停車處也太遠不便利。,2,1,-1,5498,,2021/05/08,0,負向
環境設備很好！但可惜的是...營區管理不夠嚴格！讓其他客人隨意吵鬧到深夜！影響到其他人的休息時間。,1,1,-1,5515,,2020/05/08,0,負向
這個營區的硬體設備不錯，廁所和衛浴設施也很乾淨。不過營區裡似乎有幾隻大狗一直圍繞著我們的帳篷，從晚餐到半夜都不停地活動，影響到我們的休息。即使我們沒有討厭狗狗，但牠們在我們用餐時繞來繞去確實讓我們感到困擾。除此之外，一切都相當不錯，只是有這個小問題需要解決。,2,1,-1,5520,,2020/05/08,0,負向
環境雖然宜人，但小黑蚊很多，野狗半夜會翻垃圾筒，一直在帳篷外晃來晃去，讓人睡不安穩。,2,1,-1,5521,,2020/05/08,0,負向
這個地方確實非常熱鬧，因為旁邊就是羅馬公路，晚上要麻吉不是機車就是跑車。至於營地收費有點貴，一帳需要1200元，但卻沒有景觀和清新的空氣。不准客人踩草皮的規定也讓人有點困惑，難道是要讓大家飛起來嗎？值得一提的是，這裡附近有很多螢火蟲，非常適合放鬆身心，這是我唯一讚賞的地方。,2,1,-1,5534,,2019/05/08,0,負向
這個地方很適合露營。,2,1,-1,5535,,2019/05/08,0,負向
各個區域之間的距離太近，露營區位置過於擁擠，導致晚上鄰居聊到凌晨1、2點讓人感到吵雜。,2,1,-1,5538,,2018/05/08,0,負向
兔子最好不要養在室外，並且飲食也很重要⋯⋯ 若您有意從動物中獲取利益，那應該要充分了解如何照顧兔子⋯⋯ 回復店家：兔子的食物主要是無限量的提摩西草和煮過的飲用水（沒錯，是無限量），並配合適量的飼料。兔子適合的環境溫度為17-25度，且需避免潮濕和淋雨，以免引起黴菌等皮膚疾病。長時間暴露在高溫下，也可能導致中暑。曾經有一隻兔子因在沒有冷氣的室內夏天時產生肝功能過高的情況。對於我來說，我養的兔子都能在家裡自由活動，同時分享了一些關於照顧兔子的經驗給店家，期望打造友善對待動物，也友善對待環境的社會。,1,1,-1,5737,,2022/05/08,0,負向
景色很美，但需要改善環境和服務品質。,1,1,-1,5799,,2019/05/08,0,負向
這家五星級飯店收費高昂，但卻有很多蚊子和蒼蠅，不管是早上或下午，甚至連營主都親自來說他們有賣蒼蠅貼片。,1,1,-1,5807,,2019/05/08,0,負向
這位主持人會示範放鳥教學，請勿觸動雷區。,1,1,-1,5813,,2019/05/08,0,負向
設施價格親民，景觀普通。,2,1,-1,6069,,2023/12/08,0,負向
一開始說可以在這個區域搭帳，但大熱天搭好帳後又被告知這個區域不允許搭帳，只能停車。又得再次搬移，真的很令人氣餒，而且路況不佳、車底盤還會碰到東西。,1,1,-1,6073,,2023/07/08,0,負向
洗澡的水溫難以調節，且沒有飲水機可以使用。,2,1,-1,6076,,2023/05/08,0,負向
菠蘿蜜區洗頭時熱水忽然斷掉了！這個區域與其他區域共用2間廁所和浴室（蹲廁所和浴室在同一個空間）。營地不允許車輛進入，設備則由營地負責用牛車運送。,2,1,-1,6079,,2023/05/08,0,負向
找房時照片跟實際有差別，算了。房間很久沒打掃，有跳蚤，讓皮膚癢。忘了帶食材，打電話詢問時已傍晚，對方誤會我們不要房間，讓工讀生清潔，並順便帶走東西。下次先查看租借地點是否有遺漏，處理方式讓我無法接受，需要改進。但也怪不了別人，是自己疏忽。,2,1,-1,6090,,2023/05/08,0,負向
這個地方環境很好，營區的工作人員也很友善。我們租了五帳篷區域兩晚，但只有一個浴室可以洗澡，需要等很久才能輪到。考慮到我們五帳篷區只有8個人，這已經很少了。如果一個正常的五帳篷區有10-15人，想必要等很長時間才能洗澡。,2,1,-1,6099,,2022/05/08,0,負向
依照您所描述的狀況，基本上是因為網路上的評價給予了高期待，但實際體驗下訂後卻有許多扣分的地方。例如：1、付訂金後詢問問題沒有得到回應；2、入住時馬上收取餘款，卻無法見到老闆老闆娘，讓人感受不到評價中所說的親切；3、共兩間廁所供至少六帳的露營者（最少16人）使用，卻只在收款時出現，衛生狀況是否足夠？；4、除非要在晚上六點或十一點洗澡，否則必須排隊，上廁所也得忍耐；5、沒有提供洗手肥皂或碗洗精，甚至連盥洗室裡的沐浴用品也沒有。綜上所述，這次11人露營團隊的共同感受如此。,1,1,-1,6137,,2019/05/08,0,負向
有這樣經營的嗎？就為了要安排夜間訂位，卻要求已經預定的客人取消訂位、還要改訂其他日期？我真的對您感到失望，店家！「人無信而不立，業無信而不興」，古人早就有這樣的教訓了！,1,1,-1,6320,,2023/06/09,0,負向
所有的房客都很安靜，除了星期日早上有朋友來訪之外，他們竟然在外面聊天，從早上六點多聊到了近八點。這樣不知道要怎麼睡覺呀！要注意如果要經營生意的話，這點很重要。其他方面倒是還算不錯。,1,1,-1,6328,,2023/05/09,0,負向
這個露營區並非由原住民經營，在經過訂單確認後，管理員卻修改了訂單並多收了費用。環境也不夠舒適，且一直感覺受到營區主人的監視。也許將這樣的營區關閉，還給原住民經營可能是一個更好的選擇。,1,1,-1,6580,,2023/09/09,0,負向
這個營區在冬天時，我們沒有使用高功率電器，但電力卻不穩定，營主因此感到惱火並且時常罵髒話，有時還能聞到煙味(因為營主有抽菸)。如果帶著小孩來，尤其是在冬天，我完全不建議選擇這個營區。唯一的優點是廁所很乾淨。,1,1,-1,6593,,2023/05/09,0,負向
這個營區冬天不太適合前來，因為無法使用低功率的電暖器，會造成跳電情形。同時也要留意避免被管理者指責說怕冷就不要來露營，且可能會遭受工作人員的不友善對待。,1,1,-1,6594,,2023/05/09,0,負向
營地的廁所很乾淨！在山上露營可以讓心情放鬆，吸收芬多精，但是營地主人常常在帳篷旁抽菸！如果計畫帶孩子來露營，擔心他們受到二手菸或三手菸影響的話，這裡可能不太適合！只給一顆星的評價是因為營地主人抽菸會造成二手菸環境。,1,1,-1,6597,,2023/05/09,0,負向
營區環境整潔，洗澡水溫度尚可，但電力供應不足，斷電時間固定在凌晨。請提前告知電力不足情況，切勿任意指責露營友。建議定期檢修電力設備。廁所沒有照明設備，請注意使用。營區內可無限制使用卡拉OK，但請注意配合營主在唱卡拉OK時。護草墊已標示使用方法，無需強調要在上面使用椅子。,1,1,-1,6614,,2022/05/09,0,負向
露營地和洗手間的環境都很好，但除了營地主人之外，其他女性工作人員的態度非常差！不友善的態度讓我們感到很不舒服，尤其有一位女性工作人員回答問題時非常不友善，態度十分高傲。這種服務讓我們決定不會再去那裡了。,1,1,-1,6617,,2022/05/09,0,負向
環境整潔，熱水只供應至晚上10點，旁邊洗手臺的燈光也只開到10點，營地老闆夫婦給人的感覺缺乏熱情⋯⋯⋯⋯,2,1,-1,6625,,2022/05/09,0,負向
昨晚在露營區遇到了些許困擾。雖然整體環境乾淨清幽，但夜晚有一群客人喧鬧不止，直到深夜2-3點仍然很吵。儘管友人勸誡後情況才有所改善，但這讓我的休息品質受到一些影響。事後營主也提及了這個問題，解釋客人喝酒所致，但我還是覺得應該要有更好的管理措施。畢竟預訂網站上有5星評價，希望可以有更好的體驗。,2,1,-1,6640,,2021/05/09,0,負向
營區收容的人數明顯過多，帳篷擠擠挨挨。活動區域被壓縮到幾乎不存在，還遇到了吵鬧的酒客，對於親子活動來說並不適合。,1,1,-1,6655,,2021/05/09,0,負向
完全過度擁擠，擠得水洩不通，令人無語。,1,1,-1,6659,,2021/05/09,0,負向
只有中華電信有訊號，其他家都沒有訊號，但營地有WiFi。首先要告訴大家，前往馬胎227營地的路上需要開得很慢，因為道路彎曲看不到來車，可能有點危險。快到營地之前的道路因為正在整修，所以非常凹凸不平，有很多大小石頭，可能會刮傷車子的底盤。開休旅車應該沒什麼問題，但一般轎車還是需要小心。我們這次入住營主家前的廣場區，場地很小，也設置了5個帳篷，帳篷都相連，讓孩子沒有活動空間，感覺營主有些過度收費！環境裡有蟑螂，還有非常多的蒼蠅（目前第五露，這個營地蒼蠅最多）。不過可能因為海拔750公尺的高度，沒有小黑蚊。廣場區不遠處約不到1分鐘的距離就有廁所，廁所很乾淨，旁邊還有小溪，可以抓溪蝦，水不深，適合小朋友泡泡腳。另外值得一提的是，營主飼養的雞到處亂跑，沒有關在籠子裡，凌晨3點雞就開始大聲叫~~~~吵得你睡不好。早上還會跑來營地玩耍。如果以上的情況你可以接受的話，可以考慮再度造訪試試看。我個人是不會再去了！！,2,1,-1,6660,,2021/05/09,0,負向
要到達目的地的這條路很糟糕，路面坑洼多次磨損，而營地也很小，甚至沒有草地供小朋友奔跑。抵達營地後，下到營區的路很崎嶇，車子無法通過，只好停在別處再步行前往營地。,1,1,-1,6661,,2021/05/09,0,負向
營地已經擠滿了，還接待過多客人，老闆養的雞叫到整晚，根本無法入睡。,1,1,-1,6664,,2020/05/09,0,負向
這個營區地方不大，沒有什麼景色可以看。但有溪水，以及兒童滑梯，滑梯的設施算是公園等級，但沒有沙坑。廁所和浴室都很乾淨，只是地面總是潮濕的，營位很多。綜觀整個營區，只有B區比較適合搭建帳篷。這裡還放養了幾隻雞，它們自由地走動並一直發出咕咕叫聲，有點吵。相較之下，這些雞比起被關在籠子裡的狗更顯得幸福。一大早時，雞的叫聲和狗的吠聲不斷交替，有些吵雜。即使如此，大自然中還是有各種昆蟲叫聲和鳥鳴聲，這些聲音彷彿彌補了其他不足。總的來說，這裡似乎沒有太多好的選擇！,2,1,-1,6668,,2020/05/09,0,負向
營主可能會多收費用，營位空間有點狹小，停車位也不太寬敞！,1,1,-1,6676,,2019/05/09,0,負向
這家店的服務態度不好，而且他們讓家裡的狗亂拉亂尿。,2,1,-1,6693,,2023/03/07,0,負向
沒有使用高功率電器，但家裡一直跳電，還有人說天氣冷不要露營，甚至罵髒話，有點太過了。知道你使用了第六代功率為380W的黑設備。,2,1,-1,6697,,2022/12/13,0,負向
B2區有很多蟑螂，有時候還會聞到狗屎的味道。,2,1,-1,6728,,2020/08/21,0,負向
營地的衛生狀況真的讓人擔憂，廁所又臭又髒，而且沒有熱水洗澡。每晚要找有熱水的廁所位置都困難，而且隔壁營位的喧囂讓人難以入眠。跟營主要求改善也要等上兩個小時才有回應，真的很不方便。下次選擇露營地時可能會考慮其他景觀更好的地方。,1,1,-1,6753,,2024/04/11,0,負向
空間很狹小且擁擠。每天半夜都有流浪狗來叫囂並咬食物。垃圾桶不是獨立使用的，而是需要與其他帳篷共用。,1,1,-1,6756,,2024/04/09,0,負向
這家住宿的隔音效果很差，廁所還在外面，連吹風機都沒有，非常不方便。露營區的廁所因為被很多人使用而沒有清理，變得非常髒亂。,1,1,-1,6758,,2024/04/09,0,負向
第一次參加活動時，晚上營地主管也沒來巡視。我打電話給營地主管，已經過了11點，還有一些人在帳篷群聚飲酒喧嘩。營地主管到場後，還是很吵雜。,1,1,-1,6766,,2024/03/09,0,負向
建議ABC三區需減少人數，避免擁擠情況發生，如果無法改善，就限制包區。另外，希望營主能考慮提昇單飛人的露營品質，而不只著眼於營業收入。,2,1,-1,6771,,2024/01/09,0,負向
當您預訂時，前排夜景區還有空位，已經付款確認位置。但當您當天到達時，位置被安排在中間草皮區。詢問老闆我們不是預訂前排的嗎，老闆回答說前排是為當天到的人留的。您問老闆我們現在不就是當天到的人嗎？老闆卻說沒辦法... 後來才發現他把位置給了後來才預訂的另外六個人⋯⋯ 感到被忽略，非常失望。,1,1,-1,6773,,2024/01/09,0,負向
"1. 12/1-12/2凌晨1點左右，B區的露營者，在大聲交談，小孩們也一直在嬉鬧。
2. 營位之間距離很近，營繩幾乎要碰在一起了。
3. 垃圾桶太少，擺放在營位前，建議擺放在營位後方或區域入口，這樣才不會一直有人在此來回走動。
4. 露營者的素質很重要，可以不要在別人的營位前逡巡，很不禮貌，要走路請繞過營位後方。
5. 請規劃專用吸煙區，下風處有煙味，地上還有煙蒂，不推薦的營地，不會再光顧。",1,1,-1,6776,,2023/12/09,0,負向
我昨天從騰雲露營區回來，露營的經驗真的讓我感到非常失望。浴室設施很大，但最後一間沒有熱水，飲水機很骯髒，冰箱超小且沒有區隔，馬桶水箱沒有蓋子，草地上還有很多蜈蚣。營區的環境設計很奇怪，沒有小孩活動空間，每個營位之間的距離也非常近，晚上隔壁營位的喧囂聲音很吵，帶狗的露友也無法控制好，讓狗隨意亂跑。我看完評論後，真的不推薦這個露營區。,1,1,-1,6786,,2023/11/09,0,負向
有些流浪狗不見得友善，曾經有一隻把我的雞咬走一半。在洗澡的時候，水溫時冷時熱還把我燙傷，更糟的是還遇到了不太懂得公共衛生的女性在浴室裡方便完，還亂丟衛生紙在地上。,1,1,-1,6797,,2023/08/09,0,負向
在這個露營區，打了二三十通電話都沒人接，沒熱水的情況下我在裡面等了二十幾分鐘，而且水溫一直忽冷忽熱的。這樣的狀況真的不值得給予六顆星，這顆星是多餘的。,1,1,-1,6802,,2023/05/09,0,負向
這是你第一次在清潔頻率較低的露營區露營吧？打電話反應後還沒有人來清理嗎？此外，營區的熱水忽冷忽熱，睡眠品質也受影響，清晨起床面對寒流讓你感到很痛苦。,1,1,-1,6817,,2023/05/09,0,負向
廁所設施稀少，衛生狀況很糟糕，熱水溫度時大時小。我已致電營區管理人員反映廁所不潔狀況，但尚未獲得有效處理。,1,1,-1,6818,,2023/05/09,0,負向
這個露營場地雖然靠近野營體驗，但收費高昂。上山路況狹窄，不易讓車輛通行。到了營區後，沒有帶位服務，自行在營地尋找位置，也沒有足夠私密性。晚上遇到許多狀況，電箱爆裂跳電，溫度只有8度，中華遠傳訊號薄弱。停電時連Wi-Fi都無法使用。洗碗槽沒水或水壓不足，營主要求環保無水洗碗。小朋友洗澡時水源中斷。抽水馬達用盡無法抽水，馬桶水槽壞了需自行舀水沖洗。廁所髒亂，有未沖走的糞便。營區不限制晚間噪音，吸引夜貓族到訪。管理不善，過多露營客超出營區負載。這是一個非常糟糕的露營經驗。,1,1,-1,6822,,2023/05/09,0,負向
直接掛掉電話是不太禮貌的行為，最好的做法是客氣地告知營主廁所缺乏衛生紙，並請求他們補充。,1,1,-1,6825,,2023/05/09,0,負向
聖誕夜突然停電後，營區處理速度緩慢，甚至發出警告，表示如果再浪費用電，整個區域都會斷電。朋友前來幫忙修理水電，卻沒有向你收取費用。查看賬單後發現用電量過高，需要注意節約。此外，新的營位也即將啟用，你對營區的情況感到擔心。,1,1,-1,6832,,2023/05/09,0,負向
團露包含上方特區，但營主仍允許其他露客進行夜間露營，導致帳位排列困難。其他露客未遵守中午12點收帳離開的規定，也未見管理人員在場，令人感到困惑。此外，靠近浴廁的兩個營位太小，無法容納兩個帳篷，而訂位網站的舊照片讓人誤以為只能搭建一個帳篷。這兩個問題是營主亟需改進的地方。維譽與品質是長期獲利的關鍵，不應重蹈覆轍。,1,1,-1,6833,,2023/05/09,0,負向
最不能忍受的是夜間有車輛不斷上山，車燈和人們的喧囂聲深夜沒有停歇。第二天早晨整理帳篷時發現草地上滿是蜈蚣，幸好使用了護草墊，但仍有蜈蚣滑進了帳篷，比螞蟻還多。雖然營地視野開闊，可以看到美麗的夕陽和星空，清晨時分也有仙境般的霧氣。廁所和浴室設備較少，不過有冰箱和飲水機可供使用。幸好是在連假前一天造訪，深夜遭受夜衝的吵雜聲讓人難以入睡，第二天一早決定提早離開，無法在這擁擠又無法放鬆的營地停留。,2,1,-1,6842,,2023/05/09,0,負向
營地的冰箱剛開時，我們已經冰了快一小時，但溫度還是27度，比我家的冷氣還要熱。連冰塊都直接融化了。晚上洗澡的時候，朋友們剛進到浴室就發現沒有熱水，後來修好之後我們進去洗，只有一開始的前兩分鐘水是熱的，後面全程都是冷水。我們只好忍冰冷的水洗了半小時，真是不容易。營地風景很美，但設備確實有待改善。,1,1,-1,6849,,2023/05/09,0,負向
建議每次要露營時都來這裡，因為這裡就像天堂一樣美好喔！,1,1,-1,6856,,2023/05/09,0,負向
風景還不錯，WiFi 順暢，但衛浴設施一般，熱水稍微不穩定，最大的缺點是地方太擁擠。露營區停車位不夠，帳篷排滿了，建議要前往的人要考慮。不要完全聽信網路上的好評。,2,1,-1,6859,,2023/05/09,0,負向
非常悲傷，B區就像是在停車場露營一樣，根本沒有風景可看。,1,1,-1,6860,,2022/05/09,0,負向
環境清潔需要改善，環境整潔需要改善⋯⋯帳篷的數量過多，整體品質很差。,1,1,-1,6864,,2022/05/09,0,負向
"1. 冰箱只有冷藏，溫度不足，有濃烈的異味，看來已經好一陣子沒有清理了！冰箱裡面沒有冷凍功能，食材都幾乎是室溫的狀態！
2. 各家電信的訊號都不太好，雖然提供 wifi 但訊號並不很穩定。
3. 這個地方看不到美麗的景致和帳篷，我也不想要看到一整排的車！停車空間其實還蠻多的，但為什麼 A 區要擺放一整排車輛呢？如果不能訂到觀景那一排，B 區就等於是跟別人的車子對望露營。官網說的跟實際不太一樣，跟營地負責人反應後，他們卻說一切都是按照原本計劃的…
4. 浴廁前面有一大片蜘蛛網和蟲的存在，讓孩子們可以觀察生態， 雖然浴廁空間很大，但從抵達到離開時垃圾桶一直保持滿滿的狀態…需要加強清潔！
5. 特地走到觀景區，白天和夜晚的景色真的很漂亮！",1,1,-1,6868,,2022/05/09,0,負向
營地管理員說只有A區（景觀區）的車輛停放方式像停車場一樣。對於其他區的車輛排列整齊就像在停車場露營也是合理的。建議大家如果無法預訂到A區，不妨考慮在旁邊的停車場野營。,1,1,-1,6869,,2022/05/09,0,負向
B區停車位的設計似乎不夠充足，讓露營帳篷和車輛擁擠在一起。雖然園區有告示牌指示應該停在外面，但卻容忍A區的人停在旁邊。這不符合照片或規劃上的描述，收費高達1000元，感覺有點被欺騙。希望營區主能提供清楚的說明，以免造成到了才驚覺景象盡是他人車輛的尷尬場面。對於老闆的消極態度感到相當失望。,1,1,-1,6870,,2022/05/09,0,負向
人們四處唱卡拉OK，聲音又大又吵，卻沒有人管制，這樣浪費了美麗的風景，令人感到失望。,2,1,-1,6882,,2022/05/09,0,負向
有好多螞蟻，到處都是螞蟻，住兩晚實在有點可怕。,2,1,-1,6907,,2022/05/09,0,負向
特區裡面營位的設計似乎有些問題，每個營位都貼得很近，而且好像忽略了帳篷要拉營繩的空間，並且設計很小（以保特瓶為尺寸參考）。,1,1,-1,6953,,2021/05/09,0,負向
營區人潮眾多，營位相鄰不斷，連5＊8的位置也無法入住，被安排在左邊第一個紅圈處，被擠在兩棵樹中間。此外，還被多收三個位置，讓下次不想再來了。,2,1,-1,6957,,2021/05/09,0,負向
夜晚的景色確實令人心曠神怡，放鬆心情。不過，衛浴設備可能有些問題，熱水可能太熱或者轉冷水。另外，營地的排水也似乎有點困擾。希望這些問題能夠得到改善。,2,1,-1,6964,,2021/05/09,0,負向
優點：景色宜人，晚上的夜景美麗，夕陽迷人，草地平坦。缺點：帳篷營位過多，建議減少三分之一以擴大活動空間，不然小孩只能在車道上玩球；浴室過少且沒有標示，需要一間一間打開看；水壓不穩定；停車位不足且規劃混亂；僅有中華電信有網路訊號，其他電信業者訊號較差，WIFI幾乎無法使用。,2,1,-1,6966,,2020/05/09,0,負向
營地的管理人可能會在半夜叫你離開，所以不會有下次了。,1,1,-1,7009,,2019/05/09,0,負向
優點：D區場地很大，擁有樹蔭，不需搭帳篷也能避免曬到太陽，相當不錯環境整理需要改進，水槽極其髒亂，廁所內有許多蜘蛛網，看起來很久沒有清理營區和廁所門口的洗手台有非常多的蟑螂，而且是那種很大隻會飛的。環境衛生確實需要改善。,2,1,-1,1,,2024/05/06,0,負向
廁所很髒，沒有固定的清掃時間，很臭。吹風機的品質很差，像飯店那種會過熱斷電。浴室裡洗到一半會沒熱水或熱水很不熱。冰箱容量太小完全不夠用。洗手台傾斜，無法放置東西。,2,1,-1,16,,2023/12/06,0,負向
這個營地的環境管理不佳，卫生情况很糟糕，甚至缺乏基本的衛生紙補充。冰箱也沒有被清潔，整個營區缺乏維護，導致許多困擾。在這樣環境下，令人難以再次光顧。,2,1,-1,21,,2023/11/06,0,負向
環境還可以，但人員態度需要改善（參與10/8萬聖節活動扮演鬼滅之刃女生的人員）。對於問題的解答，如果還沒有看到臉就感到不耐煩，我必須說如果不是小朋友在場，我可能會直接表達不悅的情緒。,1,1,-1,22,,2023/11/06,0,負向
營地環境不佳，我們到達時已中午，廁所情況令人困擾，到晚上十點仍未得到改善。垃圾桶滿溢，地面散落著衛生紙，馬桶的衛生狀況惡劣，每間廁所幾乎都令人感到恐懼。,1,1,-1,36,,2023/05/06,0,負向
水壓不穩，溫度變化大，流理台設備不足，四五人共用一個，有野貓野狗、以及夜間喧嘩、控制不了音量的人最好不要露營。這樣會破壞夏夜的氣氛，整晚都在被你的抱怨聲所影響！,2,1,-1,38,,2023/05/06,0,負向
營區應該要宣導在晚上10點後要降低音量，為什麼還有團體在凌晨兩點仍大聲彈吉他、喧嘩而沒有受到管理呢？難道不應該讓大家有個安靜的休息環境嗎？,1,1,-1,45,,2023/05/06,0,負向
廁所有點臭，感覺很久沒有清潔了，衛生紙用完了沒有補充，環境還算美麗，可惜擠滿了帳篷和車。,2,1,-1,46,,2023/05/06,0,負向
這個場地雖然很大，但F區真的不理想。為什麼要把加壓機放在旁邊，還要讓人在旁邊搭帳篷呢？24小時都沒有停過，即使停了一下下馬上就再次開始叫，根本讓人完全無法入眠啊~~~~,1,1,-1,50,,2023/05/06,0,負向
營區環境優美，空間寬廣，但因接待人數眾多，導致廁所設施不足且雜亂。建議增加清潔頻率與補充衛生紙，同時增加浴室數量，確保供應熱水且水溫水壓穩定，改善排水系統以避免淹水情形。最重要的是，避免在當地焚燒垃圾。,1,1,-1,68,,2023/05/06,0,負向
服務經歷！假日人潮眾多洗澡時沒有熱水，我可以理解需要等一下！通知主管後，對方說瓦斯沒了，要換瓦斯讓別人重新開熱水，要脫光衣服站在山上這麼冷的地方！在那邊等了整整20分鐘！還是沒有熱水？？？我想問！瓦斯去哪了？這太誇張了！不會再光臨了！,1,1,-1,96,,2022/05/06,0,負向
廁所很髒，洗兩天都沒熱水，早洗晚洗都一樣。強烈建議不要去那裡。,2,1,-1,106,,2022/05/06,0,負向
這次露營真的非常艱苦！從週三到週五連續三天都走在濕濕黏黏的爛泥中，真是辛苦啊！去上廁所的路上沒有路燈，一路踩著爛泥去又踩著爛泥回帳篷，排水系統不完善，就算雨沒下很大，地上還是有积水，還經常斷電，熱水也很不熱，這是讓人難以忘懷的露營經驗啊！,1,1,-1,108,,2022/05/06,0,負向
廁所和洗澡在同一個空間，洗澡時必須忍受馬桶氣味，洗手池也非常不足。,2,1,-1,112,,2022/05/06,0,負向
房間雖然不太乾淨，但春節期間的價格優惠。,2,1,-1,114,,2022/05/06,0,負向
這樣真是倒楣，第一天洗冷水，第二天還斷電，而營主卻賺得盆滿缽滿。,1,1,-1,118,,2022/05/06,0,負向
營區的環境很舒適，有溪水和螢火蟲，但是有人反映浴室的水一年前時冷時熱，今天卻始終保持恆溫，因為沒有熱水只有冷水，真是很令人沮喪。,2,1,-1,148,,2021/05/06,0,負向
這個地方雖然空間寬大，但是營區規劃得太密集，沒有多餘空間活動。活動區域缺乏樹蔭，容易因過熱而不適合。衛浴設施人潮過多時明顯不足，需要排隊洗澡。雖然有螢火蟲和溪水可玩，但比這裡更好的露營區還有很多。,2,1,-1,149,,2021/05/06,0,負向
房子的設備有點不足，水溫也不穩定，建議房東規定晚上十點後要保持安靜。有次遇到隔壁房的人半夜十二點還在大聲談天，我和他們反應了，起初有稍微變小聲，不久後又吵了起來。其中有個人一直在吹噓業績成長了好幾倍，要求其他人也要多學習，真的吵得很厲害。,1,1,-1,176,,2021/05/06,0,負向
浴室數量不夠，洗澡時水溫難以控制，排水不順暢，地面有太多碎石，洗碗槽也太少。,1,1,-1,190,,2020/05/06,0,負向
營地設施很糟糕，廁所十分骯髒，只有一間衛浴有熱水，卻要收取1200元。,1,1,-1,204,,2020/05/06,0,負向
這個露營區真的很糟糕，沒有熱水可洗澡，廁所很髒，而且完全沒有小朋友可以玩的地方。收了1200元卻沒有任何價值，真的不想再去了，超級雷區。,1,1,-1,205,,2020/05/06,0,負向
排水效果不佳，下雨後草地變得泥濘。,2,1,-1,207,,2019/05/06,0,負向
熱水的溫度變化很大，不建議使用。,1,1,-1,209,,2019/05/06,0,負向
在營區裡不能唱卡拉ok或使用高分貝音響是受規定限制的，但我們遇到這樣的情況了。有人唱歌一直到晚上11點，其他區域的人們效仿他們加入唱歌的行列。同時，營區外還有肥料散發出難聞的氣味，吸引了許多蒼蠅。雖然有桂圓銀耳甜湯，讓大家感到慶幸，但還是希望營主能在未來加以制止，以免損害營區的聲譽。,2,1,-1,279,,2024/04/06,0,負向
"1. 營主非常熱情，在這麼炎熱的天氣裡，特地送來清涼的點心。
2. 營主也非常專業，聲稱附近有很多小黑蚊，於是我們前三名的能捕到的數量是34、33、19，真的很好奇在老闆眼中到底什麼數字才算多。
3. 洗手間非常乾淨又寬敞，一共有四間，只是要小心小昆蟲或寵物。 
4. 喜歡釣魚的朋友們要小心謹慎，釣到的魚要放好，因為老闆會透過監視器監控，確保你沒有偷藏他的魚。當需要叫老闆時，其實只要在監視器前揮揮手，他就會前來，讓露營區體驗變得更完美，感謝讓我超越自己被小黑蚊叮到的紀錄。",1,1,-1,334,,2023/05/06,0,負向
明明知道螞蟻繁殖期數量眾多，卻沒有告知，讓露營體驗大大受影響。,1,1,-1,373,,2021/05/06,0,負向
這個營區的環境真的不盡人意，特別是在夏天，悶熱的天氣讓人難受，下午又常常會有雷陣雨，讓排水系統的問題暴露無遺，路面泥濘不堪更讓露營的心情受影響，這真的需要改進。,1,1,-1,375,,2021/05/06,0,負向
在雨天時設置營地在洩水道旁不太理想，因為可能會有水流在附近。營地的擁有者應該考慮一下是否將營地設置在其他地方會更好。,2,1,-1,376,,2021/05/06,0,負向
露營的地點很奇特，雨棚就像搭在營主家門口一樣，讓營主家人從旁進出，感覺缺乏隱私。即使租了營位，也無法搭設完整的露營帳篷，還得留一條走道給他們通行，造成搭帳空間受限，實在不是很理想呢！,1,1,-1,417,,2024/04/03,0,負向
園區內可能有人放置捕獸夾，攜帶寵物進入者要格外小心。,1,1,-1,467,,2024/02/06,0,負向
這個地方的品質不如預期，未來可能不會再造訪。大家都期待在跨年時開心愉快，但要總是受到規則約束，什麼都要依法辦事，好像我們來到這裡只是為了睡覺一樣。給你六顆星，這次多了一顆星。,1,1,-1,468,,2024/01/06,0,負向
我的理解是你在訂了10/7到10/9的雙十連假營位，但因颱風將至，為了安全考量取消了預定。然而，營地只退還了60%的訂金，並且未使用的租借裝備費用竟然沒有退還。營主聲稱這些裝備是透過廠商代訂的，但事實上這些裝備一直在營地倉庫裡，根本不存在所謂的廠商。當詢問營主關於營地淹水的應對措施時，營主避而不答，表示戶外營地難免會淹水。這讓我感到不合理，因為已經有過類似的經驗，這也提醒我們在訂營位前應多加留意其他人的評論，以免遇到類似的問題。,1,1,-1,475,,2023/10/06,0,負向
在露營地沒有垃圾桶，需要把垃圾帶到廁所外面的垃圾桶丟掉。營地主人沒有事先告知有季節性強風問題，風很大造成帳篷和炊事帳受損。地板是石頭地，不能釘營釘，並且可能連假時供電也不足。計畫前往露營的露友請多考慮這些因素！,1,1,-1,482,,2023/05/06,0,負向
在第二次造訪時，第一次寫評論，我給了一顆星的評分。唯一好的地方是衛浴設施很乾淨，清潔工作有積極進行。但其他方面我都不推薦。露營地的碎石地超硬，插營釘難且難以移除，小心營釘可能會折斷。營位沒有提供護草墊，垃圾桶和廚餘桶都只能在衛浴區找到，需要走很遠。營位是階梯式的，邊坡很陡而且完全沒有護欄，對小朋友非常危險。這次露營時半夜溫度接近零度，我和其他露友都自備煤油暖爐或火盆取暖。我們睡帳內至多只有一些黑設+電熱毯。第一天五帳的夜晚度過了，第二天晚上增加到八帳後，卻發生三次跳電。第二次跳電後，營主來說電器故障要我們賠償，但根本沒有人使用高瓦數的電器，甚至吹風機都沒有人使用。第三次跳電後，營主直接停電，半夜只能靠煤油暖爐取暖。結果隔天小朋友感冒了。這樣的服務態度讓我只能說，如果想找虐就再來露營吧。這個營區永遠進了我的黑名單。,1,1,-1,486,,2023/05/06,0,負向
"1. 老闆最初的態度很友善，但在付款後卻改變了態度，要求提供家人離世的證明才能退款。要提供相關資訊是可以理解的，但我當天無法提供訃聞，也沒人會拿這種事情開玩笑。

2. 剛到露營區就花了兩個小時裝好帳篷，營主卻趕緊來收尾款，讓人感到不太好。

3. 我們租借的床墊漏氣，換了一個還是漏氣，營地物品管理明顯不足，營主卻生氣地說：「知道會漏氣就不要租！」。

4. 垃圾桶離露營區很遠。

5. 熱水器提供的水溫不夠熱，不建議在冬天露營。",1,1,-1,487,,2023/05/06,0,負向
對於裝備不足的露營者來說，這樣的經歷真的令人非常困擾。朋友租的充氣床居然一直漏氣，最後我們只好在半夜打電話給營地管理員，雖然營地管理員有來換新的充氣床，但是態度和口氣非常差。更糟糕的是，換了新的充氣床後還是漏氣，最後我們只能讓全家人睡在崎嶇的石地上。而且更令人生氣的是，租帳的問題一會要我們收錢，一會又說不要收，態度反覆且惡劣。最後竟直接告訴我們不要再來了。這是我第一次遇到這麼糟糕的營地管理經驗，這樣的狀況必須告知其他裝備不足的露營者。,1,1,-1,489,,2023/05/06,0,負向
營區冰箱有漏電的問題，且導致了人觸電，但營主處理此事的態度消極且十分不友善。,1,1,-1,490,,2023/05/06,0,負向
"1. 我們租借的氣墊床有問題，向營區負責人要求更換時，對方的態度很糟糕並未妥善處理，導致整晚只能睡在硬石地板上，睡眠體驗非常糟糕。

2. 早上結帳時，營區職員告知我們租借的帳篷、客廳帳等因下雨需要曬乾，不需交回。過一會兒，營區負責人指示我們交回設備，我們向他表明之前被告知不需交還，但他表示自己是老闆話算，並直接離開。我們只好收納設備，後來他又跑來說不需收，這讓我們感到非常困惑。我們對這位負責人的處理方式感到非常不滿，這次營地體驗糟透了，非常失望。",1,1,-1,491,,2023/05/06,0,負向
這次帶團露營真的讓我感到很不愉快，營地下雨積水，我跟營主反應後，他一直找藉口說這是尖石營地的特色。整個營地都沒有垃圾桶，要自己提到廁所去丟垃圾，而晚上還被貓咪把我收好的垃圾弄得到處都是。早上營主看到後很不客氣地要我趕快清理，我剛發現垃圾被亂弄時也很錯愕，感覺好像是我們亂丟垃圾一樣。還沒到中午十二點營主就不停地抱怨收拾垃圾花了太久，雖然我已經付過營地費，但營主卻隨意更改時間要我們離開。我真心不推薦這個營地，雖然環境美麗，但營主的不友善及營地問題讓我很失望。希望跟我一樣注重露營開心體驗的人不要因為這種事情浪費金錢。評一顆星是因為美麗的營區，但不能否認其他問題。我們留下了錄影證據，證明我們離開時沒有丟垃圾，這是戶外人應有的品德。,1,1,-1,492,,2023/05/06,0,負向
"1. 搭帳篷的時候釘子很難釘，許多釘子都用鎚子敲壞了。
2. 只有走到浴室才有垃圾桶可以丟垃圾。
3. 廁所只有當天打掃後乾淨，之後就很骯髒，感覺不像在保持衛生，也沒補充衛生紙。
4. 排水系統很糟糕，下暴雨時雨水全都沖進帳篷，水根本無法流走。",2,1,-1,498,,2023/05/06,0,負向
原本預定參加萬聖節走秀，卻突然被一陣大雨打亂計畫，活動場地變成摸淤泥洗衣服的經驗。帳篷被雨水淋濕，我擔心家門前的小河會氾濫，帳篷積水只能嘗試用土法挖水道，效果卻不彰。儘管這場雨沒有北部暴雨來得嚴重，但我們還是決定提早收拾帳篷，以免深夜被雨水驚醒，讓家人更加擔心。還好在這場雨之前的體驗還不錯，不過要提一下，營釘真的難打（或許是因為我的工具不夠好，也可能是我力氣不夠）。,2,1,-1,499,,2023/05/06,0,負向
在雨天時練習挖溝是取得挖溝技能的好機會，但要記得先在蝦皮買好鏟子以應對雨天排水不良造成的積水問題。,1,1,-1,500,,2023/05/06,0,負向
營區的排水出了問題，導致泥水淹進了帳篷裡面，無法再在外面露營了。別人的帳營地都是乾燥的，但這裡已經提早潮濕收拾了。原來露營時要準備帶鏟子。,1,1,-1,501,,2023/05/06,0,負向
上周我參加了一個親子露營，去了印象尖石。星期六白天天氣還不錯，但下午四點開始下雨，不到半小時各區就開始淹水了。營地不僅沒有排水系統，而且是石子地，營主也沒有任何應對措施。每個區域都被淹，沒有辦法搬移到其他乾燥的地方，這個營地也不是新的，總不能只會說下雨。活動主卻認為這是天災，不該怪罪於營主。我們已繳交活動費，難道活動主不應該評估雨天積水的問題嗎？小朋友無法玩遊戲、參加活動，為了避免感冒，我們決定撤營。許多人都已經離開了，因為不知道雨什麼時候會停。我們被困在水淹中，有近一半的營地都撤營了。花了一千五百元的營地加活動費，換來的只是小朋友的不愉快、尷尬的撤營經驗，和一大堆抱怨。,1,1,-1,502,,2023/05/06,0,負向
這個營地雖然可停車方便，但卻有排水不良以及缺乏護草墊的問題，特別是梯田式地型越下面的營位環境更為惡劣。在我們露營期間遇到大雨時，無法有效排水，幾分鐘下來整個帳篷就淹水了，整個區域都淹成了河流狀態。露友們只能自己動手挖溝來拯救帳篷，第一次露營就遇到這麼狼狽的情況，最終整個營區大部分露友都不得不在當晚撤營回家，實在是一次非常糟糕的經歷。總結來說，在下雨天絕對不推薦這個營地。,1,1,-1,503,,2023/05/06,0,負向
這裡容易在下雨天積水，尤其在矮營區。另外，營區地勢不平坦，可能會導致帳篷內淹水的問題。建議您注意選擇淋浴間，以免缺熱水。,1,1,-1,504,,2023/05/06,0,負向
場地的排水有問題，導致嚴重的積水情況，反映後卻沒人理會，只能自己設法解決了！,1,1,-1,505,,2023/05/06,0,負向
茄苳D區排水情況不佳，積水嚴重。第一次下雨時因積水問題而取消行程（後來整個露營區的人都取消了行程）。營地地面由草皮和石頭混合而成，底層的石頭比較大，難以釘營釘。在下雨天時需要特別注意這個問題。,1,1,-1,506,,2023/05/06,0,負向
地面排水系統不良，導致地面不平且缺乏護草措施，降雨後容易積水。營主對此問題態度消極。,1,1,-1,507,,2023/05/06,0,負向
我們第一次參加學校的露營活動，在4/30到5/2，共兩天一夜。我們使用登山野營帳篷，在搭建過程中遇到很多小石頭。營釘不太好打，向營區工作人員借了鐵槌。詢問工作人員如何在草地上敲入營釘。有一位女生工作人員和男生給了一些建議。第二天回到營地想洗熱水澡，但熱水突然變冰水，讓我在13度的天氣洗了冷水澡。回家後才發現雨傘忘在他們營地的長凳上，打電話詢問卻被告知沒有找到。整體而言，這次露營經驗並不令人滿意。,1,1,-1,517,,2023/05/06,0,負向
這段句子可以簡單歸納為：在一個露營地遇到了營地管理不當的狀況，最終讓人感到不友善，因此不再願意再去那個露營地露營。,1,1,-1,520,,2022/05/06,0,負向
水溫變化很大，只有非常熱和非常冷可以調整，經常斷電,1,1,-1,523,,2022/05/06,0,負向
老闆說話的態度很差，停電、洗澡水溫不穩定等問題都發生了，去服務中心詢問事情時甚至還被冷嘲熱諷，進入營地的路上還遇到了落石，十分危險。,1,1,-1,524,,2022/05/06,0,負向
這段時間待在那裡，洗澡時熱水溫度總是很低，小孩都冷到打顫。老闆好像對待員工不太友善，甚至要客人自己找位置，還對客人發飆問「你是誰」。服務態度差到根本沒有，收錢時也很驕傲。整體感覺很糟糕，還是選擇尖石吧。,1,1,-1,525,,2022/05/06,0,負向
浴室廁所的數量較少，各區共用四間浴室和四間廁所，因此洗澡和上廁所可能需要等一段時間；熱水供應比較不穩定，會忽冷忽熱；營區主人的態度也很差。,1,1,-1,529,,2022/05/06,0,負向
營主態度相當惱人，甚至要求客人趕快離開山上。,1,1,-1,530,,2022/05/06,0,負向
營地的管理人員態度欠佳，不建議前往，還會容易出現因限制車位而要求遊客離開的情況？這真的難以理解。,1,1,-1,531,,2022/05/06,0,負向
去了三天兩夜慶祝跨年，熱水持續不足且不穩定，向民宿主人反映後沒有改善且回應冷淡。廁所雖經打掃，但在最後一天十分骯髒，給人留下不佳印象，感到可惜。整體而言，住宿環境都相當擁擠。,1,1,-1,532,,2022/05/06,0,負向
場地草皮規劃得很好，但熱水洗澡供應不穩定......只能忍受 8 度的冷水沖涼......冷死了！,2,1,-1,534,,2022/05/06,0,負向
我的露營經驗不太愉快。我們在露營區的客廳帳裡面發現一頂不防水的帳篷，漏水嚴重。下午四點叫老闆過來檢查，但工作人員直到晚上七點才來。他們只擦了一遍帆布表面，檢查後卻說沒有破洞，就想離開。我們堅持指出這是防水塗層的問題，因為另一頂帳篷沒有漏水。但老闆卻堅持說這是正常現象，就是客廳帳裡會漏水，態度強硬冷漠，完全不在乎顧客的感受。這次糟糕的經歷讓我們感到很不愉快，看了之前其他人的評論，發現他們也有遇到類似的問題。或許我們確實遇到了一個讓人頭痛的老闆，讓我們在美麗的露營區也感到心累。,1,1,-1,538,,2022/05/06,0,負向
營地整理得不錯，但管理人員的服務態度非常差。當我們快要到達時，發現冰箱已經滿了，收尾款時提出建議讓冰箱分區，但他表示無法做到。他還建議我們早點到，並且所有區域都沒有垃圾桶，需要自行處理。他說人手不足，還問我們想要怎麼辦。,1,1,-1,548,,2022/05/06,0,負向
這次露營經驗很糟糕，營地地面太硬，無法釘營，加上在夜晚風力過大幾乎把帳篷吹走，讓我睡不好覺。跟營主討論位子問題，卻感到無奈。浴廁的熱水不穩，更讓整體體驗更差。總之，這次露營經驗讓我感到很不滿意，並不會推薦朋友來這裡。,1,1,-1,554,,2021/05/06,0,負向
營區有太多用電器導致半夜跳電，早上9點多才恢復供電。廁所很髒，還有很多蜜蜂。,1,1,-1,561,,2021/05/06,0,負向
印象尖石營地的體驗並不盡如人意。在那裡的地板硬到讓人手軟，營地空間極小，且營主還不斷的多收費用。營地內的帳篷幾乎貼在一起，連停車位都無法適當安排，讓人亂停亂搭。四個區域至少有40個帳位，卻只有一台冰箱和8間浴室供大家使用。,1,1,-1,572,,2021/05/06,0,負向
洗澡的時候，水溫不穩定，連水桶都沒有，但至少還可以幫小孩裝水。不過因為水溫不固定，小孩被燙到哭了。,1,1,-1,579,,2021/05/06,0,負向
營地地面是石頭所以很難釘營釘，一旦風大很容易將營釘吹起來，所以下次不會再選擇這個地方了。,1,1,-1,584,,2020/05/06,0,負向
在預訂時說好留給我們的房間位置，但抵達後卻被告知不可能，讓人感覺很糟。不過當我們結帳時他們有誠懇地道歉。不僅如此，浴室的蓮蓬頭還突然爆裂，水亂噴一通。好在小孩遊樂區設施非常出色。,1,1,-1,593,,2020/05/06,0,負向
營區地面都是石頭，一般的釘子都插不進去，晚上還會沒熱水，洗澡洗到一半的時候差點冷死。,1,1,-1,597,,2020/05/06,0,負向
車子在即將抵達目的地的山路上無法行駛。,1,1,-1,624,,2019/05/06,0,負向
營地位置在山區的低洼處，常受季節風影響，造成內部強勁異常風，營地負責人應該對這特殊地形有所了解並提供協助。在這個地方已連續兩個月的十一月，營地柱子被風吹斷，讓人半夜驚醒。,2,1,-1,765,,2017/11/21,0,負向
可以說「假日放鬆的好地方可觀賞夕陽的營地」。,1,1,-1,813,,2017/05/02,0,負向
這裡的管理親疏有序，對於卡拉OK的使用進行了規範，若有需求也可以主動通知營地負責人，以解決問題。推薦品質優良的露營地，這裡是一個值得考慮的選擇。,1,1,-1,1263,,2023/11/07,0,負向
明明公告上禁止唱卡拉OK，但卻任由某區營地晚上唱出超級走音的噪音。其他人為何要遵守規則？,1,1,-1,1264,,2023/11/07,0,負向
營主的朋友在同一區露營，營主人非常友善，很客氣。然而，最後一天，當我們收拾東西時，營主的員工也加入收拾行列。不幸的是，他們把我們的洗碗精和菜瓜布誤認為垃圾，丟進了垃圾桶。一開始我們詢問員工時，他們否認拿走了這些物品，直到我們找營主揭示真相後，他們才去撿回這些物品給我們。即使在我們要離開露營場地之際，他們仍然執意在我們身後收拾，讓我們感到相當不方便。我們差點遺失了一條延長線，無法得知其下落，詢問員工時他們依然否認拿走。只能請求營主協助後，在共用空間找回這條延長線。另外，場地附近的玩水區域和廁所附近往往會聞到濃重的二手菸味，帶小孩前往玩水的家長請注意。此外，營主的朋友帶狗去露營，但狗主人的行為讓人感到不悅，讓他們家的狗在別人營區隨處大小便，並沒有清理。此外，他們播放吵雜且令人不適的音樂，一直持續到凌晨12點。,1,1,-1,1288,,2023/06/07,0,負向
如果把這段話換句話說，可以是這樣： 水很有趣，不過在營區周圍總是聞到有人抽菸，味道很臭非常臭！,1,1,-1,1289,,2023/06/07,0,負向
在最後一天收拾東西時，我們的露營區的員工也一起在收拾東西，雖然我們還沒離開。他們把我們的洗碗液和菜瓜布都丟掉了，甚至連延長線也拔走放在營主朋友群旁邊。一開始問員工時，他們否認拿了東西，直到我們找營主要回東西，員工才去垃圾桶撿回洗碗液給我們，但還是不承認拿走了延長線！大家都在忙著收拾東西，員工跟著在後面收拾！有時候收拾較晚不代表是不要的，何必亂動別人的東西，這樣毫無水準和教養。在玩水區域附近的營本部旁，總能聞到明顯的煙味，要求每個人都去聞這股煙味！營主的朋友帶著狗去露營，在別人營區讓自家寵物隨處大小便，卻不清理，毫無品德和教養。這次與營主的朋友同區真是倒楣，不得不忍受他們的刺耳音樂和吵雜聲直到半夜12點。,1,1,-1,1290,,2023/06/07,0,負向
聽說新營主負責管理C區，開車門時聞到一股腐爛泥土的味道，心裡覺得糟透了。06/25～26附近下了約100毫米的豪大雨，C區地面全都積滿水並沒有退去，變成爛泥坑，一踩下去就沒了腳，拖鞋都黏住了，小朋友一直跌倒。營主和老闆娘搬來全區的護草墊，我第一次露營時用了26塊護草墊。雨後去看A、B、D區，沒有任何積水，只有C區有大約5公分高的積水。營主答應我們會進行改善，如果真的改善了，我再給他們補5顆星。,2,1,-1,1348,,2023/05/07,0,負向
這個情況聽起來確實很不舒服，使用淋浴間時需要小心！另外，請不要將使用過的衛生棉放在淋浴間，因為這樣可能造成衛生問題。希望能盡快解決這個困擾！,1,1,-1,1379,,2022/05/07,0,負向
錢不是問題，重點是我包租的地方，廁所沒有整理，還有兩間牆壁上黏著女生用過的衛生棉。此外，其中一間沒有熱水，另一間的熱水無法調溫。,1,1,-1,1381,,2022/05/07,0,負向
網友描述的情況讓我感到困擾！環境髒亂，飛著許多蒼蠅和不明昆蟲，下山後多人皮膚都出現過敏反應和蚊蟲叮咬產生水泡情況！水壓不穩，要麼太熱傷人，要麼太冷，整個營區就像個冰箱，四個帳篷只有一間廁所，而且還沒有衛生紙。非常不推薦，帶小孩的更不用考慮。,1,1,-1,1384,,2022/05/07,0,負向
在露營場地待了七八年，從來沒遇過像這樣蒼蠅這麼多的情況。白天到處都是蒼蠅，晚上則充滿了各式小昆蟲。而且廁所裡沒有衛生紙，熱水溫度要麼太熱會燙傷人，要麼太冷無法調節到適當的溫度。查看了評論後發現，這種情況好像從未有改善過。我們所在的D區營地空間狹窄，孩子們幾乎沒有地方可以奔跑。更糟糕的是，四個包區的露營地只有一間廁所和一間浴室。總的來說，無法推薦這個地方。,2,1,-1,1385,,2022/05/07,0,負向
環境很髒亂，蒼蠅很多，3天2夜沒有定時整理清潔。,1,1,-1,1386,,2022/05/07,0,負向
閱讀了Google評論後我感到非常擔心營地的狀況，但當我親自到現場才明白網友的評論是公正的。廁所沒有提供衛生紙，晚上還斷電沒有照明。水槽沒有被清潔，也沒有設置照明設施，也沒有專門的廚餘桶。有幾間浴室裡的積水問題很嚴重，有時還沒有熱水供應，生態池有很臭的味道。A區的露營帳篷擠得超滿超塞，還有一個像荒地般未整理的區域，因為空間不夠只好擠滿了帳篷。幸好有朋友陪伴，否則這次228連假的遊樂計畫將會完全搞砸。,1,1,-1,1390,,2021/05/07,0,負向
這個營地硬體還可以，但浴廁沒有提供衛生紙和沐浴乳，洗澡水幾乎是冷的，而且衛生狀況不佳，有蟑螂和蒼蠅。總的來說，這個營地還有改進的空間。,2,1,-1,1391,,2021/05/07,0,負向
總體來說，露營地營主的態度不友善，廁所缺乏衛生紙且味道難聞，草坪未被妥善處理，而且燈光明亮度不夠。總之，我不建議大家前往那裡露營。,1,1,-1,1392,,2021/05/07,0,負向
翻譯: 我在一個很糟的露營區遇到問題，當我抵達時就發現洗手槽很髒，上面堆滿了上一批人留下的殘渣。TOP區的草沒有修剪，也沒有好好照顧。之前我還特地打電話問TOP區是否有獨立冰箱，營主告訴我有，但到了現場才發現只有在營區的本部，而且離我們很遠。營區裡有很多會飛的小蟑螂（還有大隻的），讓人很不舒服。我在那裡露營兩晚，卻沒有人清潔過廁所，也沒有提供衛生紙。只有在結帳時才看到營主出現，這讓我感到很失望。我和朋友因為是新手，租借了帳篷和睡袋，但打開後卻是全濕的。我跟營主反應後，雖然有換給我們新的，但這是一個非常糟糕的經驗。,1,1,-1,1393,,2021/05/07,0,負向
環境相當糟糕，河道並未清理乾淨，底部堆滿了樹枝、樹葉、蟲屍和泥，連廁所都已經兩天沒有人清潔，垃圾滿溢到地上，浴室洗了一半就沒熱水（不僅是我遇到這種情況，其他露營者也有同樣問題）。只有在收費時才看到工作人員，其他時間都找不到人影。午後雷陣雨後排水不良，積水無法流走。,1,1,-1,1395,,2021/05/07,0,負向
室外正在倾盆大雨，厕所里也在滴水，导致露营地排水不佳，导致积水严重。,1,1,-1,1396,,2021/05/07,0,負向
浴室缺少衛生紙，水池區也不夠清潔。營區空間較小，缺少保護草蓆，並有許多小蟑螂。,1,1,-1,1397,,2021/05/07,0,負向
夜市的衛生環境很糟糕，沒人打掃，廁所衛生紙也沒有補充。馬桶堵塞，洗澡間的水溫忽冷忽熱，幸好天氣熱。兩天兩夜沒有人來清潔廁所，只是放了一些衛生紙而已，根本沒有打掃。最重要的飄飄河呢？場地不大也沒關係，草地上還夾雜著泥巴也沒關係，飄飄河周圍青苔纏繞、樹葉散落也沒有整理，連說好的水源都不足……這樣怎麼能讓遊客玩呢？我們又不是客人嗎？就算飄飄河看起來像洗腳水一樣骯髒，小朋友們還是期待著，要不然提早告知的話，也可以準備其他活動啊……差點就衝動穿上泳衣，拿著水槍、泳圈，但只好「玩手機」了……,1,1,-1,1398,,2020/05/07,0,負向
露營區很擁擠，除了玩水之外，很少有草地空間讓小朋友玩耍。,2,1,-1,1403,,2020/05/07,0,負向
跟旁邊的土牧驛比起來，這裡的經營有些不盡如人意。露營區的浴室熱水不太穩定，玩水道上長滿青苔，甚至還有不少小蟑螂（在其他山區營地很少見，幾乎是沒有的），洗碗槽也需要向營主要求才會清潔。非常可惜這個好地方，尤其在與其他地點比較過後，還有路過營地本部時聽到營主驕傲地告訴遊客本週客滿，希望他們能加油努力維持優質的服務水準。,2,1,-1,1416,,2020/05/07,0,負向
營位位置在馬路旁，有點小，建議每帳前設置流理台會更方便。共用廁所距離有些遠，希望能維持水池乾淨。另外，提供飲水機、過濾系統、脫水機以及提供優質的洗髮精和沐浴乳是很棒的服務！,2,1,-1,1417,,2020/05/07,0,負向
倒霉和營主的朋友在同一區露營（下）。玩水區域近廁所營本部附近，都會聞到濃煙味，要讓小孩玩水的家長請留意。營主的朋友帶狗去露營，狗主人真的沒禮貌，讓狗在別人營區亂大便，也不清理。還要忍受他們的難聽歌聲和尖銳的笑聲直到半夜。歌聲、笑聲、二手菸味、狗大便，我們都能忍受，只當作一晚。但丟東西、差點失去東西，這需要提醒所有人。,1,1,-1,1440,,2023/05/15,0,負向
在露營地和營主的朋友同區露營時，營主人待我們非常友善、有禮貌。然而，最後一天收拾東西時，營地的工作人員和我們一同整理，卻把我們的洗碗精和菜瓜布誤放進垃圾桶。一開始詢問工作人員時，他先否認沒拿走，直到我們向營主反應後，工作人員才去垃圾桶撿回給我們。我們正在忙著整理营地、準備離開時，工作人員卻一直跟在後收東西！有時收拾延遲並不代表不需要。我們發現一根延長線差點被誤丟，詢問工作人員他們仍堅稱沒拿走，後來我們只好向營主求助，最後在共用空間找到。幸好我們當場發現有東西遺失，如果不知道或遺忘，恐怕就會被帶走了⋯⋯,1,1,-1,1441,,2023/05/15,0,負向
感覺經營不夠用心，連廁所都沒有清潔過。,2,1,-1,1477,,2020/05/07,0,負向
提高水槽清潔和草地保養的效率,2,1,-1,1483,,2019/09/09,0,負向
"1. 對於露營營區提供的小衛浴空間，可以考慮使用嬰兒沐浴盆或者可摺疊式小浴盆，讓小朋友在較為狹小的空間中也能輕鬆洗澡。
2. 遇到沒有護草墊的露營區時，可以準備一塊地墊或者門口擦鞋墊擺在帳篷前，讓裝備放在其上，避免直接放在濕潤的泥地上。
3. 若提供的洗手台很少，可以考慮攜帶隨身大小的衛生濕巾或者乾洗手液，以便在清潔環境有限的情況下保持手部清潔。
4. 若露營區的廁所衛生狀況不佳，建議攜帶個人衛生紙、消毒濕紙巾和環保手套，以便在使用廁所時能夠保持個人衛生和安全。",1,1,-1,1519,,2024/04/23,0,負向
"1. 我透過露營樂系統訂了D區碎石區1帳，但下午2點到現場，我發現原本系統顯示該區為3帳，實際上已經是4帳。詢問營主時，營主說是4帳，讓我感到困惑。我原先訂了這區是因為考慮到D區較寬敞，沒想到超額收帳，導致空間不足。隔壁露友的小孩玩拋接球時一直擊中我的帳篷和桌椅，讓我很困擾。

2. 洗手間的衛生紙已經堆到滿出來，給人一種不太舒適的感覺。不過洗澡水倒是有穩定的熱水。

3. 碎石區沒有護草墊，導致帳篷底布磨損，這在其他營地是有提供的。

4. 飲水機的水量很小，比滴水還要慢一些。

5. 晚上蚊蟲比較多，雖然露友提到的驅蚊線香卻沒看到。

6. 營區垃圾桶只有少數幾個地方，並沒有廚餘回收桶，對於來自北部的露友而言，有些不太習慣。",2,1,-1,1533,,2023/05/07,0,負向
事前預訂好了，但到了現場又改變主意不想做了！雖然說可以等待，最後卻還是沒做，而是直接讓我們到灰塵累積很多的桌子區域露營？回應模棱兩可、蚊蟲很多、環境骯髒！,1,1,-1,1542,,2022/05/07,0,負向
沙坑球池讓小孩玩得很開心，建議老闆可以在沙坑周圍裝設沙圍，不然風吹時容易讓沙子飛進帳篷地墊。此外，C區後方有一條死水溝，可能會有很多小黑蚊，建議處理水溝問題。也提醒露友在露營區玩仙女棒後要記得清理廢棄物，以免造成危險。老闆在後續收拾動作上可能需要更加注意，以免小孩意外受傷。整體來說，露營的感覺是不錯的！,2,1,-1,1585,,2019/05/07,0,負向
營區在晚上11點後的噪音管制完全不足，會造成困擾讓人難以入眠。建議營主應該採取一些措施，提升露營的品質，吸引更多有質素的露友。不過，總的來說，這個露營區的地點很好，離下山採購點也不遠，只需大約15分鐘就能到達一間全家。場地非常寬敞，草皮保養得很好，景觀也很美，而且最上層還有餐廳。,2,1,-1,1746,,2024/04/16,0,負向
營地環境優美，草地維護得宜，廁所也十分整潔。不過遺憾的是，有狗狗在營地拉屎，且有人沒有負責清理，造成不方便與噁心感。希望營主能重視這個問題，因為環境再好，也要注意維持整潔與秩序。,1,1,-1,1756,,2023/06/07,0,負向
在這個露營區，硬體設施和風景都沒問題，但在帳棚區的草地附近常常有狗拉屎。入住的第一天，有兩位同伴不小心踩到了狗大便，讓晚餐過程變得不太舒適。第二天早晨，同伴看到遛狗的小女孩，要求她清理狗便，但對方沒有做任何事。只好告知營地負責人，然而在結帳時，小女孩又帶了幾條狗來我們帳篷附近，其中一隻大黑狗在我們的草地旁拉了三坨便，小女孩卻視而不見離開了。雖然露營應該與自然共存，狗狗拉屎也是正常的，但營地是否應該至少保持住客住宿環境的清潔呢？,1,1,-1,1757,,2023/06/07,0,負向
"優點：1. 離三義市區近，車程15-20分鐘。
缺點：1. 營區位於山路旁，早上半夜有人跑山真的很困擾。2. 整個營區約有5-6層區域，但只有入口處的營本部有冰箱。夏天拿東西真的很不方便。3. 某幾層的營位太短或太窄，設立帳篷後還要面對山景，放客廳天幕根本不可能，甚至後面也沒有位置可以通行。建議營主不要為了賺錢排得太擁擠。4. 營主種有橘子樹，但1-5號沒有人來露營時為何不修剪樹枝，卻偏偏要在週末修剪，發動機油煙氣味和噪音真的不堪其擾。",1,1,-1,1772,,2023/05/07,0,負向
這個地方曾經是一個親切舒適的休閒場所，但隨著野心越來越大，忽略了原本吸引人的元素。雖然入場費只收100元，但漸漸地卻與遊客之間產生了隔閡。,2,1,-1,1773,,2023/05/07,0,負向
這裡有很多蟲子，水溫時冷時熱，而且營區裡的狗很多每天都會叫，廁所的數量有點少常常需要排隊。,2,1,-1,1778,,2023/05/07,0,負向
這個露營地的地方很漂亮，管理得也很乾淨，營房主非常友善，不過因為周遭生態豐富，蟲子較多，尤其有不少會飛的小蟑螂與蚱蜢。草地景觀優美但草太高，容易吸引蟲子。建議給廁所洗手台多裝一盞燈，因為在早晨會有施工聲、蟲鳥狗的聲音，較敏感者可以戴耳塞入睡。另外，使用吹風機時可能會引起電壓不穩的問題，需要準備較長的延長線。以上只是個人經驗，不太建議怕蟲的人前往。整體評價兩顆星，主要因為環境美麗且營主親切。,2,1,-1,1781,,2023/05/07,0,負向
草地雖然茂密，但排水情況不佳，導致踩在上面時十分泥濘！戶外本來就有昆蟲在飛躍，但如果蟑螂一直在桌子上下跑動的話，這就太嚴重了！飼養狗狗的話要好好照顧，不應該對客人呲牙亂叫，如果小孩嚇到跑開跌倒，該由誰來負責呢？這樣的經歷一次就夠了，謝謝。,1,1,-1,1782,,2023/05/07,0,負向
這個營地的花草維護不錯，但我們所租到的卻是沒有木棧板的營地。因為下了超級大雨，整個營地變得泥濘，帳棚區也淹水深達24小時，腳一下也沒有乾過。更糟糕的是，到處都是滿滿的小飛蟑螂，不論在內帳或外帳，蟑螂都到處爬。帳篷也因為泥水損毀。雖然環境植物很美，但我們給場主的評價只有2顆星，因為沒有任何服務，只是開門收費就讓我們進來，營地泥濘和蟑螂問題我們給-2顆星，而租金價格也只給了-0.5顆星（如果700～800則尚可接受，但1000則不值得）。總而言之，如果下雨的話，非常不建議來這裡。如果沒有租到木棧板區，也會有很多蟑螂，因此也不推薦。綜合指數只有1.5顆星（以上純屬個人體驗，與商家無關）。,2,1,-1,1783,,2023/05/07,0,負向
不建議住在這裡，老闆態度不太友善。如果你有寵物的話，要好好考慮一下。我打了電話問能不能帶寵物，他們沒有說明，結果到現場直接收了300元。浴室和廁所都很髒亂，水龍頭冷熱不定。在洗澡的時候還能聞到廁所的味道，真的相當不舒服。,1,1,-1,1786,,2022/05/07,0,負向
蚊子很多，另外營區提供的冰箱有異味，冷度不夠，就算放了保冷磚一晚上還是結不冰。,2,1,-1,1788,,2022/05/07,0,負向
整體環境不錯，沒有太多地方可以挑剔。所有設施應有盡有，但唯一令人無法接受的是，當在2021年11月20日（週六）露營時，有一個地區在晚上10點後仍在播放音樂並喧囂地講電話。即使向老闆反映，只得到叫他們小聲點的回應，讓喧嚷持續到晚上11點半，導致睡眠受到影響。如果不是這個問題，整體評價可以給四顆星。,2,1,-1,1795,,2022/05/07,0,負向
營地主人太熱情了！他會帶著狗來「關心大家」，同時也給狗一個上廁所的機會。（或許是為了檢查營地與帳篷的狀況）,1,1,-1,1798,,2022/05/07,0,負向
雖然營主很親切環境也很舒適，但晚上的蟑螂實在太多了，而且還會飛。我可以接受蚱蜢和螢火蟲，但抓了二十多隻蟑螂實在太誇張了。希望這個問題可以被解決以及環境能夠得到改善。,2,1,-1,1820,,2021/05/07,0,負向
營主很親切，主動告知大家可以喝青草茶，草地很美麗的翠綠，晚上可以觀賞漂亮的星星！不過在這三天中有許多小蟑螂飛來飛去，讓人感到不太愉快，它們可能會飛到食物、人身上或者帳篷上，讓害怕蟑螂的友人難以放鬆，我們得持續注意食物和餐具，以免被蟑螂碰過；各營區之間距離較近，音樂或者談話聲很容易聽得到，我們也擔心會打擾到別人；在下方營區時不時會飄來刺鼻的廁所排泄味道，雖然不長時間也不常發生，但這一點我們並沒有通知營主。交通方面開車頗為輕鬆，冰箱也足夠大，大部分露營者都很滿意，但如果有人害怕蟑螂或者特別注重隱私，可能需要多加考慮。,2,1,-1,1821,,2021/05/07,0,負向
在三號區的這個營地，雖然營主非常熱情友善，但是確實有太多會飛的蟑螂！其他像蛾、大螞蟻、蒼蠅、蚊子都還好，就是那些會飛的蟑螂讓我非常崩潰。另外，下面那區的廁所氣味也很難忍受，衛浴間略顯不足，燈光昏暗且有些許蟲蟲。營區相對較小，與其他帳篷很近。對於極度害怕蟑螂的人應慎重考慮是否要前去，但若不怕蟲的話，這個營地仍是優秀的選擇。只是我實在太害怕蟑螂又會飛！這次露營完全沒有放鬆，總是提心吊膽，所以只給一顆星⋯⋯,1,1,-1,1822,,2021/05/07,0,負向
為什麼到露營地找朋友聚會時還要收費呢？,1,1,-1,1837,,2020/05/07,0,負向
老闆為了不得罪遊客，卻讓我們接受超額收費。在跨年前一星期通知我們包區將增加一組顧客，我們接受了並繳費。然而，在跨年連假時，硬是塞了三組陌生人進來我們的包區，他們聲稱也是預訂了我們的區域。一直強調是訂位系統的錯。後來查證才發現是店主未確認這三組顧客的身份，隨意讓他們進入了我們的包區，這讓我們感到委屈。事實上，這讓我們感到非常不舒服。,2,1,-1,1867,,2018/05/07,0,負向
草坪很翠綠，浴廁也很乾淨，但很可惜有很多狗屎。總體而言，這個露營區為了讓露客有舒適的住宿環境做了很多努力。然而，營主人的狗在露客帳篷附近大便，雖然有人看到卻選擇視而不見，這讓人難以接受。希望營主重視這個問題。,2,1,-1,1887,,2023/05/19,0,負向
這家民宿以前是我們同學每年聚會的好地方，但主人好像忽略了最初的熱心服務。最近連基本的檢查都懈怠了，甚至忘了檢查瓦斯。我們這二十多年來第一次在露營區沒有熱水。他們似乎只在乎錢，甚至在客人面前確認付款。如果沒有信任，建議他們早點關門，不要辜負這個曾經溫馨的露營區。现在有很多其他地方可以選擇，不值得花錢在沒有熱情的地方。,2,1,-1,1892,,2022/11/22,0,負向
浴室的水龍頭溫度不穩定。我建議不要養寵物，否則就是可以養但不要花錢。,2,1,-1,1905,,2022/04/18,0,負向
營主讓自家狗隻亂吠，晚上吵到睡不著。雖然可以攜帶寵物，但要收取300元的清潔費讓人難以接受。山上氣溫很低，浴室的水溫時冷時熱，差點感冒。廁所和浴室有些髒亂，希望營主能夠改善一下。,2,1,-1,1906,,2022/04/18,0,負向
在半山腰的地方，雖然風景很好，但因為沒有用心經營和規劃，失去了美景。到了營區後，發現不是每個帳篷都有草坪墊，管理員說大部分都已經破掉丟掉了，要我們去其他地方找找看。雜草叢生，地面滿是碎石，稍微下點雨就到處泥濘。幸好雨不大，不然可能會淹水。晚上洗澡時沒有熱水，水壓也不足，忽冷忽熱。連假滿營，廁所沒有定時清理，垃圾桶都滿了，臭氣熏天。營區的垃圾桶只有一個地方，要走一段路才能找到，非常不方便。結帳當天中午12點要離開，但已經沒有水可以使用，浴室的水已經關掉了，感覺有點遺憾。營位停車場沒有規劃，車子亂停，帳篷旁整個營區就像難民營，非常擁擠。,1,1,-1,2171,,2024/01/07,0,負向
蟲很多還有蜜蜂，風筒卻只有一支。,1,1,-1,2172,,2023/11/07,0,負向
這間露營區不太適合那些喜歡悠閒的人，他們會在中午12點前要求你離開。而且他們在10:30就會提醒你，若11:46還沒收拾好的話，他們就會關掉水電和冰箱。整體感受真的不是太好。,1,1,-1,2173,,2023/05/07,0,負向
隔壁那邊太吵了，整個人都睡不著了。,2,1,-1,2174,,2023/05/07,0,負向
"預訂了5個露營位，由於分開預訂，所以被分配到不同的位置。但由於不是所有人同時抵達，園區管理員就隨意安排營位，安排我們到了其他人預訂的地方，還有租用了帳篷和客廳的露營者。一開始我們以為是我們隊伍還沒到的夥伴租用的，因此大家就開始搭帳篷和天幕。後來下起了暴雨，情況變得更糟，我們辛苦地搭建後，管理員才告訴我們那個區塊是別人預訂的，我們的位置在另一邊（幸好靠近廁所），然後讓我們大家在暴雨中搬家。這真的是有史以來最糟糕的露營經驗了。

優點：浴室很大，熱水快又熱
缺點：路況不佳，路上滿是倒下的樹木，木板有些殘破，排水非常糟糕，讓我們的帳篷進水，氣墊床也被濕透。",1,1,-1,2177,,2023/05/07,0,負向
露營區風景優美，空間寬敞，位於較高區域的G區，五月底前往不會太熱。然而，廁所乾淨程度有待提升，洗澡時間大約在晚上九點左右，但浴室水流情況不佳，需要自行調整。洗完澡後，吹風機沒有電、洗手台水龍頭也無法使用。此外，營區內蚊蟲相當多，造成遊客困擾。有遊客被蟲叮咬眼睛腫脹就醫，營區負責人一開始有主動聯絡保險相關事宜，但後續聯繫行動不夠積極。總體而言，遊客的經驗與感受並不盡如人意。,1,1,-1,2179,,2023/05/07,0,負向
這個地方的環境非常美麗，但棧板有點小，只能容納300個人。浴廁的衛生狀況不佳，3月份有很多蟲和飛蛾，每個浴室和廁所都有些垃圾，地板是磁磚，浴室和廁所是分開的，水壓弱且不穩定，水溫也不穩定，排水不太順暢。浴室內的椅子和水桶上有一些霉斑。另外，有兩點備註：1. 水槽旁邊沒有垃圾桶，有些不太方便；2. 週日離開時，營主會洗廁所，水會流到C區帳篷⋯⋯⋯⋯⋯⋯⋯，此外，許多營位都靠近道路。,2,1,-1,2181,,2022/05/07,0,負向
"1. 上山的路並沒有經過整理，充滿了枯枝和雜草，行駛起來並不方便。
2. 營區的設施（如熱水、電力）無法負荷連續假期人潮眾多。
3. 電壓太低導致頻繁跳電，即使沒有跳電燈光也變幻莫測，使用起來非常困擾，建議多攜帶充電式LED手電筒。
4. 熱水非常不穩定，沖了二十分鐘的溫水後，會突然變成滾燙的，然後又轉為冰冷，如果碰到寒流來臨很容易受凍，建議在中午洗澡，或者先在室外洗澡再進來。
5. 營區的小徑在雨天變得泥濘且坑坑洞洞，前往主營區上廁所或取物時，腳容易弄濕且骯髒，相當不便，建議穿著靴子。
6. 雖然周圍風景優美的營地很多，但感覺營區管理者並未用心經營，或許可以考慮嘗試其他地方！",1,1,-1,2184,,2022/05/07,0,負向
這個地方設施很簡陋，環境糟糕，整體感覺真的很差，根本不值得一遊，給一顆星都太多了。,1,1,-1,2185,,2022/05/07,0,負向
訊號很差，還有一些人以為自己唱歌很好聽，一直唱得難聽又吵，如果沒有事情就莫來，不然你會後悔一輩子。,1,1,-1,2186,,2022/05/07,0,負向
這個露營區的山路非常危險，入口和出口的路很窄，几乎無法讓兩輛車並行通過。路邊滿是雜草，樹枝甚至竹子會刮傷車輛。如果你遇到對向來車，就像是一場高風險的遭遇，除非你是會車的高手。,1,1,-1,2189,,2021/05/07,0,負向
營地內有一些問題需要解決。有四間浴室，但是水壓不穩定，而且只有少量的燈光。管理員說因為用電量過高，所以燈光比較暗，而且延長線可能有問題。他們無法處理營地排水問題，小雨後積水會嚴重，所以出帳篷時記得洗乾淨鞋子再進來。,1,1,-1,2194,,2021/05/07,0,負向
廁所很髒，垃圾桶都滿了，洗澡沒熱水，週日（2020/09/20）早上開始，營區的水槽都沒水了。,1,1,-1,2198,,2021/05/07,0,負向
在G區冰箱裡，冷凍區域的溫度是適合冷藏的，冷藏區域的溫度則是常溫。有人將蛋撻放進去冰箱後，卻發現螞蟻慢慢爬到食材上。向園區反映後，他們表示冰箱沒有問題，因為它們只是提供的額外設備，每個區域之間的間隔也很小。然而，卻瘋狂跳電，讓人感到困擾。忘記拿東西，讓食材丟掉是可以理解的，但即使第二天打電話後才接通，他們也只是說所有東西都丟了。之後他們又改口說他們沒有看到，因此打算前往的人應該三思而後行。這樣處理事情的方式讓旅遊的心情完全沒了。,1,1,-1,2203,,2021/05/07,0,負向
這個露營地的衛生狀況不佳，冰箱有發霉的情形，並且尚未完善，因此在開放收費之前需要進行更好的規劃。,1,1,-1,2211,,2020/05/07,0,負向
請在洗手台排水口安裝濾水器。,1,1,-1,2216,,2020/05/07,0,負向
這個露營地的環境設施情況並不完善。場地過於擁擠，停車空間滿了，活動空間有限。浴廁清潔度待加強，水壓不穩、水溫忽冷忽熱，馬桶沖水不暢。泳池只有第一天開放，第二天水量不足，讓孩子們感到失望。電壓不穩，多次跳電。雖然草原提供了活動空間，但滑草處安全隱患，電線也有藏隱患。景觀優美但僅限於第一排，後面只看得到滿滿的車輛和人群。冷藏冰箱壞掉，冷凍櫃空間有限、管理混亂。整體而言，這次露營體驗令人失望，營地管理不善，帳數控管有問題。,1,1,-1,2224,,2020/05/07,0,負向
在G區的碎石區下雨的情況下，我非常難以接受當天晚上發生三次停電；更糟糕的是，G區兩個淋浴間的熱水設施似乎出了問題，水溫無法維持熱水，甚至是涼的(即使我本身不怕冷)。當時的天氣應該是在15度以下，加上下雨，讓我感覺好像完全沒有被重視。此外，水槽集中在衛浴區旁邊，清洗東西要走一段路，特別是下雨的時候很不方便。雖然我露營過很多次，也遇過冷又下雨的情況，但這次真的是最糟糕的一次，絕無仅此。,1,1,-1,2238,,2019/05/07,0,負向
這個地方設備不完善，衛浴設備稍顯不足而且有點骯髒。營位周圍缺少水槽，所有水槽都集中在廁所旁。下雨天刷牙洗臉必須打傘，甚至沒有遮雨的地方，這讓人有點失望。,2,1,-1,2259,,2018/05/07,0,負向
建議營區管理單位限制上山和下山的時間，因為山路狹窄且路況惡劣，無法進行會車。同時攜帶大量露營裝備與小孩上山下山，確實存在安全風險。建議應該更加重視安全考量，謹慎前往。,2,1,-1,2291,,2021/05/02,0,負向
我們原本選擇了F區，但因其他客人的原因，被轉移到了C區。對於第一次來的客人來說，不熟悉這個營區的位置，不知道自己已經不在原先預訂的區域，直到看了區域位置圖才明白。不清楚原營區劃分的意義為何，似乎應該在事前與營長溝通過才行。,2,1,-1,2362,,2018/05/07,0,負向
這個地方很偏僻，吃飯和購物都非常不便利。有一些改進的建議：1. 可以考慮販賣一些食物。2. 可以多請一些人手來幫忙。3. 需要管理住宿者的素質，讓他們不要大聲喧嘩，並在晚上12點後保持安靜。4. 可以考慮調整價格以符合市場需求。,2,1,-1,2400,,2017/08/29,0,負向
抱歉，因為訂位後接到電話要調整座位讓給另一團人數更多、更晚的客人，讓您感到不舒服。在表達不滿、要取消訂位後，才說不勉強，這讓您的熱情大大減退。,2,1,-1,2561,,2019/05/07,0,負向
營區環境需要改善。螞蟻和爬蟲很多，廁所裡有許多小蟲，而且沒有提供衛生紙。另外，洗手台晚上沒有燈，讓人感到不方便。,2,1,-1,2576,,2023/10/09,0,負向
最近地震頻繁，加上大雨，家人擔心走山遇到落石，不希望再上新聞。營主提出延期半年或4成退費，但這樣做讓人感到困惑。政府呼籲民眾不要自行上山，梅花梯田處理方式令人擔憂。原先計畫在螢火蟲季去觀賞螢火蟲，但營主的延期方案並不符合螢火蟲季。希望營主能更通融，不只考慮營地的角度。,1,1,-1,2715,,2024/04/30,0,負向
園區整體乾淨，包括廁所也很整潔。不過可惜的是，G區距離衛浴和冰箱都相當遙遠，要跑來跑去很辛苦。G區只有一間蹲式廁所，給小孩很不方便，有時候就會因此尷尬。山區有蟲是正常的，但最近居然有一種不知名的大螞蟻會咬人，回到帳篷後腳上都是紅腫的包，感覺刺痛難忍。我去露營這麼多次，還是第一次遇到被限制帳篷只能睡四人，多的話就要加收人頭費，不管是大人小孩都一樣計算。,1,1,-1,2717,,2024/04/07,0,負向
除了草地不太平整之外，草坪旁邊種植了帶刺的植物，不只不方便也不安全。此外，營地附近有些枯萎的植物，會吸引一些小昆蟲，也有些異味。不過還有一個小水池，讓小朋友拍照效果還不錯。,1,1,-1,2749,,2023/05/07,0,負向
進出道路高低起伏較大，低底盤車輛需留意。在露營區有六個衛浴間，分成七個區域使用，其中約十個營位以上共用兩間衛浴。為避免干擾其他露友，這些衛浴間都集中在特定區域，並設有特定的使用時間。由於人數眾多，且有許多孩童，洗澡可能會有些壓力。雖然提供了Wifi，但我無法連接，手機基本上也沒有訊號，無法與同行的朋友聯絡，這讓我感到有些困擾。,2,1,-1,2775,,2022/05/07,0,負向
第一次來到這個露營區，包了A.B兩區共三天兩夜。整理一下就發現要先準備好心理，因為這個營區地勢較低，路況也較差。露營區的營位規劃稍嫌不足，得把車停在外面的石子地，下好裝備再搬進去，而遠離入口的營位則需要拖著裝備走一段距離。營地訊號不好，提供的wifi也連不上，可能是區域問題。衛浴設施也過少，第一區有時間限制（早上7點半到11點），如果一個帳篷住五個人，每個營位只有六個衛浴，要平均25人共用一間衛浴，每個人平均要洗30分鐘，就要花12.5小時。第二ABC三區共用一個廁所，14個帳篷要共用一個廁所，壓力十足。洗手台旁的燈在晚上十點就關掉了，只能黑暗中洗碗。總結的話，看來不太會考慮再來這裡露營了。,1,1,-1,2776,,2022/05/07,0,負向
營區裡只有一個冰箱，大家都沒地方放東西，準備好的德式香腸整包不見，營區完全沒有管理。一早起來心情就不好，不想吃了，收拾好離開山下找好吃的，以後不再來了。,1,1,-1,2778,,2022/05/07,0,負向
草地區的草太長，已經長到超過地墊了，因此蚊蟲很常見；但蒼蠅這麼多就不尋常了。我露營這麼久首次碰到這麼多蒼蠅，從早上八點就被蒼蠅吵醒，一整天黏了五張紙，用電風扇吹都吹不走，整群整群的，直到晚上六點才停止。浴室很寬敞，水池也不錯，只是蒼蠅實在太多了，真的有點夸張。,2,1,-1,2803,,2021/05/07,0,負向
這個地方已經把帳篷擺到中央走道了。,1,1,-1,2822,,2020/05/07,0,負向
總結來說，您在露營地遇到了一些不太理想的情況。空氣雖好，但不建議夜間出遊。營主很客氣，但營地規定多且水壓水溫不穩。營主夫人可能當天心情不佳，臉色一直不太好看。收帳日期準時，但為了改進，建議增加緩衝時間，避免過早罰款。至於浴室問題，我使用的是第一間。希望營區能優化規則，提高露營體驗，謝謝。,2,1,-1,2828,,2019/05/07,0,負向
山路進入營地的路段較為崎嶇陡峭，不建議多輛車同時通行。由於水溫不穩定，有可能洗到一半變成冷水，可能需要一邊洗一邊發抖。,1,1,-1,2829,,2019/05/07,0,負向
這段路很危險，建議車況不佳的人避免前來。山路陡峭，不適合夜間行駛。營區有許多規定，但廁所設施很乾淨，還有冰箱提供使用。,2,1,-1,2836,,2019/05/07,0,負向
水壓、水溫、電壓都不穩，黑沙坑水池很小。周圍有果園...全家人都很糟（見圖）,1,1,-1,2837,,2019/05/07,0,負向
這個營地的確有很多蟲，特別是在廁所、浴室和營區裡。洗澡的時候要格外小心，因為蟲會在你身上停留。不僅如此，連冰箱裡都出現了蟲。總體來說，這個營區的衛生狀況確實有待改善。,1,1,-1,2987,,2022/05/07,0,負向
雨天時地勢低洼的地方容易積水泥濘，我們搭帳的時候幾乎沒有下雨，一旦下雨就無法排水，水直接流進了帳篷裡。,1,1,-1,2992,,2022/05/07,0,負向
這營地似乎常常有很多噪音？也許特別容易吸引到吵鬧的群體，或者可能群組間流傳這個營地容易發生吵鬧？無論是半夜1-2點還是星期六，都能容許唱卡拉OK唱得很難聽，整座山頭都聽到他們狂歡！曾經還有一次凌晨兩三點，一群人大聲喧譁聊天，我遠處都可以聽到有人在呼喚自己的狗回來！甚至聽到他們露營區的狗狂吠！我至今白蘭露營的經驗不多，但卻多次遇到這營地容忍吵鬧的狀況！試圖與營地負責人溝通似乎也無效！,1,1,-1,3006,,2022/05/07,0,負向
天氣預報是大雷雨，而且已提前一週詢問是否可以延期，但營主不允許改期。場地偏遠且沒有景色，排水設施不佳，廁所極其骯髒。建議大家不要舟遠找罪受，甚至一顆星都不值得。,1,1,-1,3058,,2019/05/07,0,負向
不建議，排水不良，廁所非常骯髒，管理不善。,1,1,-1,3059,,2019/05/07,0,負向
不要踩！草地上有積水了！衛浴室看起來沒有人管理的樣子。,1,1,-1,3060,,2019/05/07,0,負向
儘管有預定的規定，只要你支付訂金就可以了，不必多加抱怨，小孩子得了腸病毒還要被你責罵嗎？,1,1,-1,3075,,2019/05/07,0,負向
營地裡有很多積水，泥濘不堪，場地狹小而擁擠，車位規劃不周，服務也不盡如人意。,1,1,-1,3101,,2017/05/07,0,負向
"1). 衛浴有乾濕分離的設計是好的，但廁所的空間還有可以加強改進。
2). 帳篷的排列稍嫌密集，無法享受到足夠的草地活動空間。
3). 營區沒有限制攜帶寵物的遊客，導致半夜狗狗亂吠，早上起床後發現草地上到處都是狗狗的排泄物！",2,1,-1,3199,,2021/05/07,0,負向
營位費一直在變動，每次都漲價。,1,1,-1,3204,,2021/05/07,0,負向
付了200元清潔費後卻沒有任何服務，有些人只是想和親友在露營地聊天打打屁，就被要求支付200元！ 營地費用有點貴了呢！,1,1,-1,3205,,2021/05/07,0,負向
"1. 這個地方的風景很美，草地看起來很漂亮。
2. 營區的帳篷都擠在一起，沒有足夠的空間讓小孩子奔跑，感覺有點過於擁擠了。
3. 收費要價1200元，還會不斷跳電。
4. 總結：如果要收取高昂的1200元費用，該營區就應該限制帳篷數量；此外，電力系統也需要改善，一晚上跳電3、4次實在令人無法忍受。這樣的狀況下，我不打算再來此處了。",2,1,-1,3214,,2021/05/07,0,負向
在悄悄話營地，雖然草地很大，但一帳1200元卻擁擠不堪，然後衛浴設備雖看起來高檔美觀，實際卻是外表華麗內裡糟糕，水溫時冷時熱得厲害，讓人感到非常惱火，收取這麼高昂的費用卻提供這麼糟糕的服務。,2,1,-1,3267,,2019/05/07,0,負向
"1. 環境保護做得相當好。
2. 可以點披薩或石頭鍋拌飯，無需自行帶食物。
3. 沒有什麼景色可言。
4. 只能在下午2點進場，並在中午12點前離開，規定相當嚴格。
5. 一張門票需花費1200元，若提早進場還需額外支付100元，性價比不高。以上內容為後花園區情況。",2,1,-1,3278,,2018/05/07,0,負向
在營地遇到一些不愉快的事情，比如營主的態度不好，洗澡時被要求洗最後一間浴室，熱水不穩定，水質也不乾淨，還有晚上12:30還有人彈吉他唱歌，無法入睡。營主還睡著了，無法應對緊急情況。這種營地，真的不會再去第二次了。,1,1,-1,3335,,2024/03/07,0,負向
當我們到營地時，老闆立刻開始說我們看起來很興奮。晚上十點後請勿大聲喧嘩，否則將被趕出去。雖然老闆可能只是開玩笑，但這種態度並不是我們期待一個營地老闆應有的。在我和朋友之間發生了一些讓我們感到不愉快的對話。例如：「我知道你們不會再來了。」雖然這個營地的位置確實不錯，但我們仍希望提醒老闆和老闆娘，友善待人才是長遠經營之道，否則真的很難吸引客人。,1,1,-1,3356,,2023/09/07,0,負向
在探查營地時，一到門口營地負責人就嚴厲告誡不要進去，態度非常惡劣。,1,1,-1,3413,,2022/05/07,0,負向
今天心情很愉快，十點半到達營地時，一打開車門，告訴營主我們預定了今天。營主臉色難看地回應說，雖然我們預定了今天，但必須等到一點才能入營，很不解為什麼你們要這麼早來。他一直嘮叨著重複同樣的話，我們強調我們不是要先搭帳篷，只是先到附近走走。營主卻一再強調必須等到一點才開始。我們感到很無奈，也不想受氣，只能看著營主板著臉三天。我們提醒營主要檢視自己的態度和口氣，不要反過來說是我們口氣不好。事實上，是營主的態度和口氣有問題。我不是第一次露營，也不是老大，我從沒自稱是老大。然而，營主卻認為自己是老大，不能好好溝通嗎？難道整個山頭都是他的？互相尊重是應該的，你尊重我了嗎？誰能知道你的營區不能停車呢？,1,1,-1,3435,,2021/05/07,0,負向
晚上蚊蟲很多，營區下面有3到4隻狗狗一直吠叫，不停嬉戲吵鬧的鄰居小孩從傍晚一直到晚上10點多都沒有安靜下來，這真的很讓人困擾。此外，營區的廁所設施很老舊，有洗澡間無法鎖門，而且廁所沖水的設備也損壞了。除了風景，這個營區真的不值得推薦。,2,1,-1,3570,,2023/11/07,0,負向
因為之前下雨，露營活動被延期，到了活動當天早上打電話給主辦人確認，結果主辦人竟然忘記？？？他告訴我們可以直接到現場搭營，並保留位置給我們。可是當我們到達現場時，無法聯絡到主辦人本人，只見到他的爸爸在場。我詢問了許久，但他回答含糊不清。最後一位友善的客人讓出一個位置給我們。這樣不負責任的主辦人真令人意外，第一次露營就遇到這樣荒謬的情況，進入露營區卻找不到人。,1,1,-1,3573,,2023/06/07,0,負向
優點：浴廁整潔、熱水充足 缺點：熱水僅供應至晚間10點，對於深夜需求不便。凌晨和深夜受到羅馬公路賽車族噪音干擾，營區下方還有四隻狗狂吠不止，假日清晨7點多還有人在割草。這些問題使得根本無法好好入眠。還有一隻名為黑糖的狗，早晨趁無人時在營區內亂尿尿，收帳時才發現，實在令人感到困擾！,2,1,-1,3576,,2023/05/07,0,負向
營地觀景台前的竹子和雜草都長得亂七八糟的，擋住了整個景致，不知道要觀賞什麼。而且營區隔壁的鄰居整晚在唱歌吵，早上又用電鋸在施工，還有只狂犬一早就一直亂吠。深山中還有一群人在吵鬧，真是令人不安的露營區。,1,1,-1,3578,,2023/05/07,0,負向
冰箱只能吹風，跟維修人員反映後竟然說冰箱有結冰喔。水質不好，水龍頭放出來的水都是泥巴。,1,1,-1,3587,,2022/05/07,0,負向
這個地方真的不怎麼好。地方狹小，路面狹窄，洗手台也很髒亂，樹葉到處都是。從這些細節可以看出，管理者並沒有很用心打理。晚上還有包場的人在開趴，吵到半夜，讓人難以入眠休息。另外，原本計畫的（射箭、搗麻薯、竹筒飯）等活動全部被取消。總之，環境糟糕，又沒有原本預期的活動，真的沒有什麼吸引力，我也不打算再來第二次了。,1,1,-1,3595,,2022/05/07,0,負向
帳篷很擁擠，幾乎超過了可容納七個人的限制！營地裡沒有沙坑，也沒有戲水池，更沒有射箭場...只有製作麻糬的活動。在營區下方舉辦了電音派對，我們被連續兩天兩夜的動滋動滋音樂弄得睡不好。離開前的兩天，才被主辦方告知！真的很氣憤，我們不是為了動滋動滋而來的...難道不該提前通知嗎？！,1,1,-1,3597,,2021/05/07,0,負向
這個營區設施明顯不符合預期，應該只能容納4至5個帳篷，但卻給了7個帳篷，導致活動空間不足。雖然網路上說有沙坑、戲水池和射箭場，但實際看起來荒廢。唯一的亮點是廁所比較乾淨，還有搗麻糬的活動。此外，下方的營區在舉辦電音派對，持續三天兩夜，讓人聽到動滋動滋的聲音。營主在露營前兩天才通知，這種情況令人感到措手不及。這是我第一次對營區給予這樣的評價，希望營區能加油改善。,2,1,-1,3599,,2021/05/07,0,負向
小黑蚊真的太多了，防蚊液、止癢藥甚至開水都防不住。,2,1,-1,3613,,2021/05/07,0,負向
露營區的一些人行為很讓人困擾，早上6點就開始洗碗發出聲響，七點就大聲吵鬧，還任由小孩高聲尖叫。,1,1,-1,3622,,2020/05/07,0,負向
靠近水源地的地點可能會對環境有影響。,1,1,-1,3631,,2020/05/07,0,負向
營地營主面臨一位露友不自重的情況，凌晨一、兩點大聲吵鬧，對此逃避處理，嚴重影響其他守規矩的露營者權益。儘管硬體設施再好、風景再美，若無秩序，也只是枉費上天的恩賜。,2,1,-1,3726,,2018/09/15,0,負向
這次經歷真是讓人困擾！本來我跟工地經理訂了在C區的水泥雨棚一帳，後來經理打電話來告訴我說旁邊還有一個要訂6帳的（總共8帳），他們要夜間工作會比較吵我表示沒問題。然後他們又打來說要改成8帳，要我轉移到B區的碎石雨棚，完全沒有徵詢我的意見，甚至還和我爭辯說他們8帳怎麼可能讓他們中斷工作。老闆，我畢竟是先訂在C區，希望你也能尊重一下我的選擇！畢竟我最初指定C區是因為我特別喜歡那裡，而不是你叫我去哪裡我就去哪裡！,1,1,-1,3767,,2024/04/30,0,負向
這段經歷真的讓人感到困擾。營區的營主在冷天讓大家洗冷水澡，並在女生面前要求脫衣服等熱水，讓人難以理解。他們的失誤態度也相當令人失望，連道歉的方式和後續處理都讓人感到不舒服。建議大家要慎選露營的地點，以避免不必要的麻煩和困擾。,1,1,-1,3781,,2023/12/07,0,負向
感覺很糟糕，營業主只會將責任推給客人，不值得多說。,1,1,-1,3782,,2023/12/07,0,負向
我在五月27日露營了三天兩夜，遇到了很多蚊子，被咬了好幾個包。不好的經驗是，在第三天早上，營區主人告訴我們必須在中午12點前結算費用，他只說了一次，但開始在早上10點多時開始收費時卻突然停水了。我們告訴營區主人，他說是因為下雨導致水管堵塞。一度我們以為營區主人是故意讓我們趕快結算，才造成停水的情況。整體觀感非常不好，可能不會再去那裡了...,1,1,-1,3824,,2023/05/07,0,負向
露營收費高達三百元似乎有點貴，管理人員整天在巡邏好像在抓小偷一樣。在26號到了溪遊記露營區，真是浪費了連假的四天⋯營地主人並不友善，除了沙坑，小孩根本找不到地方玩。這是小孩第一次說露營很無聊，唉～他們說我們的車來來回回十幾次，是哪來的？「停車費一共付了1800元」，為什麼露營區怕客人來呢？星星評分都是在騙人的嗎？一天過後怎麼會多了五顆星？未經當事人同意，私自錄影車牌後公開於網站上，已請家人律師處理！業者還留言說要錢付不起就去免費野營？？？,1,1,-1,3833,,2022/05/07,0,負向
整體環境還可以，但定期有人來巡邏，確認有無新訪客，如果有新訪客就需要收取停車費300元，並且錄影留證。雖然費用不是問題，但是他們的態度令人難以接受；多次露營也沒遇過這麼勤收停車費的營地。最後要離開時，有營區的員工要求我們收拾護草墊，我們當然樂意幫忙。但是否真的需要依照平台規定收拾護草墊，我們不太確定。雖然最後有把護草墊整理好，但工作人員的態度有待加強。他們不能友善待人嗎？他們一開始否認有錄影我們車輛，但之後卻出現了我們車輛的影片。他們也提到我們在晚上7點唱歌，雖然晚上10點後不能唱歌，但當時只唱了兩三首並不大聲，但他們認為影響其他露友。我們不確定是否真的有其他露友投訴，而且他們的態度不友善。,1,1,-1,3834,,2022/05/07,0,負向
這個露營地的包區營位費用相當便宜，但停車費則較為昂貴。每輛車收取300元，並且定期來巡視。朋友來開車只停當下就要交300元，露營三天停車費花了1800元。老闆的態度很差，缺乏親切感，也不會有下次了。,1,1,-1,3835,,2022/05/07,0,負向
擔心的不是下雨天，而是地面爛泥濘泥，營區設計不良，排水不佳。下雨時真的是一地爛泥，鞋子會陷進去，孩子和狗只好呆在帳篷裡，有點可惜。,2,1,-1,3842,,2022/05/07,0,負向
營區狀況很糟糕，營主的態度極差，有很多2-3公分大小的虎頭蜂，相當可怕。他們不處理這個問題，還將責任推給客人，指責我們招惹虎頭蜂。請問，虎頭蜂晚上出沒是正常的嗎？大約20-30隻陸續來襲，如果今天小孩被叮咬，你能賠償嗎？請再三考慮是否要前往這個地方！,1,1,-1,3844,,2022/05/07,0,負向
不建議去那個營區，有虎頭蜂出沒，而營區管理人員處理問題的態度很消極，還推卸責任，說我們應該噴香水嚇走蜜蜂？這些蜜蜂來了三天是因為我們營地上有一棵花蜜很誘人的樹，它們日夜採集花蜜。因此，在選擇營區前，務必三思而後行，避免浪費金錢又碰上麻煩。,1,1,-1,3845,,2022/05/07,0,負向
車聲很吵，所以清晨五點就被吵醒了，非常難睡，而且衛浴設施太少，要排隊。不過，營區主人很友善！,2,1,-1,3979,,2023/09/08,0,負向
在靠近水庫和羅馬公路的地方，晚上汽車的聲音很大，以至於難以入睡。除了B區之外，其他小型帳篷區域的空間都相當狹小，而且彼此的距離過於接近。建議營地主人將C和D區劃分為一個區域，這樣大小比較適中。另外，這裡的衛浴設施並不多，如果需要洗澡的話最好儘快安排時間。,2,1,-1,3984,,2023/05/08,0,負向
"我們的新辦工位有一些問題需要注意：
1. 我們新的地板上有很多雜草，需要處理一下。
2. 如果廁所有多人同時使用，可能會沒有熱水。
3. 辦公室四周不夠明亮，晚上去廁所可能不太方便。
4. 這個位置經常跳電，需要注意安全。",1,1,-1,4048,,2021/05/08,0,負向
因為複育螢火蟲不使用殺蟲劑，所以小黑蚊很多。,2,1,-1,4097,,2018/05/08,0,負向
這個地方的廁所和浴室維持得相當整潔，但因為使用山泉水，所以水稍微帶點黃色且有些濁濁的。此外，這裡沒有提供飲水機，需要自行購買水。還有很多螞蟻和蜘蛛網，要小心避免碰觸。露營區的樹木間距較為狹窄，車子進出比較困難。但晚上聽著河水聲入睡感覺還算不錯。,2,1,-1,4176,,2024/04/07,0,負向
這個地方的設施有些不盡人意，特別是飲水機沒有又熱又冷，冬天用水也有困擾。值得一提的是宮廷帳還算可以，其他方面普通。整體環境還算不錯。,2,1,-1,4179,,2024/03/07,0,負向
這個地方只有一個區域設有廁所衛浴設施，其他區域都需要走一段路才能到達。衛浴設施裡的水溫常常忽冷忽熱，有時會燙人，有時會冷得咯咯作響，要不就是水溫不夠熱。整個區域裡只有一個冰箱，其中晚到的冰箱甚至沒有冰可以使用。冰箱也在廁所附近，如果喜歡散步的話，可以來這裡，保證讓你走得很開心。此外，營地主人嚴格禁止外來車輛和訪客進入，即使忘了帶東西，朋友想送進來也不行喔，只能在門口面交，無論東西尺寸多大多重都一樣。另外他們沒有提供飲水機，要自己攜帶足夠的水喔。,2,1,-1,4181,,2024/01/07,0,負向
營區環境不佳，充滿蚊蟲，廁所位置偏遠而且陳舊，地面潮濕易滑，衛生紙需到廁所外取，水壓小熱水不穩，垃圾踩集中需遠行，地面不平且缺乏照明，不建議拍照。,2,1,-1,4182,,2024/01/07,0,負向
總的來說，我們可以接受使用者支付，營地的主人給人印象深刻。然而他對金錢十分謹慎，網頁上缺少一些重要資訊。在討論後並沒有收取費用，但對於訪客的態度並不是很好。他回答質疑時十分含糊，可能需要另一人來解釋清楚。雖然設施和場地的規劃並不盡如人意，但廁所和浴室都維持相對乾淨。大部分的優點是，雖然遮雨棚很棒，但雨水卻會往內流。交通道路的設計並不良好。總體而言，我給予兩顆星的評價，原因是廁所和客人的素質都還算不錯。,2,1,-1,4183,,2024/01/07,0,負向
雨棚區的地面鋪設的石子很薄，下大雨的話會直接積水淹到爆⋯⋯無論是人、車還是帳篷的數量，都計算得非常精準…,1,1,-1,4188,,2023/07/07,0,負向
營主的精算師發現雨棚漏水，接著遇到更嚴重的問題，低窪地區發生了淹水。,1,1,-1,4189,,2023/07/07,0,負向
環境糟糕，並且男老闆的態度很差。,1,1,-1,4200,,2023/05/07,0,負向
男老板的服务态度不好，常常让游客感到不满。,1,1,-1,4201,,2023/05/07,0,負向
很遺憾您在露營地有這樣不愉快的經驗，下大雨導致地面泥濘，加收額外費用也令人感到不滿，且家人還因此摔倒受傷，讓這次露營經驗完全失去了人情味。希望未來能找到更好的露營地，不再遇到類似的情況。,1,1,-1,4203,,2023/05/07,0,負向
"這個露營區有許多問題：
1. 洗澡遇到沒熱水的情況，小孩泡了將近1小時泡在冷水裡。
2. 需要共用一個迴路的設備，電壓不穩，LED燈甚至無法亮起，打氣機也故障，需要手動打氣。
3. 環境髒亂，生態池未維護，蚊蟲多，需用防蚊液且每人至少要帶20包。
4. 浴室和帳篷區發現大型蟑螂。
5. 草地未修剪，高度已超過腳踝，石階有青苔，容易滑倒。
6. 收費不合理，超過4人需支付高額費用，小孩需付費。
7. 大部分景點老舊，服務態度不友善。
除了河邊環境清幽外，其他方面都有問題，值得檢討。",1,1,-1,4204,,2023/05/07,0,負向
端午節那天我們去湖區包場，結果發現露營車上不了去，然後下著大雨，路程又遙遠，因此受影響心情失落而原路返回。老闆的服務態度還很差，推卸責任。這個營區真的不友善。至於能否退費還不確定。,1,1,-1,4205,,2023/05/07,0,負向
營地的排水系統很不理想，也沒有提供適當的草地墊，下雨時內帳和床墊全濕又積水，無法躺在裡面休息，只好立刻收拾行李回家，這個營區真是令人失望。,1,1,-1,4212,,2022/05/07,0,負向
中央的大池子已經被圍起來了，所以周圍有許多牛蛙在那裡。它們晚上會開派對，叫聲非常壯觀，要記得戴耳塞。溪流上游水聲潺潺，但周遭有蜘蛛網和蚊蟲，所以如果要下水玩可能要多考慮。另外，小黑蚊和大蚊子的班表應該有協調好了，前者大約在上午11點開工，後者則在黃昏前開始出來覓食。3瓶防蚊液很快就會用完，出門露營本來就需要跟大自然相處，充分準備才能玩得盡興。,1,1,-1,4214,,2022/05/07,0,負向
建議在營區廁所前的大水溝做個圍欄，這樣晚上去廁所時就不易出現危險情況了。因為天黑注意力容易分散，特別是小孩子更需要照顧，安全是首要考量。,1,1,-1,4215,,2022/05/07,0,負向
這個露營地離新店碧潭很近，開車大約10分鐘就到了。如果想要輕鬆露營，可以自己外面買食物進來用餐。這個露營地是城市露營風格的，不會聽到吵雜的車聲。原本是婚宴舉辦地點，不是專為露營而設計的，例如帳篷前沒有洗手台，垃圾桶只有統一在廁所使用，而且廁所只有一處。總共約有30個露營帳篷，大家要一起使用衛浴設施，有些區域比較遠需要多走一段路到廁所。建議早一點洗澡，晚一點可能會沒熱水了。這個露營地看到其他小朋友洗澡邊哭。設施有點老舊，費用較其他露營地稍嫌貴一些。入口處有湖景，是最大的賣點，但不太適合小孩子。晚上可以看到螢火蟲。,2,1,-1,4216,,2021/05/07,0,負向
這個地方服務態度不太好，付錢時倒是很積極。網路訊號很差，設施老舊，蚊子非常多，場地很狹小。露營區和洗手檯都沒有燈光，洗手檯一直堵塞，熱水淋浴不穩定。露營區規劃隨便，長滿雜草，指示牌不清楚，位置不好找，再見可能真的再也不會來了！,1,1,-1,4218,,2021/05/07,0,負向
這段文字大意是在描述露營區的環境和設施情況，提到有蚊子、連接的帳篷、缺乏網路和鋼琴設施等。露營將分為兩種收費方案，2200台幣一夜或600台幣夜間。,1,1,-1,4219,,2021/05/07,0,負向
這段句子換句話說就是：雖然有遮雨棚可以遮雨，但下雨時遮雨棚滴水到處，底下也是積水，營地地面泥巴加上鋪得太薄，地勢低窪。因為雨天有朋友加帳，老闆說我們人太多，車太多，每個帳加一千元，停兩台車。我們有三台車、兩台摩托車，睡在一個帳篷裡有5個人，兩個帳篷有10個人，再多一台汽車、兩台機車，總人數只有10人，但收費竟然要一千元。這讓我對老闆的說法有些驚訝，這也讓我覺得不值得。,1,1,-1,4222,,2021/05/07,0,負向
雖然宣稱是包場，但是空間實在很擁擠，而且鄰居的活動和噪音沒人管制，讓你的住宿品質大打折扣。去到早上，垃圾桶也沒有人來清理，這種待遇讓你給不了那家民宿好評價，甚至願意給一顆星都很困難。,1,1,-1,4224,,2021/05/07,0,負向
這個露營區的情況確實令人失望，收費貴且態度不好。訂了兩帳位的雨棚營位，結果只有一個400*600大小的雨棚，無法容納兩個帳篷。訪客收費也相當昂貴，每人150元，甚至小學生身高太高也需繳交同樣的費用。停車費更是高達100元，並且有嚴格的離場時間規定。總括而言，這個露營區確實不值得推薦。,1,1,-1,4225,,2021/05/07,0,負向
店家拒絕接待大型犬，我只是覺得自己還是新手，所以詢問是否可以參觀場地。雖然店家有權利拒絕，但他們補上那句讓我先做功課，顯示這家店並非風評所說的那麼好。即使離我家很近，我也不打算再考慮了。,1,1,-1,4280,,2018/05/07,0,負向
這次露營真是讓人失望，訂位付款後又碰上氣象局發佈的大雨特報，卻無法改期。我們還帶了小孩，營主竟然把責任推給露營樂訂位中心，硬要扣除60%的費用。付款後竟然還沒有提供發票，更扯的是，除了扣60%之外，還要再收取30元的處理費。這種只想賺錢、缺乏同理心的商家，真是令人非常失望。絕對不推薦這家雷區，簡直爛透了，太扯了！,1,1,-1,4288,,2018/05/07,0,負向
7月18日的下午3點，大門沒有開，旁邊的標誌寫著必須先預約，我感到非常失望，只好返回家裡了。,1,1,-1,4291,,2018/05/07,0,負向
環境很好，但是有很多小黑蚊，它們的叮咬很痛，而且下雨天也無法延期，需要處理很多訂單。,2,1,-1,4295,,2018/05/07,0,負向
今次去了，發現園區已經關閉！,1,1,-1,4307,,2016/05/07,0,負向
門票不能用來抵消費。這裡東西相當昂貴，一碗麵條煎一個蛋都要220元，價格相當驚人。此外，廁所有男女共用，且環境昏暗，隔音效果也很差。寧願選擇到土雞城享用飯菜。,1,1,-1,4309,,2015/05/07,0,負向
請大家注意，他們入場一人必須消費100元，並且還需要額外支付180元的消費限制！在這麼多餐廳中，從未遇到過這樣的要求！這實質上是在多收費用！建議大家在前往之前要慎重考慮。,1,1,-1,4310,,2015/05/07,0,負向
這個露營區真的很糟糕，遇到許多問題：1. 洗澡時沒熱水，孩子要泡沫等1小時，水壓小又不穩2. 可能六帳都用同一個迴路，電壓不穩，LED燈不能亮，打氣機壞了3. 環境髒亂，生態池沒管理，蚊子多，防蚊液也不夠4. 浴室和帳篷區有大蟑螂在飛，草地長得很高有青苔，危險又不舒適6. 收費昂貴，每人250，超過4人就要額外收費7. 所謂的拍照景點老舊且不符合照片。總結一句話：這是個非常差勁的露營區。,1,1,-1,4338,,2022/06/08,0,負向
這個露營區設施不完善，環境髒亂，處處都有蟑螂以及小黑蚊，服務也是很差。洗澡時沒有熱水，電壓不穩，連LED燈都亮不起來，還有浴室和帳篷周圍有大型蟑螂。草地長得很高，地上滑溜且石階長滿青苔。收費也過高，營區不符合照片上所展示的景色。,1,1,-1,4339,,2022/06/08,0,負向
營地似乎變得越來越冷清了。如果超過每帳限制的人數，他們會嚴格加收額外的人頭費和停車費。浴廁設施算是還可以，但因為有水池，所以小黑蚊的數量相當多。總之，其他方面不多加評論。,2,1,-1,4349,,2022/01/05,0,負向
照片拍得很漂亮，但親自去看就知道。在營區拍的照片很美，但其實設施方面只能觀看和眺望比較好。,2,1,-1,4357,,2021/04/26,0,負向
草地積水且泥濘，排水情況不佳。,2,1,-1,4358,,2021/03/05,0,負向
營區的費用和環境。因為是連假，所以擔心中南部會塞車，所以選擇北部的營區，但到達後發現沒有相應的設施，而且有非常多的小黑蚊，就連防蚊噴霧也沒有用。,2,1,-1,4381,,2020/03/25,0,負向
這次露營經歷糟透了，以後應該不會再去那裡了，也不會推薦朋友去！問題如下：1，營區不允許朋友來探營，探營費用高昂，並且沒在預訂營位時提前告知這項特殊規定。四位朋友來探營，卻被要求支付900元。2，洗澡時水溫時冷時熱，更糟糕的是洗到一半時水突然停了，必須撥打給營主才肯重新打開水，讓我們繼續洗澡。3，廁所的衛生紙供應不足，導致多人在廁所間互相借用衛生紙。,2,1,-1,4434,,2018/05/27,0,負向
態度惡劣，我不會再去那裡了。態度不好，影響了整個團隊。,1,1,-1,4437,,2018/05/20,0,負向
設施與照片中呈現的差異太大了。洗手台不夠、插座距離太遠、草地遇雨後成泥濘，排水系統太差。,2,1,-1,4643,,2016/12/01,0,負向
接受了付款後並不代表任何事情都不負責任，如果晚上洗澡沒熱水且找不到人來處理，尤其在這麼冷的天氣只有冷水，非常建議避免這種情況發生。,1,1,-1,4704,,2021/05/07,0,負向
這個地方設在竹雞區，沒有風景可欣賞，最令人困擾的是，那裡有一堆人在吸菸。而且上方的營區裡，年輕人大聲玩鬧到了深夜一點，完全不考慮其他人的感受，好像也沒有人管束。真的是非常糟糕的體驗。,2,1,-1,4908,,2021/05/08,0,負向
這個季節蒼蠅實在太多了，下午還發生臨時停電，冰箱又遠得要命，晚上又因為中華電信基地台超載而無法聯繫。,1,1,-1,4946,,2019/05/08,0,負向
當天在貴營區 (竹雞區) 裡發生了糟糕的事情。原本露營是放鬆的活動，但由一群年輕人搞砸了。這群年輕人從晚上開始就喝酒，大聲嘯叫、罵髒話，一直吵到半夜三四點不肯安靜。我們的營地恰巧在他們對面，吵得讓我們無法入睡，只能等到他們安靜下來，才勉強躺下。我們當天向營地管理反應，但只是通過電話告知晚上要保持安靜，但酒已經喝了誰會記得這些呢？他們還是大吵大鬧。因此，我們在貴營區的體驗很不好，不會再去了。,2,1,-1,4977,,2021/06/02,0,負向
營主一直監督著，限制很多，態度不友善，讓人覺得不舒適。來露營是為了放鬆，不是為了受氣，這點非常令人不推薦。,1,1,-1,5224,,2024/03/08,0,負向
營主的服務態度真的很糟糕，對待小孩和大人都不耐煩。有位老太太在遊戲中被罵，晚上又被年輕人指責亂丟垃圾。整個露營營區似乎沒有受歡迎的氣氛，連寵物也不受待見。,1,1,-1,5225,,2024/03/08,0,負向
這個服務態度相當差，聽起來好像在和人吵架一樣。,1,1,-1,5226,,2024/03/08,0,負向
這次參加的是露營活動，營區整體環境很整潔，草坪也很舒適，廁所保持乾淨並提供衛生紙。但原先說會根據天氣溫度開放泳池，卻因前一天的氣溫變化不開放，結果星期六天氣卻熱到不行⋯可惜沒有享用到泳池設施。雖然營區於隔日中午12:30要全部撤營離開，可能一直是營區規定，但當下還是覺得有些意外。露營應是輕鬆的活動，過去經驗都是在下午2點前離開，這次卻有點失望，看來以後應該不太會再去了，尤其因為營區設施有些老舊，腳踏車騎行空間狹窄，小孩容易在這裡相撞受傷⋯營區設有超過50個露營區，但共用一個浴廁設施，熱水只到晚上12點提供，導致母親帶小孩使用女生浴廁時常需排隊等洗澡，白天則完全沒有熱水。若習慣前一天整理裝備或輕裝備的露友，這個營區或許適合，但若習慣在營區吃輕便午餐再離開的露友，或是喜歡早上10點才收拾帳篷享受露水的露友，可能要好好思考囉！,2,1,-1,5235,,2023/11/08,0,負向
電閃時，蚊子特別多，廁所離得遠,1,1,-1,5236,,2023/06/08,0,負向
女生淋浴間只有5間，廁所離得很遠，熱水供應到12點，但同行友人11點多去時已經洗到冷水了。洗澡時，因為是柴燒，水溫無法穩定，可能會連轉到最冷的地方都還有可能超燙。女生吹風機只有一台，營地區域空間偏小，帳篷之間距離超近。雖然規定上沒有寫不能打麻將，卻跑來告知打麻將會影響小孩的觀感不佳，要求我們把帳篷布拉上。飲水機只有一台，時不時水就不夠用，完全不推薦。,1,1,-1,5243,,2023/05/08,0,負向
衛浴沒幾間要等，冰箱只有一台擠滿了，要小心小黑蚊。,2,1,-1,5258,,2022/05/08,0,負向
1、熱水是以木材燒的，水溫差異很大，所以洗澡很困難。2、規定小孩在沙坑玩時不能掉出來，並有人監視。如果擔心孩子玩耍，可以選擇不開放。3、下大雨時架起遮雨棚已經很不方便，還有各種具體的規定。4、要求垃圾分類，每個區域只能擺放1-2個垃圾桶，停車時要裝備，一直催促，使用護草墊因為怕下雨會有水泥或積水，所以也不能多使用。5、洗澡時有人提醒不能用太多水。6、車輛必須停放在停車場內。（可以接受）7、天氣好也不能使用游泳池，選擇用來洗護草墊⋯感覺實在太差了，雖然保持清潔是好的，但做得過頭了，倒不如不開放！,1,1,-1,5260,,2022/05/08,0,負向
"1. 如果沒有提供廚餘桶，廚餘應該要丟到垃圾桶裡。  
2. 下著大雨且沒有取消訂單，活動現場充滿泥濘，營友的孩子不慎踩到泥濘中，洗腳後還被責備要小心點踩水和泥，要注意以免再次弄髒。  
3. 沙坑有專人管理，但陌生孩子玩沙時有沙子飛出沙坑邊緣，立即被提醒不要撒出來，建議到裡面玩，但卻被營友批評，又被員工責罵，造成誤會。  
4. 將腳踏車放在籃球場內，小孩經過可能會被籃球擊中，相當危險。  
5. 儘管提供了老舊腳踏車供使用，但沒有專用腳踏車道，與汽車共用道路，極具危險性。  
6. 泳池內放有護草墊，並將浴室水壓設置不穩，廁所與浴室僅有一區，使用起來相當不便利，並需要走很遠的路程。這是遇過的營地主辦者中最嚴格的一位，有興趣體驗的營友可以前去一試！但對於容易爆炸的營友，建議謹慎考慮！",2,1,-1,5261,,2022/05/08,0,負向
今晚的露營經驗真是糟糕，溫度只有12度，還遇到跳電、暖爐和電熱毯都無法使用，感覺自己可能會被凍死。,1,1,-1,5267,,2022/05/08,0,負向
在營區裡有200多人需要在晚上12點前洗澡，卻發現水管直接關掉，這樣很困擾。另外，只有一台飲水機，拿大桶裝水還會被責罵，這樣可能會導致水源不足。如果我拿大桶裝水給10個人喝，和10個人自己來裝有甚麼不同呢？另外，營區收了這麼多人，卻只有一台飲水機，應該要考慮是否設備不足的問題。還有，沙坑在傍晚時段還不開放給小孩，不太明白這背後用意為何。總體而言，營位間的空間有些擁擠，但前方還算可以。,1,1,-1,5278,,2021/05/08,0,負向
民宿的空間規劃需要改進，因為鐵皮屋的空地吸引了所有小孩前去玩耍，而住在民宿的人卻沒有適合休息的地方，建議應該進行改善。,1,1,-1,5289,,2021/05/08,0,負向
很久沒有露營洗澡讓人感到不方便，幸好現在不是寒流來臨的時候在這個營區。小黑蚊我覺得還可以接受，但這熱水真的讓人受不了。,2,1,-1,5300,,2020/05/08,0,負向
建議加強營區的草地整理與排水，以免在雨天露營時造成積水而影響露營活動。即使天氣好，排水不良也會影響露營體驗，因此重要性不言而喻。值得一提的是，營主服務親切，廁所整潔，且營區視野寬廣，這些優點值得給予額外的好評。,2,1,-1,5436,,2023/11/08,0,負向
這次的露營營地景觀不太理想，草地長得很高且不整齊，地面凹凸不平，蚊蟲也相當多。不僅如此，還有各種肥硕的昆蟲，甚至還有蟑螂。整體來說，這個露營環境並不怎麼好，唯一值得一提的或許是廁所和衛浴間相對乾淨。,2,1,-1,5438,,2023/08/08,0,負向
這段描述的營地環境真的不容易，尤其是排水問題和飲水機壞掉，讓人難以接受。另外，營地的草皮維護也有待改進，因為壓壞的護草墊可能會對人造成危險。營地管理方面，應該更加注重營地基本設施的維護與管理，以確保大家能有一個舒適、安全的環境。,1,1,-1,5439,,2023/07/08,0,負向
這裡的唯一優點就是廁所乾淨，但草地不平、坑坑巴巴，睡覺會腰痠背痛，去營區沒有美景可看有點可惜。,2,1,-1,5448,,2023/05/08,0,負向
發布評論必須給一顆星，但我其實希望可以不給評分。我認為場地費用至少需要提供乾淨的水槽供使用，而且水槽應該要由營區自行清潔。另外，插座也應該要保持良好的狀態。對於修繕時間需要2至3個月這個問題，我認為這是營區營業方應該要解決的問題。不需要是一個很高端的營區，但我希望有更好的解決方案。如果草地狀況惡劣建議休園，因為過於泥濘且有很多損壞。停車問題也需要提前考慮，這應該是運營時應該要注意的事情。,1,1,-1,5453,,2023/05/08,0,負向
露營原本應該是一個快樂的活動，但是因為營區沒有停車位，我的車子受損，水槽的水管也脫落了，讓我很失望，可能不會再去那裡了。,1,1,-1,5454,,2023/05/08,0,負向
營區沒有停車位，叫我們自己找，水槽漏水，反應後要求和其他人共用，這種處理方式讓我感到困惑！,1,1,-1,5455,,2023/05/08,0,負向
設備有限，停車位不足，水槽損壞需與他人共用，電插座只有一邊能用，提供的設施實在不盡如人意。,1,1,-1,5456,,2023/05/08,0,負向
廁所沒有打掃過，還有虎頭蜂沒有處理，蚊蟲非常多，游泳池沒有水，早上10:30就已經在收帳，還一直被催，整體體驗非常糟糕。,1,1,-1,5458,,2023/05/08,0,負向
如果可以不要給我太長的草就好。雖然只有一個工作人員，有點可憐，但反正我們露營是為了開心度假，就不要求太多服務了。,1,1,-1,5461,,2023/05/08,0,負向
整體感受不太理想，廁所的尿味很重，淋浴間沒有打掃過，而冰箱等到客人到了才開，兒童戲水池也髒到看不到底部，還有許多小黑蚊⋯,1,1,-1,5462,,2023/05/08,0,負向
廁所有點髒，草地長得像小樹一樣，冰箱發霉且沒有整理，溪水池看起來像是個生態池，整體情況很糟糕。,1,1,-1,5463,,2023/05/08,0,負向
從週六中午到週日快中午，廁所一直沒有清潔和打掃過，也沒有補充衛生紙。,1,1,-1,5464,,2023/05/08,0,負向
這個地方收的人太多了，帳篷之間太靠近了，晚上鄰居吵得睡不著覺，根本無法休息。我只打了一顆星，因為環境很乾淨，而且主人也很親切。但我想應該不會再來了。,1,1,-1,5471,,2022/05/08,0,負向
植被稀少導致營地排水不良，土壤變得軟弱。大風一吹，營釘就連根拔起，再加上沒有木板，導致滿地都是泥巴，可以用一個字形容：＂慘＂。給一顆星是因為那位打赤膊的帥哥倒是服務態度不錯。,1,1,-1,5472,,2022/05/08,0,負向
營地的方式是不太妥善，因為他們沒有適當地應對吵鬧的客人。這樣的情況持續到凌晨四點對其他客人的休息時間造成了很大的影響。根據營區的使用規章，應禁止卡拉OK，但卻讓人唱歌到快天亮還沒有任何行動。是否應繼續大聲喧嘩甚至需要警察來勸導，這樣的營地並不值得推薦。,1,1,-1,5476,,2022/05/08,0,負向
這個營區的風景挺不錯的，主人很熱心，但環境清潔需要更加努力，特別是洗水槽和冰箱。這次住在貨櫃露營屋裡，進去後發現室內拖鞋都濕了。詢問打掃阿姨，她說有用酒精消毒水，但可能噴得太濕了吧。阿姨讓我們感到困惑的是浴室洗澡過程中水停了好幾次，甚至停了2-3分鐘之久。這種天氣下水停真的讓人哭笑不得，小孩和大人都在洗澡時碰到這種情況真的很冷。,2,1,-1,5482,,2022/05/08,0,負向
這個房間和網路上的評價有所不同，在整理完物品後孩子們幾乎沒有空間玩，但公共設施還算不錯。,2,1,-1,5491,,2021/05/08,0,負向
帳與帳之間的距離太近，會受到影響。洗碗槽太矮，高度只到身高170的膝蓋，要弓著身體才能洗碗！B區和C區共用衛浴，人多時廁所變得很髒亂，且不定期清潔。深夜沒有管理其他露營者的噪音，隔壁帳篷連續兩晚都很吵，從半夜到清晨5、6點都在大聲唱歌聊天，多次反應給營區主辦單位，但沒有改善。整晚嘈雜不停，從晚上12點到早上6點都沒間斷，沒有對其他客人施加限制，影響整體露營品質，體驗相當糟糕，不打算再去了。,1,1,-1,5497,,2021/05/08,0,負向
飲水機離冰箱太遠，營位過於接近導致環境喧囂，停車區太遠不方便。,2,1,-1,5498,,2021/05/08,0,負向
環境設施不錯！只可惜..營地管理不夠嚴格！讓其他房客..吵鬧至深夜！影響大家的休息時間..,1,1,-1,5515,,2020/05/08,0,負向
這段描述提到營區裡有三隻大狗狗一直在帳篷周圍打轉，影響到入睡和煮飯等行動，讓人感到困擾。除了這個問題之外，硬體設備和廁所衛浴設備都很好，整體來說其他部分都滿意。,2,1,-1,5520,,2020/05/08,0,負向
雖然周遭環境算好，但小黑蚊多，還有野狗半夜翻垃圾筒，一直在帳篷外走來走去，讓我很難入眠。,2,1,-1,5521,,2020/05/08,0,負向
這個地方雖然有些吵鬧，因為靠近羅馬公路，晚上要麻煩重機和超跑聲音，相當熱鬧！另外，營地管理非常嚴格，不允許客人踩草皮，難道他們想讓人們飛上天嗎？我可能無法接受這點。一張帳篷要價1200元，卻沒有景觀和新鮮空氣，價格也太高了。給予一顆星是因為附近有許多螢火蟲可以讓人放鬆，這是我唯一讚賞的地方。,2,1,-1,5534,,2019/05/08,0,負向
這個地方風景怡人，適合露營。,2,1,-1,5535,,2019/05/08,0,負向
各區間的間距太過接近，營位過於密集，導致擠擁情況嚴重，晚上鄰居聊天一直持續到凌晨1、2點，影響居住環境，造成很大的噪音干擾。,2,1,-1,5538,,2018/05/08,0,負向
不能讓兔子在室外飼養，並且飲食也很重要。若想透過飼養動物來獲取收益，應該要好好了解如何照顧兔子。店家應該告知客戶，兔子的主食是無限供應提摩西草和無限量的煮過的飲用水，還有適量的飼料。兔子最適合生活的環境溫度為攝氏17至25度，同時要避免潮濕和雨水，以免兔子患上黴菌等脫毛皮膚疾病，長時間暴露在高溫下也容易中暑。有位救援兔子的主人在夏天沒有冷氣的情況下讓兔子在室內生活，結果兔子的肝功能指數升高。我也養兔子，並非沒有想過讓它在冷氣房裡自由活動。分享這些知識給店家，希望能同時培養對動物友好的概念，也讓環境更加友善。,1,1,-1,5737,,2022/05/08,0,負向
風景很美，但環境和人員素質還有待改善。,1,1,-1,5799,,2019/05/08,0,負向
這家五星級飯店的蚊蟲問題嚴重，不管是早上還是下午，客人都會被蚊子和蒼蠅騷擾。而且飯店的管理層還在鼓勵買蒼蠅貼片。,1,1,-1,5807,,2019/05/08,0,負向
會放鳥的主人，標註請勿觸雷,1,1,-1,5813,,2019/05/08,0,負向
這個地方的設施較為簡單，而且景觀普通。,2,1,-1,6069,,2023/12/08,0,負向
一開始說可以在這裡搭帳，熱天搭好帳後卻又說這裡不行搭，只能停車。不得已再次搬家真的很令人沮喪，而且路況不佳，車底盤都會碰到。,1,1,-1,6073,,2023/07/08,0,負向
洗澡時水溫難以調節，而且沒有提供飲水設備。,2,1,-1,6076,,2023/05/08,0,負向
這個營區的設施包括共用的兩間廁所和浴室（有蹲廁和沐浴間），但卻缺少熱水。而且營區不允許車輛進入，所以需要由營主提供牛車服務運送設備。,2,1,-1,6079,,2023/05/08,0,負向
房間整潔狀況不佳，可能有跳蚤出沒，讓我感到皮膚癢癢的。由於我們忘記帶食材，致電詢問時已經傍晚，卻被誤解不想要，工讀生打掃並帶走了。下次應該詢問是否有遺漏，處理方式讓我無法接受，有待改進。但也要反省自己的疏忽，不能全怪別人。,2,1,-1,6090,,2023/05/08,0,負向
這個營地的環境不錯，營主也很熱情，但提供給五個帳篷包區的人只有一間浴室可以洗澡。因此，大家洗澡時都需要等很久。如果現在五帳包區只有8個人，已經感覺人數很少了，如果是正常狀況下，五帳包區是設計可以容納10至15個人，那麼要等到什麼時候才能輪到所有人洗完澡呢？,2,1,-1,6099,,2022/05/08,0,負向
經過我們的綜合討論，我們對這次露營的體驗有以下感想：首先，我們選擇這個露營地是基於網路評價，但實際到達後，我們對這裡的服務感到十分失望。一來，在付款後詢問問題時，未收到回覆；二來，我們在入住當晚沒見到任何負責人，雖然評論中提到了老闆老闆娘的親切，但我們並未有此體驗；三來，兩間盥洗室供至少16人使用，但只有在收款時才出現，讓我們對衛生狀況擔憂；四來，洗澡時必須排隊，不是每個露友都方便；五來，缺乏肥皂和洗碗精，盥洗室也沒有提供洗浴用品。總的來說，這次11人的露營經驗令人失望。,1,1,-1,6137,,2019/05/08,0,負向
有這種做生意的方式嗎？如果要接受包場的夜間訂場，是否可以要求已經訂位的客人取消訂位，然後改訂到其他日期？我真的輸給您了，老闆！「人無信不立，業無信不興」，這是古訓！,1,1,-1,6320,,2023/06/09,0,負向
所有的房客都很安靜，只有星期日早上房東的朋友來訪竟然在前面聊天，6點多開始聊，一直聊到近8點。叫人家怎麼睡覺啊，要做生意這一點要注意，其他都還算不錯。,1,1,-1,6328,,2023/05/09,0,負向
這個露營區並非由原住民所經營，訂單確認後卻遭管理員修改並多收了一些費用。環境並不那麼令人放鬆，而且總有種被營區主人監視的感覺。也許將這樣的露營區關閉，或者歸還給原住民讓他們自行經營會是更好的選擇。,1,1,-1,6580,,2023/09/09,0,負向
這個營區不適合冬天前來，儘管我們沒有使用高功率電器，卻常常跳電。營區的營主因此很生氣，不時用粗話罵人，甚至偶爾會聞到煙味（因營主抽菸）。尤其如果帶著小孩來營區，而且還是在冬天，我完全不建議來這個地方。唯一的優點就是廁所很乾淨。,1,1,-1,6593,,2023/05/09,0,負向
這個營區在冬天不太適合，因為無法使用低功率的電暖器，很容易導致跳電。此外，營主可能會責備怕冷的人不應該來露營，還有營區工作人員可能會指責你。,1,1,-1,6594,,2023/05/09,0,負向
營地廁所的清潔程度很好！來到山上露營可以讓人放鬆並吸收芬多精，但營地主人在帳篷旁經常抽菸！如果計畫帶孩子來露營，可能會擔心吸入二手菸和三手煙，因此不推薦這裡！一顆星的好評是給營地主人的二手菸環境。,1,1,-1,6597,,2023/05/09,0,負向
營區整潔，浴室熱水尚可，但電力供應不穩，若無法提供足夠電力請提前告知，請不要責怪露營友。請定期檢修供電設備，凌晨電力會斷電，廁所無燈，在此環境下不太理想。營區允許無限制使用卡拉OK，因為營主也會唱卡拉OK。草地上有註明使用護草墊方式，無需特別提醒露營友可以在上面使用椅子。,1,1,-1,6614,,2022/05/09,0,負向
露營地和浴室的環境還不錯，但除了營主之外，其他女性工作人員的態度非常差！一點也不友善！很多營友都遇到她們問問題，其中一位女性工作人員的態度讓人感到不友善！回答的口氣非常不屑！我不會再去那裡了…,1,1,-1,6617,,2022/05/09,0,負向
"環境整潔, 洗澡熱水僅供至晚上十點, 陪廁燈光也僅欲及十點, 營業主夫婦似乎缺乏熱情⋯⋯⋯⋯",2,1,-1,6625,,2022/05/09,0,負向
(11/7入住) 我們根據其他網友的好評前來馬胎227露營區，選擇了廣場區。一開始覺得這裡環境清幽乾淨，晚餐後小孩和隔壁營區的家長一起玩夜間探險，可惜下了場雨。晚上，一群晚來的客人很吵，唱歌、聊天，直到深夜2-3點都沒有停下來。雖然營主沒有制止，但我們也沒有表示抗議。友人最後終於出面，客人才安靜下來。沒睡好加上吵雜的夜晚，讓我大受影響，清晨趕緊收拾東西準備離開，營主來幫我搬車並提及昨晚的吵鬧。他解釋客人喝酒，所以才大聲，他無法制止。儘管營區在預訂網站上有5星評價，但我們發現營主更偏好待熟客。,2,1,-1,6640,,2021/05/09,0,負向
營區收容的人數明顯超出限制，各項帳目都有關聯，活動空間幾乎被塞滿，客人多且喧囂，不太適合家庭親子活動。,1,1,-1,6655,,2021/05/09,0,負向
這個地方非常擁擠，擠得無法忍受，讓人無言以對。,1,1,-1,6659,,2021/05/09,0,負向
只有中華電信有訊號，其他家都沒有。但營地有WiFi。開去馬胎227營地的路上，需要小心駕駛，因為路段彎彎曲曲看不到來車，有一些危險。快到營地之前的路面正在整修，非常不平整，有很多大小石頭，可能會刮傷車子的底盤。如果開休旅車倒是沒什麼問題，但一般轎車還是需要特別留意。我們這次入住的營地主家前的廣場區很小，只能搭設5帳篷，帳篷連接在一起，孩子沒有太多活動空間，覺得營地主家有點收費過高！環境裡有蟑螂和非常多的蒼蠅（是我看過最多蒼蠅的營地）。不過可能是因為海拔750公尺的關係，沒有小黑蚊。廣場區不遠處約1分鐘路程有乾淨的廁所，旁邊有小溪可以抓溪蝦，水不深，適合小朋友戲水。另外要提一下的是營地主養的雞到處亂逛，沒有關在籠子裡，凌晨3點就開始啼叫，讓人睡不好。早上還會來營地玩，如果以上這些您可以接受的話，可以試試看。我個人是不打算再去了！,2,1,-1,6660,,2021/05/09,0,負向
前往目的地的路況相當糟糕，路況不佳的地方大概有一公里長，地面破損很嚴重，我們迷路好幾次。營地非常小，甚至沒有一片草地讓小朋友奔跑。到達營地後，要下去營地的地方很崎嶇，車子無法開入，只好停在別處步行前往營地。,1,1,-1,6661,,2021/05/09,0,負向
營地已經擁擠了，還接待太多客人，老闆養的雞整晚叫個不停，根本無法安寧入眠。,1,1,-1,6664,,2020/05/09,0,負向
這裡營區大小適中，雖然沒有什麼景觀，但有溪流和兒童滑梯，滑梯的設備很不錯，也有公共廁所和浴室很乾淨。唯一的問題是地面總是潮濕，總共有多個營位可供選擇，但我認為只有B區比較適合搭建帳篷。營地飼養了一些放養的雞，牠們自由走動，不停地咕咕叫有點吵，但看起來比起被關籠子裡的狗更開心。清晨時分，真是雞鳴狗叫，持續不斷...但在大自然中還是能聽到蟲鳴鳥語的聲音。總的來說，這裡並不是一個很好的選擇。,2,1,-1,6668,,2020/05/09,0,負向
營地可能會多收費用，營位有點狹小，停車空間不太足夠！,1,1,-1,6676,,2019/05/09,0,負向
這個營主家人態度惡劣，還讓自家狗隨地亂拉亂尿。,2,1,-1,6693,,2023/03/07,0,負向
沒有使用高功率電器卻一直跳電，還說天氣冷就不要出來露營，再加上罵髒話，有點過了。看來使用了第六代黑設功率380W。,2,1,-1,6697,,2022/12/13,0,負向
B2區常常有很多蟑螂，有時候還能嗅到狗屎的味道。,2,1,-1,6728,,2020/08/21,0,負向
經營者管理營地照顧不周，營區廁所和垃圾清潔工作都不到位，廁所臭氣熏天，洗澡瓦斯問題頻發。每晚要提前找有熱水的廁所位置，帳篷也擠得滿滿的，鄰帳篷的談話聲清晰可聽，無法好好休息。打電話請營區經營者上來解決問題時，要等上兩個小時以上，讓人覺得一生中不會再來第二次這樣的地方。當地景觀雖美，但同樣價位下有更好的選擇。只好給一顆星是給予景觀的讚美。,1,1,-1,6753,,2024/04/11,0,負向
這個地方空間狹小，非常擁擠。每天半夜都有流浪狗來報到並啃咬垃圾。而且垃圾桶並非獨立使用，需要與其他戶共用。,1,1,-1,6756,,2024/04/09,0,負向
這個住宿房間隔音很差，而且廁所在外面，連吹風機都沒有，非常不方便。此外，露營區的廁所非常髒亂，因為很多人使用後沒有清理。,1,1,-1,6758,,2024/04/09,0,負向
第一次參加營隊怎麼這麼糟糕，晚上連營隊主管都不來查看，我給營隊主管打電話，已經很晚11點多了，還有人在帳篷裡聚在一起喝酒作鬧，營隊主管終於來了，但場面非常吵雜，服務不理想。,1,1,-1,6766,,2024/03/09,0,負向
對於ABC三區的建議是，建議減少露營區的容納量，或者限定特定區域露營，避免露營空間過度擁擠。個人感受是，希望營區經營者能夠重視單人露營者的體驗品質，而不只是著重於經濟利益。,2,1,-1,6771,,2024/01/09,0,負向
當我們一開始在線上預訂位置時，前排夜景區還有空位，我們已經提前付款了。但當我們當天夜晚到達時，我們被分配到中間的草皮區。我們問老闆，我們不是預訂前排的嗎？老闆回答說那是要留給當天夜晚才到達的人。我們問老闆，難道我們現在就不是當天夜晚到達的人嗎？老闆卻支支吾吾地說沒有辦法⋯⋯後來才得知是老闆把位置讓給了後來才訂位的6個人⋯⋯感覺有點被玩弄，非常失望。,1,1,-1,6773,,2024/01/09,0,負向
"1.12/1-12/2  凌晨1點多時，B區的露營友，大人們高談闊論，小孩們嬉鬧不已。

2.帳篷間距過近，營繩差一點就相互碰觸。

3.垃圾桶容量不足，擺放在營位前，建議改放在營位後方或區域入口處，避免不斷有人往來。

4.請注意營友間的素質，切勿在他人帳篷前走動或觀看裝備，這樣行為非常無禮，若需通行請繞行至帳篷後方。

5.建議設立專用吸煙區，避免風向吹來煙味，並且地上不要有煙蒂，以提升露營地品質。",1,1,-1,6776,,2023/12/09,0,負向
我今天剛從騰雲露營區回來，真的在露營時一再確定我回家一定要分享評論⋯感受真的太差了⋯⋯ 我覺得這個露營區有很多問題，浴室的設施有些狀況，飲水機很髒，冰箱太小沒有規劃區分。馬桶水箱沒蓋子，草地上有很多蜈蚣。營區環境與設施規劃也很奇怪，沒有為小孩準備活動空間，每個營位的間隔也太近了。晚上很吵，隔壁營位的人沒有管控，還帶狗的露營友不能好好控制，經常跑到別人帳篷那邊。看完評論後，我真的不建議去那個露營區，因為我的經驗非常糟糕。,1,1,-1,6786,,2023/11/09,0,負向
有些流浪狗隻沒有溫柔，甚至對我的雞造成傷害。除了在街上的流浪狗，還有些帶著項圈的狗狗。近來洗澡時，水溫時冷時熱，讓我不小心被燙傷了。更不幸的是，遇到一位沒有禮貌的女性露宿者在浴室裡方便，還把衛生紙亂丟。,1,1,-1,6797,,2023/08/09,0,負向
打了二三十通電話都沒有人接，等了二十幾分鐘也沒有熱水，水還時冷時熱，這樣的露營區真的不值得六顆星，這一顆星是額外加的，真的不推薦...,1,1,-1,6802,,2023/05/09,0,負向
我第一次去露營的營區，發現廁所清潔頻率很低，打電話反應後還沒有人來清潔。另外，熱水時冷時熱，睡覺時大小忽大忽小，早晨起床時受到寒流侵襲很痛苦。,1,1,-1,6817,,2023/05/09,0,負向
廁所的數量不多，衛生狀況也很糟糕，熱水時大時小。打電話告知營地管理處廁所的不潔，但營主卻沒有採取任何行動。,1,1,-1,6818,,2023/05/09,0,負向
這個露營營區雖然距離野營體驗最接近，但收費卻高昂，上山的路況狹窄難以讓車子通過，到了營區也沒有帶位服務，讓露營者自行尋找位置。海拔超過1000公尺，來往的車輛不易操作，且遭遇雷雨。半夜電箱爆裂跳電，房外溫度只有8度。訊號薄弱，Wi-Fi停電時也無法使用，營主還規定停電期間不能使用網路。洗碗槽沒水或水流弱，主張環保無水洗碗，小朋友洗澡只有半桶水。水壓不足，馬桶無法沖洗，需要自行舀水。廁所髒亂，有未沖走的大便。晚上無宵禁，吸引夜貓族前來狂歡。管理不善，超載讓露營者感到非常不滿。,1,1,-1,6822,,2023/05/09,0,負向
如果直接掛電話，會被認為沒有禮貌。应该先跟營主说明情况，尋求協助。,1,1,-1,6825,,2023/05/09,0,負向
聖誕夜突然停電，營地管理處理速度很慢，甚至警告說如果再這樣濫用電力，整個區域都會斷電。朋友前來幫忙修理水電，甚至沒有收取額外費用。帳單顯示平時用電量管理得當，但清潔衛生措施並不頻繁。未來可能開放新的營位，使管理者感到擔心。,1,1,-1,6832,,2023/05/09,0,負向
上方特區的團露已經被包租給精靈，但是營地還是讓其他露客進行夜間露營，造成營位分配困難。此外，其他露客隔天收帳時未在中午12點前離開，也沒有管理人員來管理，讓人感到困擾。另外，靠近浴廁的兩個營位太小，無法容納兩個帳篷，而訂位網站的照片仍舊是舊照片，讓人誤以為只有一個營位而不是兩個。這兩大問題是營主需要改善的地方。建立信譽與提供品質才是永續發展之道，而非斷斷續續的營業。,1,1,-1,6833,,2023/05/09,0,負向
我最受不了的是夜晚沒有限制時間許多車輛一直往山上開，而且直到晚上11點或者12點還有人在搭帳篷，車燈一直亮著，搭帳的人也一直在喧囂到深夜。第二天早上起床時發現帳位上滿滿的草地上滿是蜈蚣，好在我們用了草墊做保護，但還是有些蜈蚣溜進帳篷裡，比螞蟻還要多。營區的景觀很好，傍晚可以看夕陽，晚上可以欣賞星空，早上有濃霧，感覺就像身在仙境一樣。浴室和廁所的數量並不多，但有冰箱和飲水機。還好我們是假日前一天到的，否則晚上被吵醒真的很難受，第二天一早就匆匆離開，不想待在人擠人、無法放鬆的營地。,2,1,-1,6842,,2023/05/09,0,負向
在營地準備冷藏食材的時候，營地主人告訴我們冰箱已經開了一小時，但溫度還是27度，感覺比我家的冷氣還要熱。連冰塊都直接融化了。晚上洗澡時，朋友們剛進浴室後才發現沒有熱水。等修好之後我們才進去洗，但只有一開始的前兩分鐘水是熱的，後面全程都是冷水。我們只好忍耐冰冷的水洗完澡，整個過程都非常辛苦。雖然營地風景很美，但設備確實有待加強。,1,1,-1,6849,,2023/05/09,0,負向
建議你再次造訪這個露營地，每次去都會有非常棒的體驗呢！,1,1,-1,6856,,2023/05/09,0,負向
風景還算不錯，wifi 連線順暢，衛浴設備還可以，但熱水不太穩定是最大的問題。環境太過擁擠，露營者停車位不夠，帳篷擠在一起，建議有意前往的人自行評估，不要全信網路上的好評。,2,1,-1,6859,,2023/05/09,0,負向
非常的不開心，B區就像在停車場露營一樣，完全看不到風景。,1,1,-1,6860,,2022/05/09,0,負向
這裡的環境清潔需要改善，還有太多帳篷，整個品質都很差。,1,1,-1,6864,,2022/05/09,0,負向
"1. 冰箱只冰藏，不夠冷，有濃烈異味，看起來需要清理了，沒有冷凍功能，食材都變常溫了！
2. 各家電信收訊不佳，提供WiFi但信號不太穩定。
3. 營區景色沒有大景和帳篷，也不想要一整排車！停車空間很多，但A區擺滿車輛，B區露營會對著別人的車。網站資訊和現場不符，營區管理回應是原本的規劃！
4. 浴廁前有很多蜘蛛網，孩子們用它當觀察生態點，雖然浴廁很大，但從到達到離開都是滿滿的垃圾桶… 需要更加強的清潔！
5. 特地走到觀景區，不論白天或夜晚，景色真的很棒！",1,1,-1,6868,,2022/05/09,0,負向
營區主管表示只有A區（景觀區）的車輛能停得整齊像停車場一樣。其他區的車輛會排成一整排，像在停車場露營一樣也很正常。建議大家如果無法訂到A區，可以考慮在附近的停車場野營。,1,1,-1,6869,,2022/05/09,0,負向
B區停車位的規劃不足，讓露營者的帳篷和車子擁擠在一起，園區雖然有告示牌要求停車在外面，但默許A區的人停在旁邊。這跟網路上的照片與原本的規劃不符，加上高達1000元的費用，讓人有被騙的感覺。希望營區管理者能清楚告知停車規定，以免到了現場才發現景觀都被車子擋住，對於管理者消極的態度感到非常失望。,1,1,-1,6870,,2022/05/09,0,負向
人們在各處大聲唱卡拉ok，卻沒有人管理，浪費了美麗的景觀，讓人感到失望。,2,1,-1,6882,,2022/05/09,0,負向
有很多螞蟻，到處都是螞蟻，住2晚感覺很可怕。,2,1,-1,6907,,2022/05/09,0,負向
這個特區晚上要價1200元，每個營位都相連，但營主似乎沒有考慮到需要拉營繩的問題，而且營位設計非常狹小（根據照片中保特瓶的比例）。,1,1,-1,6953,,2021/05/09,0,負向
營區超過容量，帳目互相混亂，營位雖然是5*8規格，卻被安排在左邊第一個紅圈處，夾在兩棵樹中間。此外還被多收了三個營位費，下次可能不會再來了。,2,1,-1,6957,,2021/05/09,0,負向
夜晚的景色確實迷人，能讓人感到放鬆與愉悅心情，但是衛浴設備較不理想，熱水時溫度過高容易燙傷，調至稍微涼爽再開始時卻變冷水，營地的排水系統也有些問題，希望能有所改善。,2,1,-1,6964,,2021/05/09,0,負向
這個營區的優點包括美麗的雲海、迷人的夜景和漂亮的夕陽，以及平坦的草地。然而，營區的缺點是建議減少收取帳篷營位的數量，因為過多的營位導致活動空間變小。此外，浴室廁所的數量不足，且沒有標示清楚，水壓不足，水溫不穩定，停車空間不足且混亂，網路訊號只有中華電信較好，其他電信則不穩定，而WIFI幾乎沒有訊號。,2,1,-1,6966,,2020/05/09,0,負向
營主可能會在半夜要求客人結帳，所以下次可能不會再來這裡了。,1,1,-1,7009,,2019/05/09,0,負向
"優點：D區場地很寬敞，有樹蔭可遮蔽陽光，非常方便。 
缺點：環境整潔有待加強，水槽極度骯髒，廁所內部有大量蜘蛛網，顯然已許久未清理。營區與廁所入口的洗手槽上有大量巨大且有飛行能力的蟑螂，環境衛生管理確實有待改善。",2,1,-1,1,,2024/05/06,0,負向
廁所沒有固定的清潔時間，讓人感到很臭；吹風機的性能很差，常常過熱斷電；浴室在洗澡的過程中會突然沒熱水，或者熱水溫度不夠高；冰箱的容量不足以應付需要；洗手台傾斜，無法放置物品。,2,1,-1,16,,2023/12/06,0,負向
這個營地的環境管理狀況不佳，廁所缺乏良好照明、衛生紙不足，維護不到位，讓人感到不滿並選擇不再造訪。,2,1,-1,21,,2023/11/06,0,負向
人員態度有待加強，尤其是負責鬼滅之刃女生扮演的工作人員，表示在詢問問題時有感到不耐煩的回應，令人感覺不快。如果不是為了小朋友們，可能會當場表達不悅的情緒。,1,1,-1,22,,2023/11/06,0,負向
營位環境幽暗，我們中午到達營地時，廁所已經十分骯髒。一直到晚上十點，情況仍未改善！垃圾桶溢滿，衛生紙散落一地，馬桶不潔，每一間廁所都十分糟糕…,1,1,-1,36,,2023/05/06,0,負向
水壓不穩，時冷時熱，流理臺水流不足，四五帳共用一個，有野貓野狗以及大聲喧嘩的人，請不要出來露營。尊重自然，避免擾人。,2,1,-1,38,,2023/05/06,0,負向
營區應該在晚間10點後保持安靜，為何還有團體在半夜兩點仍在彈吉他，喧囂不已卻沒有得到管理呢？難道不考慮讓其他人休息嗎？,1,1,-1,45,,2023/05/06,0,負向
廁所有點臭，好像有三天兩夜沒有清潔了，衛生紙用完也沒有補充，環境雖然算是美麗，可惜擠滿了帳篷和車。,2,1,-1,46,,2023/05/06,0,負向
場地很寬闊，但我真心不建議選擇 F 區。為什麼會在旁邊擺加壓機，還要安排人們搭帳篷？24 小時都沒有停過，即使停了一下也很快又開始叫，完全讓人無法入眠啊！,1,1,-1,50,,2023/05/06,0,負向
營區的環境很美，空間很大，但因為收容的人數增加，造成廁所不足和髒亂的情況。希望能增加清潔頻率，並補充衛生紙。此外，浴室也明顯不足，倒數第二間沒有熱水，水溫和水壓也不穩定，排水系統不良容易積水。最令人無法接受的是，垃圾直接在當地焚燒的情況。這樣做可以嗎？,1,1,-1,68,,2023/05/06,0,負向
這段情況真的很糟糕！假日人潮洗澡時沒有熱水，可以稍作等待。通知老闆之後，對方卻說瓦斯耗盡，換裝新的瓦斯來重新開啟供水。裸身站在山上等了20分鐘，卻依然沒有熱水？！瓦斯到底去了哪裡？這太誇張了！理解您會對此感到失望，也許不再光顧這家了。,1,1,-1,96,,2022/05/06,0,負向
廁所太多，衛生狀況不佳，熱水供應不穩定，建議避免使用。,2,1,-1,106,,2022/05/06,0,負向
這次露營經歷真的很痛苦啊！從初三到初五連續三天都在爛泥中度過，上廁所的路上沒有路燈，走去和走回帳篷都得踩著爛泥，排水系統不完善，地上看得見飄飄河，還一直跳電，熱水不給力，這個露營區真是讓人難以忘懷！,1,1,-1,108,,2022/05/06,0,負向
廁所跟浴室合併在一起，沐浴時也許會有異味，並且洗手臺也有嚴重不足的問題。,2,1,-1,112,,2022/05/06,0,負向
房間有點不太乾淨，但春節價格很優惠。,2,1,-1,114,,2022/05/06,0,負向
這樣真糟糕，第一天沒熱水，第二天整個停電，營主有賺很多錢呢。,1,1,-1,118,,2022/05/06,0,負向
營區環境很舒適，有溪水和螢火蟲，但有人反映一年前浴室水溫問題時冷時熱，今天卻全程冷水沒有熱水，真是讓人感到失望。,2,1,-1,148,,2021/05/06,0,負向
儘管這個地方很大，但營區的規劃過於緊湊，導致缺乏活動空間。活動區域也沒有樹蔭，很容易過熱。如果人數太多，衛浴設施顯然不足，需要排隊洗澡。儘管有螢火蟲和可以玩的溪水，但比這個營區更好的露營地還有很多。,2,1,-1,149,,2021/05/06,0,負向
建議營主應該增加洗碗槽和插座數量，同時處理熱水出現忽冷忽熱的問題。另外也建議在晚上十點後限制噪音，因為遇到隔壁房間的人半夜十二點還大聲談話。與他們溝通後有短暫改善但很快又變成原狀，其中一位更是一直吹噓自己的業績成長多少倍，要求其他人多學習，造成噪音困擾。,1,1,-1,176,,2021/05/06,0,負向
這間浴室真的有一些問題，不是嗎？浴室內的狀況讓人有點困擾：洗澡時水溫難以調節、排水不良，再加上碎石太多，洗碗槽也太小了。,1,1,-1,190,,2020/05/06,0,負向
營地條件很糟糕，廁所超級骯髒，只有一間衛浴可以洗熱水，卻要收取1200元。,1,1,-1,204,,2020/05/06,0,負向
這個露營地沒有熱水，廁所很髒，設施也很不完善，收費卻貴且不值得，讓人留下非常糟糕的印象，不建議再前往。,1,1,-1,205,,2020/05/06,0,負向
雨後草地變得泥濘是因為排水系統不佳。,2,1,-1,207,,2019/05/06,0,負向
熱水不太穩定，不建議使用。,1,1,-1,209,,2019/05/06,0,負向
簡單來說，規定禁止在營區唱卡拉ok或使用高分貝音響，不幸的是這樣的情況卻在我們這裡出現了。人們一直唱歌唱到晚上11點，其他區域則仿效並持續放歌。同時在營區外還有施放臭肥，散發出難聞的氣味，吸引了許多蒼蠅。晚上有提供桂圓銀耳甜湯加分的服務，但希望營地負責人日後能夠配合制止這樣的情況，以免損害營地的聲譽。,2,1,-1,279,,2024/04/06,0,負向
"1. 營主非常熱情，在這麼炎熱的天氣裡，準備了清涼的點心。
2. 營主也相當專業，在標榜著各種不同的小黑蚊加減，但我們前三名的點數卻是34、33、19，讓我很好奇老闆究竟認為多少才算多。
3. 廁所非常乾淨又寬敞，共有四間，但當小昆蟲或小寵物出現時要多加留意。
4. 喜歡釣魚的朋友需小心，釣了幾條魚後要妥善處理，因為老板會透過監視器監控，觀察是否藏匿了他的魚。當需要召喚老板時，其實只需在監視器前揮揮手，他就會過來。感謝這個露營區，讓我創下被小黑蚊叮咬的紀錄。",1,1,-1,334,,2023/05/06,0,負向
明明知道螞蟻在繁殖期會增多，卻沒有提醒，從而影響了露營的體驗。,1,1,-1,373,,2021/05/06,0,負向
這個營區讓人不想再造訪，炎熱的夏天最好避開，下午可能會有雷陣雨，季節性排水問題會暴露出來，泥濘的路面影響到露營者的放鬆心情，需要進行改善。,1,1,-1,375,,2021/05/06,0,負向
在洩水道旁搭建草地營地可能不是最理想的選擇，因為下雨時會有大水溝出現在旁邊。營區的管理者或許需要考慮是否選擇設在水槽旁邊會更合適。,2,1,-1,376,,2021/05/06,0,負向
露營了60天，遇到了一個很特別的營地，雨棚就搭在營主家門口，營主家人經常從旁邊出入，完全沒有隱私。明明租了營位，卻無法充分利用空間，還得留條走道給他們通行，造成搭帳空間壓縮，實在不太理想！,1,1,-1,417,,2024/04/03,0,負向
園區有人放置捕獸夾，有攜帶寵物的人要小心。,1,1,-1,467,,2024/02/06,0,負向
這個地方有些讓人失望，之後可能不會再來了。大家都希望在跨年時心情愉快，但這裡好像有太多限制和規定，要講什麼都要看法律。難道我們花錢來這裡只是想睡覺嗎？給你六顆星，這已經很多了，可以再多加一顆嗎？,1,1,-1,468,,2024/01/06,0,負向
10/7~10/9的5+8帳（二區）連假預訂因颱風即將來臨被取消，雖然營主不給延期並扣除60%訂金，但不合理的是未使用裝備全額不退。詢問營主時指稱裝備由廠商代訂，但實際裝備一直存放於營地倉庫內，讓人無法理解。對於營地排水不良導致帳蓬進水的問題，營主卻避而不談，僅提到戶外地區難免淹水，讓人感到無能為力。這樣的處理方式讓來過的人對該營地感到困惑，建議未來訂營位前應多加留意營地評論，以免遇到類似問題。,1,1,-1,475,,2023/10/06,0,負向
露營地沒有提供垃圾桶，需要自行將垃圾帶到廁所外的垃圾桶丟棄，而且營主未事先告知季風問題，強風導致帳篷和營餐區遭受損壞。地板是石頭，難以釘營釘，也可能因連假期間電壓不足。前往露營的朋友需考慮這些情況！,1,1,-1,482,,2023/05/06,0,負向
這次露營經驗相當糟糕，營位環境不佳，營位地面堅硬兼難釘難拔，且缺乏基本的安全設施。夜間溫度接近零度，卻沒有提供足夠取暖設備，最終導致小朋友感冒。營主服務態度不佳，要求賠償無理，最後甚至停電，讓露友無法使用電器，只能依靠煤油暖爐。這樣的營地服務及設施讓人卻步，絕對是值得列入黑名單的營區。,1,1,-1,486,,2023/05/06,0,負向
"1. 開始與老闆聯絡時都很客氣，但付款後他的態度突然轉變。
2. 朋友家人臨時離世，無法前往露營，營地主人不斷要求提供證明才能辦理退款。我能理解需要提供相關資料，但在收到訃聞當天要求證明未免有點過分，沒有人會拿這事當開玩笑。
3. 到達露營區後，花了兩個小時才搭好帳篷，營地主人卻立刻來收尾款，讓我感到很糟糕。
4. 租借床墊時發現有漏氣問題，換了還是漏氣，營地主人管理上有待加強，竟然還生氣地說：「知道會漏氣就不要租了！」
5. 垃圾桶離露營區很遠。
6. 淋浴水溫不夠熱，冬天不建議在此露營。",1,1,-1,487,,2023/05/06,0,負向
對於裝備不足的露營者來說，這個情況確實令人感到失望。朋友租借的充氣床一直漏氣，必須在半夜時致電給營區負責人。營區負責人儘管過來替換，但其態度和口氣卻非常惡劣，並且更換後依舊有漏氣情形。最終整個家人只好睡在硬硬的地面上，租賃費用有時要求收取有時又說不用，態度反覆且極其惡劣。最終他們直接告訴我們不要再回來了，這是我們第一次碰到這麼糟糕的經驗，必須向裝備不足的露營者們提供反饋。,1,1,-1,489,,2023/05/06,0,負向
營區冰箱可能存在漏電問題，導致有人觸電。營主在處理這個問題時表現得消極並且態度不友善。,1,1,-1,490,,2023/05/06,0,負向
"1. 我租氣墊床時發現有問題，叫店主來替換。但他態度很差，而且沒處理好問題，結果整晚都得睡在石頭地板上，經驗非常糟糕。
2. 早上結賬時，營區工作人員說租借的帳篷和客廳帳不用結算，因爲要曬乾設備雨天濕了。過了一陣子，店主過來說設備還是要收，我們跟他溝通，因為之前被告知不用結算。店主說他是老闆，他說了算，便離開了。我們便開始整理設備，過了一會兒，店主又跑來說：「所以你們不收裝備就對了？」正在整理裝備的我們感到非常錯愕，這店主難道眼睛有問題嗎？這家營區的服務讓我們很失望，再也不會再來了。",1,1,-1,491,,2023/05/06,0,負向
這次帶團露營真的很不愉快，營地下雨積水，我向營主反應，但營主卻一直找藉口說尖石的營地就是這樣。營地裡的釘子敲歪了好幾支，也沒有垃圾桶，垃圾要自己拿到廁所丟。晚上貓把我收好的垃圾咬破，垃圾散落一地，早上營主看到後很不客氣要我趕快清理，我卻剛發現亂掉的垃圾，有點難過，好像是我們亂丟垃圾一樣。不到中午十二點就一直抱怨收拾垃圾花了太長時間，就算我有付了營地費，時間還沒到啊。到底是怎樣，營主就可以拿走錢，隨便改變時間就對了嗎？不太建議這個營地，雖然風景很美，但營主的態度不友善，營地也有問題。我希望跟我一樣注重露營要快樂的人，不要花錢買罪受。會給一顆星星，至少營區風景漂亮，不能否定。我們離開時有錄影證據證明我們沒有丟垃圾在地上，這是戶外人應有的品格。,1,1,-1,492,,2023/05/06,0,負向
"1. 搭帳的時候釘子很難打，許多釘子都敲壞了。
2. 只有在浴室才有垃圾桶可以丟垃圾。
3. 廁所只有在清潔時很乾淨，之後就很髒，感覺沒在保養，廁所沒有補充衛生紙。
4. 排水系統很差，下暴雨的時候雨水會沖進帳篷，水無法排出去。",2,1,-1,498,,2023/05/06,0,負向
"原本計畫參加萬聖節走秀活動，卻因突如其來的大雨而變成了摸蜊兼洗衣服的經歷。雨水讓帳篷瞬間變得濕答答的，我家前後環繞著小河，讓我擔心會漂浮在河流上。帳篷積水不斷，我只能採取類似大禹挖水道的土法方式處理，但看起來似乎沒什麼效果。這場雨不如前幾天北部暴雨的狂烈，因此我們決定在提早雨中拆帳篷，以免深夜驚醒全家人更加恐慌。儘管這場雨讓人感到不安，但在雨前的體驗其實都還蠻不錯的。對了，釘營釘真的很難打（也許是因為我用的工具不好，而且力氣不夠）～""～",2,1,-1,499,,2023/05/06,0,負向
下雨時排水不良，如果嚴重積水，想要學挖溝技能的話可以趁著雨天來練習！別忘了先在蝦皮買好鏟子。,1,1,-1,500,,2023/05/06,0,負向
營區排水出了問題，泥水都淹在帳篷裡面，無法再流出去。別人在乾爽地方收拾東西，而這裡卻要提早收拾。原來露營要帶鏟子。,1,1,-1,501,,2023/05/06,0,負向
上週參加了一個親子露營活動，去了印象尖石。星期六白天的天氣還好，但下午四點開始下雨，不到半小時各個區域就開始積水。營地根本沒有排水設施，地面還是石子難以排水。營主也沒有採取有效措施，導致所有區域都積水，無法搬移這麼大的營地。活動主認為這是天災，不該怪責營主，但活動主難道不應該事先評估雨天積水的情況嗎？小朋友無法參加活動，無法得到糖果，於是為了避免感冒我們決定撤營。由於大家不知道雨何時停，許多人已經開始撤營。我們付了營地和活動費用，卻換來小朋友的不愉快、狼狽的狀況，以及滿腹怨氣。,1,1,-1,502,,2023/05/06,0,負向
這個營地雖然有停車方便的優點，但卻存在嚴重的排水不良和沒有提供護草墊的問題。梯田式地型越低的營地環境越差，我們上次營地遇到大雨時，水根本無法排走，下雨只要3分鐘整個帳篷就淹水了，整個營區都變成小河流。露營的朋友們不得不自己動手挖溝來拯救帳篷，這是我們第一次遇到這麼糟糕的情況，整個營區的露營者都在當晚撤營回家，這真是一次非常糟糕的經驗，絕對不建議在下雨天去的營地。,1,1,-1,503,,2023/05/06,0,負向
請注意: 雨天時容易積水，營區設施可能存在問題，特別要注意淋浴熱水供應。,1,1,-1,504,,2023/05/06,0,負向
這個場地的排水有問題，會造成嚴重的積水，反映過後卻沒有人理會，只能自己想辦法了。,1,1,-1,505,,2023/05/06,0,負向
茄苳D區排水情況不佳，積水嚴重。第一次下雨時積水過深，業者取消了訂單（後來整個露營區的遊客都選擇取消訂單），營地地面是草皮和石頭混合，石頭底層較大造成釘植困難，遇到下雨時要多加考量。,1,1,-1,506,,2023/05/06,0,負向
排水系統不良、地面不平整，沒有草皮作為保護導致積水，營地管理方的態度並不積極。,1,1,-1,507,,2023/05/06,0,負向
這次露營活動在4/30至5/2，共計三天兩夜。我們是第一次參加學校的團隊活動。我們自己帶了登山野營帳篷，在搭建時遇到很多小石頭，營釘不好插，向營區工作人員借了鐵槌。有位女生工作人員跟男生（不確定是否老闆）建議我們多換個位置。第二天我們回到營地想要洗個熱水澡，卻發現水溫一開始燙後來變冰水，結果在只有13度的天氣裡洗了冷水澡。回家後才發現雨傘忘在他們入口處的長凳上，給他們打電話詢問，接電話的男士說營地找不到任何東西。整體而言，這次露營體驗並不是很愉快。,1,1,-1,517,,2023/05/06,0,負向
週末連假我和一群朋友在露營地度過三天兩夜。一開始覺得環境不錯，浴廁也算乾淨。雖然遇到跳電和水溫問題，但我們沒有抱怨。不過最後一天，營地突然要求我們在雷雨中將帳篷收好，並在1點前離開，營主也不友善地監督著。一些朋友由於下雨臨時租了帳篷，後來冒雨回來處理時被責罵。離開後營地還打來說不回去收帳就報警。我們感到抱歉，但也覺得營地的處理方式太過刻薄。雖然營地設施有問題，我們也忍耐過去了。但如果有遺漏，營主可以友善提醒，沒有必要如此對待。整體營地不錯，可惜因營地管理者態度問題，我們很可能不會再回去露營了。,1,1,-1,520,,2022/05/06,0,負向
這裡的水溫變化很大，只有非常熱和非常冷兩種選擇，而且經常跳電。,1,1,-1,523,,2022/05/06,0,負向
老闆說話的口氣很嚴厲，遇到停電、洗澡水溫不穩等情況，前往服務中心詢問卻被諷刺，甚至經過進營地的路都有落石，十分危險。,1,1,-1,524,,2022/05/06,0,負向
入住三天兩夜，洗澡時總是只有冷水，讓小孩冷得發抖。老闆似乎對三位客人不夠友善，更糟糕的是無法直接開車到預定的位置。第一次見面時態度很差，問客人「你是哪位？」更讓人覺得生意太好而服務零。付款時老板的態度也很為難讓人接受，整體印象一塌糊塗。給人一種尖酸刻薄的感覺，真是太傷人心了。,1,1,-1,525,,2022/05/06,0,負向
廁所浴室的數量有限，有四間浴室和四間廁所供多個區域共用，因此在使用洗澡和早晨時可能需要排隊等候；熱水供應時常不穩定，會有冷水或熱水不穩定的情況發生；此外，房東的態度也相當惡劣。,1,1,-1,529,,2022/05/06,0,負向
營主的態度很差，甚至說要趕客人離開山區。,1,1,-1,530,,2022/05/06,0,負向
營地主人的態度很差，並且經常要求客人離開還有限制停車位？這真是令人無法理解。,1,1,-1,531,,2022/05/06,0,負向
去了三天兩晚跨年，熱水一直不夠且不穩定，反映給旅館老闆的感覺並沒有改善，回應也冷淡，廁所雖然有清潔，但第一天就很髒，沒有留下好印象，真是可惜，每個區域都客滿。,1,1,-1,532,,2022/05/06,0,負向
場地草皮的設計相當不錯，但熱水供應似乎不太穩定......洗澡時只有8度的冷水......太冷了！,2,1,-1,534,,2022/05/06,0,負向
在這周的露營活動中，我們租了露營區的帳篷。其中客廳帳的一頂已經不防水，滴水相當嚴重。在下午四點時我們請老闆來檢查，但工作人員卻直到晚上七點雨才停下來。他們先擦拭裡布並仔細檢查是否有破洞，表示沒有破洞就要離開。然而我們強調這是由於防水塗層失效所導致的問題，因為另一頂帳篷並沒有這個問題，要求更換。老闆則一再強調這是正常現象，客廳帳內部本來就會滴水，並表現出強勢輕蔑的態度，完全不理會客人的反應，堅持自己的觀點，並表示錢難賺。查看過往的評論，我發現處理問題的方式確實和我們這次的經驗很相似，不小心已經讓老闆慣壞了。這次在露營區雖然美麗，但當遇到問題時會讓心情變得疲憊。,1,1,-1,538,,2022/05/06,0,負向
營地整理很不賴，但管理人員的服務態度非常糟糕。入住時發現65號左右的營位冰箱擠得滿滿的，收尾時提出冰箱應該劃分區域來使用的建議，他說無法做到，還建議我們早點到營地。所有區域都沒有垃圾桶，需要自己清理，他說人手不足，問我有何想法。,1,1,-1,548,,2022/05/06,0,負向
這次露營經歷並不愉快，因為營地的地面過硬不易釘鐵樁，而且晚上到早上都非常風大，讓帳篷幾乎被吹飛，無法好好休息。此外，浴廁的沐浴熱水溫度起伏不定。和營主討論後感到無奈，總之這次露營並不理想，不太建議朋友來這裡。,1,1,-1,554,,2021/05/06,0,負向
營區有太多用電器導致半夜跳電，直到早上9點才恢復電力。廁所很髒，還有許多蜜蜂。,1,1,-1,561,,2021/05/06,0,負向
尖石營地給我的印象非常不好，第一次也是最後一次。地板堅硬到讓手痛，營地空間極小，營主還一直收取額外費用，營位擁擠到幾乎連成一片，連停車位都沒有給好，大家都亂停亂插。每個區域至少有40個帳篷，卻只有一台冰箱和8間浴室供大家使用。,1,1,-1,572,,2021/05/06,0,負向
洗澡時，水溫不穩定，小孩被燙到哭了，至少還能用水桶裝水幫小孩洗澡。,1,1,-1,579,,2021/05/06,0,負向
營地地形石頭很多，營釘難以釘下去，一旦風大就會把營釘吹走，下次不打算再去了。,1,1,-1,584,,2020/05/06,0,負向
到達目的地後發現預約的位置已經被取消，感覺很不愉快，但當我付款時他們有道歉。另外，浴室的花灑爆開了，水到處亂噴，但小孩的遊樂設施卻很吸引人。,1,1,-1,593,,2020/05/06,0,負向
營區都是石頭地，普通釘子插不進去，晚上沒有熱水，洗澡洗到一半就冷死了。,1,1,-1,597,,2020/05/06,0,負向
車子在前往目的地的山路上遇到困難，無法往上行駛。,1,1,-1,624,,2019/05/06,0,負向
營區坐落於山區的鞍部，受到季風的影響，內部容易形成強烈的異常風，營主應該對這裡的地形特性有所了解，提供必要的協助與建議。在十一月份已經連續兩次遇到強風吹斷營柱，讓人半夜驚醒。,2,1,-1,765,,2017/11/21,0,負向
假日放鬆的好去處，可以前往觀賞美麗的夕陽的營地。,1,1,-1,813,,2017/05/02,0,負向
這個地方的管理欠缺，禁止卡拉OK的規定沒有得到有效執行。如果你想找一個高品質的露營地，這個地方不是一個好的選擇。,1,1,-1,1263,,2023/11/07,0,負向
明明就已經宣布禁止唱卡拉OK了，為什麼還容許某個區域的營地在晚上唱超級走音的噪音呢？那麼其他人為何還要守規矩？,1,1,-1,1264,,2023/11/07,0,負向
和露營地主人是好朋友，在同一個區域露營遇到了些不如意的事情。雖然露營地主人非常友善，但最後一天當我們在整理物品的時候，露營地的工作人員也來幫忙。可是他們把我們的洗碗精和洗碗布當成垃圾丟掉了，起初問工作人員時他們否認拿走了，直到我們找地主時，工作人員才去撿回來給我們。大家已經很忙地在整理東西準備離開時，工作人員還一直跟著我們收拾！有時候他們稍晚一點收拾不代表他們不想要。我們的延長線差點不見，問工作人員都說沒有拿，我們真的找不到，只好請地主幫忙，最後在共用空間找到了。還好我們當場知道少了什麼，要不就會被拿走了。另外，如果沒發現的話，附近玩水區域和廁所附近都聞得到濃濃的二手菸味，要帶孩子去玩水的父母們要特別注意。另外，有位朋友帶著狗一起露營，可是他們的行為並不雅，讓狗在別人的區域亂大便，也不清理。還要忍受他們不好聽的音樂和大聲的笑聲，一直持續到凌晨12點。,1,1,-1,1288,,2023/06/07,0,負向
水很有趣，但是在營區周遭一直聞到有人吸菸，味道很刺鼻非常難聞！,1,1,-1,1289,,2023/06/07,0,負向
在收東西的最後一天，營地雇用的員工也跟著我們一起整理營區，可是我們還沒離開耶！有點誇張！他們把我們的洗碗精、菜瓜布甚至延長線都丟掉了；連被我們找到的時候，員工還是不承認拿走，直到我們向營主確認，他們才去撿回來。收拾時，他們跟在我們後面收東西，有時候晚收不代表不要，何苦亂動他人物品，沒水準，沒教養。在水區附近，總聞到煙味，還要叫每個人去闻，違反禁菸規定！另外，營主的朋友帶著狗去露營，竟然讓牠隨意在營區亂拉屎，也沒有清理，缺乏道德品行！這次真的倒楣，跟營主的朋友同區，要忍受他們吵雜的歌聲和嘈雜的笑聲，直到深夜12點。,1,1,-1,1290,,2023/06/07,0,負向
聽說新的營地負責人在C區嘗試調整水溫後，打開車門就聞到一股腐爛泥土的味道，讓人感到擔心。6月25日至26日，當地下了約100毫米的豪大雨，導致C區地面全部積滿了水無法消退，直接變成爛泥坑，一踩下去就黏住了拖鞋，還造成小朋友不斷滑倒。營地負責人和老闆娘為了應對這個情況，把全區的護草墊都搬過來，我第一次露營就在小包區鋪了26片護草墊。雨過天晴後，我去了A區、B區和D區，發現一點也沒有積水，只有C區還有大約5公分高的積水。營地負責人答應我們會做出改善，若果真能有所改善的話，我會再給予5顆星的評價。,2,1,-1,1348,,2023/05/07,0,負向
熱水溫度時冷時熱，熱水10秒冷水1分鐘，淋浴太痛苦了，還有沒有整理過的衛生棉？,1,1,-1,1379,,2022/05/07,0,負向
錢固然重要，但最重要的是我租的地方，廁所沒有整理，兩間牆上黏著女生的衛生棉，還有一間沒熱水，另一間熱水調節不了。,1,1,-1,1381,,2022/05/07,0,負向
網友說的情況真是不優！環境髒亂，蒼蠅和蚊蟲很多，下山後很多人皮膚都過敏或被咬，水壓也不穩，燙或冷的問題。整個營區像個冰箱，四帳包場只有一間廁所，而且還沒有衛生紙。總結來說，非常不值得推薦，尤其是有小孩的家庭。,1,1,-1,1384,,2022/05/07,0,負向
露營已經七八年了，之前沒有遇過像這個營區這麼多蒼蠅的情況。白天有很多蒼蠅，晚上則是充斥著小蟲。廁所沒有提供衛生紙，熱水溫度要麼太高要麼太低，調不好。根據評論，這種情況似乎從未有所改善。我們所在的四帳包D區非常擁擠，小孩子幾乎沒有地方可以玩耍。令人驚訝的是，整個四張包區只有一間廁所和一間浴室。總的來說，我不建議這個地方。,2,1,-1,1385,,2022/05/07,0,負向
環境很髒，蒼蠅很多，連續三天兩夜沒有按時整理清潔。,1,1,-1,1386,,2022/05/07,0,負向
看到之前在Google上看到的評論感到擔心，但實際到現場才發現網友的評論是公正的！廁所沒有提供衛生紙，晚上還停電不開燈。水槽也沒有清潔，沒有照明，也沒有廚餘桶。浴室裡幾間有積水且沒有熱水，生態池味道超級臭，A區塞滿了12間帳篷，非常擁擠，而另一個角落則像荒地般亂七八糟，因為空間不足只能塞進一個帳篷。還好有朋友陪同，不然這個228連假的旅程可就完全毀了。,1,1,-1,1390,,2021/05/07,0,負向
營地官網上說浴廁設有衛生紙及沐浴乳，實際上廁所沒有衛生紙，而沐浴乳也未補充多久。洗澡時水溫幾乎是冷的，在3天2夜的露營中，浴廁及垃圾桶完全沒有清潔。且發現有少許蟑螂和蒼蠅。總括來說，儘管設施還不錯，這個營地實在令人遺憾。,2,1,-1,1391,,2021/05/07,0,負向
總括而言，這個露營地主人態度不友善，廁所缺乏衛生紙且有異味，草皮沒有好好維護，燈光不夠明亮。總之，我不建議大家前往露營。,1,1,-1,1392,,2021/05/07,0,負向
抵達營區後發現衛生狀況糟糕，洗手槽髒兮兮，草皆未打理，前人留下的殘渣未清。與TOP區確認獨立冰箱事宜後，卻發現僅在本部且距離遙遠。營區充斥許多會飛的小蟑螂，甚至大隻的也有。兩晚露營期間，廁所未被清潔，也未提供衛生紙。營主只在收費時現身。友人租借的帳篷和睡袋全被濕透，向營主反映後更換，但這是一次糟糕的體驗。,1,1,-1,1393,,2021/05/07,0,負向
環境有待改善，河道裡有很多雜物，廁所內垃圾滿地，浴室用水變冷，工作人員少見，午後下雷陣雨造成積水。,1,1,-1,1395,,2021/05/07,0,負向
室外雨勢很大，衛生間內有少許漏水，露營區排水系統不太好，導致積水嚴重。,1,1,-1,1396,,2021/05/07,0,負向
衛浴沒有提供衛生紙，戲水區也不夠乾淨。營區比較狹小，並沒有草地保護墊，還有許多小蟑螂。,1,1,-1,1397,,2021/05/07,0,負向
這段地方的衛生狀況真的很糟糕，不僅沒有人在夜晚接待，廁所也沒有及時補充衛生紙，不僅有一堆蟲，馬桶還塞住了。洗澡間的水更是時冷時熱，只因為天氣熱才勉強接受。兩天兩夜沒有人打掃廁所，只是隨便丟一點衛生紙，連招呼也沒有打。更糟糕的是，之前所說的飄飄河呢？怎麼變成一堆青苔和樹葉的廢墟了？場地雖小也許可原諒，草地也許沒有茂盛也許可以忍受，就算是小強到處亂逛也還好，但飄飄河這樣子，根本無法玩水！難道我們不是來此當客人的嗎？是以這麼髒的飄飄河也是孩子們期待已久的活動，否則可以提前通知讓我們有所準備。差一點我就穿上泳衣，拿著水槍和泳圈，以及玩手機及其他活動...,1,1,-1,1398,,2020/05/07,0,負向
露營區非常擁擠，除了水上活動之外，小朋友沒有太多草地空間可以玩耍。,2,1,-1,1403,,2020/05/07,0,負向
很遺憾，在土牧驛附近的這家營地相比，缺乏經營的用心。我們露營的經驗包含浴室熱水不穩、水道長滿青苔，而且有許多小蟑螂（在其他山區營地很少見），水槽也是要求營地老闆才會清潔。非常可惜這個美好的地方，尤其在進行比較後。我甚至在經過營地辦公室時聽到營地老闆自豪地告訴遊客本週已經客滿，希望他們能努力維持高品質水準。,2,1,-1,1416,,2020/05/07,0,負向
營位位置在馬路旁，空間有點小。建議在每個帳篷前設置流理台會更便利，共用的廁所有點遠，希望能保持水池的清潔。提供飲水機、過濾系統、烘乾機，還有提供優質的洗髮精和沐浴乳，非常棒！,2,1,-1,1417,,2020/05/07,0,負向
營區附近區域的情況：水上活動區域及廁所附近聞得到濃重的煙味，家長們需注意讓孩子玩水。一位帶狗的露營者讓狗亂拉並不清理，且他們的噪音與狗大便引起不適，雖然我們忍受了一晚，但有丟東西的狀況發生，值得警覺。,1,1,-1,1440,,2023/05/15,0,負向
這段故事講述你和營主的朋友一起在露營區露營的經歷。在離開時，你們的洗碗精和菜瓜布被誤放到垃圾桶，最後經過一番折騰才找回。不僅如此，你們還幾乎遺失了一條延長線，直到請營主幫忙才在共同使用的空間找到。這段故事強調了在忙碌中容易有遺失物品的情況，也提醒我們保持警覺，避免遺忘。,1,1,-1,1441,,2023/05/15,0,負向
浴廁很骯髒，且有許多蟑螂的營地。,2,1,-1,1474,,2020/08/21,0,負向
看起來管理不盡責。廁所沒有清潔過。,2,1,-1,1477,,2020/05/07,0,負向
提升水槽清潔的品質和草坪的維護工作。,2,1,-1,1483,,2019/09/09,0,負向
"1. 由於衛浴空間很小，要如何幫小朋友盥洗？

2. 露營區沒有護草墊，草地爛泥巴怎麼處理裝備？

3. 洗台很少，真的很可憐！！

4. 廁所真的太髒了！！",1,1,-1,1519,,2024/04/23,0,負向
"1. 我透過露營樂系統預訂了D區碎石區1帳，系統顯示該區只有3帳，但當我到達現場下午2點時，發現已經有3帳了，我成了第4帳。詢問營地主人是否發生錯誤，他卻堅稱是4帳。我當初選擇D區是因為看系統只收3帳比較寬敞，但現場卻超收了，導致隔壁露友的小孩一直在我的區域玩拋接球，空間明顯不足。我很在意空間問題，覺得被硬塞一帳有被欺騙的感覺。(照片中可見有4帳)
2. 至於洗手間，衛生紙堆滿了，看起來不太舒服。不過洗澡水倒是有穩定的熱水。3. D區沒有護草墊，導致帳篷地布受損，其他營區我住過都有提供。4. 飲水機的水量有點可憐，比滴水快一點而已。5. 傍晚蚊蟲有些多，前面露友提到的驅蚊線香也沒看到。6. 營區的垃圾桶只放在少數幾個地方，也沒有廚餘回收桶，對像我這樣來自北部的露友來說相對不太習慣。",2,1,-1,1533,,2023/05/07,0,負向
事先約好了時間，到達現場後改變主意了！雖然說可以等，最後仍然沒有實現。反而安排我們露營在灰塵飛揚的桌子區域？回答不切題、蚊蟲叮咬、環境骯髒！,1,1,-1,1542,,2022/05/07,0,負向
沙坑球池和熱水池讓小朋友們玩得很開心，但建議老闆在沙坑周圍加個沙圍，否則風吹時容易把沙吹進帳篷地墊。此外，C區後面有一條死水溝，小黑蚊特別多，建議處理一下水溝。整體露營感覺不錯！同時提醒露友們丟棄仙女棒等廢棄物，以免造成安全隱患，老闆的後續清理工作也應該加強，以免小孩受到傷害。,2,1,-1,1585,,2019/05/07,0,負向
我認為最大的問題在於晚上11點後，營地管理者完全沒有控制音量，讓人無法入睡。我誠摯建議營地管理者能夠採取行動，提升露營的品質，吸引更多品質高的露營者。另外，露營地點位置很好，離下山採購點也不遠，大約15分鐘路程就有一間全家便利商店。場地很寬敞，草地保養得很好，景觀也相當美麗，最上層還有一家餐廳。,2,1,-1,1746,,2024/04/16,0,負向
營地的環境非常美麗，草地打理得很好，廁所也保持得很乾淨。遺憾的是，因為燈管臨時壞掉，營主借給我們燈串，人也很親切。唯一讓人不能接受的是，有狗大便遍地，引起了我們的困擾。我們提醒遛狗的小女孩要清理，但他們沒有回來。我們最後還是自己動手清理，希望營主能重視這個問題。,1,1,-1,1756,,2023/06/07,0,負向
在這個露營區，周末的環境很好，但有一個問題就是帳棚區附近常常有狗大便，影響到我們的住宿品質。我們已經提醒了遛狗的小妹妹清理狗便，但仍然沒有得到解決。這是否意味著營主應該更積極地維持環境的清潔呢？,1,1,-1,1757,,2023/06/07,0,負向
"優點：1. 靠近三義市區，車程15-20分鐘
缺點：1. 營區位於山路旁，早上半夜會有人跑山造成困擾；2. 營區共有5-6層區域，30-40個帳篷區域，只有入口營本部有冰箱，是否太過省吃省用？夏天拿東西可能會很不便；3. 某些層數的營位太短或太窄，搭帳篷後無法在山景前擺放客廳帳篷，後方也沒有空間通行，建議營址不要因賺錢而擁擠；4. 營區有柑橘樹，若1-5營位沒人露營，為何不修剪樹枝？偏偏要在週末修剪，機油味及噪音會造成困擾。",1,1,-1,1772,,2023/05/07,0,負向
這個地方曾經是個溫馨舒適的遊憩勝地，但隨著管理者的野心漸增，卻忘記了原本吸引人的魅力... 雖然收取入場費100元不算很多，卻使與遊客之間的距離逐漸拉遠了...,2,1,-1,1773,,2023/05/07,0,負向
這裡有很多蟲子，水溫時冷時熱，營區裡有許多狗在不停地吠叫，廁所很少需要排隊。,2,1,-1,1778,,2023/05/07,0,負向
我們這次露營選在第九區，風景非常美麗，露營地主整理得很乾淨，親切熱情地招待我們。不過生態環境很豐富，蟲子很多，甚至還被藍鵲的尾巴掃到，有很多會飛的小蟑螂、蚱蜢。草地雖然美麗，但是草太高了，導致蟲子也很多。建議在廁所的洗手台多裝一盞燈，早上會聽到一些施工聲、大聲的蟲鳴、鳥鳴和狗叫聲，淺眠的人要戴耳塞。插座吹風機用時會有閃燈現象，需要注意安全感。露營地區域蠻大，建議攜帶長一點的延長線。以上僅為個人經驗分享，怕蟲的人可能不太適合。總的來說，給予兩顆星是因為環境優美，露營地主親切有善。,2,1,-1,1781,,2023/05/07,0,負向
雖然草叢很茂盛，但排水情況不佳，整個地面都泥濘濕滑！戶外本來就有許多昆蟲在飛來跳去，但卻常常出現蟑螂在桌子上與地板下爬來爬去，實在太讓人煩惱了！再者，若有養狗，務必要好好管理牠，不然隨時會對客人狂吠不止，假如嚇到小孩，甚至讓他們驚慌失措跌倒，這種情況該怎麼處理呢？這樣的狀況一次就夠了，謝謝！,1,1,-1,1782,,2023/05/07,0,負向
在營地，花草的維護做得相當好。我們租的營地是沒有木棧板的，因為下了超級大雨，整個營地都變成了一個泥濘池，帳篷區淹水後一整天腳都沒有濕的時候。更令人崩潰的是，到處都是滿滿的小蟑螂（而且會飛），無論是帳篷裡外都瀰漫著蟑螂，而且帳篷也因為泥水損毀了。儘管環境植物很美，但因為沒有其他服務，只開們放行且收費後讓我們進入，所以給予場主只有2顆星。整個場地滿是泥濘與蟑螂，所以評分只有1.5顆星，如果下雨天非常不推薦，而且如果沒有租到木棧板地區也會很多蟑螂，不推薦。總體而言，我個人體驗只能給予1.5顆星（與商家無關）。,2,1,-1,1783,,2023/05/07,0,負向
不建議入住這家旅館，因為老闆態度不友善。特別要注意如果有寵物的話，要事先打電話詢問是否允許攜帶寵物，因為到了現場才被收取300元。浴室和廁所都很髒亂，水龍頭溫度不穩定，洗澡時還能聞到不好的味道，總體來說真的很糟糕。,1,1,-1,1786,,2022/05/07,0,負向
蚊子真的很多！而且營區提供的冰箱味道怪異，而且冷度也不夠，即使放了保冷磚一整晚也結不成冰。,2,1,-1,1788,,2022/05/07,0,負向
整體來說環境不錯，沒有什麼可以挑剔的地方，設施齊全。唯一讓人難以接受的是在2021/11/20（週六）露營時，有一區超過晚上10點還有人放音樂、大聲談話以及打電話，即便向老闆反應，老闆也只說讓他們安靜一點，但持續到晚上11:30才安靜下來，造成睡眠困擾。若非這個問題，整體評價會給予四顆星。,2,1,-1,1795,,2022/05/07,0,負向
營地主人非常熱心！他會帶著狗來「關心大家」，同時讓狗狗方便一下。（或許是為了確認人數與帳篷數）,1,1,-1,1798,,2022/05/07,0,負向
營地經營者很友善，環境也很舒適，但晚上的蟑螂實在太多了，而且還會飛。對於蚱蜢和蛙類還可以接受，但一晚上抓了20多隻蟑螂實在太誇張，原本愉快的氣氛被大大影響了。希望能改善這個問題。,2,1,-1,1820,,2021/05/07,0,負向
營地主人很貼心，主動告知有青草茶可以品嚐，草地翠綠迷人，晚上可欣賞星空！但近三天有許多飛行小蟑螂搗擾，飛到食物、人和帳篷上，讓害怕蟑螂的同伴無法放心放鬆，我們一直留心食物和餐具以免被蟑螂碰觸；各營區相對較近，噪音容易互相干擾，擔心打擾到其他露營者；底下營區偶爾會飄來刺鼻的廁所氣味，但不常且不久，所以並未告知主人。交通和車輛操作便利度高，冰箱也很大，滿足大部分露營者的需求，但對於怕蟑螂和在意隱私的人需謹慎考慮。,2,1,-1,1821,,2021/05/07,0,負向
這次在三號區的營地，雖然營主很熱情親切，但是有太多會飛的蟑螂！其他蟲蟲還好，但是蟑螂讓我崩潰。下面區的廁所臭味又很嚴重，衛浴間稍微不足，燈光昏暗且蟲蟲多。營區小且帳篷位置相對靠近。怕蟑螂的人要慎重，但不怕蟲的話這營地還不錯。因太怕蟑螂又會飛，露營期間整時警戒，所以給一顆星⋯⋯,1,1,-1,1822,,2021/05/07,0,負向
為什麼即使我一大早進去找露營的朋友，還是需要付費？,1,1,-1,1837,,2020/05/07,0,負向
老闆為了避免得罪遊客，要求我們勉強接受超額訂房費用。一星期前，老闆告知我們包區將多一個房間，我們也照做了。然而，跨年連假卻有三位陌生人硬要進入我們包區的區域，他們堅持是訂位系統的問題，事後查證卻發現是營業主沒有確認他們的身份就讓他們進入。我們感到委屈和不舒服。,2,1,-1,1867,,2018/05/07,0,負向
這個露營區維護良好，浴廁乾淨且提供充足熱水，營主態度友善，還提供自煮飲料。唯一遺憾的是，狗屎問題影響到整體體驗，希望營主能重視這個問題。,2,1,-1,1887,,2023/05/19,0,負向
這個地方曾經是我們同學每年見面的好地點，然而隨著生意興隆，店主似乎忘記了最初的初衷，對顧客的服務也變得漠不關心。連假日的基本檢視都草草了事，甚至忘了對民宿和浴室瓦斯的檢查。這二十多年來，我們第一次在露營區洗澡時沒有熱水（雖然後來修好了）。忘卻了最初熱情的服務才是吸引我們一再光顧的原因，現在只顧著收錢，甚至當著客人面詢問兒子是否有收到錢？如果缺乏信任，建議早點收攤，留在自己的小天地，這樣才不會被英語。我們不是挑剔的客人，但直言不諱，只是覺得很可惜這原本溫暖的露營區變成這樣。無論如何，我們現在有許多選擇可供住宿露營，對於缺乏熱情的地方，實在不值得我們花錢。,2,1,-1,1892,,2022/11/22,0,負向
浴室的水龍頭溫度時冷時熱。主人說最好不要帶寵物進去，否則可以帶進去但不必收費。,2,1,-1,1905,,2022/04/18,0,負向
營主沒控制好自家的狗，讓牠亂叫，晚上影響到我的睡眠品質。我可以攜帶寵物，但無法接受要支付300元的清潔費。山上氣候寒冷，但浴室的水溫時冷時熱，讓我差點感冒。廁所和浴室稍嫌髒亂，希望營主能做些改善。,2,1,-1,1906,,2022/04/18,0,負向
半山腰的風景雖美，但因為缺乏精心規劃和經營，美景已失。到了營區，發現並非每個營位都有護草墊，管理員告知大部分已遭破損丟棄需我們尋找其他區域。雜草叢生，地面多為碎石，下過點雨後處處爛泥，還好雨量不大，否則可能會積水。晚上洗澡時沒有熱水，水壓不足讓人又冷又熱。連假期間營區爆滿，廁所沒有規律清潔，垃圾桶滿溢且散發尿騷味。營區只有少部分區域放置垃圾桶，需走一段路才能找到，相當不便利。離開當日的中午12點時已無水可用，浴室水源已關閉，感覺相當不悅。停車場停車沒有秩序，車輛隨意停放，營位旁顯得混亂，整個營區感覺像是在難民營般擁擠。,1,1,-1,2171,,2024/01/07,0,負向
有許多蟲，還有蜜蜂...但只有一台吹風機。,1,1,-1,2172,,2023/11/07,0,負向
這間露營區不太適合喜歡慢悠悠的人，因為他們會要求在中午12點前離開，而且10點30分就會提醒你要離開了。另外，如果11點46分還沒準備好離開，他們甚至會關掉水電和冰箱。整體而言，感受真的不太好。,1,1,-1,2173,,2023/05/07,0,負向
隔壁很吵，這樣下去大家都無法安靜睡覺。,2,1,-1,2174,,2023/05/07,0,負向
因為預定5個營位是分開預定的，所以管理員就隨意安排我們的位置，結果放到被其他人預定的營位，還有別人租借客廳和帳篷的露營者。一開始大家以為是我們朋友還沒到先租的，就開始搭帳篷搭天幕，不料卻下起大雨，搭起來非常辛苦。最令人驚訝的是營地管理員後來才說我們被安排到了錯誤區域，我們的營位應該在另一側（好在離廁所近一點）。於是讓我們在大雨中搬家，可謂經歷過最糟糕的露營經驗。優點：浴室較大、熱水供應迅速且熱度充足。缺點：上山路較難駕駛、路旁滿是掉下來的樹木、木板有些破損、排水不佳，導致帳篷進水、氣墊床也溼透。,1,1,-1,2177,,2023/05/07,0,負向
在露營區裡，風景美麗，空間寬闊，因為位置較高，五月底前往也不會太熱。我們選擇了G區相對較高的營位，但廁所的清潔環境並不令人滿意，洗澡時間約在九點左右時，卻發現浴室的水根本流不出來，需要我們自行調整後才能使用。洗完澡後，吹風機沒有電，洗手台的水龍頭也沒有水流出來。此外，蚊蟲非常多，一不小心被蟲撞到眼睛，眼睛腫起來後不得不前往急診。起初，營區負責人主動提出聯絡保險事宜，讓人很感謝。然而，後續的聯絡持續性就沒有了，整體來說，這次的露營經驗並不太愉快。,1,1,-1,2179,,2023/05/07,0,負向
這個地方的環境風景不錯，但棧板有點小，只適合300人。浴廁部分則不太乾淨，3月時蟲和飛蛾都很多，每間浴室廁所都有些垃圾。浴室和廁所是分開的，但水壓很弱且不穩定，水溫也非常不穩定，排水情況也不太理想。浴室內的椅子和水桶上都有霉斑。另外，水槽旁邊都沒有垃圾桶，不太方便。在週日離開時，營主洗廁所的水可能會直接流到C區帳篷。還有，很多營位都在道路旁邊。,2,1,-1,2181,,2022/05/07,0,負向
"1. 上山的路都沒有清理，到處是枯枝亂草，開起來很困難。
2. 營區的設施（例如熱水、電力）無法應付連續假期的人潮。
3. 電壓不穩定，時常跳電，連燈都閃爍不止，根本無法使用，帶多些充電式LED燈比較好。
4. 熱水非常不穩定，用了20分鐘的熱水後又會變成冰水，建議中午洗澡或者先在外面洗乾淨再進來。
5. 營區的道路在下雨天濕泥又多坑，走到營地大廳上廁所或取東西都會弄髒又濕腳，非常不方便，建議穿靴子。
6. 雖然風景優美的營地很多，但感覺營地管理者沒有用心經營，或許應該考慮換個地方。",1,1,-1,2184,,2022/05/07,0,負向
這個地方環境真的很差，蒼蠅超多，洗澡時要麼燙要麼冷，滑草讓人心酸，游泳池的水也很髒，而且垃圾都集中在帳篷附近。整體來說，這裡真的很糟糕，給一顆星都嫌多了。,1,1,-1,2185,,2022/05/07,0,負向
訊號很差，還有一些人以為自己唱歌很好聽，一直唱得很難聽、很吵，如果沒有事情，最好別再來，否則你會後悔一輩子。,1,1,-1,2186,,2022/05/07,0,負向
這個露營區的山路極度危險，進出都很困難，路徑狹窄，雜草叢生，不利於會車。车輛易被樹枝擦傷，遇到對向車輛像是在走繩索步道，存在著高風險的車輛損壞風險，除非你是熟練的駕駛高手。,1,1,-1,2189,,2021/05/07,0,負向
收到抱怨後，我們已向營地管理人員反映廁所衛生狀況和浴室設施問題。他們回覆說電力問題可能是由於該區域的延長線出現故障，建議我們使用其他區域的設施。至於營地排水問題，他們表示無法立即解決，建議在帳篷外洗濯鞋子以免積水。,1,1,-1,2194,,2021/05/07,0,負向
廁所一整天沒有人整理，到了晚上變得又髒又亂，垃圾桶都滿了。洗澡時沒有熱水可用，而且從週日（2020/09/20）早上開始，連營區的水槽也沒水供應了。,1,1,-1,2198,,2021/05/07,0,負向
在G區，冰箱的冷凍溫度設定為冷藏，而冷藏溫度設定為室溫。蛋撻放進去後，竟然有螞蟻慢慢爬到食材上。園區告訴我冰箱沒問題，因為這只是附加設備，且每區間隔很小。不僅如此，還不斷跳電，忘記拿的食材只好丟掉也可以理解。他們在當天根本沒回電話，第二天打通後才告訴我東西全都丟掉了，然後又改口說沒有看到。要去那裡的人要三思，因為處理事情的態度令人無法領略旅遊的樂趣。,1,1,-1,2203,,2021/05/07,0,負向
這個露營區的衛生狀況有待改善，冰箱也出現嚴重發霉情況，感覺還沒有完全準備好，不應該那麼快開放並收取費用。,1,1,-1,2211,,2020/05/07,0,負向
請在洗手台的排水口裝設濾水裝置。,1,1,-1,2216,,2020/05/07,0,負向
這個露營地的場地規劃太過擁擠，收取的帳數過多，使停車空間已滿，除了大草原外，帳篷附近缺乏活動空間。浴廁整潔度有待改善，洗澡水壓不穩，水溫忽冷忽熱，馬桶常常沖不下去，讓使用者感到困擾。泳池部分，僅在第一天使用，第二天由於水量不足而無法使用，讓孩子們感到失望。電壓也不穩，我們在中秋連續露營三天兩夜，經歷三次跳電，讓人感覺有些無奈。大草原提供了良好的活動空間給孩子們，但滑草的地方有些危險，底下帆布破裂，朋友（大人）有一次在旁邊滑行時被釘子割傷腳。景觀很好，但僅限於第一排，後面都只能看到擁擠的車輛和人群。冷藏冰箱壞掉，只剩下冷凍櫃，很快被擠滿，裡面氣味難聞，管理也不良，其他帳篷的保麗龍箱和保冷袋直接塞滿冷凍櫃，導致晚到的人無空間可使用。總的來說，這次露營經驗令人失望，感覺營地管理不當，帳數管理混亂。,1,1,-1,2224,,2020/05/07,0,負向
在G區的碎石區下雨時發生了一連串令人無法接受的問題。當天晚上居然三次跳電，而且兩個淋浴間的熱水根本調不熱，只是溫的，即使對於一個不怕冷的人來說也感覺很難忍受。當時的氣溫應該至少在15度以下，再加上下雨，真的讓人感覺被忽略了客人的需求。此外，水槽還被設置在衛浴區旁邊，清洗東西需要走一段路，尤其在下雨天更是顯得非常不方便。我經常露營，也遇過很冷又下雨的情況，但這次卻是最糟糕的一次，完全沒有之一。,1,1,-1,2238,,2019/05/07,0,負向
營地設施不盡人意，沒有足夠的電壓，衛浴設備也有點不乾淨。營位旁沒有水槽，而所有水槽都被集中在廁所旁，所以下雨天刷牙洗臉必須撐著傘。就連遮雨棚都沒有，讓人有些許失望。,2,1,-1,2259,,2018/05/07,0,負向
建議營主限定上下山時間，因為山路狹小且路況差，無法會車。露營者携帶許多裝備且有孩子在車上，安全考量很重要，建議不前往。,2,1,-1,2291,,2021/05/02,0,負向
我了解您的情況。您原本挑選了F區，但因其他客人的原因，被要求改到了C區。對於第一次到訪的客人來說，可能不熟悉各個區域的具體位置，直到查看區域位置圖後才弄清楚自己已經不在原先預訂的區域。或許需要提前與營長溝通，以獲得更好的了解和安排。,2,1,-1,2362,,2018/05/07,0,負向
這個地方很偏僻，吃飯和購物都非常不方便。可以考慮以下建議：1. 增加販售食物的選擇。2. 考慮聘請更多的人手來幫忙。3. 加強管理住宿者的質量，例如要求他們保持安靜，不要在晚上12點後大聲喧嘩。4. 檢討一下價格是否過高。,2,1,-1,2400,,2017/08/29,0,負向
我沒有這樣的經驗。但我可以幫您重新說一遍這段話：沒有機會前往。在預訂後接到電話，對於需要讓位給另一團更多人更晚的情況感到很不舒適。表達了不滿並試圖取消後，才被告知不勉強，但熱情已經消失了。,2,1,-1,2561,,2019/05/07,0,負向
營區的衛生狀況有些需要改善。有許多螞蟻和爬蟲，廁所中有很多小昆蟲，同時也沒有提供衛生紙。另外，洗手台在晚上沒有燈光。,2,1,-1,2576,,2023/10/09,0,負向
最近地震頻繁且為大雨，星期六凌晨也發佈地震警報，我和家人擔心走山時可能遇到落石，擔心再次成為新聞焦點。營區主人提供的處理方式讓我感到困惑，只能延期半年或退還四成費用。在別的營區取消訂位時，營主僅收取200元手續費。梅花梯田的處理方式讓人感到不滿，政府也呼籲民眾不要在這段時間自行上山，以免發生危險。原本計劃在螢火蟲季節去貴營地欣賞螢火蟲，儘管營區主人提出延期半年的方案，但半年內非螢火蟲季節，也不願意延至隔年螢火蟲季。我們只好支付六成的費用。當天取消30個訂位中，僅能退25個，難道這只有我們有問題嗎？其他營地也沒有報告災情，但營主也只酌收200元。,1,1,-1,2715,,2024/04/30,0,負向
園區整體看起來乾淨，包括廁所也維持著乾淨的環境。但有一項美中不足的地方，就是G區的衛浴設施距離遠，不僅冰箱位置也相當遙遠。因此要煮食時光是跑冰箱就覺得相當疲累。另外，G區僅有一間坐著的廁所，對小孩來說可能不太方便。有時候小朋友無法蹲下時，就會在褲子上拉。山區天然生態中有很多蟲子是正常的，但居然遇到一種不明蟲蟻會咬人，回來腳上還留下三到四個腫包，且帶有刺痛感。已經露營了很多次，但第一次碰到被限制帳篷只能容納四人，如果超過人數還要額外支付費用，而且沒有考慮年齡，只要超過四人就收費。,1,1,-1,2717,,2024/04/07,0,負向
這個地方除了草皮以外，CP值不算太高，旁邊的護草墊區種植有帶刺的植物，很不方便也不安全。此外，營地旁邊有枯腐植物、一些小蟲，還有一些異味。但在這個地方，小朋友可以在小水池旁拍照。,1,1,-1,2749,,2023/05/07,0,負向
進出道路起伏較大，低底盤車需特別注意。共有六間衛浴供七個區域使用，其中兩間衛浴供十個以上的營位共用，且需注意使用限制時間，避免打擾其他露營者。人潮眾多且有許多孩童，造成洗澡時可能須排隊等待，稍微造成一點壓力。提供Wifi服務，但訊號不太穩定，手機可能無法連線，與同行的朋友聯絡可能會有些困難。,2,1,-1,2775,,2022/05/07,0,負向
第一次來到這個露營區，包了A.B兩個區域共三天兩夜，稍微整理一下感受，首先要注意這個營區的底盤比較低，路況也不太好開，營區內的營位規劃有點可惜，需要先將車子停在外部的石子地，再將露營用品搬進去，有些位置要走很遠才能搭設帳篷，相當耗費體力。營地訊號差，提供的wifi 也連不上，不確定是區域問題還是其他原因。衛浴設施有限，第一區的使用時間有限（早上7:30到11:00），若一帳篷五人，總共30個營位，總人數達150人，但只有六個衛浴間，平均每間要服務25人，一人平均洗30分鐘，這樣需時750分鐘，相當緊湊。第二區ABC三個區域共用一個廁所，共有14個帳篷，使用上相當有壓力。營位旁的洗手台電燈晚上十點自動關閉，只能在黑暗中洗碗。總結一下，不太想再來第二次。,1,1,-1,2776,,2022/05/07,0,負向
這個營區的情況真的很糟糕，冰箱都不夠大，大家都找不到地方放東西。還有德式香腸整包竟然不見了，營區的管理好像很混亂。一早起床心情就被搞壞了。不如不吃了，收拾行李回山下吃好的，以後也不再來這裡了。,1,1,-1,2778,,2022/05/07,0,負向
草地區的草太長了，已經長到超過地墊，有蚊蟲出現很正常，但這麼多蒼蠅就不尋常了。在露營這麼久，還是第一次碰到這麼多蒼蠅，從早上八點就被它們吵醒，一整天都被蒼蠅圍繞著，用電風扇吹都無法擺脫，整群整群的。直到晚上六點，蒼蠅才終於消失了。浴室很寬敞，水池也不錯，只是蒼蠅的數量實在太多了，令人驚訝。,2,1,-1,2803,,2021/05/07,0,負向
超級擁擠......連中央走道都擺了帳篷,1,1,-1,2822,,2020/05/07,0,負向
總結來說，您的營地環境不錯，但有些規定和服務需要改進。浴室和收費時間上希望有所改善，罰款應該考慮給予一定的緩衝時間。此外，我們也希望營地的規則能更友善一些，讓露營的體驗更愉快。感謝您的回覆，希望貴營區能夠持續改進。,2,1,-1,2828,,2019/05/07,0,負向
這段路很崎嶇，不建議通行，水溫不穩，洗一半可能變冷水，一邊洗一邊會冒汗。,1,1,-1,2829,,2019/05/07,0,負向
這段句子可以改寫為：「建議車況不佳的人不要前往山路，因為山路非常危險且陡峭，尤其不適合夜間行駛。營地主人有許多規定，但廁所很乾淨並且設有冰箱。」,2,1,-1,2836,,2019/05/07,0,負向
水壓、水溫和電壓不穩，黑沙坑水池很小，鄰地有果園，全家人都很煩惱。,1,1,-1,2837,,2019/05/07,0,負向
這個營地蟲多到處都是，包括廁所、浴室以及營區，洗澡時更是煩惱，蟲飛來飛去甚至停在身上。冰箱也遙遠且不衛生，更讓人感到困擾。,1,1,-1,2987,,2022/05/07,0,負向
雨天地面積水和泥濘很麻煩，我們搭帳時差不多沒遇到過雨，在開始下雨後水無法排走一直流進帳篷裡。,1,1,-1,2992,,2022/05/07,0,負向
這個營地看來吵鬧的情況頻繁，無論是特別容易吸引吵鬧的團體，還是吵鬧的團體在這裡流傳，管理方對於吵鬧情況似乎縱容。不論是半夜一、兩點還是星期六，他們還在繼續唱卡拉OK，雖然聲音令人難以忍受，整個山頭都被他們的喧囂聲所掩蓋。我還記得有一次是凌晨兩三點，一群人在吵鬧聊天，我在遠方仍能聽到有人呼喚狗回來。他們露營區的狗也被打擾亂吠。我在白蘭露營的經驗並不多，但卻多次遇到這個營地對於吵鬧的情況縱容。儘管我嘗試過與管理者溝通，效果似乎不彰。,1,1,-1,3006,,2022/05/07,0,負向
天氣預報說會下大雷雨，我們試著提前一週問能不能延期，可是主辦方不同意。場地很偏遠，沒有景觀，排水也不好，廁所非常骯髒。建議大家不要遠道而來，連一顆星都不值得。,1,1,-1,3058,,2019/05/07,0,負向
這個地方不太理想，排水系統不佳，廁所很髒，管理不周全。,1,1,-1,3059,,2019/05/07,0,負向
不妥！草地積水嚴重！衛浴應該是沒人使用的狀態。,1,1,-1,3060,,2019/05/07,0,負向
儘管有訂位規定，只是取消訂金而已，為何發牢騷呢？小朋友生病還要你唸？,1,1,-1,3075,,2019/05/07,0,負向
不宜推薦，可能會積水，而且服務不佳。,1,1,-1,3097,,2017/05/07,0,負向
營地地面湛水且泥濘不堪，場地狹小且擁擠，車位規劃不佳且服務不盡人意。,1,1,-1,3101,,2017/05/07,0,負向
"1). 衛浴有乾濕分離很不錯，但廁所空間仍需改進。
2). 帳篷排列有點擠，無法有足夠的草地空間活動。
3). 未限制帶寵物的露營人員，半夜狗叫聲不斷，早上起床後發現草地上都是狗的排泄物！",2,1,-1,3199,,2021/05/07,0,負向
營位費一直在變動，越來越貴。,1,1,-1,3204,,2021/05/07,0,負向
收了200元清潔費後什麼都沒有，有些人只是想和在露營的親朋好友聊天打屁就要被收200！ 營主啊~有點貴喔！,1,1,-1,3205,,2021/05/07,0,負向
1. 場地景色很美，草坪看起來很漂亮。2. 帳篷擁擠且過多，小孩沒有足夠的空間奔跑 (收費可能過高)。3. 收費一次要1200元，還會頻繁跳電。4. 總結：如果要收1200元，就應該限制帳篷數量；營區的電力系統也需改善，一晚跳電3、4次讓人無法忍受。不打算再光臨。,2,1,-1,3214,,2021/05/07,0,負向
在悄悄話營地，草地雖然算大，但一個帳篷要價1200，卻排得整整齊齊。衛浴設施看起來高級美觀，但真實情況卻差強人意，水溫時冷時熱，讓人感到很惱火。收費這麼高，卻提供這麼差的服務，真的讓人很生氣。,2,1,-1,3267,,2019/05/07,0,負向
"1. 環境保護做得不錯。
2. 可以訂購披薩和石鍋拌飯，免除自己準備食材。
3. 沒有美景。
4. 入場時間為下午2點，退場時間為中午12點，條件相當嚴格。
5. 一人1200元，如提前入場再加100元，性價比不高。以上內容為後花園區的描述。",2,1,-1,3278,,2018/05/07,0,負向
營區的營主態度不佳，當車子只是啟動了一下，營主就問：「為什麼要啟動車子？難道連啟動車子開窗都要向營主報告嗎？」洗澡時，營主正在清理浴室，總共有三間，前兩間已經打掃完畢，但第三間卻還沒有打掃乾淨，營主竟然叫我去洗第三間。付了相同的費用，別人都洗乾淨的浴室，為什麼我要去洗第三間呢？而且熱水很不穩定。這樣不顧及露友感受的營區，我以後不會再去第二次了。水質不乾淨，同行的朋友洗完澡後三個人都過敏，洗手池的水也很濁，感覺碗都洗不乾淨。晚上12:30還有露友彈吉他自彈自唱，打電話或傳訊息給營主卻毫無反應。隔天清晨營主解釋他睡著了，需要去敲他的門才能叫醒他。如果發生火災，你會繼續睡在裡面嗎？真不理解為什麼這裡有那麼高的評價，想去的人自己再考慮吧。,1,1,-1,3335,,2024/03/07,0,負向
26到27日期來露營時，老闆一到就說你們看起來很嗨，但晚上10點後請注意不要吵，要不然會把你們轟出去。儘管是開玩笑，但我覺得這不是一個營地主應有的態度。在過程中有幾次對話讓我和朋友感到不太舒服，比如老闆說了：“雖然我知道你們不會再來了”，雖然這個營地地理位置不錯，但我還是想提醒老闆和闆娘要以和氣相處，這樣才能生財。要不然，真的就會沒生意做了。,1,1,-1,3356,,2023/09/07,0,負向
勘查營地的時候，我剛到門口，營地負責人就叫人不要進去，態度非常惡劣，真是讓人非常失望。,1,1,-1,3413,,2022/05/07,0,負向
今天心情愉快，到達營地時大約是10點半。當我們打開車門和營主說我們訂了今天時，卻被營主臉帶不悅地回應說：「訂了今天也要一點才可以到嗎？怎麼現在就來了？」他一直重複指責我們不應該提早到，但我們強調我們並沒有打算立即扎營，只是想要先到附近走走。營主卻一直強調只有在一點之後才可以進入，讓我們感到困惑和不悅。我們還要忍受著營主臭臉三天，他請想想自己說話的口氣，不該反過來指責我們的口氣不好，應該檢討自己的態度和口氣問題。我並不是第一次露營，也不是團隊中的領導者，我沒有自認為自己是老大或有獨裁的態度，但似乎營主卻對自己有著非常強烈的主宰權力的感覺，不願意友好溝通。難道整個山頭都是他的獨尊領地嗎？尊重是雙向的，我們應該互相尊重，他對我們表示了尊重嗎？如果你的營區不能停車，為什麼沒有提前告知呢？,1,1,-1,3435,,2021/05/07,0,負向
傍晚時有許多蚊子，營區下面有3到4隻狗狗一直吠叫，應該是鄰居家的小孩也是從傍晚開始吵鬧直到晚上10點多還沒休息，確實很讓人困擾。此外，營區的廁所設施非常老舊，有些淋浴間無法鎖門，廁所的沖水設備也有損壞。除了景色之外，這個營區真的不太推薦。,2,1,-1,3570,,2023/11/07,0,負向
昨天因為下雨，露營主辦單位延期後來今天早上打電話確認，營主居然忘了？？？告訴我們直接到現場搭營也沒問題，但到了現場卻聯繫不到營主只看到爸爸在，尋問卻沒得到正確答案，最後幸好有另一位好心客人讓出一個位置給我們。這樣不負責的營主真是少見，第一次露營就碰到這種情況真是讓人無奈。,1,1,-1,3573,,2023/06/07,0,負向
"優點：浴廁清潔、熱水充足。
缺點：熱水停供於晚間10點、對於夜貓族不便；半夜與清晨羅馬公路上飆車族吵雜聲響很大；營區底下養有四隻狗，一有異動就不停吠叫；假日清晨7點多卻有人使用割草機除草。以上三項問題讓人無法好好入眠，更糟的是還有一隻名叫黑糖的狗，清晨竟跑到營區內在帳篷內大小便，直到結帳時才被發現，實在令人哭笑不得！",2,1,-1,3576,,2023/05/07,0,負向
營地觀景台前面都長滿了竹子和雜草，擋住了美景，讓人無法觀賞。營區隔壁的鄰居整晚唱歌，非常吵。早上他們又在用電鋸施工，加上附近有瘋狗亂叫，還有其他人在吵鬧，這個露營區讓人感到可怕。,1,1,-1,3578,,2023/05/07,0,負向
冰箱只能吹風，營主聽過後還說冰箱有冷凍功能。水質不好，水龍頭流出的水帶有泥土。,1,1,-1,3587,,2022/05/07,0,負向
這個地方的空間較小，道路較窄，洗手台也有點髒亂，樹葉到處都是。可以看出營地管理者並沒有很用心整理。晚上在包區的人們開趴聚會，吵得很晚，讓人難以入睡休息。原本預定的活動好像也都取消了。整體環境很差，而且沒有任何吸引人的地方。我不打算再第二次光顧了。,1,1,-1,3595,,2022/05/07,0,負向
這個住宿地方真的太擁擠了，根本已經超過了容納上限！沒有沙坑、也沒有戲水池，更別提射箭場了⋯只有搓麻糬活動。底下的營區在辦電音趴，連聽了兩天兩夜嘟嘟嘟的音樂，離出發只剩兩天的時候才告知！真的很無言，我們可不是去嗚嗚嗚的地方～難道不應該提早告知嗎？,1,1,-1,3597,,2021/05/07,0,負向
這個露營區原本預定應該只能搭4-5帳，結果安排了7帳，沒有空間可以活動。網路上說有沙坑、戲水池和射箭場，但看起來都荒廢了。只有廁所比較乾淨，也有搗麻糬的活動。下方的營區舉辦電音派對，三天兩夜都在聽到嘈雜的音樂聲。營區管理人確實在露營之前才通知這些狀況，讓人有些措手不及。這是我第一次對這個營區給予這麼差的評價，希望他們能夠改善。,2,1,-1,3599,,2021/05/07,0,負向
小黑蚊實在太多了，無論是防蚊液、止癢藥，還是開水龍頭，都無法有效阻擋它們。,2,1,-1,3613,,2021/05/07,0,負向
露營區的一些遊客行為不夠理想，早上六點就開始洗碗發出聲響，七點開始吵鬧，讓小孩尖叫。,1,1,-1,3622,,2020/05/07,0,負向
在水源地附近，可能對環境造成影響。,1,1,-1,3631,,2020/05/07,0,負向
只關注賺錢的露營場。營地老闆面對不守秩序的露營者（凌晨一、兩點仍然大聲喧嘩、丟垃圾），採取逃避的處理方式，嚴重影響其他遵守規則的露營者的權益！儘管設施再豪華、風景再優美，也只是在浪費上帝所賜予的一切！,2,1,-1,3726,,2018/09/15,0,負向
糟糕的經驗！我原本訂了C區的水泥雨棚一帳，後來營主告訴我旁邊還有一組要訂六帳的（總共八帳），他們要開party會比較吵。我說沒問題，但後來他們又改變主意說要訂八帳，要我到B區的碎石雨棚。他們完全沒詢問我的意見，甚至跟我爭辯說八帳總不可能叫他們一帳去別的地方。老闆，我先訂了，希望你也能尊重一下我的意願！畢竟我之前就是喜歡C區才決定訂C區雨棚，而不是你叫我去哪我就去哪！,1,1,-1,3767,,2024/04/30,0,負向
營區經驗不佳，營主不願承認錯誤且處理不當，讓人感到失望與不滿。建議有意露營者謹慎考慮選擇營區。,1,1,-1,3781,,2023/12/07,0,負向
只能說，體驗感覺很糟，不想多談了。店家只會把責任推給顧客，無論再多說也無益。,1,1,-1,3782,,2023/12/07,0,負向
我去露營三天兩夜，因為蚊蟲叮咬被咬了好幾個包。不好的經驗是，第三天早上營主告訴我們要在中午12點收帳，但最後卻在10點就開始收款，突然停水了。營主解釋是下雨導致水管阻塞，讓我們以為是為了趕我們走才刻意停水。整體體驗不太好，應該不會再去那邊露營了。,1,1,-1,3824,,2023/05/07,0,負向
這個露營區收費高達三百元一台車，有些過分了，而且似乎一直在監視一樣。第26露來到溪遊記真是浪費連假四天⋯營主態度惡劣，遊玩區除了沙坑外，小孩根本沒有其他地方可以玩。這是小孩第一次認為露營很無聊，我們的車開來開去十幾次？「停車費三天一共也多付了1800元」有必要讓來露營的客人覺得不安嗎？他們說星星都是騙人的，一天過去了，怎麼突然多了五顆星？*未經當事人同意，私自錄影車牌並上傳到公開網站上，已經請家人律師處理！業者還留言說付不起錢就去住免費的野營？？？,1,1,-1,3833,,2022/05/07,0,負向
總的來說，整體環境還不錯，但有時會有人來巡視，查看是否有訪客，如果有的話就要收取停車費，每台車收取300元，並且一一錄影作為證據。雖然費用並不高，但那種態度讓人無法恭維。此外，離開時營區的員工要求我們還原護草墊，我們當然很樂意合作（但我不確定是否有必要根據平台規定還原護草墊）。儘管最後我們還是合作還原了護草墊，但那員工的態度確實有待改善。初次回覆時並未承認有錄影我們的車輛，但後來卻可以提供我們車輛的影片？同時，也有人抱怨我們唱歌影響到其他露營者的品質，當時僅晚上7點（根據平台規定晚上10點後不能唱歌），也只唱了兩到三首歌，音量也不大。並不清楚是否真的有其他露友反應，而且接待人員的態度也不友善。,1,1,-1,3834,,2022/05/07,0,負向
在那個露營地，包區營位每晚800元，訪客停車則是每車300元。他們每隔幾個小時就來檢查一次是否停車，並收取停車費。我的朋友開車來短暫停留，就要繳交300元停車費。這次露營三天，停車費總共花了1800元，真是......老闆的態度很差，一點親切感都沒有，下次應該不會再來了。,1,1,-1,3835,,2022/05/07,0,負向
擔心的不是下雨天，而是因營地規劃不當、排水不良而導致滿地泥濘。下雨的時候鞋子會陷在爛泥巴裡，小孩和狗都只能躲在帳篷裡，這實在太可惜了。,2,1,-1,3842,,2022/05/07,0,負向
營區情況很糟糕，營主態度極差，虎頭蜂數量眾多，大約2-3公分大小，相當可怕。營主卻不處理並將責任推給客人，聲稱是客人招惹而來。請問虎頭蜂晚上出沒算正常嗎？今天已有20-30隻出現，如果小孩被叮咬，你能負擔得起嗎？若要前往，務必三思！,1,1,-1,3844,,2022/05/07,0,負向
非常不推薦，營區裡有虎頭蜂，而營地管理者處理問題的態度非常消極，還推卸責任，說是因為我們噴香水所以蜜蜂才來。實際上，蜜蜂來的原因是因為我們營地上的花蜜特別吸引牠們，所以牠們日夜都在採蜜。因此，在選擇露營地之前一定要三思，以免花了錢還找不自在。,1,1,-1,3845,,2022/05/07,0,負向
車子的聲音真的很吵！早上五點就被吵醒，無法入睡，而且衛浴設施太少，需要排隊。不過幸好營地的老闆人很好，很親切！,2,1,-1,3979,,2023/09/08,0,負向
在靠近水庫、羅馬公路的地方，晚上車輛的聲音很吵，很難入睡。除了B區以外，其他小帳篷區域的位置都很狹小，相互之間距離太近。建議營地主人將CD區劃分為一個區域，這樣會比較適中。浴室和廁所的數量有限，需要洗澡的人要抓緊時間。,2,1,-1,3984,,2023/05/08,0,負向
我的工位臨時被換掉了，但有幾點需要反應：1.地板上長滿了雜草。2.廁所多人同時使用時可能會沒有熱水。3.周遭環境不夠明亮，半夜上廁所不太方便。4.還經常跳電...,1,1,-1,4048,,2021/05/08,0,負向
這個地方的環境很好，因為複育螢火蟲不使用殺蟲劑，所以小黑蚊比較多。,2,1,-1,4097,,2018/05/08,0,負向
這邊的廁所和浴室維持得很乾淨，但因為使用山泉水，所以水有點泛黃且稍微濁濁的。缺乏自來水供應，需要自備飲用水，並要小心螞蟻和蜘蛛網。露營區的樹木間距有些狹窄，導致車輛進出較為困難。不過晚上聆聽著河水的聲音入眠感覺還不錯。,2,1,-1,4176,,2024/04/07,0,負向
熱水供應不穩定，冬天用水不方便，唯一稱讚的是宮廷風格，其他部分普普通通。整體環境尚可。,2,1,-1,4179,,2024/03/07,0,負向
這個地方的衛浴設施有點不方便，只有一區有廁所，其他區要走一段路才能到達。而且有些衛浴設備溫度控制不穩，有時候會太熱或太冷。整個區域只有一個冰箱，沒有提供足夠的冰塊。另外，營地主人嚴格禁止外來車輛和訪客進入，即使是忘記帶物品，朋友送到門口也不能進。此外，他們也沒有提供飲水機，需要自行攜帶足夠的水。,2,1,-1,4181,,2024/01/07,0,負向
這個營區的情況並不理想，環境潮濕且地面容易滑倒，廁所設施也相當不方便，衛生紙放在廁所外面，垃圾要走很遠才能集中丟棄。整體環境老舊並不如照片中看到的美好，晚上燈光稀少，上廁所必須特別留意。,2,1,-1,4182,,2024/01/07,0,負向
基本上，只要使用者願意支付費用，我們都是可以接受的。活動主辦人給我們留下深刻印象，但對金錢相當謹慎。網頁上沒有提供的資訊在討論後也不會另外收費。該使用者兩天內多次提出疑問，但對待收費的態度並不友善，並且質疑問題時總是含糊而不具體。曾有其他人重新解釋過嗎？場地傘篷設施設計得很棒，但雨水流卻是會往傘篷下流。設施和場地規劃方面有待改進。優點是廁所和浴室都維持相對乾淨，但道路規劃有改進的空間。因此給予兩顆星評價，主要是基於廁所的乾淨程度和參加活動的人們素質不錯。,2,1,-1,4183,,2024/01/07,0,負向
雨棚區的鋪設石子層很薄，下大雨時容易積水淹至爆⋯⋯無論是計算人員、車輛或者帳篷的數量，確實都計算得很精準...,1,1,-1,4188,,2023/07/07,0,負向
營主精算師的雨棚漏水了，更加可怕的是下面的低窪地方淹水了。,1,1,-1,4189,,2023/07/07,0,負向
環境差、男老闆態度惡劣。,1,1,-1,4200,,2023/05/07,0,負向
這位男老闆的服務態度常常不好，總是讓遊客感到困擾。,1,1,-1,4201,,2023/05/07,0,負向
這次露營經驗很令人遺憾，下了大雨後到處都是泥濘，不僅要加收兩個小帳共$1200元，而且缺乏人情味，洗手台不便利也沒有加裝防滑措施。家人還滑倒被平底鍋燙傷，整體感覺只重視盈利而不顧及他人需求，真的讓人對這家露營地的態度感到不悅。,1,1,-1,4203,,2023/05/07,0,負向
3年來露營的經驗最讓人雷到的地方包括：1. 洗澡時沒有熱水，小孩在泡沫中等了將近1小時，水壓小且不穩。2.估計有6個帳篷共用一個電路，電壓不穩，連15公尺的LED串燈都亮不起來，打氣機壞了，只能手動充氣，所以換成了LED燈條。3. 環境髒亂，生態池看起來無人管理，飛螢蚊嚴重，用了蚊香和防蚊液，每人最少用了20包。4. 在浴室和帳篷區看到兩隻飛蟑螂，蟑螂，蟑螂... 5. 草地沒有定期修剪，已經超過踝高，石階長滿青苔，導致數十個成年人中有4人不小心滑倒，所以大家都選擇繞道。6. 收費方式不合理，大部分的營區4人以上每人收費100元，幼兒園以下小孩免費，但該營區每人收250元，幼兒園以下也要收費。7. 與照片不符，大多數照片拍攝景點都顯得老舊，沒有網頁介紹，唯一的優點是溪邊環境清幽。總體來說，除了環境清幽外，其他方面都有不足之處，且詢問服務人員時遇到不友善的態度。如果以上情況不屬實，我願意承擔法律責任。,1,1,-1,4204,,2023/05/07,0,負向
端午節時到湖區包營地，發現露營車無法進入，突遇瀟灑大雨，路途遙遠，心情受影響而折返。老闆態度惡劣，推諉責任。該營區不太友善。還不確定是否能夠退費。,1,1,-1,4205,,2023/05/07,0,負向
營地的排水狀況很糟糕，也沒有帳篷墊子，下雨的時候帳篷內的床墊全濕又積水，完全無法入睡，所以決定立刻收起帳篷回家，這個營區真的令人傻眼。,1,1,-1,4212,,2022/05/07,0,負向
中央最大的池子已經被圍起來了，所以周圍有很多牛蛙舉行派對，晚上的聲音很壯觀，記得帶耳塞。上游的溪水潺潺作響，但周圍有蜘蛛絲和蚊蟲干擾，要去玩水可能需謹慎考慮。另外，小黑蚊和大隻蚊的班表看來已經協調好了，前者約在上午11點開工，而後者在黃昏前出門覓食，因此3瓶防蚊液很快就會用盡。外出露營與大自然相處，充分準備才能玩得盡興。,1,1,-1,4214,,2022/05/07,0,負向
建議增加營區廁所前大水溝周圍的圍欄，以提高夜間安全。,1,1,-1,4215,,2022/05/07,0,負向
這個露營地離新店碧潭很近，開車約需10分鐘。這是個城市露營型的地方，可以從外面買食物進來用餐。雖然環境不會受到車輛喧囂的影響，但因為原本是婚宴拍攝地點，所以設施並不是為露營所設計。例如，帳篷區沒有洗手台，只有一個統一的垃圾桶在廁所使用，廁所也只有一處，約能容納30個帳篷。衛浴設施需要大家共用，有一些地方需要走一小段路才能到達，稍嫌不便。建議早點洗澡，不用跟大家搶熱水。設施維護方面較不完善，有些地方顯得老舊。費用比其他營地稍貴（其他營地通常會定期巡視、環境整理，以防止動物來干擾）。湖景是這裡最大的賣點，適合觀賞螢火蟲，但不太適合小孩。,2,1,-1,4216,,2021/05/07,0,負向
這個地方的服務態度不積極，卻很積極收錢，網路訊號很差，設施也破舊，蚊子超級多，場地空間很小！營位和洗手間沒有燈光，洗手台總是堵塞，淋浴熱水不穩定！營位規劃隨意，雜草叢生，指示牌不清楚，地點難以尋找，再也不想再來了！,1,1,-1,4218,,2021/05/07,0,負向
這段文字大致描述了在露營地附近有小黑蚊出沒、設施狀況殘破、網路信號不佳、沒有鋼琴和教堂，價格則需要參考官網上的設定。,1,1,-1,4219,,2021/05/07,0,負向
在這段敘述中，主要提到在露營地下雨時遮雨棚有滴水的問題，且營地地面低窪，容易積水，造成困擾。後來有一位露友想加帳，但老闆卻以人多車多為由拒絕，認為營地容納不下。對於這樣的收費與處理方式，作者感到不滿。,1,1,-1,4222,,2021/05/07,0,負向
這個遮雨棚的空間很小，而且跟旁邊的人相距很近，晚上也沒有管制，旁邊的人玩狼人殺一直玩到半夜兩點，隔天的垃圾桶也沒有人來清。如果不是因為不能評論而給不了星星，我真的一顆星都不想給。,1,1,-1,4224,,2021/05/07,0,負向
這個露營區收費貴且服務態度不好，訂了兩帳的雨棚營位，卻只有400*600的範圍，無法容納兩個帳篷。此外，入場費要求非常高，每人150元，連小學生也要支付相同金額，汽車費用更是要100元，還有限制離場時間。總括來說，這個露營區真是不太推薦。,1,1,-1,4225,,2021/05/07,0,負向
店家可能不希望大型犬進入場地，不過客氣地稱自己為新手，並詢問是否可以參觀場地。儘管店家有權拒絕，但補充建議自行進行功課。這可能顯示風評並非完全正面，即使地點離家很近，也不再考慮前往。,1,1,-1,4280,,2018/05/07,0,負向
遇到訂位付款後突遇天氣變化導致無法改期，營地主辦方未提供發票並要求額外扣除處理費，並將責任全數推給訂位中心，讓人感到非常不滿。這種商家缺乏同理心，只著眼於賺錢，讓人感到非常失望，建議大家避免前往雷區。,1,1,-1,4288,,2018/05/07,0,負向
7月18日下午3點，因為大門沒有開，並且旁邊的標示要求提前預約，所以感到非常失望，只好返回家裡。,1,1,-1,4291,,2018/05/07,0,負向
環境雖好，但小黑蚊太多又毒，雨天也不能拖延，帳收數量也很龐大。,2,1,-1,4295,,2018/05/07,0,負向
去了才發現關園，結果電話沒人接！,1,1,-1,4307,,2016/05/07,0,負向
門票不包含消費。東西價格稍高，吃碗煎蛋面要價220元，但份量滿足。該餐廳環境整潔，但廁所男女共用，且較暗單間隔音效果不佳。建議您可以考慮到土雞城享用美食。,1,1,-1,4309,,2015/05/07,0,負向
請大家留意，這個地方入園需付100元的入場費，並且還有另外180元的最低消費要求！這種情況真是少見的！看來是一種隱性收費方式！建議大家要慎重考慮再前往。,1,1,-1,4310,,2015/05/07,0,負向
這個露營區非常糟糕，有很多肥跑的蟑螂和討厭的小黑蚊，在那裡的服務也特別差。我在那裡露營了三年，在這段時間裡遇到了很多極為糟糕的狀況：1. 洗澡時沒有熱水，小朋友被泡泡包圍了近一個小時，水壓小而且不穩定。2. 估計至少有六個帳篷共用一個電路，電壓很不穩定，連3W的10顆LED的15米串燈都不亮，打氣機也罷工了，只能手動充氣，改用LED燈條。3. 環境很骯髒，生態池看起來無人管理，有很多小黑蚊，我們點了很多蚊香和擦蚊蟲液，每個人至少用掉20包。4. 在浴室和帳篷區看到兩隻大蟑螂在飛，到處都是蟑螂。5. 草地從來沒有被及時修剪，已經長到過踝高度，石階上布滿青苔，有十多個成人，其中四位不小心滑倒，最後大家都只好繞路。6. 收費不合理，絕大多數營區超過四人就要每人收費100元，幼兒園以下的小孩免費，可是這個露營區卻是每人250元，即使是幼兒園以下的小孩也要收費。7. 許多拍照景點都很老舊，跟照片上的不符。,1,1,-1,4338,,2022/06/08,0,負向
這個露營區實在是太差了，有肥滋滋的蟑螂，充斥著小黑蚊，服務也超爛。我們在這裡的經驗真的太糟糕了：1. 洗澡時沒熱水，小孩等了一小時才能洗乾淨；2. 電壓不穩，LED燈不亮，打氣機故障；3. 環境髒亂，充滿小黑蚊，需要大量防蚊措施；4. 廁所與營位區有大蟑螂出沒；5. 草地長得亂七八糟，很多人都不小心摔倒了；6. 收費不合理，比其他營區貴很多；7. 拍照景點老舊又與宣傳照片不符。總之，這個露營區真的很糟糕！,1,1,-1,4339,,2022/06/08,0,負向
營地變得越來越冷清了。如果超過每個帳篷的人數限制，他們會嚴格收取額外的人頭費和停車費。浴廁設施還可以，但因為有水池，所以小黑蚊特別多。其他方面的我就不多做評論了。,2,1,-1,4349,,2022/01/05,0,負向
照片看起來很漂亮，自己去看就知道。營區拍出來的照片很美，但實際上去看的話，設施方面還真的只能遠觀跟眺望比較好。,2,1,-1,4357,,2021/04/26,0,負向
草地積水嚴重，可能是排水不良的原因。,2,1,-1,4358,,2021/03/05,0,負向
營區在北部，因為是週末所以擔心交通擁擠，但到達營區後發現設施不夠完善，且有很多小黑蚊，連防蚊噴霧都沒用。,2,1,-1,4381,,2020/03/25,0,負向
這次露營經驗真的很糟糕，我想以後應該不會再去了，也不會推薦給其他想露營的朋友了！1，營區不允許探營，而且探營的收費很貴，而且在訂位時沒提前告知這種規定。我們有四個朋友來探營卻得支付900元。2，洗澡時水溫忽冷忽熱，更糟糕的是洗到一半時突然停水，得打電話給管理員才肯再打開水讓我們繼續洗澡。3，廁所的衛生紙供應很少，導致許多人在廁所裡互相借用衛生紙。,2,1,-1,4434,,2018/05/27,0,負向
態度不好，之後不會再去。態度不好，會影響到其他人。,1,1,-1,4437,,2018/05/20,0,負向
這裡的實際狀況和原先的期待有些出入。洗手台不夠、插座太遠、雨天時草地泥濘且排水系統不暢良。,2,1,-1,4643,,2016/12/01,0,負向
不是收了錢就可以什麼都不管，晚上洗澡卻沒有熱水，找不到人處理，這樣的天氣這麼冷，只能用冷水。建議不要這麼做。,1,1,-1,4704,,2021/05/07,0,負向
在竹雞區訂的地方，沒有風景可以觀賞，最糟糕的是，有很多人在抽菸，上方的營區裡年輕人一直大聲喧鬧到凌晨一點，完全無視他人的存在，好像也沒有人在管理。真是一個非常不好的體驗。,2,1,-1,4908,,2021/05/08,0,負向
這個季節蒼蠅真的很討厭，下午還碰上突然停電，而且冰箱離得很遠，晚上又因為中華電信的基地台超載，電話無法接通。,1,1,-1,4946,,2019/05/08,0,負向
這是說該日在竹雞區露營時，原本是一個舒適輕鬆的活動，但被一群年輕人擾亂了。他們從晚上就開始喝酒、辱罵，一直喧囂到深夜3至4點讓我們無法入眠，我們的營地剛好在他們對面。我們嘗試向主辦單位反應，但只是電話告知他們不要喧囂，可惜這並未有作用，因此在貴營區的體驗很糟糕，不打算再去了。,2,1,-1,4977,,2021/06/02,0,負向
營地管理人員一直注意我們，限制很多，而且態度很差，我們是來露營放鬆的，不是來受氣的，非常不推薦。,1,1,-1,5224,,2024/03/08,0,負向
這段留言描述了一位露營營主在管理營區時對遊客的不友善態度，讓人感到非常不愉快。,1,1,-1,5225,,2024/03/08,0,負向
服務態度非常差，語氣就像在與人吵架一樣。,1,1,-1,5226,,2024/03/08,0,負向
這次參加的是露營活動，在營區環境整潔、草坪舒適，廁所提供衛生紙並維持乾淨。雖然最初說只要天氣許可就開放泳池，但前一天卻因溫差而取消，星期六卻意外超熱，讓泳池沒有被使用到。營主要求12:30全部撤營離開，令人有些措手不及。雖然營位共有50多帳，但衛浴設施卻只有一處，提供熱水時間僅至晚上12點，導致女生衛浴時常長龍等候。每天白天都無法洗熱水澡。如果你習慣前一天整理行裝、或者是輕裝備的露友，這個營區很適合；但如果習慣在營區享用午餐再離開，或是早上10點才開始收拾行裝的露友，可能要考慮一下這個營區是否符合需求。,2,1,-1,5235,,2023/11/08,0,負向
電力不穩，蚊子很多，廁所離得遠,1,1,-1,5236,,2023/06/08,0,負向
女生淋浴間只有5間，廁所離得很遠，熱水供應到12點。結果我的朋友11點多去洗澡，竟然只剩下冷水了。因為是柴燒熱水器，所以水溫無法穩定，有時會轉到最冷也有可能會超燙。女生吹風機只有一台，營地區域空間偏小，帳篷之間距離也很近。雖然規定上沒有寫不能打麻將，但卻告知打麻將會影響小孩的觀感。還要求我們拉上帳篷圍布。飲水機只有一台，不時水就會不夠。總而言之，完全不推薦。,1,1,-1,5243,,2023/05/08,0,負向
衛浴的人不多要排隊，冰箱只有一台（爆滿），要注意小黑蚊。,2,1,-1,5258,,2022/05/08,0,負向
1、燒木材的熱水很難區分冷熱，洗澡很不方便。2、要小孩玩沙但又不讓沙子掉出來，還要有人監督，如果擔心這麼麻煩，不如干脆不開放。3、下大雨要開帳篷，已經很難堪了，還有各種規定，太過分了。4、要分類收納，每個區域只能放一兩個桶，停車時要放裝備，還要趕時間，草地墊潮濕不能多用。5、洗澡時有人提醒不能用太多水。6、停車場一定要進去停（可以接受）。7、天氣好也不讓水放在游泳池，寧願用來洗草地墊⋯感覺很糟糕，要乾淨是好事，但太過了，不如不開放！,1,1,-1,5260,,2022/05/08,0,負向
"1. 如果沒提供廚餘桶，你該把廚餘丟到哪裡呢？
2. 雨下得很大，場地滿是泥巴，營友的孩子不小心踩到泥巴弄髒了腳，要洗腳，還被責罵讓水小一點，告訴孩子別踩泥巴和水！否則又得洗了。
3. 沙坑有專人看管，有個陌生小孩把沙子噴到沙坑邊緣（沒撒出去），立刻告訴小孩別這樣，請到裡面玩，其他營友也提醒。被工作人員責備說，這樣玩不行，可以讓小孩不要來玩。
4. 把自行車放在籃球場裡，小孩經過時可能會被大孩子打到籃球受傷，很危險。
5. 雖然提供了老舊自行車，但沒有專用自行車道，必須與汽車共用，很危險。
6. 護草墊被放在泳池裡清洗，不衛生。
7. 浴室的水壓不穩定，廁所和浴室共用且位置偏遠，很不方便。這是我第一次遇到如此嚴格的營地管理者，如果你想體驗的話可以去試試看！對於不太適應的人則不建議前往。",2,1,-1,5261,,2022/05/08,0,負向
今晚露營經歷真是糟糕，12度的低溫讓我無法使用暖爐和電熱毯，還跳電沒電，覺得自己可能會被冷死。,1,1,-1,5267,,2022/05/08,0,負向
全營區有200多人，包括大人和小孩，需要在晚上12點前洗澡，如果沒洗完就直接關水，這樣很緊張。只有一台飲水機要供這麼多人使用，拿大桶裝水也會被抱怨，這樣會造成缺水。如果我用大桶裝水供應給10個人和讓10個人來裝水有什麼不同？營區有這麼多人卻只有一台飲水機，是否應該考慮增加設備？沙坑在傍晚時段卻不開放，這樣的用意是什麼？營位左右很擁擠，但前方還算可以。,1,1,-1,5278,,2021/05/08,0,負向
民宿的空間規劃需要再加強，因為鐵皮屋空地，吸引了所有小孩去那裡玩耍，導致住在民宿裡的人沒有適合休息的地方，建議應該做一些改善。,1,1,-1,5289,,2021/05/08,0,負向
好久沒有露營需要洗澡真的很難受，幸好這個時候不會有寒流來襲。對我來說，小黑蚊還可以接受，但那熱水真的是讓人受不了。,2,1,-1,5300,,2020/05/08,0,負向
建議營區的草地重新整理和整地，因為在雨天露營時很糟糕會造成積水，無法好好露營。這並不是天氣的問題，而是營區的排水系統沒有做好。這破壞了露營的氣氛，讓人感到非常失望。營主人很nice，廁所也很乾淨，營區的視野很開闊，所以多給了一顆星。,2,1,-1,5436,,2023/11/08,0,負向
這次的露營環境真的不盡如人意，營地的草很長，沒有修剪過，地面還凹凸不平，加上蚊子特別多，實在讓人困擾。各種生物都出現，甚至還有蟑螂。或許唯一值得一提的是廁所和衛浴間的環境算是乾淨的。,2,1,-1,5438,,2023/08/08,0,負向
這個營地的草木長得很高，有很多蚊子和螞蟻，小黑蚊也很多，這是正常現象。但遇到會飛的大強和小強在園區裡四處飛行，就要小心了。對於怕蟑螂的人來說，要三思之後再決定。在午後雷陣雨時，營地最低的地方都會直接淹水，泥巴水和雜物會灌進帳篷裡面。問他們的排水設施怎麼樣，他們卻說沒有排水，土地會自行吸收。後來又說是因為排水管線裡有螞蟻築巢而造成堵塞，所以他們無法清理，只好請人來處理。更糟糕的是飲水機壞掉了，沒有提前通知，要我們去營區開的雜貨店購買。感覺就像是被扒兩層皮一樣。冰箱離營地很遠，地勢不平，護草墊都被壓破了，容易割傷人。收一帳1200元一天，完全無法接受。唯一優點是來打工的兩個年輕人很友善，廁所除了容易堵塞以外都算乾淨。就是這樣了。,1,1,-1,5439,,2023/07/08,0,負向
這裡的優點應該算是廁所乾淨，但草地不平、坑坑巴巴，睡覺可能會腰痠背痛，營區風景看不太到，有點可惜。,2,1,-1,5448,,2023/05/08,0,負向
接受一顆星評價才能發布評論，然而我其實希望能給零顆星。場地費用昂貴而且水槽需要我們自己清潔，希望提供乾淨的水槽和插座。等待修繕需要2至3個月，這應該是營區經營者必須克服的問題。營區的高度並不是問題，對這樣的回答感到無法接受。建議休園以提升草地品質，保護草皮避免變得泥濘且破損嚴重。同時，停車問題也是必須緊急考量的運營問題。,1,1,-1,5453,,2023/05/08,0,負向
露營本應該是一件愉快的事情，但因營區停車位不足，造成我的車受損，另外水槽的水管也脫落了，讓我對該地再無意願造訪。,1,1,-1,5454,,2023/05/08,0,負向
營區沒有停車位，要自己找，水槽漏水找營主反應，被要求與他人共用，這麼多露營區，真的令我大感意外！,1,1,-1,5455,,2023/05/08,0,負向
設施很差，停車位不足，水槽壞了要共用，插座只有一半能用，設備不齊全真的很令人失望。,1,1,-1,5456,,2023/05/08,0,負向
廁所沒有打掃過、有虎頭蜂沒有被處理、蚊蟲很多、游泳池沒水、早上10:30就在催促收帳，整體環境真的很糟糕。,1,1,-1,5458,,2023/05/08,0,負向
如果可以的話，我們不想要草太長。只有一位工作人員，雖然有點可憐，但我們去露營都是希望開心度假，所以服務如此也無所謂。,1,1,-1,5461,,2023/05/08,0,負向
整體環境欠佳，廁所有明顯尿味，淋浴間沒有清潔，冰箱竟然等客人到才開，兒童戲水池已經髒得看不到底部，還有許多小黑蚊⋯,1,1,-1,5462,,2023/05/08,0,負向
廁所沒有進行清潔、草地長得像小樹、冰箱發霉沒有整理、溪水池看起來像是生態池，整體情況非常糟糕。,1,1,-1,5463,,2023/05/08,0,負向
從週六中午到週日接近中午的這段時間裡，廁所沒有進行清潔，而且衛生紙也沒有補充。,1,1,-1,5464,,2023/05/08,0,負向
收到太多不準的帳單，帳單之間排列過於密集。晚上鄰居的吵雜讓人完全無法休息。環境整潔，房東親切值得一星好評，但應該不會再光顧了。,1,1,-1,5471,,2022/05/08,0,負向
營地的植被稀少，導致排水不良，使得土壤變得鬆軟。當大風吹來時，營釘被連根拔起。此外，由於缺少棧板，地面到處都是泥巴，可以用一個字形容就是＂慘＂。我給予一顆星是因為看到一位帥哥光著上身工作，他的服務還不錯。,1,1,-1,5472,,2022/05/08,0,負向
營區經營者並未制止吵鬧的客人，他們從中午一直喧嘩到凌晨四點！？我們無法控制酒醉客人的行為，而且即使營區的電話也無人接聽，甚至過了子夜12點仍未出面制止，這嚴重影響其他客人的休息時間。營區的使用規則明確禁止使用卡拉OK，卻讓人一直唱歌到天亮，引來警察勸導後還是繼續大聲吵鬧。綜合以上情況，我不推薦這個營地。,1,1,-1,5476,,2022/05/08,0,負向
總體而言，營區的風景不錯，營主也很熱心，但環境清潔方面仍需加強，特別是洗水槽和冰箱。這次入住貨櫃露營屋時，發現室內拖鞋非常濕，向打掃阿姨詢問後得知他們有消毒水，但可能噴得太濕了。令人困惑的是在浴室洗澡時多次遇到停水的情況，甚至停水2-3分鐘之久，這種情況讓小孩和大人都感到困擾，特別是在這樣的寒冷天氣中。,2,1,-1,5482,,2022/05/08,0,負向
房間和網路上的評價不太一樣，收納櫃裝滿後孩子幾乎沒有玩耍空間，但其他公共設施還可以。,2,1,-1,5491,,2021/05/08,0,負向
帳篷太靠近，會受到干擾，洗碗槽太低，需要弓腿洗碗！B區和C區共用廁所，需時常清潔並通知管理單位。夜晚沒有控制鄰居的噪音，持續兩天聽到隔壁大聲唱歌直到清晨五六點。不斷反映給管理單位但未見改善，夜間未中斷聊天唱歌，對臥室品質造成不良影響，感受極差，不會再次光顧此處。,1,1,-1,5497,,2021/05/08,0,負向
飲水機離冰箱太遠，營位附近吵雜，停車地點也不方便。,2,1,-1,5498,,2021/05/08,0,負向
環境設備不錯，但很可惜營地管理不力，讓其他客人喧鬧到深夜，影響了大家的休息時間。,1,1,-1,5515,,2020/05/08,0,負向
這個營區的硬體設施很棒，而且衛浴設備也很乾淨。不過，營區裡有三隻大狗一直在帳篷周圍晃來晃去，從晚餐到半夜都影響到我們的活動，甚至在入睡時仍然在周圍嘰嘰喳喳，讓我們難以入眠。雖然我不討厭狗，但牠們在用餐時繞來繞去的行為讓我們感到困擾，一邊要煮飯一邊還要防止牠們偷吃食物。除了狗狗的問題之外，其他方面都相當不錯，真的。,2,1,-1,5520,,2020/05/08,0,負向
雖然環境不錯，但是小黑蚊很多，還有野狗半夜翻垃圾筒，一直在帳篷外走來走去，影響我睡眠。,2,1,-1,5521,,2020/05/08,0,負向
這個地方很吵，因為靠近羅馬公路，晚上要不是有重機聲就是有超跑聲，非常熱鬧！另外，營地管理很苛刻，不准客人踩草皮，難道他們想要人們飛起來嗎？費用是每帳1200元，但沒有美景和清新的空氣，價格有點高昂。給它多一顆星是因為附近有很多螢火蟲可以治癒心靈，這是我唯一讚賞的地方。,2,1,-1,5534,,2019/05/08,0,負向
這個地方很適合露營，風景很漂亮。,2,1,-1,5535,,2019/05/08,0,負向
各區間距離太近，營位太密集，有點擁擠，晚上鄰居聊到1、2點很吵。,2,1,-1,5538,,2018/05/08,0,負向
兔子不適合養在室外，飲食也有謬誤。如果您想從動物中營利，您應該好好掌握有關兔子的知識。回覆店家時，兔子的主食應包括無限量的提摩西草和無限量的煮過的飲用水，再加上適量的飼料。兔子最適合的環境溫度為攝氏17至25度，同時要避免潮濕和淋雨，以避免皮膚疾病如黴菌感染及長時間暴露於高溫下而中暑。有關中暑的疫情，有例子提到在夏天沒有空調的室內環境中援救的兔子肝指數偏高。我也自己養兔子，知道不應該讓牠在家中到處走動，並與店家分享我的知識，希望能夠打造一個既友善動物又友善環境的社區。,1,1,-1,5737,,2022/05/08,0,負向
景色很美，但環境和服務人員的素質還有待改進。,1,1,-1,5799,,2019/05/08,0,負向
這家五星級飯店有很多蚊子和蒼蠅，而且不管是早上還是下午，飯店管理還向客人推銷蒼蠅貼片。,1,1,-1,5807,,2019/05/08,0,負向
主人要求別讓寵物鳥飛走，請小心踩雷。,1,1,-1,5813,,2019/05/08,0,負向
設施預算友善，景觀普通。,2,1,-1,6069,,2023/12/08,0,負向
一開始說可以在這區搭帳，結果天氣太熱搭好了之後又被告知這裡不能搭帳，只能停車。再換一個地點搭帳也被收費。讓人覺得很失望，而且路況狀況糟糕，車底盤還碰到了。,1,1,-1,6073,,2023/07/08,0,負向
洗澡時水溫難以調節，而且沒有提供飲水機。,2,1,-1,6076,,2023/05/08,0,負向
菠蘿蜜區洗頭時洗熱水用完了！這個區域和其他區共用2間廁所和浴室（兼用蹲式馬桶和淋浴間）。車輛無法進入營區，所以設備由營區管理者用牛車運載提供。,2,1,-1,6079,,2023/05/08,0,負向
房間整理得很久沒做了，有跳蚤出現，讓我的皮膚癢癢的。我們忘記帶食材，當想打電話詢問時已經是傍晚了，但卻被誤會不需要了。工讀生要來打掃房間並帶走東西。下次應該先詢問營地管理人員是否會備有食材，處理事情的態度有待加強。不過也要檢討自己有沒有疏忽，不能怪罪他人。,2,1,-1,6090,,2023/05/08,0,負向
環境好，營區主人很熱情。我們租了五帳包區兩晚，但只有一間浴室可以洗澡。每次洗澡都要等很久，而且我們五帳包區只有8個人，已經很少了。如果正常情況下有10-15個人的五帳包區，要等到何時才能洗澡呢？,2,1,-1,6099,,2022/05/08,0,負向
這次露營經驗讓我們感到非常失望。在我們下訂之後，店家看訊息卻沒回覆，讓人不太舒服。入住當晚就要繳清尾款，但卻再也沒見過老闆老闆娘，根本感受不到其他評論中提到的親切服務。兩間盥洗室要供至少16人使用，但老闆老闆娘卻只在收錢時現身，讓人擔心衛生紙會不夠用。洗澡時必須排隊，要是不想在晚上6或11點洗澡的話就得憋著尿。流理台沒有提供肥皂或洗碗精，盥洗室也沒有沐浴用品。總的來說，我們11個人對這次露營的感受都很一致。,1,1,-1,6137,,2019/05/08,0,負向
有人這樣做生意嗎？為了要接包場的夜場，竟然要求已經訂位的客人取消訂位，還想要我改訂其他日期？我真的輸給你了，營主！「人無信而不立，業無信而不興」，古有明訓！,1,1,-1,6320,,2023/06/09,0,負向
所有住客都很安靜，只有星期日早上屋主的朋友來訪，竟然在前面聊天6點多就開始聊，一直聊到近8點。讓人有點不知道怎麼安排睡覺時間。若要經營生意，這一點應該要注意。其他方面則還算不錯。,1,1,-1,6328,,2023/05/09,0,負向
這個露營區不是由原住民經營，訂單確認後卻被管理員做了修改，增加了費用。環境並不是很適合放鬆，感覺隨時都被營區主人監視。也許應該考慮關閉這個營區，讓原住民們更好地生活。,1,1,-1,6580,,2023/09/09,0,負向
這個營區冬天不能來，即使我們沒有使用高功率電器，還是會不斷跳電。營主很生氣，時常罵髒話，有時會有煙味（營主會抽菸）。如果帶著小孩來，那冬天更不建議，唯一的優點是廁所很乾淨。,1,1,-1,6593,,2023/05/09,0,負向
這個營區在冬天不太適合造訪，因為無法使用低功率的電暖器，容易造成跳電的情況。此外，要小心避免被管理者指責說怕冷就不應該來露營，而且工作人員可能會用國語責罵你。,1,1,-1,6594,,2023/05/09,0,負向
這個營地的廁所保持得很乾淨！來山上露營是為了放鬆心情，吸收芬多精，但是營地主人經常在帳篷旁抽菸！如果有計劃帶孩子來露營，就擔心會受到二手煙的影響。對於這樣的環境，不推薦給吸菸者。我給營地主人的評價只有一顆星。,1,1,-1,6597,,2023/05/09,0,負向
營區的清潔狀況還可以，洗澡時的熱水尚可，但電力供應有不足的情況，如果無法提供足夠的電力，請事先告知，並避免隨意指責露營友。建議定期檢修供電設備。另外，凌晨電力固定斷電，廁所連燈都沒有，這是比較糟糕的狀況。另外，營區的卡拉OK使用沒有限制，因為營主也會在那唱卡拉OK。此外，護草墊的使用方式已經清楚標示，不需要特別強調露營友會在上面使用椅子。,1,1,-1,6614,,2022/05/09,0,負向
露營地和浴室的環境都還不錯，但除了營主之外的女性工作人員態度很差！完全不友善！聽到其他營友問問題時，有一位女性工作人員回答得很不耐煩！讓人覺得不舒服！不會考慮再去了…,1,1,-1,6617,,2022/05/09,0,負向
環境整潔，熱水供應時間只到晚上10點，旁邊的洗手台燈也僅到10點，營地主人夫妻似乎缺乏熱情⋯⋯⋯⋯,2,1,-1,6625,,2022/05/09,0,負向
這位遊客在馬胎227露營區遇到了一些困擾，雖然一開始環境清幽乾淨，但晚上遇到其他營客大聲喧嘩，一晚沒有好好休息。最後遊客決定早早離開，營主見狀才表達關心，但卻沒有積極干涉吵雜行為，僅以熟客為由解釋。這讓遊客感到失望，因為露營區在網上評價很高，但實際體驗卻讓人感到困惑。,2,1,-1,6640,,2021/05/09,0,負向
營區的人潮過多，場地狹小，讓活動無法舒適進行，吵雜的環境也不太適合家庭聚會。,1,1,-1,6655,,2021/05/09,0,負向
這個地方人滿為患，擁擠得無話可說。,1,1,-1,6659,,2021/05/09,0,負向
只有中華電信有訊號，其他家都沒有收訊，但營地有WIFI，要提醒大家，前往馬胎227營地的路很曲折且有一些危險，因為道路彎曲且看不見來車。快到營地之前的道路正在整修中，非常顛簸，路面有很多石頭，容易刮傷車底，休旅車沒什麼問題，但一般轎車要小心。這次我們住在營地主人家旁的廣場區，空間小，只能容納5個帳篷，相鄰的帳篷連在一起，孩子們沒有活動空間，感覺主人很貪心！環境裡有蟑螂，還有非常多的蒼蠅（是我去過蒼蠅最多的營地）。但可能因為海拔750米，沒有小黑蚊。廣場不遠處約不到1分鐘路程就有乾淨的廁所，旁邊有小溪可以釣溪蝦，水不深適合小朋友玩水。值得一提的是，營地主人養的雞到處亂跑，沒有關籠，凌晨三點就開始啼叫，影響睡眠，早上也會跑來營地打擾，如果這些問題您都可以接受，再去嘗試看看吧，但我個人不會再去了！,2,1,-1,6660,,2021/05/09,0,負向
前往目的地的路程大約一公里，路況非常惡劣，地面多次被磨平。營地非常狹小，甚至連供小朋友奔跑的草地都沒有。抵達營地後，地勢陡峭，車子無法前進，只好在別處停車，步行到達營地。,1,1,-1,6661,,2021/05/09,0,負向
營地真的很擁擠，超過容納人數了，老闆養的雞叫得整晚，根本無法休息。,1,1,-1,6664,,2020/05/09,0,負向
這個營區雖然沒有太多景觀，但有溪水和兒童滑梯，公園等級的設施。廁所浴室很乾淨，但地面總是濕濕的。有許多房間可供使用，只有B區適合搭帳篷。營地放養了幾隻雞，自由走動並叫個不停，有點吵。相較之下，狗被關在籠子裡。每天一大早都是雞叫狗嗚，持續不斷。不過，大自然的蟲鳴和鳥語卻是有的。總的來說，這裡並不是一個很好的選擇。,2,1,-1,6668,,2020/05/09,0,負向
營主收費可能會多收一些，營位的空間有點小，停車場也不夠大！,1,1,-1,6676,,2019/05/09,0,負向
這家營地的所有家人態度都很差，還把他們家的狗隨處大小便。,2,1,-1,6693,,2023/03/07,0,負向
你是在說即使沒有使用高功率電器，也出現了跳電的情況嗎？而且有人因為天氣冷而不願出來露營，甚至還罵髒話，這有點過分。另外你提到使用了第六代功率為380W的黑設嗎？,2,1,-1,6697,,2022/12/13,0,負向
B2區有許多蟑螂，有時甚至能聞到狗屎的味道。,2,1,-1,6728,,2020/08/21,0,負向
營地的管理不夠周到，廁所沒有清理，垃圾沒有清理，致使廁所的味道令人不舒服。洗澡時瓦斯時常斷線，晚上要等候很久才能輪到可以使用熱水的浴室，而且帳篷位置非常擁擠。旁邊的帳篷裡的人談話聲音大到讓人無法好好休息放鬆，打電話請求營地主人處理事情也要等上兩個小時。我認為這次經歷之後，我不會再來第二次，因為同樣的風景和價格卻有更好的選擇。給一顆星的評價，是因為美好的景色。,1,1,-1,6753,,2024/04/11,0,負向
這個地方空間狹窄、擁擠，夜裡常有流浪狗來探訪找食物。垃圾桶不是獨立使用的，需要與其他戶共用。,1,1,-1,6756,,2024/04/09,0,負向
不推薦住這個房間，隔音效果非常差，廁所還在外面，連吹風機都沒有，非常不方便。另外，露營區的廁所很髒亂，因為很多人使用後都沒有清理。,1,1,-1,6758,,2024/04/09,0,負向
第一次來露營，晚上營地主人也沒來巡視。我打電話給營地主人，已經過了11點了，還有一群人在帳篷裡喝酒作樂。營地主人到場後，場面依然很吵雜，服務也不是很好。,1,1,-1,6766,,2024/03/09,0,負向
我想說的是，對於露營地的建議，希望能夠減少單人露營者的围在大湌團裡面的情況，也希望露營地主能重視單人露營者的需求，而不只是著眼於獲利。,2,1,-1,6771,,2024/01/09,0,負向
在一開始網上預訂房位時，前排觀景區還有空位，我們也已經提前付款預訂了。但當晚抵達時，我們被分配到了中間的草皮區。我們問老闆，我們不是預訂前排的嗎？老闆回答說那是要留給當晚抵達的人。我們又問老闆，那我們現在不就是當晚抵達的人嗎？老闆卻支支吾吾地說沒辦法⋯⋯後來才知道是他把位置給了晚一點才預訂的6帳戶⋯⋯感覺有點被忽略，非常失望。,1,1,-1,6773,,2024/01/09,0,負向
"1. 昨天晚上B區出現了一些問題，大人們說話聲音很大，小孩們也很吵雜。  
2. 營位之間距離太靠近，如果不小心營繩稍微一動，就有可能相撞。  
3. 建議將垃圾桶放在營位後方或區域入口，避免影響營友的行動。  
4. 營友應該尊重他人，不應該在別人帳篷前走來走去觀察他人的裝備，應該要尊重個人空間。  
5. 請安排專屬吸煙區，避免煙味飄到營位，地上也不應該有煙蒂，否則會影響其他露營者的體驗。",1,1,-1,6776,,2023/12/09,0,負向
我剛剛從騰雲露營區回來，實在感到非常失望。浴室設施大部分正常，但最後一間沒熱水；飲水機都被灰塵覆蓋；冰箱太小且沒有區分，環境不整潔；草地上有很多蜈蚣。營區設計奇怪，缺乏小孩活動空間，營位間距過近。隔壁區域嘈音干擾，管理人員不積極應對，帶狗的露營者無法控制好，造成困擾。我在看完評論後才決定要不要前往，因為真的不推薦這個場所。,1,1,-1,6786,,2023/11/09,0,負向
有野狗咬走了半隻雞，很多野狗甚至有戴項圈的，洗澡時水溫不穩，還被燙傷，遇到沒水準的女露客在浴室如廁並丟棄衛生紙。,1,1,-1,6797,,2023/08/09,0,負向
打了二三十通電話都沒有人接，沒熱水的情況下在裡面等了二十幾分鐘，水溫也不穩定，這種露營區實在無法給予六顆星的評價，這多出來的星星真是有其無。,1,1,-1,6802,,2023/05/09,0,負向
我第一次在這個露營區發現廁所清潔頻率很低，即使打電話反應後也還沒有看到清潔人員來。除此之外，營區的熱水時冷時熱，睡覺時感覺身體大小不一，早起時又要受到寒流侵襲，真是相當痛苦。,1,1,-1,6817,,2023/05/09,0,負向
廁所很少，而且很髒，熱水時大時小。我已打電話反映廁所髒亂的情況，但是營主尚未處理。,1,1,-1,6818,,2023/05/09,0,負向
這個露營區雖然接近野營的體驗，但收費卻很高，路況狹窄，不易超車；到了營區也沒有帶位服務，讓露營者自己找地方露營。營區位於海拔1000公尺以上，回程困難，另外雷暴也很嚇人，半夜爆裂的電箱導致停電，在低溫中無法取暖。營區內手機訊號差，Wi-Fi停電後也無法使用。洗碗槽缺水，想倡導環保無水洗碗；小孩洗澡時停水事件也發生。抽水馬達故障，馬桶無法水沖。營區衛生狀況差，沒有噪音管制，非常適合夜貓族。管理不善，容納過多露營者導致不愉快經驗。,1,1,-1,6822,,2023/05/09,0,負向
當你在打電話給營主時，提到廁所沒有衛生紙，如果對方直接掛電話是不太妥善的處理方式，可以說是有點不禮貌。,1,1,-1,6825,,2023/05/09,0,負向
聖誕夜跳電後，營區主管處理速度緩慢，甚至警告說如果再浪費用電，整個區域都會停電。朋友前來幫忙修理水電時，甚至沒有收取任何費用。用電量超出預算是營區本來就需要掌握好的事情，廁所清潔也無需這麼頻繁。然而，現在又計劃要開設新的營位，讓人擔心這個營區的未來。,1,1,-1,6832,,2023/05/09,0,負向
團露已獨立於上方特區，營主仍然容許其他露客進行夜間露營，導致帳位難以安排。而其他露客未依規定於中午12點前離開並結帳，也未見到管理人員，確實令人困擾。此外，位於浴廁附近的兩個營位實在太小，無法容納兩座帳篷，然而訂位網站上的照片卻仍舊使用舊照片，讓人易於誤解為只有一個帳篷位置，而非兩個。這些問題是上方特區營主亟需改進的地方。信譽與品質才能確保長遠經營，而非只求一時的利益。,1,1,-1,6833,,2023/05/09,0,負向
最讓人無法接受的是夜晚沒有限制時間，晚上11、12點仍有車輛陸續上山，車燈和露營者的吵雜聲一直持續到深夜。早上結帳時發現草地上滿滿的蜈蚣，幸好有使用草地保護墊，但仍有蜈蚣滲進帳篷裡，數量比螞蟻還多。營地視野很好，傍晚可欣賞夕陽，夜晚可觀賞星空，早晨時分霧氣繚繞，彷彿置身仙境。廁所和浴室數量有限，備有冰箱和飲水機。還好我們是在連假前一天造訪，半夜被夜晚活動的吵吵鬧鬧弄得很難入眠，第二天一大早就匆匆離開，因為無法放鬆地待在這擁擠的營區裡。,2,1,-1,6842,,2023/05/09,0,負向
營地裡的設備有點狀況，冰箱打開後一小時溫度還是27度，比家裡的冷氣還熱；冰塊還直接融化。晚上洗澡時朋友們沒有熱水，修好後只有前兩分鐘是熱的，後面全程都是冷水。花了半小時才忍受冰冷的水洗完澡。雖然營地很美，但設備真的需要加強。,1,1,-1,6849,,2023/05/09,0,負向
建議下次來這裡露營的話，每次都會感覺像是天堂一樣喔…,1,1,-1,6856,,2023/05/09,0,負向
風景還不錯，wifi 順暢，衛浴設施還可以，但熱水不太穩定最大問題……太過擁擠了，露營者可能會覺得停車場不夠，需要自行評估是否前往。別全信網路上的廣告。,2,1,-1,6859,,2023/05/09,0,負向
在B區停車場露營真的很不開心，因為根本看不到風景。,1,1,-1,6860,,2022/05/09,0,負向
環境清潔需要更加注意，帳篷數量過多，整體品質不夠好。,1,1,-1,6864,,2022/05/09,0,負向
"1. 冰箱只能用來冷藏食物，溫度不夠低，並且有濃烈的異味，看起來已經很久沒有清理過了！冰箱裡沒有提供凍結功能，因此食材都是在常溫下保存！
2. 各家電信業者的訊號都不太穩定，雖然提供了Wifi，但訊號並不穩定。
3. 這裡的景觀沒有令人驚艷的大眾景點或帳篷，也並非想要看到一排車輛！雖然停車空間很多，但A區卻擺滿了整排車輛，若預定的觀景位置擁擠，前往B區的人就得對著其他人的露營車；官網介紹與實際情況不符，向營地管理者提出反應，卻被告知這就是原本的規劃...
4. 洗手間前滿滿的蜘蛛網和昆蟲，已經成了孩子們生態觀察的地點，垃圾桶從抵達到離開一直是滿的狀態...需要更加注意清潔！
5. 特地走到觀景區，無論是白天或夜晚，景色都令人讚嘆不已！",1,1,-1,6868,,2022/05/09,0,負向
營地負責人表示只有A區（景觀區）的遊客能夠停車得像在停車場一樣整齊。對於其他區域，車輛並排停放也是正常的露營方式。建議如果無法預訂到A區，可以考慮在附近的停車場進行野營。,1,1,-1,6869,,2022/05/09,0,負向
"B區停車位設計不足，讓露營區感覺像個擁擠的停車場，帳篷和車子擠在一塊。園區有告示牌指示要停在外面，但默許A區的車輛停在旁邊。這和網路上的照片與規劃不符，支付1,000元卻感到被欺騙。希望業主能提供清楚的指示，以免造成來到才發現停車問題，從營區望出去都是他人的車輛，對老闆消極的態度感到相當失望。",1,1,-1,6870,,2022/05/09,0,負向
唱卡拉ok的人到處都在且聲音很大，卻沒有人管控，浪費了美麗的景色，讓人感到失望。,2,1,-1,6882,,2022/05/09,0,負向
這麼多螞蟻，到處都是，住兩晚真是嚇人。,2,1,-1,6907,,2022/05/09,0,負向
這個特區的露營營位每晚是1200元，營位之間都相連在一起，看起來營主好像沒有考慮到帳篷需要拉營繩的問題，而且營位的設計很小（就像照片中的保特瓶比例對比一樣）。,1,1,-1,6953,,2021/05/09,0,負向
營區人潮眾多，每個營位都被安排得擁擠不堪，甚至連5*8的空間都難以獲得。此外，還被安排在左邊第一個紅圈處，夾在兩棵樹的中間，讓人感到不便。更令人困擾的是，還被多收了三個營位的費用，這讓人決定下次不再來了。,2,1,-1,6957,,2021/05/09,0,負向
晚上的景色非常迷人，令人感到放鬆與快樂，不過房間裡的衛浴設備有些問題。熱水容易燙到人，調整後又變冷水，而且營地的排水情況也不太理想。希望這些問題能夠得到改善。,2,1,-1,6964,,2021/05/09,0,負向
這個地方的優點是：雲海美麗，夜景漂亮，夕陽迷人，草地平坦。但是在營區方面有一些缺點，建議減少約1/3的帳篷營位，因為太多營位導致活動空間減少，甚至小朋友只能在車道上玩球。浴室廁所太少，也沒有標示清楚，必須一間一間打開才知道內裡是廁所還是浴室，覺得有點麻煩。水壓太小，水溫忽冷忽熱問題嚴重。停車空間不足，規劃混亂。網路訊號似乎只有中華電信訊號較好，其他電信業者可能沒有訊號，WIFI有或沒有幾乎一樣，因為人太多連線導致訊號弱。,2,1,-1,6966,,2020/05/09,0,負向
下次就不會再有了，是個半夜要求客人結帳的營業者。,1,1,-1,7009,,2019/05/09,0,負向
"優點：在D區，場地寬敞並擁有大片樹陰，無需裝天幕就不會曬到陽光，非常棒。

缺點：環境整潔方面仍須改善，水槽十分骯髒，公共廁所內有許多蜘蛛網，顯然已很久沒清理過。營區與廁所門口的洗手槽上滿佈了大量的蟑螂，而且是那種會飛的大型蟑螂。環境衛生方面確實需要改善。",2,1,-1,1,,2024/05/06,0,負向
廁所從來不定時清潔，氣味難聞；吹風機表現糟糕，常過熱斷電；浴室中途沒熱水或熱水不熱；冰箱容量明顯不足；洗手台傾斜無法使用。,2,1,-1,16,,2023/12/06,0,負向
這個營地環境非常惡劣，雨天導致積水，草地泥濘，路上沒有照明，廁所光線昏暗，缺乏衛生紙，廁所髒臭難聞，營地缺乏整潔，冰箱也極其髒亂。整體而言，這個營地的環境維護程度非常不理想，令人感到無法忍受，不建議再前往。,2,1,-1,21,,2023/11/06,0,負向
人們的態度有待改善，環境還可以。 ,1,1,-1,22,,2023/11/06,0,負向
營位環境較暗，中午抵達時發現廁所十分骯髒亂糟糟的，直到晚上十點還是沒有改善！垃圾桶滿溢，衛生紙散落一地，馬桶極其骯髒，每一個廁所狀況幾乎都令人感到可怕…,1,1,-1,36,,2023/05/06,0,負向
水壓波動，溫度不穩，廚房流理台太擁擠，四五人共用一間帳篷，有野貓野狗在四周徘徊，还有些人在喝酒后失控大聲喧哗，這樣的人最好不要去露營。這樣的景象真是令人尷尬，整晚都聽到你的抱怨！,2,1,-1,38,,2023/05/06,0,負向
營區應該要在晚上10點後降低音量，但為何還有一群人在半夜兩點彈吉他、大聲喧譁，卻沒有人來制止呢？難道不應該讓大家好好休息嗎？,1,1,-1,45,,2023/05/06,0,負向
廁所有點臭，好像好幾天都沒有清潔過，衛生紙也沒有補充，雖然環境不錯，但是卻擠滿了帳篷和車。,2,1,-1,46,,2023/05/06,0,負向
這個地方顯得很寬敞，但F區真的不太理想。為什麼要把加壓機放在旁邊還要安排人們搭帳篷？整夜不停地嘈雜，即使停下來也只有一會兒就馬上再次開始，根本讓人難以入眠啊~~~~,1,1,-1,50,,2023/05/06,0,負向
營區的環境很漂亮，空間也很大，但因為受歡迎導致廁所不夠並且不乾淨。希望加強清潔頻率、補充衛生紙。浴室也不足，倒數第二間沒熱水，水溫和水壓不穩定，還有排水系統的問題導致淹水。最不能接受的是，垃圾是否直接在當地焚燒？這樣可以嗎？,1,1,-1,68,,2023/05/06,0,負向
服務經驗真讓人氣憤！假日人潮眾多洗澡居然沒有熱水，我希望店家能夠體諒我們的等待！我通知老闆後，他卻說瓦斯沒了，要換了瓦斯才會重啟熱水。眼看著山上如此寒冷，我站在一旁等了足足20分鐘！結果還是沒有熱水？？？我就好奇，換掉的瓦斯到底去哪了？真是太誇張了！我想我不會再光顧這家店了！,1,1,-1,96,,2022/05/06,0,負向
廁所很髒，洗兩天都是冷水，早洗晚洗都一樣沒有熱水，非常不建議使用。,2,1,-1,106,,2022/05/06,0,負向
真是糟糕啊！從初三到初五連續三天都在爛泥中度過，真是太辛苦了！去廁所的路上沒有路燈，一路都在爛泥中來回走，排水系統不完善，雖然雨沒下很大，但地面上還是有積水，還經常斷電，熱水也不熱，這個露營區令人難以忘懷啊！,1,1,-1,108,,2022/05/06,0,負向
廁所和浴室合在一起，沐浴時會聞到其他味道，且洗手台也不太理想。,2,1,-1,112,,2022/05/06,0,負向
房間不夠乾淨，但春節價格可以接受。,2,1,-1,114,,2022/05/06,0,負向
這地方真的夠糟，第一天水是冷的，第二天還停電，營地老闆賺得盆滿缽滿。,1,1,-1,118,,2022/05/06,0,負向
營區的環境很舒適，有溪水和螢火蟲，但聽說一年前有人反應浴室的水溫時冷時熱，不過今天水溫保持恆定，可能是因為沒有熱水只有冷水，讓人頗為失望。,2,1,-1,148,,2021/05/06,0,負向
這個地方雖然很大，但營區規劃得太緊密，導致活動空間有限，而活動區域又缺乏樹蔭，所以容易過熱。如果人潮過多，洗澡就會排隊。儘管這裡有螢火蟲和溪水可玩，但比這裡更好的露營區還有更多。,2,1,-1,149,,2021/05/06,0,負向
建議業主規定晚上十點後降低噪音大小，因為隔壁的人在半夜十二點還在大聲聊天，讓人感到非常吵雜。他們中有一人不斷吹噓自己業績成長了好幾倍，要求其他人也多學點，讓人感到困擾。此外，洗碗槽和插座不足，熱水也時冷時熱，建議業主改善相關設施。,1,1,-1,176,,2021/05/06,0,負向
浴室數量太少，淋浴時溫度難以掌握，排水不暢，地面有太多石塊，廚房的洗碗槽也太少。,1,1,-1,190,,2020/05/06,0,負向
這個營地設施很不好，廁所很髒，而且只有一間浴室有熱水，還要收取1200元。,1,1,-1,204,,2020/05/06,0,負向
這個露營區沒有熱水可洗澡，廁所非常髒，而且完全沒有小朋友的遊樂設施。收費是1200元，但我覺得真的不值得。這是我見過最髒的營地，以後絕對不想再去了，真的非常失望。,1,1,-1,205,,2020/05/06,0,負向
排水效果不佳，下雨後草地變得非常泥濘。,2,1,-1,207,,2019/05/06,0,負向
熱水不太穩定，建議不要使用。,1,1,-1,209,,2019/05/06,0,負向
在營區內不允許唱卡拉ok或使用高分貝音響，但我們卻遇到了這種情況。有人唱歌一直唱到晚上11點，其他地方也跟著放音樂。此外，營區外還有噴灑臭肥的情況，導致空氣中飄著難聞的氣味，引來大批蒼蠅。雖然晚上有提供桂圓銀耳甜湯，但營主還是應當制止這些行為，以免損害營地的聲譽。,2,1,-1,279,,2024/04/06,0,負向
"1. 營區主人非常熱心，在這麼炎熱的天氣裡，他送來了清涼的點心。
2. 營區主人也很專業，聲稱有很多小黑蚊，但我們前三名的點數分別是34、33、19，所以很好奇在老闆看來什麼數字才算多。
3. 洗手間非常整潔寬敞，共有四個，但要留意小昆蟲和寵物。
4. 愛釣魚的朋友們要小心，釣到的魚要好好放回去，因為老闆會監控攝影機，看你是否偷藏他的魚，當需要叫老闆時，其實在攝影機前揮揮手，他就會出現，感謝讓我被小黑蚊叮到了一個破紀錄的露營區。",1,1,-1,334,,2023/05/06,0,負向
明明知道螞蟻繁殖期很多，卻沒告訴讓露營體驗變得更糟。,1,1,-1,373,,2021/05/06,0,負向
這個營區環境真的讓人不想再去，夏天悶熱的下午，雷陣雨來臨時排水系統不夠完善，路面泥濘影響露營心情，需要有所改進。,1,1,-1,375,,2021/05/06,0,負向
在洩水道旁搭建營地並不是很理想的選擇。當下大雨時附近就會有大水溝，營地負責人應該考慮是否將營地搬離水槽附近，這樣會更加理想。,2,1,-1,376,,2021/05/06,0,負向
露營了60次，這次碰到了一個非常特別的營地，雨篷直接搭在營主家的門口，營主家人經常從我們營位旁進進出出，讓人覺得缺乏隱私。明明是租了營位，卻無法將帳篷搭得整整淨淨，還得留出一條通道給他們來往，讓搭帳空間非常擠迫，真是相當不方便！,1,1,-1,417,,2024/04/03,0,負向
園區內可能存在放置捕獸夾的行為，攜帶寵物前往時請多加注意。,1,1,-1,467,,2024/02/06,0,負向
這裡的狀況確實讓人有點失望，看來大家都希望在跨年夜愉快度過，不過現在似乎有些事情規矩太多了。有時候好像來這裡就變成了要照顧法律規定，看來我們不只是為了休息而來這裡的。不過我還是給你六顆星，那多出來的那顆星是做什麼用的呢？,1,1,-1,468,,2024/01/06,0,負向
我們訂了10/7至10/9的露營帳篷，因為颱風即將來臨，為了大人和小孩的安全考量，營地不給延期，所以我們只好取消。取消訂單時被扣除了60%的訂金，這我可以理解。但讓我感到不合理的是，我們租借的裝備未使用就要完全沒有退款，營主卻聲稱這是由廠商代訂的？裝備明明一直在營地倉庫，哪裡來的所謂廠商？詢問營主如何應對帳篷淹水的情況時，營主卻回避了這個問題，只是表示露營地點難免會有淹水的情況。熟悉這個露營地的人都知道我在講什麼，訂營位前應該多注意一下其他人對這個營地的評論，通常不會出現太大差錯。,1,1,-1,475,,2023/10/06,0,負向
露營地沒有垃圾桶，需要將垃圾帶到廁所外面的垃圾桶丟棄。營主沒有提前告知季風問題，導致帳篷和營煮帳篷被風吹壞。地板是石頭，無法很好地釘營，而且連假時可能電壓不足。計劃前往露營的朋友請考慮這些問題！,1,1,-1,482,,2023/05/06,0,負向
這次露營經歷真是糟糕，營區設施不盡人意，營位環境危險且不便利，夜晚又冷又沒電，營主服務態度更是糟糕。這樣的經驗讓我們對這家營區印象極差，未來絕對不會再前往。,1,1,-1,486,,2023/05/06,0,負向
"1. 起初和老闆接洽時很客氣，但付款後他的態度突然轉變。當露友家人臨時離世，告知無法露營時，營主一直催促我提供證明才能退款。我能理解需要相關資料，但訃聞不會當天就有，也沒人會拿這種事情開玩笑。

2. 當我們到達搭營區時，已經花了兩個小時搭起帳篷，但營主馬上來收尾款，讓我感到很差勁。

3. 露友租借的床墊漏氣，換了還是漏氣，營地出租的商品管理有待加強，營主卻變得生氣說：「既然知道會漏氣，那就不要租了！」。

4. 營區的垃圾桶離得很遠。

5. 洗澡水不夠熱，不建議冬天露營。",1,1,-1,487,,2023/05/06,0,負向
對那些裝備不足的露營的朋友們真的不推薦，在朋友租的充氣床一直漏氣，只好半夜打電話給營地管理員，管理員雖然來換了床墊，但態度非常惡劣且口氣惡劣，床墊換了還是漏氣，最後全家人只能睡在硬石地上，租金一會要求我們給一會又說不用給，態度反覆又惡劣，最後直接叫我們不要再來了，這是我第一次遇到如此糟糕的經驗，必須告訴其他裝備不足的露營者。,1,1,-1,489,,2023/05/06,0,負向
營區冰箱出現漏電問題，且對人有危險性，但營主對處理此問題的態度消極，並不友善。,1,1,-1,490,,2023/05/06,0,負向
"1. 租借氣墊床遇到問題，營主的態度惡劣並未解決問題，導致整晚睡在石頭地板上，經驗非常糟糕。
2. 早上結帳時，營區職員說租借帳篷、客廳帳等不用結算，因天氣潮濕需曬太陽，然而過了一段時間，營主卻反覆要求結算設備，與營主溝通後獲知不需結算，但營主卻堅持要求，最後他表示他是老闆的話就算，讓我們感到非常困惑。這樣的營區體驗讓人相當失望，不會再來了。",1,1,-1,491,,2023/05/06,0,負向
這次帶團露營真的沒有開心過，營地下雨積水了我反應給營主，營主卻找藉口說尖石的營地就是這樣，營釘都不知道打歪幾支，而且沒有垃圾桶，都要自己拿到廁所去丟。這些問題都被視為小事，晚上還被貓咪打開我包好的垃圾，到處都是垃圾。第二天早上營主就很不客氣地要我趕快清理，我剛看到被咬散的垃圾時也都傻眼了，好像是我們亂丟垃圾一樣。不到中午十二點就一直抱怨為什麼清理這麼久，我一直在等著他們，而且我也付過營地費了，時間還沒到，到底怎麼了，營主就可以隨意收錢，隨意更改時間嗎？真的不推薦這個營地，雖然環境美，但營主的態度不友善，營地的問題讓我希望和我一樣注重露營開心的人不要去浪費錢受委屈。給一顆星星，至少營區景美。我們走前錄影證明垃圾不會亂丟，這是戶外人的品格。,1,1,-1,492,,2023/05/06,0,負向
"1. 搭帳篷時釘子很難釘進去，許多釘子都被打壞了。
2. 垃圾只能帶到浴室才能找到垃圾桶丟。
3. 廁所只有在清潔的當天看起來乾淨，之後就很髒，感覺很少在保養，也沒有補充衛生紙。
4. 排水系統很差，暴雨時水會灌進帳篷，無法排水。",2,1,-1,498,,2023/05/06,0,負向
原本預計參加萬聖節走秀，結果卻變成摸蜊仔兼洗褲的體驗行程。雨水讓帳篷被水淹，家前後的小河也令人擔憂。為了防止家被沖走，只好試著用土法挖水道，但似乎沒有用。最後只能提前撤帳，深怕雨下到半夜。在雨中，一家老小可能會感到更加恐慌。雖然營釘很難打，也許是因為工具不好，力氣也不夠。結束前這場雨之前的體驗還算不錯。,2,1,-1,499,,2023/05/06,0,負向
下雨天排水不良，積水嚴重的話可以在雨天時來練習挖溝技能！記得先在蝦皮買好鏟子哦！,1,1,-1,500,,2023/05/06,0,負向
營區的排水有問題，導致泥水全淹進帳篷裡，無法再留在裡面。別人的營區在乾燥快速地收拾，而這裡卻還沒整理好。原來露營要帶鏟子。,1,1,-1,501,,2023/05/06,0,負向
上週參加了一個親子露營，去的地方是印象尖石。星期六白天的天氣還好，但下午四點開始下雨，不到半小時各區就開始淹水了。我們的帳篷後半段都被淹了，可是營地根本沒有排水設施，而且地面都是石子。營主並沒有採取行動，每個區域都被淹水，也無法搬遷，因為這個營地不是新的，也很大，無法輕易搬移。活動主認為這是天災，不應該怪罪營主，但活動主難道不應該評估雨天會有積水的問題嗎？小朋友因此無法參加活動，也無法領糖果，為了避免他們感冒，我們最後決定撤離。當時已經有很多人離開，因為不知道雨什麼時候會停，也沒有特報。我們整個團隊都處在水中，據說有近一半的人都離開了。我們支付了一千五百元的營地費和活動費，卻換來小朋友的困擾、狼狽的局面以及一肚子的不滿。,1,1,-1,502,,2023/05/06,0,負向
這個營地雖然在停車方面有優勢，但卻存在排水不良且未提供護草墊的嚴重問題。特別是梯田式的地勢，越低的營地情況越糟糕。這次遇到大雨時完全無法排水，下雨不到三分鐘整個營帳就淹水了，整個營區都變成了河流。露友們只能自力挖溝來救他們的帳篷。這是我們第一次露營就遭遇到如此狀況，整個營區的人都不得不在當晚撤營回家，是相當糟糕的經驗。因此，在下雨天絕對不推薦這個營地。,1,1,-1,503,,2023/05/06,0,負向
這個地方容易积水，雨小的话可能15分钟后水会退去，雨大的话就会有积水问题。另外，淋浴间的热水可能会不够。,1,1,-1,504,,2023/05/06,0,負向
這個地方的排水有問題，導致嚴重的積水情況，我反應了，但沒有人理會，只能自己小心應對了。,1,1,-1,505,,2023/05/06,0,負向
茄苳D區排水不良，積水嚴重。第一次下雨時由於積水問題，取消了預定的露營活動（後來整個露營區都有友人提出撤退）。營地是由草皮和石頭混合而成，石頭下面的底層有些比較大，釘營幕有些困難。在遇到雨天時，需要多加考慮。,1,1,-1,506,,2023/05/06,0,負向
地面排水狀況不佳，導致地面不平且缺乏防護草叢，容易積水，而且營地主人態度消極。,1,1,-1,507,,2023/05/06,0,負向
我們是第一次參加學校的露營活動，時間是4/30到5/2，共三天兩夜。我們自己使用登山野營帳篷，在搭建時遇到很多小石頭，營釘插得不穩，向營地工作人員借了鐵槌詢問如何在小石頭地上插營釘。一位女性工作人員和男性（不確定是否是老闆）建議我們調整位置，雖然態度不是很友善。第二天我們去爬山，回到營地想洗個熱水澡，一開始有熱水，打完泡沫後再開水卻變成冰水（當時溫度只有13度），所以在13度的天氣只好洗冷水澡。回家後才發現雨傘忘在入口處的長凳上，打電話詢問時有男士接聽，但表示營地沒有找到……我覺得他們不太想麻煩，如果有問題不要找他們，這次露營經驗總結不是很完美。,1,1,-1,517,,2023/05/06,0,負向
4/30週末連假我跟一群朋友來這裡露營了三天兩夜。剛到營地時，發現環境還算不錯，浴廁也蠻乾淨的。後來雖然遇到幾次跳電和水溫難控制的情況，但我們沒有抱怨。最後一天中午12點，才突然接到營地方面的通知，要求我們1點前必須離開，讓我們有些措手不及，更糟的是當時還在下著大雨。最後，營地的態度讓我們感到不悅，有些朋友被冷漠對待，而且還因為疏忽被罵。儘管我們也承認了錯，趕快回去處理，但營地的反應仍讓我們有些失望。很遺憾，這樣的營地管理讓我們對此處露營的意願大幅降低。,1,1,-1,520,,2022/05/06,0,負向
老闆態度很惡劣，浴室裡沒有熱水。,1,1,-1,521,,2022/05/06,0,負向
這種情況下，水溫變化非常大，只有極熱和極冷可以調整，而且經常斷電。,1,1,-1,523,,2022/05/06,0,負向
老闆說話的態度很刻薄，遇到停電、洗澡水溫不穩定等問題，若前往服務中心尋求協助，也遭到嘲諷。而進入營地的路上更存在落石，非常危險。,1,1,-1,524,,2022/05/06,0,負向
在這家旅館住了兩晚，洗澡時總是只有冷水或者是溫度很低的熱水，小孩都冷到發抖了。老闆似乎對待他的員工很兇，還有一次我們開車想要直接到我們預定的房間位置時卻被阻止了，還被很不友善地質問「你是哪位」。整體服務質量真的很差，連收錢的態度也很傲慢，讓我對這家旅館的印象很差，我會推薦尖石好一點。,1,1,-1,525,,2022/05/06,0,負向
浴室廁所設施稀少，需要和其他區域共用四間浴室和四間廁所，洗澡或上廁所可能需要排隊等待；另外，熱水供應不穩定，有時冷有時熱；而且營地管理者的態度很差。,1,1,-1,529,,2022/05/06,0,負向
營地主人的態度並不友善，甚至說要催促客人下山。,1,1,-1,530,,2022/05/06,0,負向
營地主人的服務態度不佳，不建議前往。他們甚至限制停車位，並且時常要求遊客離開？實在讓人難以理解。,1,1,-1,531,,2022/05/06,0,負向
去了三天兩夜的跨年活動，但熱水一直不足且不穩定，和民宿老闆的女兒反映後感覺沒有改善，回應也冷淡。廁所雖有清潔，但最後一天卻很骯髒，沒留下好印象，感覺很可惜，而且每個區域都滿滿的。,1,1,-1,532,,2022/05/06,0,負向
這個場地的草皮規劃很好，但熱水供應不夠穩定，竟然要在 8 度的天氣裡冷水洗澡，實在有點冷！,2,1,-1,534,,2022/05/06,0,負向
這周我們去露營，在露營區租了帳篷和客廳帳，其中一頂客廳帳已經不防水，滲水嚴重。下午四點我們請老闆過來檢查，但工作人員直到晚上七點才到。他們先幫我們擦拭帳篷內部並仔細檢查是否有破洞，然後表示沒有破洞就要離開了。我們強調帳篷的防水塗層失效了，因為其他帳篷並沒有這個問題，要求更換。老闆一直強調這是正常的情況，客廳帳內部就是會滴水，態度強硬且輕蔑，完全沒有理會我們的反應，堅持自己的看法，並表示錢不好賺。翻看過往的評論，發現處理問題的方式確實和我們這次的經驗很相似，不小心就被老闆習以為常，雖然露營區環境很美，但碰到問題讓人感到疲累。,1,1,-1,538,,2022/05/06,0,負向
管理人員態度很差，冰箱沒有空間，要我們自己整理，還建議我們早點到。他說他們人手不足，問我該怎麼辦。,1,1,-1,548,,2022/05/06,0,負向
這次露營的經驗並不太愉快，因為營地地面太硬，難以釘營；加上可能因為位置問題，晚上到隔天早上都受強風影響，帳篷幾乎被吹走。這讓我難以入眠，因為風聲很大。總之，浴廁的熱水也不穩定，跟營主討論後感到很無奈。這樣的露營體驗讓我並不滿意，也不太建議朋友來這裡。,1,1,-1,554,,2021/05/06,0,負向
營區因為帳篷太多而導致半夜斷電，早上九點多才恢復電力。廁所很髒，並有許多蜜蜂在附近。,1,1,-1,561,,2021/05/06,0,負向
對於印尖石營地的印象不佳，因為第一次就是最後一次。營地地板硬到讓人手軟，營地極小而且營主還不斷超收，導致排列擁擠。帳帳相連一直延伸到天邊，卻沒有提供足夠的停車位，導致大家亂停亂搭。整個營地四個區至少有40個帳位，卻共用一台冰箱和8間浴室。,1,1,-1,572,,2021/05/06,0,負向
洗澡時水溫不穩定，沒有準備好洗澡用具，只好用水桶裝水幫小孩洗澡。不過因為水溫不穩，小孩被燙到哭了起來。,1,1,-1,579,,2021/05/06,0,負向
營地的地面都是石頭，所以很難把營釘釘進去，一遇強風就會把營釘吹跑，下次可能不會再去了。,1,1,-1,584,,2020/05/06,0,負向
廢話少說，就是說當你到達目的地時，他們竟然告訴你沒有保留位置。這種情況感覺很糟糕，不過最終他們有道歉並退款。浴室的蓮蓬頭突然噴水，讓水到處濺，但小孩的遊樂設施卻很棒。,1,1,-1,593,,2020/05/06,0,負向
營區地面都是石頭，通常難以插釘子，晚上可能沒有熱水供應，洗澡時容易被凍死。,1,1,-1,597,,2020/05/06,0,負向
在抵達目的地之前遇到了無法行駛的山路。,1,1,-1,624,,2019/05/06,0,負向
這個營區位於山區鞍部，因較多季風，可能會形成強風。營主應該瞭解地形特性並提供協助和建議，因為最近十一月已經連續兩次有營柱被強風吹斷，造成夜晚需撤離的情況。,2,1,-1,765,,2017/11/21,0,負向
放鬆假日的好地方，享受美麗夕陽的露營地。,1,1,-1,813,,2017/05/02,0,負向
這個露營地的管理不良，如果你在意卡拉ok是否允許的話，可能要考慮其他選擇。,1,1,-1,1263,,2023/11/07,0,負向
就算已經公告禁止唱卡拉OK，但某個營地還是放任某區晚上唱超級走音的噪音。為什麼其他人還要守規矩呢？,1,1,-1,1264,,2023/11/07,0,負向
和露營地主一起露營是很不賴的經驗。當我們在收拾東西的時候，露營地主的員工也幫忙一起清理，不過有件很糟糕的事情發生：他們把我們的洗碗精和洗碗布丟進了垃圾桶裡，起初員工否認有拿，直到我們向地主求助後，他們才去撿回給我們。收拾已經很忙碌，而員工卻一直跟在我們後頭收東西。有時候，他們收拾比較晚，並不代表不重視。我們的延長線差點不見，詢問員工他們還是說沒有，只好請地主幫忙，在露營地主的共用空間找到了。如果不是當場發現遺失物品，遺失可能隨時發生。如果在水區或附近馬桶附近聞到濃濃的菸味，請警覺帶小孩去水區的家長。另外，露營地主的朋友帶狗一起來，但是狗主人的行為令人不滿，讓狗在別人營區亂拉，並且不清理。他們的吵雜聲和黃色歌聲也讓人難耐，一直到凌晨12點仍然不安靜。,1,1,-1,1288,,2023/06/07,0,負向
玩水是很開心的事，但是在營區周圍一直聞到有人抽菸，味道很難聞！,1,1,-1,1289,,2023/06/07,0,負向
在最後一天整理行李的時候，營地雇用的工作人員也在我們的營區收拾行李，我們還沒離開耶！真是讓人生氣！他們把我們的洗碗液和清潔布都丟掉，甚至連延長線也收走了，放在露營地的營主朋友旁邊。一開始詢問工作人員時他們直接否認拿走，直到我們向營主反映，工作人員才去垃圾桶中撿回洗碗液給我們，但延長線仍然不承認！我們正在忙著收拾行李，還沒離開營區，工作人員就在後面收拾！晚一點收拾不代表不需要，為什麼亂動別人的東西，沒有水準，也沒有教養。在水域附近的營地，經常聞到濃煙味，還要每個人去聞這個煙味！營主的朋友帶著狗去露營，在別人的營區讓自家寵物亂拉，卻不清理，沒有道德觀！這次真的很倒楣，和營主的朋友在同一區，必須忍受他們難聽的音樂和吵雜的笑聲，一直到深夜12點。,1,1,-1,1290,,2023/06/07,0,負向
聽說新營主在C區進行了水溫試試，但當打開車門時，就聞到一股腐爛泥土的味道，讓人感覺不太妙。06/25至26這兩天，該區下了約100毫米的大雨，導致C區地面全部積水，不僅無法迅速排乾，還直接形成了爛泥坑，一踩就會陷進去，而拖鞋更是容易黏在上面，小朋友經常滑倒。營主和老闆娘決定將全區的護草墊搬到這裡，作為改善措施。我第一次露營時就為C區鋪了26片護草墊，雨後去看了A、B、D區，發現完全沒有積水。但C區的水還是積了大約5公分左右的高度。營主答應我們會改善情況，事實上改善了，我該給他們再加5顆星。,2,1,-1,1348,,2023/05/07,0,負向
淋浴時經常遇到熱水突然變冷或變熱，水溫不穩定的情況，很痛苦也很煩惱。此外，淋浴間裡竟然還有使用過的衛生棉黏在那裡，讓人感到非常不舒服。是否有人在整理這個地方呢？,1,1,-1,1379,,2022/05/07,0,負向
錢不是問題，最重要的是我包的區域。廁所還沒收拾好，還有兩間廁所的牆上貼著女生的衛生棉。其中一間沒有熱水，另一間則是熱水調不到溫度。,1,1,-1,1381,,2022/05/07,0,負向
網友說的情況令我感到困擾！環境骯髒，有很多蒼蠅和不明昆蟲，下山後多人出現過敏和蚊蟲叮咬造成水泡。水壓不穩，熱水冷水交替，整個營區就像一個冰箱，四個帳篷區只有一間廁所，而且沒有備有衛生紙。我不建議這個地方，尤其是有小孩的家庭。,1,1,-1,1384,,2022/05/07,0,負向
我們露營已經七八年了，但這次的營區蒼蠅多到一堆，白天晚上都滿是小蟲。另外，沒有衛生紙，熱水要命地燙，而且溫度調節出了問題，要麼超熱要麼超冷。根據評論，這種情況似乎從未改善過。我們住的D區四張包，人擠得要命，小孩也沒地方跑，更離譜的是，整個營地只有一間廁所和一間浴室。總之，我不推薦這裡。,2,1,-1,1385,,2022/05/07,0,負向
環境很髒亂，蒼蠅很多，在這個3天2夜的行程中沒有固定時間來做清潔。,1,1,-1,1386,,2022/05/07,0,負向
看了google評論之後確實擔心營地的狀況，但事實證明到了現場後才發現網友都是公正的！廁所沒有提供衛生紙，晚上斷電不開燈。水槽沒有清理，也沒有照明，廚餘桶也沒有。浴室裡有幾間積水很嚴重，有時還沒熱水，生態池超臭，A區的帳篷擠滿了12個人，非常擁擠，角落還有一片像荒地一樣沒有整理，因為空間不夠只好擠了一個帳篷進去。幸好有朋友一起，否則這個228連假的遊樂行程真的會很糟糕。,1,1,-1,1390,,2021/05/07,0,負向
網站上提到浴室配有衛生紙和沐浴乳，但現場浴室沒有衛生紙，沐浴乳似乎也沒有更新。沐浴水幾乎是冷的，3天2夜的露營期間，浴室沒有清潔過也沒有垃圾桶。有一些蟑螂和蒼蠅。雖然是個可惜的露營地，但整體硬體條件還算不錯。,2,1,-1,1391,,2021/05/07,0,負向
營地主人的服務態度差，廁所沒有衛生紙還有異味，草皮都沒有修剪，營地照明不足，總之不建議大家前往露營。,1,1,-1,1392,,2021/05/07,0,負向
在抵達最糟糕的營區時，我們發現洗手槽沒有清潔，上一批人留下的殘渣還在；TOP區的草沒有修剪也沒有保養，雖然事先有打電話詢問營主關於獨立冰箱，但到達現場才發現只有在營區本部，而且非常遠。營區有很多會飛的小蟑螂（甚至有大型的），露營兩晚沒有人清潔廁所，也沒有提供衛生紙。只有在收錢時，營主才出現，朋友因為是新手，帳篷和睡袋都是在營區租借的。當打開時發現全濕，雖然後來跟營主反應並得到替換，但這是一次非常糟糕的營遊經驗。,1,1,-1,1393,,2021/05/07,0,負向
這裡的環境還算可以（也有些小強），可惜河道沒有清理乾淨，底部堆滿了樹枝、樹葉、蟲屍體和泥沙。公共廁所前兩天都沒有清掃，垃圾滿滿地堆到地上，浴室洗到一半水突然變冷（不只是我遇到，其他露營者也有相同經驗）。只有在收費時看到工作人員，其他時間幾乎看不到人。下午雷陣雨造成排水不良，積水問題嚴重。,1,1,-1,1395,,2021/05/07,0,負向
室外正在下著大雨，營區的排水不良導致積水嚴重。,1,1,-1,1396,,2021/05/07,0,負向
衛浴缺乏衛生紙，戲水區也未清潔。營區空間有限，缺乏草地保護墊，且有很多小蟑螂。,1,1,-1,1397,,2021/05/07,0,負向
"晚上沒有人在接待，廁所裡的衛生紙沒有補充，到處都是蟲，馬桶還堵了，洗澡間的水溫忽冷忽熱，好在天氣很熱......已經兩天兩夜沒有人來打掃廁所，只是放了點衛生紙，連打招呼都沒有......最重要的飄飄河呢？？？場地雖小也無妨，草地不濃密夾雜泥地也無妨，小昆蟲到處跑也無妨，但飄飄河卻充滿苔蘚和落葉根本沒有整理，說是因為水源不足......那其他地區怎麼玩呢？難道我們不是客人嗎？即使它像洗腳水一樣骯髒，但是小朋友卻非常期待，不然我們也可以提前準備其他活動啊......差點沒有穿泳衣、拿著水槍和泳圈就""玩手機""了......",1,1,-1,1398,,2020/05/07,0,負向
露營區很擁擠，除了水上活動，幾乎沒有更多草地空間讓小朋友玩耍。,2,1,-1,1403,,2020/05/07,0,負向
可惜的是，這個露營地和附近的土牧驛相比，經營不夠用心。我們露營的那一區，浴室的熱水不太穩定，水道上長滿了青苔，還有不少小蟑螂（在其他山區的營地幾乎看不到），洗碗槽的清潔也需要向營主反映。總的來說，這個地方真的讓人遺憾，尤其在做了比較之後。而且我經過營地的辦公室時，聽到營主驕傲地和遊客說本週客房已滿，希望他們努力維持高品質的服務。,2,1,-1,1416,,2020/05/07,0,負向
營位位於馬路旁，空間稍小。如果每個營位都設有流理台會更方便，因為共用的洗手間有點遠。建議保持水池的清潔。此外，設置飲水機、過濾系統和脫水機很好。提供優質的洗髮精和沐浴乳也是不錯的服務！,2,1,-1,1417,,2020/05/07,0,負向
露營時候要遵守營地的規定和禮儀唷，大家應該彼此尊重。在玩水區域附近有濃煙味，家長要留意小孩的健康。另外，狗主人要負起責任，不應該讓寵物隨意亂大小便，影響其他露營者。此外，保持安靜也是很重要的喔，尊重他人的安寧。,1,1,-1,1440,,2023/05/15,0,負向
與營主的朋友在同區露營的經歷真是令人遺憾。雖然營主非常友善和親切，但在最後一天收拾行李時，營地的員工卻將我們的洗碗精和菜瓜布誤認為垃圾丟掉了。一開始詢問員工時，他們否認有拿走，直到我們向營主求助後，員工才去回收桶找回洗碗精交還給我們。在大家都在忙著整理行囊、準備離開時，員工卻一直跟在後面收拾，有時候即使稍晚收拾並不代表放棄。我們還發現一條延長線幾乎不見了，詢問員工也被否認有拿走，只能請求營主協助才在共用空間找到。幸好我們當場發現遺失的物品，如果不知道或遺忘，那不就可能被誤掉了⋯⋯,1,1,-1,1441,,2023/05/15,0,負向
浴廁的衛生情況很糟糕，露營地裡有很多蟑螂。,2,1,-1,1474,,2020/08/21,0,負向
覺得經營不夠用心，連廁所都沒有清潔。,2,1,-1,1477,,2020/05/07,0,負向
提升洗碗槽清潔和草坪保養。,2,1,-1,1483,,2019/09/09,0,負向
"1. 露營時遇到衛浴空間小的問題，可以考慮使用小型盥洗盤或是設法安排輪流使用。

2. 如果露營區沒有護草墊，可以考慮攜帶坐墊或毯子，避免裝備直接接觸泥巴。

3. 洗手台水源較少時，可以盡量節約用水，或攜帶一些濕紙巾作為替代。

4. 露營場所的衛生環境不乾淨時，可以自備一次性馬桶墊或避免長時間停留在廁所。",1,1,-1,1519,,2024/04/23,0,負向
"1. 我透過露營樂系統訂了D區碎石區1帳，但下訂時系統顯示該區為3帳。下午2點到達現場後，發現已有3帳，而我則為第4帳。當詢問營主是否不是只有3帳，營主回覆說應該是4帳。當初選擇D區是因為想要寬敞一點的空間，卻沒想到營區超賣帳篷，旁邊露友的小孩們一直在我帳篷附近打球，明顯感受到空間不足。對於衡量空間的重視，感到不滿被塞進另一帳篷的感覺。(照片中可見有4帳) 

2. 接著是洗手間，衛生紙堆滿滿的，看起來有點不舒服。不過洗澡水倒是提供穩定的熱水。

3. D區碎石區地面沒有鋪上護草墊，對帳篷底部造成損傷，在其他營區住過的時候都有提供。

4. 飲水機提供的水量相當有限，大概比滴水還要稍微快一些。

5. 傍晚時蚊蟲相對較多，前方露友提到的驅蚊線香也沒看到。

6. 營區的垃圾桶只有少數幾個地方，並沒有廚餘回收桶，對來自北部的露友來說感覺不太習慣。",2,1,-1,1533,,2023/05/07,0,負向
預先安排好了，但到了現場卻改變主意不參加！雖然說可以等你們，結果卻直接叫我們去灰塵飛揚的桌子區露營？反覆無常、蚊蟲多、環境混亂！,1,1,-1,1542,,2022/05/07,0,負向
小黑真的是非常多。,1,1,-1,1547,,2022/05/07,0,負向
在沙坑球池和熱水池都讓小朋友玩得很開心，熱水的溫度足夠，水量也很足夠。建議老闆裝置個環狀的沙圍，這樣就不會讓風把沙子吹進帳篷的地墊了。另外，在C區後面有一條死水溝，小黑蚊特別多，建議可能要好好清理水溝，整體露營體驗還不錯！另外，希望露營者玩完仙女棒後記得丟掉，否則在露營區可能會有危險。老闆在後續的清理行動上可能要更加用心，以免小孩子不小心受傷。,2,1,-1,1585,,2019/05/07,0,負向
總體而言，露營區地點優越，而且保持得相當乾淨與美麗。此外，距離下山購物點不遠，大約15分鐘路程就可抵達全家便利商店。然而，晚上11點後的噪音問題需要被注意，業者應該加強控制音量，以提升露營的品質，吸引更多品質優良的露營者。,2,1,-1,1746,,2024/04/16,0,負向
總結來說，營地環境優美、營主和工作人員都非常友善，而且設施整潔。然而，最讓人無法接受的是狗狗的大便問題，尤其當有人走過後並沒有清理，讓露營者感到相當困擾。希望營主能重視這個議題，保持營地清潔舒適。,1,1,-1,1756,,2023/06/07,0,負向
這段句子描述了在露營區域遇到了狗大便的困擾。其中提到，有兩名同伴踩到帳篷旁的草地上的大便，使得晚餐的用餐體驗受到影響。隔天早晨又撞見遛狗的小女孩，告知要清理狗便，但最後仍未處理，只好向露營區主反映。最終，小女孩帶了幾條狗到他們帳篷附近，其中一隻大黑狗在草地上大便三次，而小女孩卻視而不見離開。 露營是要與自然共存，狗狗的排泄也算是自然現象，但是否該營主至少保持旅客住宿環境的清潔呢？,1,1,-1,1757,,2023/06/07,0,負向
優點: 1. 靠近三義市區，開車只需15-20分鐘。 缺點: 1. 營區位於山路旁，清晨或半夜有人在山上奔跑，令人感到困擾。 2. 整個營區有約5-6層區域，30-40個帳篷空間，只有入口營本部設有冰箱，這樣省成本合理嗎？夏天取東西時真的很不方便。 3. 有些樓層的營位太短或太窄，搭起帳篷後無法在山景前放客廳天幕，甚至後方也沒有通道，建議營區主人不要為了賺錢而擁擠排列。 4. 營區主人種植了柑橘樹，但如果1-5號營位沒有人露營，為什麼不在周一至周五修剪樹枝？偏偏要在週末修剪，機油味和噪音真的很令人討厭。,1,1,-1,1772,,2023/05/07,0,負向
曾經是一個親切舒適的休閒場所，但隨著野心不斷膨脹，已經忽略了當初讓人喜愛的因素。雖然只收取一百元的入場費，金額並不算高，但卻逐漸與遊客間產生了疏離感。,2,1,-1,1773,,2023/05/07,0,負向
這裡蟲子很多，水溫忽冷忽熱，營區有很多隻狗叫個不停，廁所設施較少，需要排長隊。,2,1,-1,1778,,2023/05/07,0,負向
這次露營地點在第九區，環境非常漂亮，營區整理的相當乾淨。營區主人一家親切又笑臉相迎，服務超級好。不過因為生態非常豐富，昆蟲比較多，有時候可能會遇到藍鵲，甚至被牠們的尾巴輕輕掃到。周遭飛著各種小蟑螂和蚱蜢，草地非常美麗但草叢有點高，所以吸引了很多昆蟲。建議在廁所的洗手台多加一盞燈，早上可能會聽到一些工地的聲音、擾人的昆蟲、鳥叫和狗叫聲，如果容易驚醒的人，最好帶上耳塞。關於電源供應，吹頭髮時有時會出現閃爍的情況，感覺不太穩定。營區的空間相當寬敞，建議攜帶一條較長的延長線。以上僅是個人的體驗分享，對於怕蟲的人可能不太適合。雖然環境美麗且營區主人友善，但因為蟲蟲太多，只給予兩顆星評價。,2,1,-1,1781,,2023/05/07,0,負向
草地雖然很密，但排水不好，整個地面都泥泞不堪！戶外本來就會有昆蟲飛來跳去，但一直有蟑螂在桌子上下爬，實在太過分了！如果養狗就要好好管控，否則對著客人亂叫亂吠，如果把小孩嚇到跑倒，這要怪誰？這樣的體驗一次就足夠了，謝謝。,1,1,-1,1782,,2023/05/07,0,負向
這個營地的花草維護很不錯，但我們租到的營地卻沒有木棧板。由於下了暴雨，整個營地變成大泥濘，帳篷區都被泥水淹了。24小時內，腳一直都沒有乾過。另外很令人崩潰的是，到處都是飛行的小蟑螂，無論是在內帳或外帳，都有蟑螂黏在帳篷上。帳篷也因泥水損毀了。環境的植物美景讓場主獲得了2顆星的評價，但因為我們沒有任何像上述評論中提到的服務，只是開了門讓我們進來，所以給予-2顆星。整個場地泥濘也讓我們失望，另外滿滿的小蟑螂和租借費用也讓我們分別扣了2顆星和0.5顆星。總結來說，如果下雨天的話，我不推薦這個營地。如果你沒有租到木棧板區，將會遇到許多蟑螂，也不是一個好的選擇。總體評價為1.5顆星。以上僅為個人經驗，與商家無關。,2,1,-1,1783,,2023/05/07,0,負向
這個地方不太建議，老闆的態度不太友善。如果你有寵物的話，要仔細考慮喔！我建議你打電話問清楚是否可以帶寵物，因為如果沒先問清楚，到了現場可能會被要求支付300元。此外，浴室和廁所的衛生狀況也不太理想，水龍頭溫度忽冷忽熱，還有廁所異味。總體來說，這個地方真的讓人很不舒服。,1,1,-1,1786,,2022/05/07,0,負向
營區裡蚊子超級多，而且冰箱異味重、冷度不夠，就連保冷磚放一個晚上也還是無法結冰。,2,1,-1,1788,,2022/05/07,0,負向
整體環境不錯，沒有太多地方好挑剔的。設施應有盡有，唯一讓人不能忍受的是在2021/11/20（週六）露營時，有一區超過晚上10點仍然有人放音樂、喧囂及打電話。當向老闆反映後，老闆只是讓他們小聲一點，然後持續到晚上11:30。這導致了睡眠困擾，如果不是這個問題，整體評價可以給予四顆星。,2,1,-1,1795,,2022/05/07,0,負向
營地管理人員非常熱情！他會帶著狗來「照顧大家」，同時也讓狗狗方便一下。（可能是來統計人數和帳篷數）,1,1,-1,1798,,2022/05/07,0,負向
總體來說，營地主人很友善，環境也相當舒適，但晚上蟑螂實在太多了，而且它們還會飛。說真的，這种情況對於蝗蟲、蜻蜓之類還可以接受，但一晚上要抓二十多隻蟑螂實在太誇張了，讓原本美好的氣氛大打折扣，希望可以改善這個問題。,2,1,-1,1820,,2021/05/07,0,負向
營主人很好，主動告訴大家可以喝青草茶，草地翠綠漂亮，晚上可以看到美麗的星星！不過這三天有不少小蟑螂飛來飛去，飛到食物、人身上，讓怕蟑螂的同行友人很煩惱，我們一直小心照顧食物和餐具，生怕被蟑螂碰過；各營區之間距離比較近，聲音傳得很清楚，我們也擔心會打擾到別人；下方營區偶爾會飄來臭味，味道有點刺鼻，但不常且持續時間短，所以沒有告知營主這部分。開車很方便，冰箱容量夠大，大多數露營者的需求都可以滿足，但怕蟑螂或在意隱私的露友要多考慮這些情況。,2,1,-1,1821,,2021/05/07,0,負向
這次在這個營地的三號區，營主雖然很熱情親切，但是蟑螂太多會飛了！其他蟲蟲像蛾、大螞蟻、蒼蠅、蚊子都還好，但會飛的蟑螂真的讓我崩潰。另外那區的廁所臭味很重，衛浴設備稍嫌不足，燈光昏暗，也有蟲蟲。營區比較狹小，與其他帳篷相當近。非常怕蟑螂的人要三思再決定，但如果不怕蟲的話，這個營地還是不錯的選擇。我受不了蟑螂又會飛，這次露營完全無法放鬆，一直保持著警戒，所以只給一顆星⋯⋯,1,1,-1,1822,,2021/05/07,0,負向
為什麼早上去拜訪露營的朋友，還要付費呢？,1,1,-1,1837,,2020/05/07,0,負向
老闆為避免得罪露營客而要求我們委屈接受超額預訂。一星期前，老闆告知我們群包會多一組人。即便我們不情願，我們也接受了。然而，在跨年連假期間，竟然有三組陌生人硬是被塞進我們的包場區。他們聲稱也是預訂了我們的區域，稱這是訂位系統的錯。事後查證發現是營地主身沒有確認這三組人的身份，就隨意讓他們進入我們的包場區，好心卻引起我們的不滿，實在讓我們感到很不舒服。,2,1,-1,1867,,2018/05/07,0,負向
草地很綠 浴室很乾淨 可惜有很多狗屎。總體來說，露營設施維護良好 浴廁設施乾淨且有足夠熱水 營地主人友善 甚至提供自煮的飲料給露營者使用 灯條壞了也免費提供燈泡 當下唯一的不足就是第一天踩到狗屎 因不知道是誰的狗所以只能認命 但第二天早上發現是營地主人的狗 共有四隻 立即通知主人狋狗屎的情況 當我們準備離開時 有兩個小女孩牽著狗出來 狗直接在我們帳篷旁邊大便(炊事區域) 儘管我們大聲抗議 且兩個小女孩也看到狗在拉大便 仍視而不見離開 留下一堆大便在我們旁邊 狗在自己家拉大便是可以理解的 但兩個小女孩視而不見的態度令人無法接受 無論營區多美好 一旦有狗屎的陰影 給人的印象就只會是這是一個有狗屎的營地 希望主人能重視這個問題。,2,1,-1,1887,,2023/05/19,0,負向
這裡曾是我們同學每年聚會的地方，但隨著生意變好，主人似乎忘了最初的初衷，對服務不再熱情。連假前沒有基本的檢查，甚至瓦斯和浴室也沒檢查，二十多年的露營中第一次洗冷水的區域（後來有重新安裝）忽略了初衷是吸引我們一再光顧的關鍵。現在只在乎急著收錢，甚至當面詢問兒子：「錢收到了嗎？」如果不信任，建議早點結束營業，守住自己的領域，避免被欺騙。我們並不是挑剔的顧客，這樣直接的說法僅出於對這溫馨露營區的可惜。是否理會我們都無所謂，現在有許多其他選擇可以露營住宿，那些失去初衷的地方是不值得我們花錢的。,2,1,-1,1892,,2022/11/22,0,負向
浴室的水龍頭溫度時冷時熱。建議不允許帶寵物，或者可以帶寵物但不另外收費。,2,1,-1,1905,,2022/04/18,0,負向
營主讓自家狗亂吠，晚上吵得我睡不著。他們允許帶寵物，但要收300元清潔費，這讓我有點難以接受。山上很冷，但浴室的水龍頭卻不停地冷熱交替，我差點感冒。廁所和浴室也有些髒亂，希望營主可以改善一下。,2,1,-1,1906,,2022/04/18,0,負向
在半山腰的地方風景很美，但因缺乏用心經營規劃，失去了美麗的效果。到了營區後發現，並非每個帳篷都有護草墊，管理員說大部分都已經破損並遺失了，建議我們去其他地方找看看。雜草叢生，地面布滿碎石，下過一點雨後到處都是爛泥，幸好雨量不大，否則可能會積水。晚上洗澡時沒有熱水，水壓也不足，溫度忽冷忽熱。連假期間營區塞滿了帳篷，廁所沒有定時清潔，垃圾桶滿得溢出，彌漫著尿騷味。營區只有特定區域有垃圾桶，需要走一段路才能找到，相當不方便。在結帳當天中午12點要離開時，已經沒有可用的水源，浴室的水源也被關掉了，感覺有點糟糕。營位停車場沒有規劃，車輛亂停，帳篷附近整個營區給人一種難民營的擁擠感覺。,1,1,-1,2171,,2024/01/07,0,負向
颳風機只有一隻，而且有很多蟲和蜜蜂。,1,1,-1,2172,,2023/11/07,0,負向
這間露營區服務效率較低，其政策為12:00必須離場，而10:30即開始提醒，11:46甚至尚未收拾完畢即關閉了水電和冰箱，讓體驗感受相當不理想。,1,1,-1,2173,,2023/05/07,0,負向
隔壁的噪音太大聲了，吵得大家都無法入睡。,2,1,-1,2174,,2023/05/07,0,負向
這段句子的意思是預定的露營地方出了問題，因為沒有一次到齊，管理員就另外安排位置，結果安排到別人預定的地方。這讓露營的體驗變得很糟糕，大家在大雨中搬家。優點是浴室大、熱水快也很熱，但缺點有很多，像是位置不易到達、道路有障礙物、排水不良等問題。,1,1,-1,2177,,2023/05/07,0,負向
露營區風景優美，空間寬敞，位置稍微高一點，五月底去並不會太熱。我們選擇了G區較高的營位，但廁所環境並不是很乾淨，沐浴時約九點左右發現浴室水根本沒有流出來，我們必須自行調整才得以使用。此外，洗完後吹風機沒電，洗手台的水龍頭也沒水。最為困擾的是，蚊蟲特別多，當天被蟲叮到眼睛腫了，不得已前往急診。營區負責人一開始很主動地聯絡了保險事宜，讓我們非常感激，雖然我們自己一開始沒有考慮到這一點。但後續再也沒有消息，也沒有積極聯繫，整體來說這次營地之旅經驗與感受都不如預期。,1,1,-1,2179,,2023/05/07,0,負向
這個環境風景優美，但棧板有點狹小，只適合擺放三百帳。浴廁部分不太乾淨，三月時有很多蟲和飛蛾，每間浴室廁所都有些垃圾。磁磚地面，浴室和廁所分開，水壓弱且不穩，水溫不穩定，排水也不太暢通，浴室內的椅子和水桶上有些霉斑。 附註：1. 水槽旁沒有垃圾桶，稍嫌不方便。2. 週日離開時，營地主人清潔時的廢水會直接流入 C 區帳篷⋯⋯⋯⋯⋯⋯⋯3. 很多營位都靠近馬路。,2,1,-1,2181,,2022/05/07,0,負向
"1. 上山的路不通暢，充滿了枯枝雜草，不便通行。
2. 營區設施（如熱水、電力）無法應付連續假期人潮需求。
3. 電壓不穩定，造成電源跳動，照明效果不好，建議多備幾個充電式 LED 燈。
4. 熱水供應極度不穩定，容易從熱變冷，洗澡很不方便，建議中午洗澡或者在外頭先洗。
5. 營區路面泥濘多坑，雨天行走困難，建議穿著靴子。
6. 充滿美麗風景的營地眾多，感覺營地主人缺乏經營管理心力，建議另覓其他營地。",1,1,-1,2184,,2022/05/07,0,負向
這個地方真的很糟糕，蒼蠅多到讓人以為自己來到了非洲。洗澡的水要麼燙到死，要麼冷得不行。滑草更是讓人感到心酸，游泳池的水像是去年的，非常骯髒。而且垃圾居然都集中在帳篷附近，整體環境除了差點外，沒有任何優點。總之，非常糟糕，給它一顆星都嫌多。,1,1,-1,2185,,2022/05/07,0,負向
信號很差，還有一些人覺得自己唱歌很好聽，一直唱得很難聽、很吵。沒事不要來這裡，否則你會後悔一輩子。,1,1,-1,2186,,2022/05/07,0,負向
這個露營區的進出山路非常危險，路途兩旁長滿雜草，路寬極窄，幾乎無法雙車通行。行駛期間會被樹枝、竹枝刮傷車輛，遇到對向車輛時，就像是走在狹窄橋上的黑羊和白羊，車輛受損的風險極高，除非你是行駛高手。,1,1,-1,2189,,2021/05/07,0,負向
收到您的描述，營地的設施似乎有些問題。您有提到厠所不夠乾淨、浴室只有四間、燈光微亮、淋浴時水溫不穩定，還有電力供應的困擾。您向營地管理人員反映後，他們認為是您們使用的延長線有問題，而非營地供電問題。此外，您也提到營地下雨後排水不良，容易積水。希望您在營地內保持乾爽，且注意洗淨鞋子以免帶泥回帳篷。,1,1,-1,2194,,2021/05/07,0,負向
廁所到了晚上沒有人打掃，變得很髒，垃圾桶都滿了；洗澡時沒有熱水；而且從週日（2020/09/20）早上開始，連營區的水槽也沒有水了。,1,1,-1,2198,,2021/05/07,0,負向
G區冰箱的冷凍設定溫度太低，冷藏設定溫度太高。蛋撻放進去後，螞蟻竟然爬到食材上。園區表示冰箱沒問題，只是附加設備，並未提供保證。瘋狂跳電，食材被遺忘丟掉可以理解。處理事情的方式嚴重損害旅遊心情。,1,1,-1,2203,,2021/05/07,0,負向
這個露營區的衛生狀況似乎不太理想，冰箱還長霉，看起來還沒有完善的計劃。在改善之前，或許不應該收取費用開放。,1,1,-1,2211,,2020/05/07,0,負向
場地規劃太擁擠，帳篷附近活動空間不足，浴廁整潔度需改善，洗澡水壓波動，馬桶沖水問題頻繁，泳池第二天告知水量不足無法使用，電壓不穩持續跳電，滑草區域有安全隱患，景觀僅限第一排，冷藏冰箱故障，冷凍櫃被擠滿且管理不善，整體露營體驗令人失望，營地管理控制不佳。,1,1,-1,2224,,2020/05/07,0,負向
在G區碎石區下雨時發生了一些問題，其中最讓人無法忍受的是晚上跳電三次。更糟糕的是，整個G區的兩間淋浴間的熱水都沒有熱，即使溫度本身不是很冷。在溫度應該至少在15度以下的情況下下雨，讓人覺得對待客人的態度有點讓人不滿... 另外，水槽位置在廁所外面，所以清洗東西時要走一段路，尤其在下雨天非常不便。我露營過很多次，也碰過很冷又下雨的情況，但這次真的是最糟糕的，前所未有。,1,1,-1,2238,,2019/05/07,0,負向
營地的電壓較低，衛浴設施略顯不足且有點不太乾淨，營位旁沒有提供水槽，水槽都聚集在廁所旁，下雨天刷牙洗臉需要撐傘，甚至連遮雨棚都沒有，讓人有些失望。,2,1,-1,2259,,2018/05/07,0,負向
建議營區管理者考慮限制進出山區的時間。因為山路狹窄且路況惡劣，無法讓車輛相遇通過，再加上露營裝備及帶著孩子，這樣的情況下確實存在危險。對於安全問題，營區應該要謹慎考量，建議可能不宜前往。,2,1,-1,2291,,2021/05/02,0,負向
在F區誠心地做了挑選，但因為其他客人的原因，被迫移到了C區。對於第一次來的客人來說，他們並不知道這個營區的位置，直到看過區域位置圖後才明白自己已經不在原先預訂的區域中。不清楚原營區劃分的意義，似乎需要事先和營長溝通才能獲得理解。,2,1,-1,2362,,2018/05/07,0,負向
"這個地方的位置有點偏僻，吃飯和購物都非常不方便。有幾個方面可以改進：
1. 考慮在此處販賣一些食物。
2. 增加一些工作人員來幫忙。
3. 管理住宿者的品質（例如控制他們的噪音和確保他們在晚上12點之後保持安靜）。
4. 調整價格，使之更具競爭力。",2,1,-1,2400,,2017/08/29,0,負向
訂位後，竟然接到電話要求協調讓位給另一團更多人的，感覺挺不舒服的。我表達了我的不滿，最後取消了訂位，但熱情也被損害了。,2,1,-1,2561,,2019/05/07,0,負向
營區的衛生環境需要改進，有許多螞蟻和爬蟲，廁所裡也有許多小昆蟲，並且沒有提供衛生紙，洗手台夜間沒有照明。,2,1,-1,2576,,2023/10/09,0,負向
最近發生地震頻繁，又下著大雨，家人都很擔心走山會遇到落石的危險。在這種情況下，我們希望得到營主的協助，但獲得的答覆讓我們感到困惑。營主只提出能延期半年或退還4成費用，而我們的朋友在其他營區取消訂位時，只需支付較低的手續費。這讓我們對梅花梯田的處理方式感到不滿。政府也呼籲我們避免這段時間自行上山，以避免危險。原本我們計畫在螢火蟲季前往該營地觀賞螢火蟲，雖然營主建議延後半年，但半年內並非螢火蟲季節，我們也不想等到隔年。因此，我們只能自行支付6成費用。退訂當天有30個座位，只取消了25個，難道只有我們有問題嗎？其他營地並未發生類似情況，但營主也要求支付200元手續費。,1,1,-1,2715,,2024/04/30,0,負向
園區整體算乾淨，廁所也維持得相當清潔。美中不足的部分是，G區的衛浴設施與冰箱位置都較遠，需要跑來跑去。G區只有一間蹲式廁所，對於小孩來說可能不太方便，有可能發生不小心在褲子上拉的情況。山區的蟲子多是很正常的，但碰到不知道是什麼的大螞蟻咬人，回來後腳上長了三四個又刺又痛的包。雖然已經露營多次，但這次卻有新規定，限制帳篷只能睡四人，多了就需要額外支付費用，而且不分年齡，只要人數超過四人就要收費。,1,1,-1,2717,,2024/04/07,0,負向
除了草地以外，CP值不算太高，旁邊的護草墊區植有帶刺的植物，讓人感到不便且不安全。此外，營地旁還有枯萎的植物，可能會吸引一些小昆蟲並散發味道。然而，小水池適合小朋友拍照。,1,1,-1,2749,,2023/05/07,0,負向
進出道路起伏較大，低底盤車需小心。共有六間衛浴，分佈於七個區域中，每區有時段限制使用，十個帳篷以上需共用兩間衛浴，尤其在特定區域可能會影響其他露營者。Wifi提供服務，但我無法連接，手機信號極差，無法與同行者聯繫，讓溝通變得有些困難。,2,1,-1,2775,,2022/05/07,0,負向
第一次來到這個露營區，包了A.B兩區，整理一下，首先要到達這個營區底盤很低需要有心理準備，路實在不太好開，營位規劃略顯可惜，必須先將車停在外部的石子地，下完裝備後再將露營用品搬進去，若位置在最裡面，就必須拉得很遠才能搭設，相當費力... 營地訊號不佳，提供的wifi 連不上，不知是區域問題還是？衛浴設備太少，第一有時間限制（AM7'30-11:00)，諸如一個帳篷住五個人，總共30個營位，共150人，卻只有六個衛浴，150人/6=平均一間25人，洗一個人要30分鐘，750分鐘/60=12.5小時，這樣好像有點擠迫... 第二ABC三區共用一個廁所，ABC三區共14個帳篷，廁所實在太有壓力... 營位旁邊洗手台電燈10點就關閉，只能在黑暗中洗碗q... 總結不會再來第二次、總結不會再來第二次、總結不會再來第二次...,1,1,-1,2776,,2022/05/07,0,負向
在這個營區裡面只有一個冰箱，根本沒有地方給大家放東西，連準備好的德式香腸都整包不見了。這個營區完全沒有任何管理。一早醒來就感到心情不好，索性不吃了，就準備結帳回山下找好吃的，以後也不再來了。,1,1,-1,2778,,2022/05/07,0,負向
草地區的草太長了，長到已經超過黑墊了，有蚊蟲是很正常的，但蒼蠅這麼多就不正常了。這次露營遇到這麼多蒼蠅，從早上八點就被蒼蠅吵醒，一整天都被困在蒼蠅中，儘管用電風扇吹也吹不走，整群整群的，直到晚上六點才終於沒有了。浴室雖然寬敞、水池也還可以，但蒼蠅的確是太多了。,2,1,-1,2803,,2021/05/07,0,負向
這裡超級擁擠，甚至在中央走道都搭起了帳篷。,1,1,-1,2822,,2020/05/07,0,負向
總結來說，您在露營地遇到了一些問題，包括洗澡水溫不穩、營主夫人臉色不好、收帳時間不彈性等。您建議露營地改進一些規則，比如設定離場緩衝時間以避免超時罰款，同時您也擔心這樣的罰款合法性。您希望露營地可以有所改進，謝謝你的回覆。,2,1,-1,2828,,2019/05/07,0,負向
在營地的山路很陡峭，無法容許兩輛車並排通行。因此，建議不要同時通行，以免發生溫水不穩的情況，洗一半可能會變成冷水，同時也可能覺得一邊在洗一邊發抖。,1,1,-1,2829,,2019/05/07,0,負向
這條山路非常危險，建議車況不佳的人不要前往。山路十分陡峭，不適合夜間駕駛。營區有許多規定，但廁所非常乾淨，而且有冰箱可使用。,2,1,-1,2836,,2019/05/07,0,負向
水壓、水溫和電壓不穩定，黑沙坑水池很小。附近有果園...全家人都很不好過（見圖）,1,1,-1,2837,,2019/05/07,0,負向
這個營地的蟲蟲真的是很多，無論是在廁所、浴室還是營區裡，到處都是各式各樣的蟲蛾。洗澡的過程簡直像是在經歷地獄般的折磨，蟲蟲不停地飛來飛去，甚至還停在身上。而冰箱位置也太遠了，更令人困擾的是裡面居然也有蟲！整個營區只有一個冰箱供大家使用，衛生狀況真是令人擔憂。,1,1,-1,2987,,2022/05/07,0,負向
雨天時積水和泥濘確實讓人頭疼，我們搭帳篷時幾乎沒有下雨，但一旦下起雨來，水就無法流走，一直流進帳篷裡面。,1,1,-1,2992,,2022/05/07,0,負向
這個營地好像吵鬧的情況很常見？也許特別容易吸引到吵鬧的團體，又或者是吵鬧的團體之間互相流傳這個營地會放任吵鬧？現在已經是半夜1-2點了，還是週六，他們不僅高唱卡拉OK，聽起來還很難聽，整座山頭都聽得到他們喧嘩聲！還有一次是在凌晨兩三點的時候，一群人大聲聊天，我離他們遙遠的地方還能聽到有人在呼喚自家狗回來！聽到露營友人家的狗亂吠！我的白蘭露營經驗不多，但卻遇到好幾次這個營地對吵鬧放任不管！即使和營地負責人交涉好像也沒什麼效果！,1,1,-1,3006,,2022/05/07,0,負向
天氣預報是大雷雨，並且已提前一週詢問是否可以延期，但營地主人不允許改期。該場地位於偏遠地區，沒有景觀，排水設施不佳，廁所非常骯臟。建議大家不要特地跋涉前去，甚至不值得給予一顆星的評價。,1,1,-1,3058,,2019/05/07,0,負向
推薦不高，排水狀況不佳，廁所較骯髒，缺乏管理。,1,1,-1,3059,,2019/05/07,0,負向
這裡的草地積水嚴重，但衛浴看來並未受到管理。,1,1,-1,3060,,2019/05/07,0,負向
雖然訂場是有規定的，訂金給你沒收就可以了，抱怨有什麼用？小朋友生病還需要你抱怨嗎？,1,1,-1,3075,,2019/05/07,0,負向
營地環境狀況不佳，有很多積水泥濘、場地狹小、擁擠，車位規劃不完善，服務也不盡如人意。,1,1,-1,3101,,2017/05/07,0,負向
"1). 衛浴設備有乾濕分離是好的，但廁所空間需要加強。

2). 帳篷布置有點密集，無法在大草地上活動。

3). 沒有管理寵物的規定，半夜狗叫聲不斷，早上起床後發現草地上有許多狗糞。",2,1,-1,3199,,2021/05/07,0,負向
營位費一直漲價，越來越昂貴。,1,1,-1,3204,,2021/05/07,0,負向
收了200元的清潔費之後，竟然什麼都沒有清理到！有些人只是想和在露營的親朋好友聊聊天打打屁，結果卻得付出200元！營主啊，這價格有點貴喔！,1,1,-1,3205,,2021/05/07,0,負向
"1. 這個地方景色很美，草坪也很漂亮。
2. 帳篷都貼得很近，有點擁擠，沒有空間讓小孩子奔跑（看起來有點擁擠）。
3. 收費要1200元，還會有跳電的問題。
4. 總結：如果要收費那麼貴，就應該要控制帳篷的數量；營區的電力系統也需要改善，一晚上跳電3、4次會讓人很不舒服。不打算再來了。",2,1,-1,3214,,2021/05/07,0,負向
在悄悄話營地，草地雖然很寬敞，但每張帳篷要價卻不便宜，另外，衛浴設備看起來很高檔漂亮，但實際使用起來卻另有一套，水溫時冷時熱，令人非常煩惱。收取這麼高昂的費用卻提供這樣的服務，實在讓人感到惱火。,2,1,-1,3267,,2019/05/07,0,負向
"1. 環境保護做得不錯
2. 可以訂購披薩和石鍋拌飯，無需自備食物
3. 欠缺景觀
4. 入場時間為下午2:00，退場時間為中午12:00，條件相對嚴格
5. 一帳1200元，如果提早入場則需額外加收100元，性價比值得商榷。以上資訊適用於後花園區。",2,1,-1,3278,,2018/05/07,0,負向
這裡的人很多，就像是難民營一樣擁擠。,1,1,-1,3321,,2017/05/07,0,負向
營主的態度有些差，我只是想發動一下車子，營主就問我為什麼要發動車子，難道我發動車子開窗戶也要跟營主報備嗎？當我在洗澡時，營主正在清理浴室，總共有3間。前兩間已經清掃好了，剩下的第三間還沒有清掃，竟然讓我洗第三間。為什麼付了一樣的錢，別人都洗乾淨的浴室，我卻要洗第三間？而且熱水很不穩定。這種不為露友著想的營區，我不會再去第二次了。同行的朋友洗完澡後有3個都過敏，洗手檯的水很濁，連碗都洗不乾淨。晚上12:30還有露友彈吉他自彈自唱，打電話和傳訊息給營主都沒有回應。隔天早上，營主說他睡著了，需要去敲他的門他才會知道。如果今天失火了，你還會睡得那麼死吧？真不知道高評價是從何而來，還要去的露友自己考慮吧。,1,1,-1,3335,,2024/03/07,0,負向
8/26-27那天去露營，一到就被老闆說看起來很有精神，晚上10點後請保持安靜，否則可能會被請離開。雖然看起來是開玩笑的，但我覺得這不是一個營地主該有的態度。在過程中有幾次對話讓我和朋友感到不舒服，比如老闆說：“雖然我知道你們不會再來了。” 雖然位置不錯，但我還是想提醒老闆和老闆娘和氣一點，這樣生意會更好，否則真的會損失。,1,1,-1,3356,,2023/09/07,0,負向
在到達營地的門口時，營地負責人就拒絕讓人進去，態度非常惡劣，讓人感到不受歡迎。,1,1,-1,3413,,2022/05/07,0,負向
心情愉快的元旦，我們在早上十點半抵達營地。當我們打開車門，告訴營主我們預定了今天到營地時，營主臉上露出不悅的表情，他抱怨說訂了今天也要晚一點才能來，為什麼現在就來了。他不斷重覆這句話，我們強調我們並沒有要立刻搭帳，只是先到周邊走走。但營主一直強調只有晚一點才可以到來，讓人覺得有些莫名其妙。最後我們只好忍受著他的不悅表情，這種情況持續了三天。我們提醒營主應檢視自己的口氣，不可以反過來說我們的口氣不好，因為是他的態度和口氣有問題。我並不是新手露營者，也不自認為自己是老大，因此從沒有這樣自誇，相反地，似乎營主才是老大。難道我們不能好好溝通嗎？難道整個山頭都是他的？尊重是互相的，他尊重過我嗎？我們根本無法知道他的營區是否允許停車。,1,1,-1,3435,,2021/05/07,0,負向
晚上蚊蟲很多，營區下面有3到4隻狗，一直吠叫不停，還有鄰居家的小孩，從傍晚一直玩吵到晚上10點多也不休息，真的很打擾。營區的廁所設施很舊，有洗澡間無法上鎖，還有馬桶沖水設備損壞。除了風景，這個營區真的不值得推薦。,2,1,-1,3570,,2023/11/07,0,負向
"原句：營主忘了約搭營，到現場又聯繫不到，最後是好心的客人讓出位置。

重述：在因雨延期後，營主竟忘了約定，到現場時聯繫不上他，幸好有位好心的客人讓我們使用他的位置。這次露營真是碰到了負責任度極低的營主，進入營區後卻看不到營主的蹤影。",1,1,-1,3573,,2023/06/07,0,負向
這個地方的浴廁乾淨，而且熱水很夠，但是熱水供應只到晚上10點，對夜間用水的人相當不方便。半夜和凌晨，羅馬公路上飆車族發出很大的聲響，還有營區下方飼養了四隻狗，只要有動靜就會瘋狂吠叫。而且在假日的清晨7點多，竟然有人用割草機除草，以上這三個問題都讓人無法好好睡覺。還有一隻叫做黑糖的狗，早上會跑進營區在帳篷內大小便，收帳時才發現，真的讓人非常無奈！,2,1,-1,3576,,2023/05/07,0,負向
營地觀景台前方長了很多竹子和雜草，遮擋了整個觀景範圍。營區隔壁的鄰居整晚都在唱歌，早上還在使用電鋸施工，而瘋狂的狗早上一直亂叫。即使深入山林，還是有很多人在吵鬧，讓露營區變得很可怕。,1,1,-1,3578,,2023/05/07,0,負向
冰箱只有冷凍功能，跟房東反應後還說冰箱是可以冰東西的。自來水品質不佳，水龍頭流出的水都帶著土味。,1,1,-1,3587,,2022/05/07,0,負向
場地狹小，道路窄窄，洗手台散亂不整，樹葉到處堆滿。可以看出場地管理並不盡如⼈意。晚上包區裡的人們在開派對，吵到半夜，讓人難以入眠。原本預定的活動都取消了。環境不佳，缺乏吸引力，再也不想第二次造訪。,1,1,-1,3595,,2022/05/07,0,負向
營區非常擁擠，實在是訂位超出容量了！沒有沙坑、沒有戲水池，更沒有射箭場⋯ 只有搗麻糬的活動。而在下方的營區舉辦電音派對，兩天兩夜不斷聽到動滋動滋的音樂，而營主卻在出發前兩天才告知！真的很無言，我們可不是去聽動滋動滋的音樂的～難道不應提早告知嗎？,1,1,-1,3597,,2021/05/07,0,負向
營區原本說要安排7個帳篷，結果擺好之後，根本沒有足夠的空間，只能容納4-5個帳篷，但卻硬塞進了7個。網路上說有沙坑、戲水池和射箭場，看起來卻荒廢了。唯一就算乾淨的只有廁所，有提供搗麻糬活動。營區下方正在辦電音派對，整晚都聽得到嘈雜的音樂聲，營區主辦人直到露營前兩天才通知，讓人感到很無奈。這是我第一次給這個營區這樣的評價，希望他們能夠改進。,2,1,-1,3599,,2021/05/07,0,負向
小黑蚊太多，使用防蚊液、止癢藥以及開水龍頭都無法有效阻擋它們。,2,1,-1,3613,,2021/05/07,0,負向
露營區的遊客素質有待提升，早上6點就有人開始洗碗發出噪音，7點就有人開始喧鬧，還讓小孩尖叫不止。,1,1,-1,3622,,2020/05/07,0,負向
位於水源地旁可能對環境造成影響。,1,1,-1,3631,,2020/05/07,0,負向
這個營地只關心賺錢，對於面對不守秩序的露友卻避而不理，影響其他守規矩的露客的權益！不管硬體設備有多好、風景有多美，這樣的處理方式都是對上帝的賜予的浪費！,2,1,-1,3726,,2018/09/15,0,負向
這次經歷真是令人不愉快！我原本和營主訂了C區的水泥雨棚1帳，後來營主告訴我旁邊還有一個要訂6帳的（總共8帳），他們打算夜間施工會比較吵，但我表示沒問題。後來他們又打電話告訴我要改成8帳，要我去B區的碎石雨棚，完全沒有徵求我的意見，還與我爭辯說8帳總不能指定他們1帳去其他地方，我事先已經預訂了，至少也應該尊重我的意願吧！當初之所以要指定C區是因為我喜歡C區，而不是你叫我去哪我就去哪！,1,1,-1,3767,,2024/04/30,0,負向
這段話的意思是「遇到一次露營經驗，洗冷水澡，主辦單位並未合理處理，不滿情緒釋出。主辦單位反昇不當態度，未誠實道歉，引發不滿。結局為雙方未能溝通融洽，營主事後道歉未得大家諒解。建議露營者注意挑選合適的營區。」,1,1,-1,3781,,2023/12/07,0,負向
只能說造訪後感覺相當不佳，不願多加評論。該商家似乎只是將責任全推給顧客，進一步討論也無裨益。,1,1,-1,3782,,2023/12/07,0,負向
我在五月27日露營了3天2夜，因為蚊蟲很多，被叮了好幾個包。最不好的是，第三天早上營主告訴我們必須在中午12點前結帳，他說過一次就好，但最後還是在10點開始結帳時水突然沒了。我告訴營主情況，他說是下雨造成管線阻塞。一度我還以為營主急於趕人讓我們結帳所以關掉了水源。總之，整體體驗不怎麼樣，應該不會再去那裡了...,1,1,-1,3824,,2023/05/07,0,負向
收費高達三百元的車輛入場費有點牽強吧，整天巡視好像在尋找小偷一樣？26處溪遊記的遊玩經驗真是讓人感到浪費四天連假⋯。營區主人態度不友善，除了沙坑，小孩根本沒地方可玩。第一次帶小孩來露營，他們說很無聊。唉～難道我們的車來回十幾次嗎？「停車費三天一共付了1800元」，為何露營區要設置停車費擔憂客人到來呢？五顆星都是騙人的，過了一天後怎麼多了這麼多好評？未經當事人同意，私自錄影車牌放到公開網站上，已經找家人和律師處理！營區業者留言說付不起錢就去免費野營？？？,1,1,-1,3833,,2022/05/07,0,負向
整體環境良好，但時常有巡邏員工來查看是否有新訪客到來。若有新訪客到來，則需要支付停車費300元，並且每輛車都會被錄影以作為證據保存。雖然費用支付得起，但該巡邏員工的態度讓人難以恭維。此外，要離開時，營區員工要求我們收拾護草墊，我們當然樂意協助恢復原狀。不過是否有必要根據平台規定將護草墊復原，有待澄清。最後，員工的態度有待改善，不能好好溝通。有時會聽到我們被錄影的車輛影片，但一開始卻否認有進行錄影。另外，唱歌在晚上7點並不超出平台規定的晚上10點禁止唱歌時間，且音量也沒有很大，但卻被指責影響其他露友。實際是否有其他露友因此感到不適尚不明確，且該處理方式也缺乏友善。,1,1,-1,3834,,2022/05/07,0,負向
當日包區營位800元，對於停車每車收300元覺得相對便宜。管理單位每隔幾個小時會來進行巡邏收取停車費，每次朋友開車來只停留一下下，就要繳交300元的費用。這次露營總共停車3天，總計支付了1800元的費用。可惜老闆的態度很差，完全沒有親切感，讓人覺得沒有下次再來的必要。,1,1,-1,3835,,2022/05/07,0,負向
不是下雨天讓人害怕，而是因為營地規劃不佳、排水不良，下雨後地面滿是泥濘。這種情況下，鞋子容易陷進爛泥巴裡，小孩和狗只好躲在帳篷裡，真的很可惜。,2,1,-1,3842,,2022/05/07,0,負向
營區狀況很糟糕，營主態度很差，有很多虎頭蜂約2-3公分大小，相當可怕。他們不處理這個問題，還把責任推給客人，說我們招惹它們。請問，虎頭蜂晚上出沒是正常的嗎？今晚陸續來了20-30隻，如果今天被小孩叮咬了，你負得起這責任嗎？要前往的大大們，請三思而行！,1,1,-1,3844,,2022/05/07,0,負向
不建議前往這個營區，因為有虎頭蜂。營區的管理者處理問題的態度非常消極，甚至推卸責任，說我們應該噴香水。這些蜜蜂前來是因為營地上有一棵花蜜豐富的樹，它們日夜不停地採蜜。在選擇前一定要三思，以免花了冤枉錢又遭受罪。,1,1,-1,3845,,2022/05/07,0,負向
車聲很吵！ 早上5點就完全被吵醒，無法入睡，衛浴設備太少要排隊。營區主人很友善！,2,1,-1,3979,,2023/09/08,0,負向
在靠近水庫和羅馬公路的地方，晚上車流的聲音很大，很難入睡。除了B區以外，其他小帳篷區位置都相當狹小，彼此之間距離太近。建議大家主要把C和D區作為一個區域，這樣的營位比較適中。此外，衛浴設施並不多，所以需要洗澡的人要抓緊時間。,2,1,-1,3984,,2023/05/08,0,負向
"1.地板有許多雜草，需要清理一下。
2.廁所在多人同時使用時可能沒有熱水，需提前安排使用時間。
3.四周環境不太明亮，晚上上廁所可能不太方便。
4.因電路問題，房間一直容易跳電，需注意用電安全。",1,1,-1,4048,,2021/05/08,0,負向
環境清潔；因為保護螢火蟲的生息環境不使用殺蟲劑，所以小黑蚊較多。,2,1,-1,4097,,2018/05/08,0,負向
這個地方的衛生環境算是不錯，但因為使用山泉水，所以水質較黃且稍微濁，並且沒有提供飲用水，需要自行購買。此外，這裡螞蟻和蜘蛛網比較多，需要留意避免碰觸，露營區的樹木空間較狹窄，車輛進出較困難。但晚上能聽到河水聲，入睡環境還算舒適。,2,1,-1,4176,,2024/04/07,0,負向
環境還不錯，雖然沒有飲水機，熱水時冷時熱，冬天有點不夠用。最讓人讚賞的是宮廷帳，其他都很普通。,2,1,-1,4179,,2024/03/07,0,負向
只有一處有衛浴設施，其他地方都需要走一段路才能到達，而且幾間衛浴設施的水溫時熱時冷，一下子燙一下子冷，或者根本沒有足夠的熱水。整個區域只有一個冰箱供 29 帳使用（晚到的冰箱幾乎沒有冷藏效果），也是在衛浴區附近，如果你喜歡走路，歡迎來到這裡，可以讓你走得很愉快。再者，營區主人嚴格禁止外部車輛和訪客進入，即使遺忘了東西，朋友送過來也不行喔，只能在門口面交，不論你的物品有多大重。另外，他們沒有提供飲水機，請記得攜帶足夠的水喔…,2,1,-1,4181,,2024/01/07,0,負向
這個營區的環境並不理想，有很多不方便的地方，不像預期中的美好。,2,1,-1,4182,,2024/01/07,0,負向
總的來說，我們接受使用者付費，在營主讓人印象深刻的情況下，對於金錢方面我們可以彈性處理。如果網頁上沒有提供的資訊，在討論後不會另外收費。有位使用者在兩天內多次提出問題，我們認為他對付費態度不太好，而對於質疑問題他只會含糊帶過，我們是否可以請另一位來解釋？遮雨棚的設置很不錯，但當下雨時水流卻會往棚內流。整體設施和場地規劃還需要改善，不過最好的地方是廁所和浴室都相對乾淨。道路規劃方面還有改善空間，因此我們給予兩顆星的評價，主要是因為廁所的狀況和客人的素質都相對不錯。,2,1,-1,4183,,2024/01/07,0,負向
雨棚區的石子鋪很薄，下大雨的話直接積水淹到爆⋯⋯計算人頭、車輛和帳篷的數量，確實做得很細緻…,1,1,-1,4188,,2023/07/07,0,負向
營主的算盤打得很爛，損失不斐，情況更惡劣，情況變得越來越糟糕了，低地淹水成災。,1,1,-1,4189,,2023/07/07,0,負向
工作環境不佳，而且男老闆態度惡劣。,1,1,-1,4200,,2023/05/07,0,負向
這位男老闆的服務態度不好，經常給遊客帶來困擾。,1,1,-1,4201,,2023/05/07,0,負向
很遺憾，今天下了大雨，地面都變得泥濘了，而且還被要求支付額外1200元的費用。環境缺乏人情味，洗手間設施也不方便，甚至沒有安裝防滑設施，導致家人滑倒並燙傷。對我來說，這個營地似乎只在乎盈利，缺乏人文關懷，對狀況也漠不關心。這樣的態度讓人對露營有著不愉快的經驗，感到非常遺憾。,1,1,-1,4203,,2023/05/07,0,負向
最近去露營的經驗並不太愉快，洗澡時沒熱水、水壓小又不穩、電源不穩等問題，還有營區環境髒亂、蚊蟲多、草地長過腳踝等。收費也覺得有些不合理，服務人員態度不太友善。整體環境與照片介紹不太相符，唯一的優點是在溪邊比較清幽。,1,1,-1,4204,,2023/05/07,0,負向
在端午佳節當天前往湖區包營地的時候，才發現露營車無法通過，正下著磅礡大雨。因路程遙遠而心情受影響，只能返回。而且營地老闆的服務態度惡劣，對問題推卸責任，讓人覺得這營區太不友善了。目前還不確定是否能退費。,1,1,-1,4205,,2023/05/07,0,負向
營地的排水情況很糟糕，也沒有提供草地墊，下雨時內帳和床墊全都濕透又積水，根本無法入眠。我們只好直接收拾行李回家，這個營區讓人非常失望。,1,1,-1,4212,,2022/05/07,0,負向
中央最大的水池已經被圍起來了，所以周圍有很多青蛙，晚上會開派對，聲音相當壯觀，要記得戴上耳塞。上游的小溪水流綿延，但周遭有蜘蛛網和蚊蟲的干擾，要去戲水可能需要斟酌一下。另外，小黑蚊和大蚊子的排班看起來已經有配合好了，前者約在上午11點開始工作，後者在黃昏前出來覓食，所以3瓶防蚊液可能會很快用完。出門露營本來就需要與大自然共存，充分準備才能玩得盡興。,1,1,-1,4214,,2022/05/07,0,負向
建議在營區廁所前的大水溝周圍設置圍欄，以提高夜晚上廁所的安全性。為避免孩子在暗處不小心跌入危險，必須對這個問題正視。其他問題也不容忽視，這次的經驗確實讓人印象深刻，下次需更謹慎。,1,1,-1,4215,,2022/05/07,0,負向
這個露營地距離新店碧潭很近，開車大約只要10分鐘的路程。如果想要享受輕鬆的露營活動，你可以直接在外面買外帶食物進來用餐。這個營地屬於城市型露營地，優點是你不用擔心車子的噪音。這個地方原本是用來舉辦婚禮和拍攝的地點，所以並不是專門設計給露營的。例如，帳篷前並沒有洗手池，垃圾桶只能統一放在廁所使用，而且這裡只有一個廁所，總共只有30個露營區，每個人要共用浴室，有些區域比較偏遠，需要走一小段路才能使用，相當不方便。建議早點洗澡以免人擠人，而且早洗可以有熱水，但晚一點洗就沒有熱水了。有聽到其他露營者的小孩在洗澡時哭泣的聲音。設施比較老舊，和其他露營地相比，價格稍微貴了一點（其他營地至少會有人巡邏和清理環境，以避免動物來干擾）。這個露營地的最大賣點是可以觀賞湖景，不適合帶年幼的小孩，晚上可以看到螢火蟲。,2,1,-1,4216,,2021/05/07,0,負向
服務態度不夠積極，結帳時非常積極。網路訊號很弱，設施又陳舊。蚊子超級多，場地又很狹小！營位和洗手區都沒有照明，洗手池一直被堵塞，淋浴熱水不穩定！營位的規劃隨意，雜草叢生，指示牌不清楚，地點不好找，永遠不會再光顧！,1,1,-1,4218,,2021/05/07,0,負向
有一些小黑蚊，不怕小黑蚊的人可以參考一下。包區和隔壁區的帳篷都緊密相連，帳尾跟帳尾接在一起！沒有網路美美的設施，只有一些殘破不堪的設施可以拍照，其他的就懶得拍了。沒有鋼琴，也沒有教堂️。因為有露客在場，不好意思靠近拍照，確實有點不好看。與網路美照相比相差甚遠⋯⋯⋯。劃分區域的安排確實不太好，太密集了。露營和訪客的價格可以自行參考，兩個包區2200元，夜衝600元，提供大家參考。本人只參加了這次，就此結束。,1,1,-1,4219,,2021/05/07,0,負向
這段文字在描述露營時遇到的困境，講述了下雨時遮雨棚滴水和積水的狀況，以及老闆提供的露營地限制和收費事宜。最後作者表示自己對當時的處境感到不滿，並表達不會再前往該露營地的決定。,1,1,-1,4222,,2021/05/07,0,負向
這個遮雨棚座落在狹小的空間，聲稱有獨立包區，但實際上與鄰近人士的距離極近。在深夜時沒有管理人員，鄰居玩起狼人殺一直持續到凌晨兩點。第二天垃圾桶也沒有清理。如果不是限制評論只能給予星級評價，我真的想給予一顆星都不給。,1,1,-1,4224,,2021/05/07,0,負向
這個露營區營位費用很貴，管理人員態度也不友善。雖然訂了兩個帳篷營位，但實際上只有400*600的空間，擺不下兩個帳篷。入場費也很高，每人要收150元，甚至小學生身高高也要收150元，還有車輛也要支付100元，且有時間離開的限制。整體而言，這個露營區不太推薦。,1,1,-1,4225,,2021/05/07,0,負向
不好意思，我還是初學者，所以暫時不接受大型狗隻。您可以先參觀一下場地嗎？儘管店家有權利拒絕，但還是要請您先了解清楚情況。看起來店家的表現並不如傳聞中那麼理想。即使離家很近，我也不再考慮了。,1,1,-1,4280,,2018/05/07,0,負向
這次的體驗真的很糟糕，訂位付款後碰上中央氣象局發佈大雨特報，無法改期，尤其因為帶著小孩一同出行。營地管理方卻將責任推給露營樂訂位中心，並堅持扣除60%的費用，還沒給予發票。更離譜的是，除了扣60%外還要額外扣除30元處理費。這些商家沒有同理心，只想著賺錢，非常不值得推薦的糟糕體驗，令人感到非常失望。,1,1,-1,4288,,2018/05/07,0,負向
7月18日下午3點，大門關閉，旁邊標誌上寫著需要提前預約，因此感到非常失望而返回家中。,1,1,-1,4291,,2018/05/07,0,負向
環境雖然宜人，但是小黑蚊的數量很多，而且叮咬很痛，即使下雨也不能延期，帳篷也要收集不少。,2,1,-1,4295,,2018/05/07,0,負向
到了才發現關門了，很不幸的沒有人接電話。,1,1,-1,4307,,2016/05/07,0,負向
門票無法用來抵消費。物價很高，一碗麵煎一個蛋要220元喔！這裡的廁所男女共用，而且很暗，隔音效果不好。我寧願去土雞城吃飯。,1,1,-1,4309,,2015/05/07,0,負向
請大家注意，入園一人100塊不可用來抵消消費，而且消費金額還要再另外支付180塊！在去過這麼多餐廳後，從未遇到過這種情況！感覺有些變相賺錢！建議大家在前往前要慎重考慮。,1,1,-1,4310,,2015/05/07,0,負向
"超雷露營區! 真的很肥胖的蟑螂和討厭的小黑蚊超多，服務也爛透了。近3年來露過最糟糕的露營區：1. 洗澡時突然沒有熱水，小孩差點被泡沫淹沒，等了近一個小時，水壓又小又不穩；2. 估計至少有6個帳篷共用同一條電路，電壓超不穩，連串滿3瓦的10顆LED的15米燈都不亮, 打氣機壞了，只好手動打氣，換成LED燈條；3. 環境髒亂，生態池看起來沒有人在管理，小黑蚊超多，用了蚊香和防蚊液，每人最少用了20包；4. 在浴室和帳篷區看到兩隻巨大的蟑螂在空中飛...蟑螂...蟑螂...；5. 草地沒有定時修剪，已經長到腳踝高度，石階長滿青苔，十幾人中有4位不小心滑倒，大家都要選擇繞路；6. 收費不合理，大部分的露營區超過4人要收100塊錢一個，幼兒園以下小孩不用付費，但這個露營區每個人要收250元，連幼兒園以下的小孩也要付費；7. 拍照的景點大多老舊，與照片不符。",1,1,-1,4338,,2022/06/08,0,負向
這個露營區真的是太糟糕了！洗澡時熱水突然沒了，小朋友都在泡泡浴中等了一個小時；電壓不穩，LED燈串燈都沒亮；環境骯髒，到處都是小黑蚊；還有蟑螂飛來飛去；草地長得超高導致人們不小心跌倒；還有不合理的收費政策。總之就是一個超爛的服務，拍照地點也都老舊不符合照片。,1,1,-1,4339,,2022/06/08,0,負向
這個營地越來越冷清了。如果超過營位的人數限制，會被嚴格加收額外的人頭費和停車費。浴廁設施還算不錯，但因為有水池所以會有很多小黑蚊，其他方面就不想多說了。,2,1,-1,4349,,2022/01/05,0,負向
照片拍得不錯，但親自去看就知道。營區拍的照片很美，但實際去看的話，設施方面可能只能遠觀和眺望比較好。,2,1,-1,4357,,2021/04/26,0,負向
草地因為排水故障，導致地面積水並泥濘。,2,1,-1,4358,,2021/03/05,0,負向
所說的是營區的費用和環境。因為是連假的關係，所以擔心在中南部會塞車，所以選擇了北部的營區。但到了營區後發現沒有設施，還有很多小黑蚊，連噴霧都沒有效果。,2,1,-1,4381,,2020/03/25,0,負向
這次露營經歷相當糟糕，不太可能再來這裡了，也不會推薦朋友來這裡！問題在於：1，營區不允許訪客，而且探營費用很高，卻事先未告知。四個朋友探營一個半小時要支付 900 元。2，洗澡水溫忽冷忽熱，更糟糕的是洗到一半時停水，必須打電話給營地主人才肯重新開放水源供洗澡。3，廁所的衛生紙非常稀缺，導致許多人需要彼此借用。,2,1,-1,4434,,2018/05/27,0,負向
態度惡劣，讓我下次不會去那裡。態度惡劣，影響全體人。,1,1,-1,4437,,2018/05/20,0,負向
照片和實際看到的地方差很多。洗手台不夠多，插座離地太高，雨天時草地變泥濘因為排水系統不佳。,2,1,-1,4643,,2016/12/01,0,負向
收了錢後仍有責任處理問題，晚上洗澡沒熱水找不到相應解決方案，在這麼寒冷的天氣只有冷水可用，這種情況非常不被推薦。,1,1,-1,4704,,2021/05/07,0,負向
這個地方真的很令人不舒服，不僅沒有景色可以看，還有許多人在那裡抽菸。另外，上方的營區年輕人一直在凌晨一點前大聲喧鬧，好像完全不理會其他人的存在，而且似乎也沒有人管束他們。絕對是一個非常糟糕的經歷。,2,1,-1,4908,,2021/05/08,0,負向
這個季節蒼蠅太多了，下午還碰到突然停電，而冰箱又離我很遠，晚上又因為中華電信基地台超載無法聯繫。,1,1,-1,4946,,2019/05/08,0,負向
當天我們到了竹雞區露營，原本是想要享受一個輕鬆休閒的活動，但卻被一群年輕人弄亂了氣氛。他們從晚上開始就喝酒，並不停罵著髒話，一直吵到凌晨3~4點都不肯安靜地睡覺。我們的帳篷剛好就在他們對面，被吵得無法入眠，只能等到他們終於安靜下來才艱難地小睡片刻。我們當天向主辦人員反應，但只是打了個電話，告訴他們要注意晚間噪音，可是誰會在酒醉之後記得這種話呢。因為持續吵鬧，所以我們在這個露營區的體驗非常不愉快，也不打算再去了。,2,1,-1,4977,,2021/06/02,0,負向
營主一直盯著看，限制非常多，態度口氣也很差，我們是來露營放鬆的，不是來受氣的，非常不推薦。,1,1,-1,5224,,2024/03/08,0,負向
這位營主對待來營的客人真的很差勁，完全沒有耐心。一個小孩不小心把球打到營主的車子，就被營主罵了；甚至還有老太太來帳篷罵大人。營主的態度真的很差，讓露營的人感到非常不舒服。晚上又有年輕人來罵說亂丟垃圾，其實明明還沒整理好。對待客人的態度如此惡劣，真的讓人非常不開心。並且還表示「最討厭寵物」，實在是讓人感到毫無被歡迎的感覺。,1,1,-1,5225,,2024/03/08,0,負向
服務態度非常差，語氣就像在和人吵架一樣。,1,1,-1,5226,,2024/03/08,0,負向
這次參加的是露營活動，營區整體環境很整潔，草坪也相當舒適，廁所很乾淨並提供衛生紙。原本說只要天氣許可就會開放泳池，但前一天溫度變化大，泳池未開放，而星期六卻非常炎熱。因此沒能使用泳池設施並不打緊，主辦單位應考量露友健康才做此決定。隔天才得知營區必須12:30全部離開，可能是營區早有此規定，仍感有點無法接受。露營應是輕鬆的活動，以往經驗都是14:00前離開，因此對此規定感到不滿，未來可能不再前往。營區提供的舊腳踏車騎乘空間狹窄，孩童易發生車禍受傷情況。雖然營位數量多，但共用一個衛浴設施，晚上12:00熱水停供，導致女生衛浴間常長龍等候。若喜歡前一天整理裝備或輕裝備的露友，這營區相當適合。但若習慣在營區用午餐後離開或早上10點收拾要曬帳篷露露水的露友，需謹慎考慮這裡是否合適！,2,1,-1,5235,,2023/11/08,0,負向
電很容易跳，蚊子也很多，而且廁所離得很遠。,1,1,-1,5236,,2023/06/08,0,負向
這個營地的設施真的讓人有點失望，淋浴間太少、廁所太遠，熱水供應也有點不準時。洗澡時水溫還不穩定，有時冷有時熱，而且女生吹風機也只有一台。營地的空間設計也有點擁擠，帳篷之間距離太近。更何況不能打麻將的規定，這些問題真的讓人不太想再去啦。,1,1,-1,5243,,2023/05/08,0,負向
衛浴幾乎都要排隊，冰箱只有一個滿滿的，要小心小黑蚊。,2,1,-1,5258,,2022/05/08,0,負向
1、燒木材熱水溫差過大，洗澡很困難。2、限制小孩玩沙不能亂跑，人擋在旁邊監視。如果怕亂，干脆就不要開放。3、大雨撐帳篷已經很狼狽了，還有東西西的限制。4、要求分類，一個區域只能放1到2個籃子，停車下裝備一直被催，草坪墊子因為怕積水雨後也不能多用。5、洗澡時有人提醒不能浪費水。6、車子一定要停在停車場內（可以接受）。7、即使天氣好也不會加水到游泳池，寧願用水洗草坪墊⋯感覺真的很糟糕，乾淨固然很重要，但過度了就不如不開放了！,1,1,-1,5260,,2022/05/08,0,負向
"1. 沒有提供廚餘桶，你可以問工作人員要一個，或是將廚餘放在指定的地方。
2. 雨天地面滿是爛泥，小孩踩到後被罵，建議水流放慢些，並告誡孩子們避免踩到泥巴，以免再次被迫清洗腳。
3. 沙坑有專人管理，陌生孩子將沙子擺到邊緣，應即時提醒他們往內部玩耍，以避免造成麻煩。
4. 在籃球場內放置腳踏車，小孩子可能被籃球擊中，非常危險，建議應另覓適當位置放置。
5. 提供的舊腳踏車需要共用汽車道，存在安全隱患，應考慮設立專用腳踏車道。
6. 泳池裡的護草墊被用來清洗，浴室水壓不穩，且共用一區，帶來不便，可能需要改進。
以上是對這位營主要求嚴格的情況的回應，歡迎有興趣的營友前往體驗。",2,1,-1,5261,,2022/05/08,0,負向
這次露營經驗真的很糟糕，12度的低溫下，電燈竟然跳了，暖爐和電熱毯都沒辦法發揮作用，我覺得今晚可能要凍死了。,1,1,-1,5267,,2022/05/08,0,負向
營區內有超過200位成人和小孩需要在晚上12點前洗澡，如果洗澡還未完畢就直接停水這舉動有點過分。飲水機只有一台，若使用大水桶裝水可能會導致缺水問題。而我用一個大水桶為10個人裝水，跟10個人各自去裝水有何不同呢？明明有那麼多人使用，為何只有一台飲水機呢？難道管理單位沒有考慮到這點嗎？另外，沙坑在傍晚時段卻禁止孩子們使用，這究竟是出於什麼考量呢？據我所知，營位間拥挤不堪，前方情況尚可。,1,1,-1,5278,,2021/05/08,0,負向
民宿的空間規劃需要加強，因為鐵皮屋旁邊的空地吸引了所有小孩去玩耍，導致民宿的住客沒有安靜的休息空間。建議改善這個情況。,1,1,-1,5289,,2021/05/08,0,負向
很久沒有露營了，洗澡讓我有點焦慮，幸好現在不是寒流來臨的時候在營區，受到蚊子叮咬算是可以接受，但營區提供的熱水真的太難忍受了。,2,1,-1,5300,,2020/05/08,0,負向
建議改善露營區的草地整理和排水系統，以避免降雨時積水造成露營困擾。雖然營主友善且廁所乾淨，營區風景開闊，但仍需要改進環境設備，避免影響露營體驗。,2,1,-1,5436,,2023/11/08,0,負向
這個營地草叢密集，地面有坑坑洞洞，蚊子也相當多，各種生物都在這裡肆虐，甚至出現了蟑螂。這次露營的環境並不理想，但或許唯一的優點是廁所和衛浴間還算乾淨。,2,1,-1,5438,,2023/08/08,0,負向
這個地方的草長得很高，被完全沒整理過，有很多蚊子、螞蟻和小黑蚊是正常現象。但是，遇到飛行能力強的大強和小強在園區裡橫行，還有怕蟑螂的人要格外小心！下午雷陣雨一來，最下面的營地直接淹水，帳篷內全都泥巴水淹進來，詢問他們的排水系統時，他們表示沒有排水設施，依賴土地吸收，後來又說排水管線被蟻巢堵塞了，無法排水，只能叫人來處理。最糟糕的是飲水機壞掉了，沒有提前通知，讓我們只能去營主開的雜貨店買水，感覺好像被宰了一樣。冰箱離營地很遠！地勢不平導致護草墊完全被壓爛，會割傷人。收費每天要1200，完全無法接受。唯一的優點是這裡工作的兩個年輕人很友善，廁所除了被草堵住之外算是乾淨的，就是這樣。,1,1,-1,5439,,2023/07/08,0,負向
這裡的唯一優點就是廁所很乾淨，但草地不平，坑坑巴巴，睡覺時腰痠背痛，營區周圍風景欠佳。,2,1,-1,5448,,2023/05/08,0,負向
想要發布留言就必須給出一顆星的評價，但其實我想給零顆星，地費算是收場費。希望水槽的清潔狀況可以好一點，不然需要自己刷洗水槽。電線插座也應該維持在良好的狀態。修繕所需的時間應該控制在2至3個月內。我認為這些問題應該由營區管理單位自行解決，無論營區的高度如何。我覺得這樣的回答令人難以接受。如果草地保持得不好，我建議暫時關閉公園，因為草地太過泥濘且損毀嚴重。此外，停車問題也非常糟糕，應該在營運時加以重視。,1,1,-1,5453,,2023/05/08,0,負向
露營應該是令人愉快的活動，但因為營區沒有停車位導致我車子受損，水槽水管也脫落，讓我對此地失望至極，以後可能不會再到這裡了。,1,1,-1,5454,,2023/05/08,0,負向
營區沒有停車位，要我們自己找；水槽漏水，向營主反映卻要求共用；這些露營區的問題真是讓人傻眼！,1,1,-1,5455,,2023/05/08,0,負向
這裡的設施真的讓人備感困擾，停車位缺乏，水槽需要共用，還有壞了的電插座，設備也相當不完善。,1,1,-1,5456,,2023/05/08,0,負向
廁所沒有清潔過，有虎頭蜂沒有被處理，蚊蟲很多，游泳池沒有水，早上10:30就被要求結賬並一直被催促，整體體驗非常糟糕。,1,1,-1,5458,,2023/05/08,0,負向
如果可以的話，我們寧願不要讓草長太長。雖然只有一位工作人員，雖然情況有點可憐，但總的來說，我們去露營就是為了開心渡假，這樣的服務，求之不得。,1,1,-1,5461,,2023/05/08,0,負向
整體環境不夠清潔，廁所有明顯的尿味，淋浴間還沒有清理過，冰箱等客人到才開，兒童戲水池已經很髒，而且小黑蚊很多。,1,1,-1,5462,,2023/05/08,0,負向
廁所沒有打掃、草地長得像小樹、冰箱長霉沒有整理、溪水池看起來像生態池，整體情況並不理想。,1,1,-1,5463,,2023/05/08,0,負向
從週六中午直到週日接近中午，廁所一直沒有人打掃，衛生紙也沒有人補充。,1,1,-1,5464,,2023/05/08,0,負向
收了太多訂單，訂單之間太靠近了。晚上鄰居吵得太大聲，無法好好休息。給一顆星是因為整潔環境和親切的管理者，但應該不會再光臨了。,1,1,-1,5471,,2022/05/08,0,負向
營地的地面充滿泥濘，植被稀疏且排水不良，造成土壤鬆軟。當大風吹來時，營釘紛紛被拔起。總的來說，這次露營經驗可說是相當糟糕，但還好有帥哥的服務讓整體評價稍微好一點。,1,1,-1,5472,,2022/05/08,0,負向
這家營區並沒有有效管理吵鬧的客人，導致他們一直在半夜12點後吵鬧，影響其他客人的休息時間。營區的使用規則明確規定禁止卡拉OK，卻讓人唱歌一直到早上，甚至需要警察前來勸導。總的來說，這個營地不值得推薦。,1,1,-1,5476,,2022/05/08,0,負向
這個營區的景色很美，營主人很熱心，不過清潔工作還需要再加強，尤其是洗水槽和冰箱。這次入住貨櫃露營屋後室內的拖鞋都很濕。詢問打掃阿姨時，她表示有噴酒精消毒水，但可能噴得太濕了。令人困惑的是浴室停水問題，洗澡洗到一半多次被停水，甚至有一次停水長達2-3分鐘。在這樣的天氣中被停水感覺真的很困擾，小孩和大人都洗到哇哇叫，感覺真的很冷。,2,1,-1,5482,,2022/05/08,0,負向
這個帳篷和網路上的評價不太一樣，當收納完滿時，小朋友幾乎沒有活動空間，不過其他公用設施還不錯。,2,1,-1,5491,,2021/05/08,0,負向
營區的設施不盡人意，例如帳篷之間距離太近、洗水槽太矮，需要劈腿洗碗。衛浴區B、C區共用，容易髒亂且缺乏清潔；深夜沒有管理其他露友的噪音，連續兩晚都受到隔壁帳篷大聲音樂聊天的影響，向管理者反應但未見改善。整晚持續到清晨，未限制其他客人行為，影響入住品質，體驗極差，不再考慮入住。,1,1,-1,5497,,2021/05/08,0,負向
飲水機離冰箱太遠，營位相對太近，導致噪音很大，而停車位置遠且不便利。,2,1,-1,5498,,2021/05/08,0,負向
環境設備還可以！可惜..營主管理得不夠嚴格！容許其他客人..喧譁不止到深夜！影響他人休息時間..,1,1,-1,5515,,2020/05/08,0,負向
在這個地方，硬體設施很不錯，廁所和衛浴設備都很乾淨。但是營區裡有幾隻大狗狗一直圍繞著帳篷打轉，從晚餐到半夜都持續影響著我們的活動。入睡時，他們還在周圍嘻鬧，讓我們的睡眠品質大打折扣。雖然不討厭狗狗，但牠們在我們吃飯的時候圍來圍去可能會帶來困擾。除了這個狗狗的問題外，其他方面都還不錯，真的。,2,1,-1,5520,,2020/05/08,0,負向
雖然周圍環境相當美麗，但是因為小黑蚊很多，還有野狗半夜會翻垃圾筒，一直在帳篷外走來走去，讓我無法好好入睡。,2,1,-1,5521,,2020/05/08,0,負向
這個地方確實很吵，因為靠近羅馬公路，晚上要麻煩的機車或超跑聲音不斷。而且營地對草皮要求嚴格，不能踩草皮，是不是要飛起來才不會壓到呢？我可能無法適應這樣的要求。每帳篷要價1200元，沒有景觀和新鮮空氣，價格有點高。給部分星星是因為周邊有很多螢火蟲可以讓人心情放鬆，這是我唯一讚賞的地方。,2,1,-1,5534,,2019/05/08,0,負向
這個地方的環境很優美，非常適合露營。,2,1,-1,5535,,2019/05/08,0,負向
各區間距離太近，營位太密集，擁擠，晚上鄰居聊到1、2點很吵。,2,1,-1,5538,,2018/05/08,0,負向
兔子要飼養在室內，並且要提供無限量的提摩西草和無限量的煮過的飲用水，再加上適量的飼料。環境溫度要保持在17-25度之間，避免潮濕和淋雨，以免引發脫毛皮膚疾病和中暑。注意，高溫環境會對兔子不利。分享一則故事，我曾經飼養的兔子在夏天沒有冷氣下，肝功能過高。因此，建議店家提供友善的環境，讓兔子舒適地生活，同時也顧及大家的利益。,1,1,-1,5737,,2022/05/08,0,負向
風景很美，但環境和服務人員的素質需要改善。,1,1,-1,5799,,2019/05/08,0,負向
這五星級飯店不論是早上或下午，都有許多蚊子和蒼蠅，甚至還販賣蒼蠅貼片。,1,1,-1,5807,,2019/05/08,0,負向
這位營主很喜歡放鳥，請勿觸雷。,1,1,-1,5813,,2019/05/08,0,負向
設施不算特別，景觀也一般般。,2,1,-1,6069,,2023/12/08,0,負向
一開始說好可以搭帳，但大太陽底下搭好了帳又說不行，要停車。又要換地方搭帳，真的讓人很失望，而且路況很差，車底盤都碰到了。,1,1,-1,6073,,2023/07/08,0,負向
洗澡時水溫難以調節，且沒有飲水機可用。,2,1,-1,6076,,2023/05/08,0,負向
菠蘿蜜區剛洗完頭後熱水就停了！這區域與其他區共用兩間廁所和浴室（蹲式和淋浴在同一個空間）。不能開車進入營區，所以設備都是由營地所有者開車運載。,2,1,-1,6079,,2023/05/08,0,負向
租來的雅房和照片中差別很大，房間很久沒有整理，有跳蚤出沒，讓皮膚很癢。我們忘了帶食材，當我們想到時已經傍晚了，打電話詢問，結果被誤會不需要，工讀生已經打掃完並帶走了。下次可以在租用營地前詢問是否有遺漏的事情，我無法接受處理事情不力的情況，這是需要改善的地方。但也不能怪別人，這是我們自己的疏忽。,2,1,-1,6090,,2023/05/08,0,負向
環境不錯，營地主人很熱情。我們訂了五帳包區兩晚，但只有一間浴室可以洗澡，因此需要排長隊等候。考慮到現在只有8個人，如果有10-15個人的正常情況下要洗澡，可能要等到什麼時候呢？,2,1,-1,6099,,2022/05/08,0,負向
這次露營經驗讓我們感觸良多。我們事先看過網路評論，充滿期待地訂了這個地方，但結果讓我們大失所望。付了訂金後，提出問題卻總是得不到回應；入住當晚要馬上付尾款，卻從未見過被稱為老闆老闆娘的人，讓我們無法感受到評論裡所說的親切待客；兩間盥洗室供至少6個露營客共用（最少16人），只有在收款時才會現身，讓人擔心衛生紙是否會不夠用（更不用提不同區的露友會跨區使用的問題）；如果不想在晚上6點或11點洗澡，基本上是得排隊等著；流理台沒有提供肥皂或洗碗精，盥洗室更是連沐浴用品都沒有。總結來說，這是我們11人參加露營的共同感想。,1,1,-1,6137,,2019/05/08,0,負向
有人這樣做生意嗎？為了填滿場地，短期夜場舉行，還不顧訂位客人的需求，強迫他們取消訂位或是改到其它日期？我真的對你無言了，老闆！「人失信，不立；業失信，不興」，這是古代的明訓！,1,1,-1,6320,,2023/06/09,0,負向
所有的鄰居都很安靜，只有星期日早上營主朋友來訪竟然在前面聊天六點多開始聊，談到近八點，叫人家怎麼睡覺啊，要做生意這一點要注意，其他都還算不錯。,1,1,-1,6328,,2023/05/09,0,負向
這個露營區並非由原住民經營，訂單確認後被管理員修改，多收取了一些費用。環境並不十分讓人感到放鬆，常感受到被營區管理者監視的壓力。也許應該考慮關閉這個營區，將它交還給原住民自己經營。,1,1,-1,6580,,2023/09/09,0,負向
這個營區在冬天時可能會有電力跳脫問題，營主也可能會因此憤怒，甚至抽菸並帶來煙味。如果您帶著小孩並在冬天前往，我完全不建議您選擇這個營區。唯一的優點就是他們的廁所比較乾淨。,1,1,-1,6593,,2023/05/09,0,負向
這個營區冬天不太適合來，因為不能使用低功率的電暖器，容易造成跳電。另外，營主會責怪那些覺得冷的人不應該來露營，還要注意營區工作人員可能會用不禮貌的言語對待你。,1,1,-1,6594,,2023/05/09,0,負向
營地廁所的清潔程度真是不錯！來山上露營可以放鬆心情，吸收一些新鮮空氣，但營地主人經常在帳篷旁抽菸！如果有計畫帶孩子來露營的話，擔心他們會吸到二手菸或三手煙，那可能不太建議來這裡！一顆星的好評是給營地主人的二手煙環境。,1,1,-1,6597,,2023/05/09,0,負向
營區乾淨，整體設施還算OK，洗澡水夠熱，但是供電不穩，如果缺電請提前告知，別輕易歸責露營夥伴。應定期檢修供電設備，電力每天凌晨會中斷，廁所連燈都沒有，營區的卡拉OK無限制使用，因營主也在唱歌。草墊已標示使用方法，不必特別強調露營夥伴會在上面使用椅子。,1,1,-1,6614,,2022/05/09,0,負向
露營地和浴室的環境都很好，但除了營地主人之外，其他女性工作人員的態度非常差！一點也不友善！我聽到許多露友問問題時，有一位女性工作人員的回答滿不友善的！她的態度令人感到不悅！我不打算再去了…,1,1,-1,6617,,2022/05/09,0,負向
這家民宿環境整潔，但熱水和洗手台的燈只開到晚上10點，而且營主夫婦給人的感覺似乎缺乏熱情。,2,1,-1,6625,,2022/05/09,0,負向
入住馬胎227的廣場區，環境清幽乾淨。晚餐後小孩參加夜間探險，不幸遇到雨天，但體驗到露營樂趣。然而深夜客人喧鬧，營主未制止，直到友人提醒後才改善。次日清晨因睡眠不足離開，營主才提及昨晚的吵雜情況，稱因客人喝酒造成。縱使營區評價5星，但營主重視熟客而不為普通客人介入。,2,1,-1,6640,,2021/05/09,0,負向
營區非常擁擠，費用高昂，設施類型有限，且很吵雜，不太適合親子活動。,1,1,-1,6655,,2021/05/09,0,負向
完全超出預期，擠得太擁擠，讓人無言。,1,1,-1,6659,,2021/05/09,0,負向
只有中華電信有訊號，其他家都沒有，不過營地有WIFI。要先跟大家報告，在前往馬胎227營地的路上需要開得慢，因為道路彎曲看不到來車，有點危險。快到營地之前的道路因為在整修，所以非常的凹凸不平，有很多大小石頭可能會刮傷車子底盤。如果開休旅車倒是沒太大問題，一般轎車還是需要留意。這次我們入住的營主家前廣場區很小，有5帳相連，孩子沒有活動空間，覺得營主收費過高！而環境有蟑螂，非常多的蒼蠅（是目前我去過最多蒼蠅的營地）。不過可能因為海拔750公尺，沒有小黑蚊。廣場區不遠處約1分鐘距離有乾淨的廁所旁有小溪，可以抓溪蝦，水不深適合小朋友泡腳。另外值得一提的是，營主養的雞到處跑沒有關籠，凌晨3點雞開始咕咕叫，很吵讓你半夜不好好睡覺，早上還跑來營地。如果您以上情況可以接受的話可以去嘗試看看，但我不會再去了！,2,1,-1,6660,,2021/05/09,0,負向
到目的地大約一公里的路真的很崎嶇，地勢崎嶇多次前往營地的小路很狹窄，連小朋友要玩耍的草地都沒有。抵達營地後，下車之後的道路非常崎嶇，車子無法通過，只好停在其他地方步行前往營地。,1,1,-1,6661,,2021/05/09,0,負向
營地的空間太狹小，還接待了太多客人，加上老闆養的雞整晚都在叫，根本無法入眠。,1,1,-1,6664,,2020/05/09,0,負向
這個營區空間不大，景色有限。雖然有溪水和兒童滑梯，但公園設施不太完整，沒有沙坑。廁所和浴室保持乾淨，但地面總是潮濕。B區比較適合搭建帳篷，而且營地裡有幾隻在自由走動的雞，不停地咕咕叫有點吵。相較之下，狗被關在籠子裡。清晨時常常是雞啼狗叫，而自然的蟲鳴鳥語倒是充滿。總的來說，好選擇似乎並不多呢！,2,1,-1,6668,,2020/05/09,0,負向
營地收費可能會比標準貴一些，營位大小比較狹窄，而且停車空間有限！,1,1,-1,6676,,2019/05/09,0,負向
這家營主的家人態度都不好，而且他們隨地讓家裡的狗大小便。,2,1,-1,6693,,2023/03/07,0,負向
沒有使用高功率的電器，卻經常跳電，還被告誡不要出來露營，並且聽到髒話，有些不太合適。使用的是六代黑設備，功率為380W。,2,1,-1,6697,,2022/12/13,0,負向
B2區有許多蟑螂，偶爾還能嗅到狗屎的味道。,2,1,-1,6728,,2020/08/21,0,負向
這個營地的管理疏忽了，廁所不被清潔、垃圾未處理，廁所的氣味太可怕了。沒有熱水洗澡，每天晚上都要找有熱水的浴室佔位，周圍帳篷的聲音清楚得聽得一清二楚，無法好好休息。打電話請營地主人來修理，要等上兩個小時以上。我覺得我不會再來第二次了，相同的景觀和價錢有更好的選擇。一顆星是給那美麗的風景。,1,1,-1,6753,,2024/04/11,0,負向
這個地方空間狹窄且擁擠。每天半夜都會有野狗到來尋找食物。垃圾桶無法獨立使用，必須跟其他房客共用。,1,1,-1,6756,,2024/04/09,0,負向
不太推薦這個住宿地方，房間隔音很差，廁所還在外面，連吹風機都沒有，非常不方便。另外，露營區的廁所被很多人使用過，清潔狀況非常糟糕。,1,1,-1,6758,,2024/04/09,0,負向
初次造訪時，夜間管理員並未來巡查。我撥打管理員的電話，已經過了11點，發現有一些帳篷還在聚集喝酒作樂。管理員抵達後，情況仍十分喧鬧。,1,1,-1,6766,,2024/03/09,0,負向
我們建議第三區的露營地區需要改進，希望減少包群地區的露營區域，讓每個露營地點更寬敞舒適。南投似乎流行這樣擁擠的露營方式，但我們更傾向前往苗栗、新竹等營區。其他地方正在提升露營品質，而我們現在只想提早離開這裡。希望營地能夠重視獨自露營的人們的需求，而不只是追求賺錢。,2,1,-1,6771,,2024/01/09,0,負向
原本線上預訂位置時，前排夜景區還有空位，也已經提前付款確保位置，但當夜衝當天到達時，我們被分配到中間草皮區。我們問老闆我們不是預定前排的嗎？老闆回答說那是要留給當天夜衝的人。我們反問老闆現在不就是夜衝嗎？老闆卻說沒辦法⋯⋯後來才瞭解是他把位置給了後面才訂的6帳戶⋯⋯感到非常失望。,1,1,-1,6773,,2024/01/09,0,負向
"1. 在12月1日到12月2日的半夜1點多時，B區的露營友，大人們講話聲音很大，小孩們一直在嬉鬧不停。
2. 營帳與營帳之間很靠近，營繩差一點就要碰到一起了。
3. 垃圾桶太少，擺放在營位前，建議放在營位後方或區域入口，這樣才不會有人一直在這邊走來走去。
4. 營友的素質很重要，可以請不要在旁人營帳前來回走動看人家的裝備，這樣很不禮貌，若要走路請繞過營帳後再走。
5. 請設立吸菸區，下風處嗅到煙味，地上還有煙蒂不是一個好的露營地方，我不會再去了。",1,1,-1,6776,,2023/12/09,0,負向
我今天剛從騰雲露營區回來，露營的經驗讓我失望透頂⋯⋯浴室設施狀況糟糕（最後一間沒熱水）、飲水機沾滿灰塵、冰箱太小沒有合理的隔間、草地上有很多蜈蚣⋯⋯整個營區的環境設計奇怪，小孩活動空間不足，營位之間的距離太靠近（像在夜市擺攤一樣）⋯⋯晚上被隔壁營位的吵鬧影響，營地管理人員也沒有介入⋯⋯和帶狗的露營友相處困難，對於不喜歡狗的小孩造成困擾⋯⋯我已經在考慮是否要去特ㄧ區的營地，因為我完全不推薦這裡⋯⋯,1,1,-1,6786,,2023/11/09,0,負向
有野狗咬走了半隻雞，還有一大堆戴著項圈的狗。洗澡水忽冷忽熱，把人燙傷了。最後還遇到一位沒水準的女露客在浴室尿尿，並把衛生紙丟在地上。,1,1,-1,6797,,2023/08/09,0,負向
我打了二、三十通電話都沒人接，沒熱水。在裡面等了二十幾分鐘，水也時冷時熱。這樣的露營區真的不值得六顆星，這一顆星是多餘的。,1,1,-1,6802,,2023/05/09,0,負向
我第一次去露營的地方，廁所清潔的頻率很低，我打電話反應後他們還沒來清潔。此外，營區的熱水時冷時熱，睡覺時時大時小，早晨的寒流讓起床很痛苦。,1,1,-1,6817,,2023/05/09,0,負向
廁所非常缺乏，又極為骯髒，熱水時大時小，打了電話反應廁所的骯髒情況，但是營地主人沒有處理。,1,1,-1,6818,,2023/05/09,0,負向
這個營區雖然位於接近野營體驗的地方，但收費卻相當高；上山的路況狹窄，到了營區也沒有帶位服務，需要露營者自行找地方；營區海拔超過1000公尺，回程道路不便，而且遇到了許多問題，包括半夜停電、訊號差、停水、馬桶壞掉、污穢的廁所等，讓人感受到非常不舒適的營地體驗。,1,1,-1,6822,,2023/05/09,0,負向
直接掛電話是不太禦負責的做法，應該禦接著跟營主溝通並提出問題。,1,1,-1,6825,,2023/05/09,0,負向
聖誕夜突然停電，營區管理處反應緩慢。接著他們警告說，如果再有用電不當的情況，整個區域都會面臨停電。我找了朋友幫忙修理水電，甚至沒有跟你要求額外的費用。看了電費帳單，發現用電量超標，本來就應該更節約用電。再加上廁所清潔工作並不需要如此頻繁。現在又要開放新的營位，讓我很擔心這個營區的管理情況。,1,1,-1,6832,,2023/05/09,0,負向
團露已經包場，但營主還讓其他露營客進來打擾，造成帳位難安排。其他露營客也沒準時離開，也沒有管理。兩個靠近浴廁的帳位太小，無法搭建兩帳，而照片也太舊，容易誤解只有一帳。這些都是營主需要改進的地方，信譽和品質才能長遠獲利。,1,1,-1,6833,,2023/05/09,0,負向
在這個營地最令人難以接受的是夜間沒有時間限制，晚上11點甚至12點仍有車輛前來，而車燈和搭帳人的喧囂聲直到深夜不停。早上起床時發現草地上滿是蜈蚣，幸好我們使用了護草墊，但仍有蜈蚣鑽進帳篷裡，數量比螞蟻還多。營地的視野很好，傍晚可以看夕陽，夜晚可以觀賞星空，清晨也被濃霧籠罩，彷彿置身仙境。浴室廁所的數量有限，還好有冰箱和飲水機。幸好我們是在連假前一天抵達，半夜被夜深人靜打擾得睡不好，隔天清早就離開了，因為實在不想在擁擠無法放鬆的營地多待。,2,1,-1,6842,,2023/05/09,0,負向
在營地準備冰食材時，營主提到冰箱剛剛開始運作，但已經放了快一個小時，溫度仍然是27度，這是怎麼回事？比起我家的冷氣還要熱？冰塊都直接融化了。晚上洗澡時，朋友們一進浴室就發現沒有熱水，後來修好了之後我們進去洗澡，只有開始的前兩分鐘水是熱的，後面全程都是冷水。我們只好忍受半小時冰冷的水才洗完澡。雖然營地風景很美，但設施確實還需要加強。,1,1,-1,6849,,2023/05/09,0,負向
建議下次來這裡露營每次都會有很棒的體驗！,1,1,-1,6856,,2023/05/09,0,負向
風景普通，wifi還算流暢，衛浴設施還可以，但熱水不太穩定是最大問題……空間太擁擠，露營者噩夢，停車場不夠，帳篷擠在一起，前往的人自己評估需求……不要輕信網路上的讚美之詞。,2,1,-1,6859,,2023/05/09,0,負向
環境衛生需要改善，帳篷過多，整體品質欠佳。,1,1,-1,6864,,2022/05/09,0,負向
"1. 冰箱冷凍功能無法使用且有異味，需要清理。食材只能放在常溫下保存。
2. 各家電信訊號不良，提供的wifi信號不穩定。
3. 營區規劃不如預期，停車空間浪費。浴廁有蜘蛛結網，卫生待加強。
4. 觀景區白天和夜晚風景優美。",1,1,-1,6868,,2022/05/09,0,負向
營地管理員說只有A區（景觀區）的停車方式像在停車場一樣。對於其他區的車位，面對一整排的車也是露營的正常現象。我建議大家如果訂不到A區，就可以考慮在附近的停車場進行野營。,1,1,-1,6869,,2022/05/09,0,負向
B區停車位規劃不足，讓帳篷和車子擁擠在一起，有告示牌說要停在外面但卻看到A區的人停在旁邊，和網路上的圖片不一致。收取1000元卻有被欺騙的感覺，希望營主能清楚告知不要讓人去了才發現，眼前景色都是其他人的車子，對老闆消極態度感到非常失望。,1,1,-1,6870,,2022/05/09,0,負向
大家都在唱卡拉OK，而且聲音開得很大，卻沒有人管理，損壞了美麗的景觀，讓人感到遺憾。,2,1,-1,6882,,2022/05/09,0,負向
這裡螞蟻真的太多了，住了兩個晚上真的很可怕。,2,1,-1,6907,,2022/05/09,0,負向
這個特區每晚收費1200元，營位好像都沒考慮到帳篷需要拉營繩的問題，營位的設計空間很小。可以透過照片中的保特瓶來做比例比較。,1,1,-1,6953,,2021/05/09,0,負向
營區超過容納量，每個營位都被安排得擁擠不堪，甚至多收了三個營位。這種情況讓人難以忍受，下次可能就不會再來了。,2,1,-1,6957,,2021/05/09,0,負向
夜晚的景色真美，讓人感到放鬆愜意，但是房間的衛浴設備有些問題，熱水要麼太熱容易燙傷，調溫稍微一轉就變成冷水，而且排水系統也不順暢，期待能有所改進。,2,1,-1,6964,,2021/05/09,0,負向
"優點：這個營區有美麗的雲海和夜景，夕陽也很壯觀，草地很平坦。
缺點：建議減少營位數量，因為現在收太多導致活動空間變小；小朋友玩球只能在車道上玩，浴室廁所太少且沒標示；水壓弱、水溫忽冷忽熱嚴重；停車位不足且規劃凌亂；網路訊號只有中華電信能用，其他電信訊號都差，WiFi幾乎沒有用處。",2,1,-1,6966,,2020/05/09,0,負向
這句話的意思可能是：「營區的負責人可能會在半夜叫人退房，而且可能不會再有下次機會」。,1,1,-1,7009,,2019/05/09,0,負向
優點：D區場地很寬敞且有樹蔭，即使沒有搭設天幕也能避免曬到陽光，非常方便。缺點：需要增加環境整理力道，水槽非常骯髒，廁所內有許多蜘蛛網已經很久沒有清理了。營位和廁所門口的洗手槽有非常多的大型會飛的蟑螂，環境衛生真的需要改善。,2,1,-1,1,,2024/05/06,0,負向
廁所的清潔狀況不佳，沒有固定的清潔時間，所以很臭。吹風機的品質很差，還會過熱斷電，不如飯店的品質。浴室的熱水問題嚴重，洗到一半就沒熱水了，而且熱水也不夠熱。冰箱的容量不夠，根本無法滿足需求。洗手台安裝不穩，無法放置物品。,2,1,-1,16,,2023/12/06,0,負向
這個營地環境維護不佳，廁所設施不衛生，缺乏照明，營主沒有改善。在連續幾天的雨天中，只看到一個阿伯在打掃，環境清潔的人力明顯不足，冰箱也很髒。總結來說，這個營地有著許多不滿意的地方，因此不會再去了。,2,1,-1,21,,2023/11/06,0,負向
對，環境還不錯，只是人員的態度有些改進的空間。那天參與萬聖節活動扮演鬼滅之刃女性角色的工作人員表現得非常不耐煩。當我詢問問題時，他們的回應讓我感到非常不舒服，如果不是有小孩在場，我很可能當場表達不悅情緒。,1,1,-1,22,,2023/11/06,0,負向
營位燈光昏暗，趕抵營地時，廁所已經雜亂不堪，即便到了晚上十點，情況依然未見改善！垃圾桶滿溢，衛生紙滿地散落，馬桶極度骯髒，幾乎每一間廁所都讓人感到恐懼…,1,1,-1,36,,2023/05/06,0,負向
總結一下：露營時遇到的問題太多了，有水壓不穩，流理台水量不足，共用衛生設備等，希望那些喜好大聲喧嘩或無法控制自己行為的人能夠注意他們的影響，否則會影響到其他露營的人的體驗。,2,1,-1,38,,2023/05/06,0,負向
營區規定是22:00後要保持安靜，但為何仍有團體在半夜兩點時彈吉他、喧囂不止而沒有被規範呢？難道不應該讓大家有個良好的休息環境嗎？,1,1,-1,45,,2023/05/06,0,負向
廁所的氣味有點難聞，看起來已經有好幾天沒有清潔了，還沒有補充衛生紙。景觀雖然不錯，但可惜塞滿了帳篷和車。,2,1,-1,46,,2023/05/06,0,負向
這個場地雖然很寬敞，但F區真的不太理想。為什麼要把噪音加壓機放在旁邊，還有規劃讓人搭帳篷呢？24小時都在噪音中，即使停下來也只有一下子馬上又再次開始叫，根本讓人難以完全入睡啊。,1,1,-1,50,,2023/05/06,0,負向
營區的環境很漂亮，寬敞的空間讓人感到舒適，但因為人數眾多導致廁所不足且髒亂，希望增加清潔頻率並補充衛生紙。浴室的數量明顯不足，甚至倒數第二間沒有熱水，水溫和水壓也不穩定，造成排水系統問題和積水困擾。最不能接受的是當地直接焚燒垃圾，這樣真的合理嗎？,1,1,-1,68,,2023/05/06,0,負向
服務真是太差了！假日人潮多，洗澡時沒熱水，雖然可以理解需要等一下。通知了老闆後，對方卻說沒瓦斯，叫我們重新開啟水，要我脫光衣服涂上沐浴乳站在這麼冷的山上等了整整20分鐘！仍然沒有熱水？？？ 我只是想問，瓦斯被換到哪裡去了？太誇張了！我決定再也不會光顧了！,1,1,-1,96,,2022/05/06,0,負向
這個房間的衛生狀況很糟糕，洗了兩天都只有冷水，早晚洗都沒有熱水，非常不建議。,2,1,-1,106,,2022/05/06,0,負向
這個露營經歷真是讓人難受！從週三到週五連續三天都要走在爛泥上，實在太辛苦了！去上廁所的路上連路燈都沒有，一路都是爛泥，回到帳篷也是一樣。排水系統不完善，即使沒下大雨，地上仍然可以看到積水，還經常跳電，熱水也不夠熱。這個露營區真是讓人難以忘懷啊！,1,1,-1,108,,2022/05/06,0,負向
廁所和洗澡間合併在一起，洗澡時還要忍受著廁所留下的味道，洗手槽的情況也相當糟糕。,2,1,-1,112,,2022/05/06,0,負向
房間雖然不太乾淨，但春節期間的價格很優惠。,2,1,-1,114,,2022/05/06,0,負向
夠糟糕了，第一天洗冷水，第二天整個斷電，營主賺很多喔,1,1,-1,118,,2022/05/06,0,負向
營區的環境很舒適，有溪水和螢火蟲。但是，之前有人反映浴室的水溫問題，今天卻只有冷水沒有熱水，讓人感到非常失望。,2,1,-1,148,,2021/05/06,0,負向
儘管地點很大，但營區規劃得過於緊湊，導致缺乏活動空間。活動區域也沒有樹蔭，因此容易過熱。人數過多時，衛浴設施明顯不足，需要排隊洗澡。雖然可以看螢火蟲、在溪水中玩，但比這裡更好的露營地還有許多。,2,1,-1,149,,2021/05/06,0,負向
建議房東規定晚上十點後保持安靜，因為有些房客半夜十二點還在大聲聊天，對於房間設施不足的問題，可以跟房東溝通。,1,1,-1,176,,2021/05/06,0,負向
浴室數量不足，淋浴時水溫難以掌握，排水不順暢，地面有太多碎石，洗碗槽不夠用。,1,1,-1,190,,2020/05/06,0,負向
這個露營地設施很差，廁所非常髒，只有一間衛浴有熱水，收費卻高達1200元。,1,1,-1,204,,2020/05/06,0,負向
這個露營區沒有熱水可洗澡，廁所非常髒亂，而且沒有任何小朋友可以玩耍的設施。收了1200塊錢，但完全沒有物超所值，這是我見過最糟糕的地方。我發誓我再也不會去那個雷區的露營區了。,1,1,-1,205,,2020/05/06,0,負向
排水效果很差，下雨後草地都變得泥濘泥濘的。,2,1,-1,207,,2019/05/06,0,負向
熱水不夠穩定，建議不使用。,1,1,-1,209,,2019/05/06,0,負向
在營區裡不允許唱卡拉ok或開啟高分貝音響，但我們碰到了這樣的情況。有人唱歌唱到晚上11點，其他區域接著放歌，營區外還有散發惡臭的肥料，引來許多蒼蠅。雖然有提供桂圓銀耳甜湯，但請主辦方以後制止這些情況，以免損壞營地的聲譽。,2,1,-1,279,,2024/04/06,0,負向
"1. 營主非常熱心，在這麼炎熱的天氣裡，送來了令人清涼的點心。
2. 營主也很專業，聲稱計算形勢時都有小黑蚊，但我們前三名的數字是34、33、19，讓我很好奇在老闆心中什麼數字才算多。
3. 廁所維持得很乾淨又很寬敞，總共有四間，但若怕小昆蟲或小寵物要小心注意。
4. 愛釣魚的朋友要小心，釣上幾條魚後要將其處理好，因為老闆會透過監視器監視，觀察你是否偷藏他的魚，所以若需要呼叫老闆，其實只要在監視器前揮揮手，他就會前來協助。感謝讓我破了被小黑蚊叮的紀錄。",1,1,-1,334,,2023/05/06,0,負向
雖然螞蟻繁殖期時數量眾多，但沒有提醒將會影響露營體驗。,1,1,-1,373,,2021/05/06,0,負向
這個營區讓人沒有想再訪，夏天的高溫讓人困憂，午後的雷陣雨更使排水問題暴露無遺，道路泥濘不堪更影響露營的心情，勢必須加以改善。,1,1,-1,375,,2021/05/06,0,負向
草地營地如果建在洩水道旁可能不太好，因為下大雨時旁邊會有水溝，營主可能需要考慮一下是否換個位置比較好。,2,1,-1,376,,2021/05/06,0,負向
我去露營時，遇到了一個非常特別的營地。他們把雨棚搭在自家門口，營主家人在我們營位旁來來去去，讓我感到很缺乏隱私。明明租了營位，卻無法充分利用空間，還要留一條走道給他們通行，讓搭帳的空間被壓縮，實在不太理想！,1,1,-1,417,,2024/04/03,0,負向
這裡的服務真的有待改進，真心希望下次能有更好的體驗。希望大家都能在跨年的時候都開心快樂，不要有太多規定和法律的束縛。結尾祝福：希望能給你六顆星，還有那額外的一顆星。,1,1,-1,468,,2024/01/06,0,負向
我們在雙十連假訂了10/7到10/9的5+8帳（二區），但由於預計颱風來臨，考量到大人和小孩的安全，營地是沒有提供護草墊的。營主不同意延期退訂，所以我們只能取消訂單，然而被扣除了60%的訂金。我可以理解這一點，但不合理的是租借裝備的費用，明明是未使用，卻無法全額退費。營主聲稱是請廠商代訂，但所有裝備都存放在營地倉庫裡，根本不存在外包給其他廠商的情況。詢問營主關於大雨淹水導致帳蓬損壞的應對措施，他卻以營地位置戶外容易淹水來推諉。許多造訪過這個營地的人都能理解我的困擾，訂購前確實應該多加留意營地的評論，通常可以避免遇到太大的問題。,1,1,-1,475,,2023/10/06,0,負向
營區裡沒有設置垃圾桶，需要將垃圾帶到廁所外面的垃圾桶處理。營地管理者沒有事先提醒有可能受到季風影響，強風導致帳篷和廚房帳篷遭到損壞。地面是石頭，難以鑽釘，且可能因連假期間用電壓不足。計劃前往露營的朋友們要多考慮這些因素！,1,1,-1,482,,2023/05/06,0,負向
這次露營經驗真的糟糕，營地設施很差，只有衛浴很乾淨，其他都不盡人意，尤其碎石地超硬難走，營釘難釘難拔，還容易傷到人，營位沒有護草墊，也沒有垃圾桶和廚餘桶，需要走很遠才能找到。而且營位邊坡很陡沒有護欄，對小朋友來說非常危險。半夜溫度又接近零度，營主不給用電後只能依靠煤油暖爐取暖，結果第二天小朋友就感冒了。營主的態度也很差，完全不值得再去露營。,1,1,-1,486,,2023/05/06,0,負向
"1. 開始接洽時老闆表現很客氣，但在付款後態度大轉
2. 朋友家人臨時離世，我告知無法露營，營主要求提供證明才能退款。雖然我理解需要相關資料，但訃聞不會當天就有，也沒人開玩笑。
3. 到達搭營區兩小時才剛搭完帳，營主就來收尾款，感覺很差。
4. 租借的床墊有漏氣問題，換了新的仍舊漏氣。租賃商品管理似乎有待加強，營主竟然生氣地說：知道會漏就不要租！
5. 垃圾桶離營區很遠。
6. 冬天水溫不夠熱，建議不適合露營。",1,1,-1,487,,2023/05/06,0,負向
對於缺乏裝備的露營愛好者來說，這真是一次不愉快的經歷。友人租用的充氣床一直漏氣，他們只好半夜打電話給營地管理員。管理員雖然前來更換，但態度和口氣非常惡劣。即使更換了床墊，仍然漏氣，最終全家人只能睡在硬石地上。在收床款時，營地人員好像要收費又好像不要收，態度反覆且惡劣。最後還直接告訴他們不要再來。這是我第一次遇到如此糟糕的經歷，我認為這必須告訴其他缺乏裝備的露營愛好者。,1,1,-1,489,,2023/05/06,0,負向
營區冰箱有漏電的問題，而且給人觸電的危險。營主處理這個問題的態度很消極，非常不友善。,1,1,-1,490,,2023/05/06,0,負向
"1. 我們租借氣墊床時發現問題，向營區主人要求更換，但對方的態度很差。我們最後整晚只能睡在硬石地板上，體驗糟透了。

2. 早上要結帳時，營區職員告訴我們租借的帳篷和客廳帳不用結算，因為需曬太陽以防雨水。過了一段時間，營區主人又來說要收費，我們與他溝通說營區職員告訴我們不用結算，但營主說他是老闆他說了算，然後就離開了。當我們開始收拾裝備時，營主又跑來說我們不應該結算裝備。這時我們感到十分困惑...這個營區真的不再值得再次體驗，非常糟糕。",1,1,-1,491,,2023/05/06,0,負向
這次帶團露營過得很不開心，因為在尖石的營地下雨，營地積水，而且營主一直找藉口，說這就是這裡的情況。營地的釘子都打歪了，而且連垃圾桶都沒有，得自己提到廁所去丟。晚上還有貓咬破我打包的垃圾袋，營主看到後很不客氣地要求我趕快清理，好像是我們亂丟垃圾一樣。不到中午就一直抱怨收拾的時間太長，即便我已經支付了營地費用，時間還沒到。這是否就是營主可以自行收錢、自行更改時間的道理？總之，我真心不推薦這個營地，雖然風景優美，卻因為營主的不友善及設施問題，讓我無法開心露營。希望和我一樣重視露營快樂的人們不要浪費金錢遭受折磨，所以我給了一顆星評價。至少環境美是事實，也不否認。我們離開時留下了乾淨的營地，這是戶外人應有的態度。,1,1,-1,492,,2023/05/06,0,負向
"1. 搭帳的時候釘子很難敲進去，很多釘子都被敲壞了。
2. 要丟垃圾必須走到浴室，才能找到垃圾桶。
3. 廁所只有當天打掃的時候很乾淨，之後就變得很髒，感覺沒有在好好維護，也沒有再補充衛生紙。
4. 排水系統非常糟糕，下大雨的時候，雨水直接沖進帳篷裡，無法排水。",2,1,-1,498,,2023/05/06,0,負向
原先準備參加萬聖節走秀，但突然下起大雨，活動場地變成了摸蜊仔兼洗衣服的體驗行。帳篷被雨水淋濕，我家周圍有小河，很擔心帳篷被沖走。我們試著用土法煉鋼的方法挖水道，仿效大禹，但似乎沒什麼用。這場雨不如前陣子北部暴雨那麼嚴重，我們決定提前收起帳篷，避免深夜被雨驚醒，讓一家老小更加恐慌。不過除了這場雨外，之前的體驗都還算不錯。對了，營釘很難打（可能是我用的工具不好，力氣也不夠）。,2,1,-1,499,,2023/05/06,0,負向
下雨天排水不良，造成嚴重積水時可以趁雨天來練習挖溝技能！別忘了先在蝦皮上買好鏟子。,1,1,-1,500,,2023/05/06,0,負向
營區的排水問題嚴重，泥水漫過露營區的地面，無法再待下去了。別人的營地已經開始收拾，但我們還沒有。看來露營時要準備一把鏟子呢。,1,1,-1,501,,2023/05/06,0,負向
上周我參加了一個親子露營團，前去印象尖石。當天白天的天氣還算不錯，但下午四點開始下雨，不到半個小時各區就開始積水。營地根本沒有排水系統，營主也無所作為，導致每個區域都淹水，也無法搬遷到其他地方。活動主覺得這是天災不應歸咎於營主，但雨天積水問題應該被估量。因無法進行活動，小朋友無法參與，我們只好決定撤營。許多人也跟著撤離，因為無人知道雨何時停止。付了高額的費用換來小朋友的不愉快，真是令人氣憤。,1,1,-1,502,,2023/05/06,0,負向
這個營地固然有停車方便之處，但排水設施不良且沒有提供草墊保護確實是個嚴重問題。地勢像梯田一樣，越下面的營地情況越糟，我們碰巧遇到大雨，水根本排不走。雨下了三分鐘，帳篷就被淹了，整個地區都成了河流，露營的人只好自己挖溝來救帳篷。我們當晚第一次露營，整個地區都搶著收帳回家，相當糟糕的體驗，下雨天絕對不推薦這個營地。,1,1,-1,503,,2023/05/06,0,負向
最好不要在下雨天來這裡。在短暫的陣雨之後，積水會在15分鐘後消退。不過持續的雨勢將會造成積水。記得挑選淋浴間，有些容易沒熱水。,1,1,-1,504,,2023/05/06,0,負向
場地排水出了問題，會有嚴重的積水情況，反映後卻沒有人理會，只能自求多福！,1,1,-1,505,,2023/05/06,0,負向
茄苳D區排水不佳，積水嚴重。第一次下雨時因積水影響，撤離營地（後來整區的露營友都撤離了）。營地是草皮和石頭混合的地面，石頭底層較大，難以釘搭，遇雨時需多加考慮。,1,1,-1,506,,2023/05/06,0,負向
地勢不平導致排水不良，造成雨水無法順利流走而導致淹水問題，業主的態度似乎有些消極。,1,1,-1,507,,2023/05/06,0,負向
這次參加學校露營活動遇到了不少困難。搭帳篷時遇到小石頭影響營釘插入位置，向營區工作人員借了鐵槌。洗澡時開水突然變冰水，在13度的天氣裡洗了冷水澡，是前所未有的體驗。離開時忘記雨傘，在打電話詢問時感覺對方不太願意回應，讓整體露營經驗不是很愉快。,1,1,-1,517,,2023/05/06,0,負向
這段時間我和一眾朋友在露營地度過了三天兩夜的假期。一開始到達時，營地環境還算不錯，浴廁也比較乾淨。雖然遇到了好幾次跳電以及難以調節的冷熱水問題，但我們沒有抱怨。令人意外的是，最後一天中午12點才被告知必須在1點前離開，但之前卻沒有提到這點。當時正在下大雨，我們只好儘量加快撤收速度。在12:40左右，一位男士又非常冷漠地提醒必須在1點前搬離，甚至有朋友被責備收拾太慢要把大門關上。幾位朋友因為下雨的關係臨時租了帳篷或客廳的空間，但由於我們還與其他廠商租用帳篷，所以朋友們沒有注意到必須把帳篷歸還營地。離開後不久，竟接到營地的責罵電話，威脅要報警處理。朋友們感到抱歉，趕緊返回處理，但不解為何營地如此不友善。相互溝通是很重要的，營地遇到問題我們包容一下就能解決，而我們若有疏忽，只要提醒我們改正即可，沒有必要這樣苛刻。雖然營地環境不錯，但經營者的態度讓我們不太想再次光臨。,1,1,-1,520,,2022/05/06,0,負向
冷熱水的溫度非常不穩定，只有極度冰冷或極度燙熱可供選擇，而且經常跳電。,1,1,-1,523,,2022/05/06,0,負向
老闆口氣十分不友善，停電、洗澡水溫不穩定等問題屢屢發生，前往服務中心詢問後卻遭到冷嘲熱諷，甚至在進入營地的路上都有落石，相當危險。,1,1,-1,524,,2022/05/06,0,負向
在這個渡假渡假村，我們遇到了一些不愉快的經歷。例如，洗澡時只有溫度非常低的熱水，讓小孩感到冷到發抖。而且老闆好像對員工很兇，客戶也沒有受到很好的待遇。整體來說，我們對這裡的服務印象不太好。,1,1,-1,525,,2022/05/06,0,負向
浴室和廁所的數量有限，每個區域只有四間浴室和四間廁所供共用，洗澡或上廁所可能需要排隊等待；熱水供應不穩定，時冷時熱；而且營地管理者的態度很差。,1,1,-1,529,,2022/05/06,0,負向
營地的主人態度很惡劣，甚至說要趕客人下山。,1,1,-1,530,,2022/05/06,0,負向
營地老闆的態度很差，不建議去，連車位都會要求客人離開？我真的不懂。,1,1,-1,531,,2022/05/06,0,負向
跨年去了三天兩晚，熱水供應一直不穩定，和民宿老闆太太反映後感覺沒有改善，對我們的回應也冷淡。浴室雖然有打掃過，但第一天就很骯髒，讓人沒有好印象。整體來說，這是一次可惜的住宿經驗，因為每個區域都是滿房。,1,1,-1,532,,2022/05/06,0,負向
場地規劃很不錯，但提供熱水洗澡的穩定性有待改善……8度的冷水洗澡……太冷了！,2,1,-1,534,,2022/05/06,0,負向
在這周去露營的時候，我們租了露營區的帳篷和客廳帳篷，其中客廳帳篷中有一頂已經不防水，下午四點我們請老闆過來看，但工作人員七點雨停了才到。他們先擦拭裡布並仔細檢查是否有破洞，說沒有破洞就準備離開了。我們強調這是因為防水塗層失效了，因為另一頂帳篷並沒有滲水的情況，要求更換。老闆一直強調這是正常的，客廳帳篷本來就會滴水，態度強硬且輕蔑，完全無視顧客的反應，堅持自己的觀點，還搖頭說錢難賺。查看以前顧客的評論發現，處理問題的方式確實和我們這次的經驗非常相似，不小心就習慣了老闆這種態度。雖然露營區很美，但遇到問題真的會讓人心累。,1,1,-1,538,,2022/05/06,0,負向
營地整理得宜，但管理人員的服務態度卻極差。當我們到達時，收盤數已接近65個左右，卻發現冰箱已塞滿，無法放置任何東西。在結清尾款時提出建議，希望冰箱能夠做分區管理，但卻聽到管理人員回答：「沒辦法。」他反而建議我們要早點到，並且所有區域都沒有垃圾桶，需要自行處理，並表示人手不足，詢問我們有何意見。,1,1,-1,548,,2022/05/06,0,負向
這次露營的經驗並不令人滿意，營地過於堅硬，難以釘搭帳篷。入夜後至隔天早晨，強風不停，帳篷都幾乎被吹走。帳篷不斷被風吹拍打，噪音很大，難以入眠。試過跟營地負責人討論位子問題，但回應讓人感到無能為力。浴廁的熱水則冷熱不均。總括而言，這次露營體驗並不愉快，也不太建議朋友來這裡。,1,1,-1,554,,2021/05/06,0,負向
營區裡有太多電器用品，導致半夜跳電，早上9點多才恢復電力。廁所很骯髒，還有很多蜜蜂。,1,1,-1,561,,2021/05/06,0,負向
尖石營地讓人留下極糟糕的印象，第一次去就是最後一次了。地板硬到讓人打釘子都手軟，營地空間極小，營主還不斷超收，排列擠擁不堪，帳篷幾乎貼得連天邊都看不見，甚至連一個理想的停車位都沒提供，大家亂停亂搭。每個區域至少有40個帳篷，卻共用一台冰箱和8間浴室。,1,1,-1,572,,2021/05/06,0,負向
洗澡時水溫不穩定，沒有適合的容器，但還是可以裝些水，讓小孩洗澡。可惜水溫不穩，小孩被燙到哭了。,1,1,-1,579,,2021/05/06,0,負向
這個營地的地面是石頭，很難用營釘釘牢。風一吹就會把營釘吹起來，下次我不會再去那裡了。,1,1,-1,584,,2020/05/06,0,負向
在訂好的房間位置抵達後，卻被告知沒有保留位置，感覺很糟糕。然而當收費時有道歉，而且浴室的蓮蓬頭突然爆裂，水四處噴灑。不過小孩的遊樂設施很棒。,1,1,-1,593,,2020/05/06,0,負向
營區的地面都是石頭，普通的釘子根本插不進去，晚上還會沒熱水，洗澡洗到一半快冷死了。,1,1,-1,597,,2020/05/06,0,負向
在抵達目的地之前的山路太陡，車子無法開上去。,1,1,-1,624,,2019/05/06,0,負向
這個營區位於山區的山脊上，季風稍微強烈，可能會在營區內部造成強烈的奇怪風，因此營主應該對這地形特性非常熟悉，並提供協助和建議。這個地方在十一月已經連續兩次發生營柱被吹斷的情況，使人半夜不得不撤離。,2,1,-1,765,,2017/11/21,0,負向
適合放鬆的地方，可以欣賞美麗的日落景色。,1,1,-1,813,,2017/05/02,0,負向
這個露營地在管理上有明顯問題，不建議前往尋找高品質的休閒環境。,1,1,-1,1263,,2023/11/07,0,負向
某些區域晚上放任唱卡拉OK的噪音，但其他人依然要遵守規定，這樣是不公平的。,1,1,-1,1264,,2023/11/07,0,負向
在同一區與營主的朋友露營，營主人很友善有禮貌。不過最後一天我們在整理東西時，營地的工作人員也插手收拾，把我們的洗碗液和清潔布誤放進垃圾桶。起初詢問工作人員時，對方否認有收走，直到我們找營主確認後，工作人員才去撿回給我們。大家都在忙碌地整理露營場地，工作人員卻一直跟在後頭干擾。延長線差點消失不見，詢問工作人員也沒有結果。只好請營主幫忙一同搜索，最終在共用區域找到。僥倖及時發現失物，若不知道遺失或遺忘，可能早就被帶走了。玩水區域靠近廁所及營地，常飄散濃濃的二手菸味，帶著小孩前往的家長請留意。營主的朋友攜犬一同露營，狗主人行為不當，任由毛小孩在他人營區隨意大便，並不清理。得忍受其不雅音樂和喧噪尖叫聲，一直持續到半夜12點。,1,1,-1,1288,,2023/06/07,0,負向
玩水很有趣，但是在營本部附近總是聞到有人抽菸，味道很糟糕！,1,1,-1,1289,,2023/06/07,0,負向
最後一天在營地整理東西時，被營主雇用的員工一起在我們營區整理，但我們還未離開！真是令人生氣！他們不僅把我們的洗碗精和菜瓜布丟掉，還拔掉延長線放在其他露營者旁邊。起初員工否認有動過，直到我們找營主要求回物品，員工才去垃圾桶撿洗碗精給我們，但延長線依然不願承認！大家正在忙著整理，員工卻跟著收拾！雖然時間晚一點收拾不代表不要，為什麼要亂動別人的東西，這樣沒水準、沒教養。在水樂區附近廁所的營區，總能聞到濃烈的煙味，還要每個人去聞！營主的朋友帶狗去露營，讓自己的寵物到處亂拉，卻不清理，這樣沒道德！缺乏教養。這次真是倒楣，和營主的朋友同區，必須忍受他們刺耳的音樂和喧鬧聲直到深夜12點。,1,1,-1,1290,,2023/06/07,0,負向
聽說新的營地負責人在C區嘗試調整水溫，當打開車門時聞到一股腐爛泥土的味道，讓人感到擔心。6月25日至26日，該地區下了約100毫米的豪大雨，導致C區地面全被淹水，水無法流走，直接變成泥漿坑，步行時容易踩到泥漿中滑倒。營地負責人與老闆娘將全區的草皮墊移到我們包營區，我第一次露營就墊了26片草皮墊。雨過後我去了A、B、D區，發現那裡都沒有積水，只有C區的積水大約有5公分高。營地負責人答應我們會改善這個情況，真的希望他們能做到。我再加5顆星。,2,1,-1,1348,,2023/05/07,0,負向
你的意思是說，洗澡時水溫忽冷忽熱，而且淋浴間有黏著使用過的衛生棉？這聽起來真的很不舒服。你是否打算整理一下淋浴間的環境呢？,1,1,-1,1379,,2022/05/07,0,負向
重要的不是錢，而是我租的地方。廁所還沒清理好，牆上還貼著女生的衛生棉。另外一間沒熱水，另一間則熱水調不準。,1,1,-1,1381,,2022/05/07,0,負向
環境很糟糕，有很多蒼蠅和不知名的昆蟲，下山後很多人皮膚過敏或被蚊蟲咬。水壓不穩，熱水冷水不穩，營區像冰箱一樣冷。四帳包場只有一個廁所，而且沒有衛生紙。不建議前往，尤其是有小孩的家庭。,1,1,-1,1384,,2022/05/07,0,負向
我已經露營七八年了，但從來沒遇過像這個營區這麼多蒼蠅的情況。白天到處都是蒼蠅，晚上則是各種小蟲。更糟糕的是，廁所沒有衛生紙，淋浴的熱水要命，調不到適當的溫度，要麼太燙，要麼太冷。經過觀察評論後發現，這種情況似乎一直沒有改善。我們住在D區的四人帳篷裡，空間擁擠，小孩子幾乎無處可去。更令人無法理解的是，整個四張包區只有一個廁所和一個浴室。總之，我不建議這個營地。,2,1,-1,1385,,2022/05/07,0,負向
環境很髒亂，蒼蠅很多，在這個三天兩夜的行程中無法定時進行整理清潔。,1,1,-1,1386,,2022/05/07,0,負向
看了google評論很擔心營地狀況，但真實到了現場後才發現網友的評論很中肯！廁所沒有衛生紙，晚上還斷電不給開燈。水槽也沒有清潔，照明也不足，而且沒有廚餘桶。浴室有幾間水流積水，還不定期沒有熱水。生態池味道很臭，A區塞滿了12個營帳，非常擁擠。另外還有一個區域像荒地般沒有整理，因為空間不足只好擠了一個營帳進去。還好有朋友團遊，否則這次228連假可能會很糟糕。,1,1,-1,1390,,2021/05/07,0,負向
營地官網宣稱提供浴廁裡有衛生紙和沐浴乳，但事實上浴廁沒有衛生紙，沐浴乳也不知道多久未補充。洗澡的水溫幾乎都是冷的，在3天2夜的露營過程中，浴廁和垃圾桶沒有得到清潔。此外，還有少許蟑螂和蒼蠅出現。總而言之，這個營地的硬體設施還不錯，但整體體驗令人非常失望。,2,1,-1,1391,,2021/05/07,0,負向
總結來說，露營地營主的服務態度差，廁所沒有衛生紙且環境很臭，草皮沒有好好處理，照明也不足，因此我不建議大家前往露營。,1,1,-1,1392,,2021/05/07,0,負向
剛抵達營區時發現很多問題，洗手槽沒有清理乾淨，上一批人留下的殘渣堆積在裡面。而且區內的草地也沒有被修剪或照顧，雖然之前有打電話問過管理人員有關獨立冰箱的事情，但實際到達後才發現只有在營地的中心區有，而且離營區很遠。更糟糕的是，營區裡有許多可以飛的小蟑螂和大型蟑螂。在露營兩晚期間，廁所從未被清潔過，也沒有提供衛生紙。我們只在結帳時才見到營主。我們的朋友是新手，所以直接向營區租借了帳篷和睡袋，但打開後發現全都濕了。我們向營主反映後換了新的，但整體是一次非常糟糕的經驗。,1,1,-1,1393,,2021/05/07,0,負向
這個地方的環境並不理想，河道沒有清理乾淨，底部堆滿了樹枝、樹葉、蟲屍體和泥巴。廁所已經兩天沒有人打掃，垃圾滿到地上，浴室洗到一半水就變冷了。只有在收費時才能看到工作人員，其他時間都找不到人。下午雷陣雨之後排水不良，形成積水。,1,1,-1,1395,,2021/05/07,0,負向
室外正在下著大雨，而廁所卻只有一點點小雨，這導致營區排水不良，形成了大面積的積水。,1,1,-1,1396,,2021/05/07,0,負向
衛浴區沒有補充衛生紙，而且戲水區也不夠乾淨。營區空間較小，並且缺乏護草墊，有很多小蟑螂。,1,1,-1,1397,,2021/05/07,0,負向
晚上去了沒有人接待，廁所裡的衛生紙沒有補充，有很多蟲，馬桶還阻塞，洗澡間的水時冷時熱，還好天氣熱……兩天兩夜都沒有人來清潔廁所，只是補充了一些衛生紙，甚至沒有打招呼……最重要的是，好像說好的飄飄河呢？？？場地雖小也無所謂，草地不濃密裡面夾雜泥土也無所謂，小強到處蔓延也無所謂，但飄飄河一堆青苔和樹葉根本沒有整理說是水源不足……那別的區域該怎麼玩？我們不算是客人嗎？即使它像洗腳水一樣髒也是小孩們期待的，不然就提前通知可以準備其他活動啊……差一點我們就穿上泳衣，拿著水槍和泳圈去“玩手機”了……,1,1,-1,1398,,2020/05/07,0,負向
露營區的空間很有限，除了水上活動外，缺乏足夠的草地供小朋友玩耍。,2,1,-1,1403,,2020/05/07,0,負向
可惜了，跟隔壁的土牧驛相比，這裡少了一些經營的用心。我們住的那間房間，浴室的熱水不太穩定，玩水道上長滿青苔，還有不少小蟑螂（在其他山區營地很少看到，幾乎沒有），洗水槽也需要請營主來清潔。再說一次，真的很可惜這個好地方，在比較之後尤其感受到。而且經過營地本部時聽到營主自豪地告訴遊客，本週滿了訂單，希望他們努力維持好的品質。,2,1,-1,1416,,2020/05/07,0,負向
營位位置在馬路旁有點小，如果每個帳篷都能設置流理台會更方便；共用廁所距離有些遠，建議保持水池乾淨。建議提供飲水機、過濾系統、烘乾機，以及提供優質的洗髮精和沐浴乳，這很不錯！,2,1,-1,1417,,2020/05/07,0,負向
營地的環境真的讓人感到困擾，我們都要多加注意。,1,1,-1,1440,,2023/05/15,0,負向
營主和營友在同一區露營，營主非常友善，但最後一天發生了一些麻煩。當我們在收拾東西時，營地員工與我們一起收拾，不小心把我們的洗碗液和洗碗布誤放進垃圾桶。一開始我們詢問員工，他們否認拿走，直到我們找營主求助後，才找回洗碗液。而後員工又在我們忙著搬離時過來收取東西，雖然有時候收得比較晚並不一定代表不要。我們還發現一條延長線幾乎失蹤，詢問員工仍然說沒有見過，最後只好請營主幫忙才在共用空間找到延長線。幸好我們現場發現有東西遺失，如果不知情或遺忘，可能就會被誤拿走了⋯⋯,1,1,-1,1441,,2023/05/15,0,負向
浴廁的衛生狀況很糟糕，營地中有很多蟑螂。,2,1,-1,1474,,2020/08/21,0,負向
覺得經營不夠用心，連廁所都沒打掃。,2,1,-1,1477,,2020/05/07,0,負向
提高水槽清潔和草坪保持的品質。,2,1,-1,1483,,2019/09/09,0,負向
"1. 基本上露營常常是家庭帶著小朋友來，但衛浴空間太小的話，應該如何幫小朋友洗澡呢？  
2. 這次露營遇到露營區沒有草墊的情形，下過雨的草地都是爛泥，該怎麼放裝備在地上呢？  
3. 洗臉台真的很少耶！  
4. 廁所好髒啊！",1,1,-1,1519,,2024/04/23,0,負向
"1. 我透過露營樂系統訂了D區碎石區1號帳篷，但到現場卻發現已經滿三個帳篷了，而我是第四個。我詢問營主，碎石區不是只收三帳嗎？營主卻回答說是四帳。當初選擇D區是因為想要寬敞的空間，卻沒想到被超收而帳篷空間明顯不足，隔壁露友的小孩也一直玩拋接球碰到我的帳篷和桌椅，讓我有種被騙的感覺。(見照片中的四個帳篷)
2. 另外是洗手間，衛生紙放得太滿了，看起來不太整潔。不過洗澡時水溫還算穩定。
3. 在碎石區發現沒有護草墊，對帳篷地布造成了傷害。我住過其他營地都有提供護草墊。
4. 飲水機的水流很小，大概比滴水還慢。希望能改進水流問題。
5. 傍晚蚊蟲有點多，前面的露友提到驅蚊線香，但我卻沒看到。
6. 營區的垃圾桶只放在少數位置，並沒有廚餘回收桶，這對來自北部的露友相對不太習慣。",2,1,-1,1533,,2023/05/07,0,負向
事先預定好了，但到了現場卻改變主意不想做了！他們說沒問題可以等待，但最後還是不做，直接讓我們前往一個灰塵滿滿的座位區露營？回答問題含糊、蚊蟲眾多、環境骯髒混亂！,1,1,-1,1542,,2022/05/07,0,負向
小黑真的非常可愛。,1,1,-1,1547,,2022/05/07,0,負向
沙坑球池讓小朋友玩得非常開心，熱水溫度充足、水量大，建議老闆在沙坑周圍增加一些沙圍，否則風吹時容易讓沙子飛進帳篷和地墊；這次搭在C區後面有條死水溝，擁有許多小黑蚊，建議關注一下是否能處理水溝的問題。整體來說，露營感覺還不錯！希望露營者們在玩仙女棒後別忘記丟掉廢棄物，否則在營區非常危險。老闆的後續整理行動需要更加細心，以免小朋友遭遇意外。,2,1,-1,1585,,2019/05/07,0,負向
這個露營地方在晚上11點後沒有管理音量，會讓人覺得很吵，難以入睡。建議營主應該制定控制音量的措施，以提升露營品質，吸引更多優質露友。另外，露營區地點位置便利，離下山購物點不遠，只需大約15分鐘就能到達全家便利商店。場地寬敞，草皮維護得很好，景觀優美，頂樓還有餐廳。,2,1,-1,1746,,2024/04/16,0,負向
拜託不要在營地亂拉大便，讓其他露營者感到尷尬及困擾。這樣會影響到其他人的露營體驗，讓大家都感到不舒服。希望營主能夠重視這個問題，讓營地保持乾淨舒適，讓所有露營者都能放心享受美好的露營時光。,1,1,-1,1756,,2023/06/07,0,負向
這個周末在露營區的硬體設施和景觀都沒問題，但帳棚區草地附近常有狗大便。第一天入住的同伴就在帳篷旁踩到大便，使晚餐不太舒適。第二天早上撞見遛狗的小妹妹，告訴她清理狗便，但同樣沒有處理。只好告知營地管理者，但結帳時小妹妹帶了更多狗來，其中一隻大黑狗在我們帳篷旁拉了三次。小妹妹卻視而不見。雖然露營與大自然共存，狗大便是正常現象，但管理者是否應該保持住客的環境清潔呢？,1,1,-1,1757,,2023/06/07,0,負向
"優點：1. 靠近三義市區，車程15-20分鐘。
缺點：1. 營區位於山路旁，清晨和半夜有人跑山，會干擾他人。2. 整個營區共有5-6層區域，30-40個營位只有入口處有提供冰箱，對於夏天需要存放東西的露營者來說不太方便。3. 有些層數的營位太短或太窄，無法搭建帳篷並擺放客廳天幕，而且後方也沒有通行的空間，建議營區不要過度擁擠。4. 營區擁有柑橘樹，但是如果營區沒有人來露營，為何不在周六日修剪樹枝？機器的噪音和油煙會讓人感到困擾。",1,1,-1,1772,,2023/05/07,0,負向
這個地方曾經是親切舒適的休閒場所，但隨著野心的膨脹，忘卻了原本討人喜歡的樣貌。雖然收取的門票只有100元，並不算太貴，然而卻逐漸與遊客之間拉遠了距離。,2,1,-1,1773,,2023/05/07,0,負向
這裡有很多蟲子，水溫忽冷忽熱，營區裡有很多隻狗會一直吠，廁所位置有限經常需要排隊。,2,1,-1,1778,,2023/05/07,0,負向
我們這次露營選在第九區，環境非常漂亮，營區也維持得很乾淨。營區主人和家人都非常友善，服務態度很好，但是由於生態豐富，蟲子比較多。我看到了藍鵲，也被一隻藍鵲的尾巴掃到，還有很多會飛的小蟑螂和蚱蜢。草地很美，但是草太高了，導致有很多蟲子。建議在廁所洗手台附近多安裝一盞燈，早上可能會聽到一些施工聲、大聲的蟲叫聲、鳥叫聲和狗叫聲，對於容易驚醒的人建議帶耳塞睡覺。吹風機使用時電壓有些不穩，會讓燈一閃一閃的，腹地相當大，建議攜帶較長的延長線。以上僅代表個人體驗，若怕蟲的人可能不太適合。環境美、營主友善，給予兩顆星評價。,2,1,-1,1781,,2023/05/07,0,負向
草地雖然很茂密，但排水不良，讓整個地面都泥濘泥濘的！戶外總是充滿昆蟲飛來跳去，但一直有蟑螂爬上爬下，實在太嚇人了！養狗要好好管教，不能讓牠擺出牙咧嘴的亂吠姿勢，如果小孩被嚇到摔倒跑開，那該怎麼辦？這樣的經歷一次已經足夠了，謝謝。,1,1,-1,1782,,2023/05/07,0,負向
營地的花草維護得不錯，但我們租到的地方卻沒有木棧板。由於下了一場超大雨，整個營地都變成一片泥濘。在帳篷區域，24小時內腳底始終沒有乾過。更糟糕的是，到處都是飛行小蟑螂，無論在帳內還是帳外。帳篷也因泥水而全毀。環境雖然有美麗的植物，但因全無服務且處境惡劣，只能給場主2顆星評價。如果你想在下雨天出遊，不建議來這裡。另外，沒有租到木棧板的區域也會有許多蟑螂。總體評價是1.5顆星，租金方面也只能給0.5顆星的評價。如果收費在700到800之間可能會更有價值，但不值得1000。以上純屬個人經驗，與商家無關。,2,1,-1,1783,,2023/05/07,0,負向
這個地方不太推薦，因為老闆態度不太友善。如果你有寵物，最好先打電話問清楚是否可以帶寵物，因為有些地方可能會另外收費。另外，到了現場卻被收取了300元作為寵物費用。浴室和廁所也很髒亂，而且浴室的水龍頭溫度不穩，洗澡時還能聞到廁所的異味，總之是相當不理想的狀況。,1,1,-1,1786,,2022/05/07,0,負向
蚊子好多啊！而且營區提供的冰箱味道奇怪，冰度也不夠，保冷磚放一晚都還沒結冰。,2,1,-1,1788,,2022/05/07,0,負向
整體環境不錯，沒有什麼可以挑剔的地方。設施齊全，唯一讓人無法接受的是在2021/11/20（星期六）露營時，有一區超過晚上10點仍在放音樂、大聲喧鬧、打電話給老闆。老闆的回應只是要他們小聲一點，而這種情況持續到了晚上11點30分，造成了睡眠上的困擾。如果不是這個問題，整體來說我會給予四顆星的評價。,2,1,-1,1795,,2022/05/07,0,負向
營主非常熱心！會帶著狗來「關心大家」，同時讓狗方便一下，（可能是為了確認人數與帳篷數）。,1,1,-1,1798,,2022/05/07,0,負向
營地的營主非常親切、環境也很舒適，只是晚上蟑螂太多了，而且還會飛。除了蟑螂外，還有蚱蜢、螳螂等昆蟲，每晚要抓二十多隻蟑螂，實在有點困擾。希望這個問題能夠得到改善，以保持原本良好的氣氛。,2,1,-1,1820,,2021/05/07,0,負向
營主很友善，主動告知有現成的青草茶可供享用，草地色彩鮮豔，晚上有美麗的星空可觀賞！然而，近三天卻出現許多會飛的小蟑螂，造成困擾，牠們會飛到食物、人身上甚至帳篷裡，讓害怕蟑螂的同伴難以放鬆，我們總是小心保護食物和餐具，生怕被蟑螂蹂躪；各營區之間距離較近，因此音樂和交談聲音都相當明顯，我們也擔心會打擾到其他露營者；下方營區時常飄來刺鼻的廁所排泄味，雖然不持續太久也不太頻繁，因此並沒有告知營主這個情況。至於交通方便，開車很容易，冰箱容量也夠大，大多數露營者的需求都能滿足，但若有害怕蟑螂或注重隱私的露友，可能需要多加考慮。,2,1,-1,1821,,2021/05/07,0,負向
在這個三號營區，雖然營主很友善熱情，但蟑螂實在太多了！其他昆蟲像蛾、大螞蟻、蒼蠅、蚊子都還好，但對於會飛的蟑螂讓我非常困擾。而且附近廁所有濃烈異味冒出，衛浴間設施略有不足，燈光較昏暗，也有些昆蟲。營區空間較小，與其他營帳較接近。如果對蟑螂有極大恐懼的人要三思而後行，但如果可以接受蟲蟲的話，這個營區仍然是一個不錯的選擇。我個人是太害怕蟑螂而且它們會飛！這次露營完全沒法放鬆，一直保持戒備，因此給了一顆星...,1,1,-1,1822,,2021/05/07,0,負向
為什麼早上去露營場與朋友見面時，還需要付費呢？,1,1,-1,1837,,2020/05/07,0,負向
老闆為了避免得罪遊客，要求我們委屈接受超額客人。在跨年前一週告知我們包區會增加一桌，我們也接受了老闆的要求並繼續收費。然而，過年期間竟然硬是塞了三桌陌生客人進入我們包區，對方聲稱是在 app 訂位系統上訂了我們的區域。事後查證發現是店家沒有確認這三桌客人的身份就讓他們進入我們的包區，這讓我們感到委屈和不舒服。,2,1,-1,1867,,2018/05/07,0,負向
"這段話的意思是：

這個露營區草坪維護良好，浴廁分離乾淨且有熱水供應，營主人也很好客，還提供自煮的飲料給露營者。雖然營區提供了燈泡，但燈條壞掉了。唯一遺憾的是第一天不知道是誰的狗拉的屎被踩到了，第二天發現是營主的狗。在撤營時，兩個小女孩帶著狗在我們帳篷旁邊的炊事區大便，儘管我們大聲抗議，她們卻視而不見離開了，留下一堆大便。我們能夠接受狗在自家拉屎，但無法接受她們視而不見的態度。若營區被狗屎所困擾，則我們的最終評價將只會是一個""有狗屎的營區""，希望營主能重視這個問題。",2,1,-1,1887,,2023/05/19,0,負向
原本在這裡是我們同學每年相聚的好地方，可能因為生意越來越好，老闆似乎忘記了最初的初衷，對顧客的服務變得漫不經心。連假日前的基本檢查都沒有做到，甚至民宿和浴室的瓦斯檢查也被忽略了。這是二十多年來第一次在露營區沒有熱水（雖然後來有重新裝備），這遠遠地忘記了最初熱情服務的原則，而我們才是一再前來的原因。現在只在乎迅速收取錢款，甚至當著顧客的面詢問是否有孩子收到了錢？如果不能建立信任，建議盡早關閉，守住自己的小天地，避免被欺騙。我們不是挑剔的顧客，直言不諱只是因為覺得可惜這個一度溫馨的露營地，是否接納我們其實也無所謂，現在有許多地方可供露營住宿，對待沒有用心的地方，一點也不值得我們花錢。,2,1,-1,1892,,2022/11/22,0,負向
浴室的水龍頭溫度時冷時熱。主人建議最好不要帶寵物進來，否則可能會被要求支付額外費用。,2,1,-1,1905,,2022/04/18,0,負向
營地的狗亂叫，晚上吵到無法入睡，雖然可以帶寵物，但是收取單隻300元的清潔費有點難以接受。山上氣溫寒冷，但浴室的水龍頭卻時冷時熱，讓人差點感冒。廁所和浴室有些髒亂，希望營地主人能改善一下。,2,1,-1,1906,,2022/04/18,0,負向
在半山腰的地方風景很美，但因為沒有用心經營規劃，失去了美景⋯ 到了營區後發現沒有每個帳篷都有草地墊，管理員說大部分已經破掉丟了要我們去其他地方找找看⋯ 雜草很多，地面滿是碎石，下了點雨後到處都是爛泥巴，還好雨不大，否則可能會淹水。晚上洗澡時發現沒熱水，水壓也不足，忽冷忽熱。連續假期營區滿滿的帳篷，廁所沒有定時清理，垃圾桶裝滿了，散發著尿騷味。營區垃圾桶只有一個區域有，要走一段路才能找到，非常不方便。退營時中午十二點時已經沒有水可供使用，浴室的水已被停掉，感覺有點差。停車場也沒有規劃，車子亂停。整個營區給人一種很擁擠的難民營的感覺。,1,1,-1,2171,,2024/01/07,0,負向
有很多蟲，還有蜜蜂....只有一支風筒。,1,1,-1,2172,,2023/11/07,0,負向
這間露營區不太適合喜歡悠閒的人，他們要求12:00就要離開，10:30就會提醒，11:46還沒整理好就把水電和冰箱都關掉，這樣的服務讓人感到不滿意。,1,1,-1,2173,,2023/05/07,0,負向
隔壁那邊很吵，這麼吵大家都睡不著了。,2,1,-1,2174,,2023/05/07,0,負向
原預定的露營地因為分開預定，園區管理員將我們安排在其他人預定的位置上，讓我們不得不在雨中搬家，這真的是我們有史以來最不愉快的露營經驗。尤其管理員告知我們本來預定的區域其實在另一邊，讓我們為了搭建帳篷又蒙受了不少苦。雖然浴室較為寬敞、熱水迅速且熱度足夠，但道路艱困、旁邊樹木散落、棧板破損、排水問題嚴重，導致帳篷進水且氣墊床濕透。,1,1,-1,2177,,2023/05/07,0,負向
露營區的風景優美，空間寬敞，位置較高，五月底前往還不至於太熱。我們選擇了G區較上方的營位，然而廁所的衛生狀況並不怎麼乾淨。晚上九點左右想洗澡，卻發現浴室的水根本沒水流，我們只好自行調整才成功。而洗完後吹風機沒電，洗手台的水龍頭也無法使用。更糟糕的是，蚊蟲非常多，當天被蟲叮到眼睛腫起，不得已前往急診。一開始營區的管理者主動聯繫保險事宜，我們感謝他們的幫忙，因為一開始沒有考慮到這部分。但是後續就沒有聽到任何消息，他們也沒有積極聯絡，整體而言這次經驗並不令人滿意。,1,1,-1,2179,,2023/05/07,0,負向
這個地方的環境風景很漂亮，但是棧板有點小，只適合300帳。廁所衛浴方面：不太乾淨，3月的時候會有很多蟲和飛蛾，每間浴室廁所都有一些垃圾，地面是磁磚的，浴室和廁所是分開的，水壓弱且不穩定，水溫也不穩定，排水也不太順暢，浴室內的椅子和水桶上有一些霉斑。另外，1.水槽旁邊沒有垃圾桶，有點不方便。2.週日離開時，營主洗廁所的水會直接流到C區帳篷⋯⋯⋯⋯⋯⋯⋯3.很多營位都在道路邊緣。,2,1,-1,2181,,2022/05/07,0,負向
"1. 上山的路情況較差，長滿了枯枝雜草不好通行。
2. 營區的設施（如熱水、電力）無法應付連續假期人潮。
3. 電壓不穩定，時常跳電，即使未跳電，燈光也一直閃爍，影響使用，建議多帶幾盞充電型LED燈。
4. 熱水很不穩定，洗了20分鐘冷水後又遇到1分鐘的熱水，之後又變回冰水，非常不方便，建議中午或在外洗澡再進入。
5. 營區在雨天變得泥濘，坑洞很多，要到主營地上廁所或取東西，腳容易弄濕骯髒，建議穿靴。
6. 還有很多景色優美的營地可選擇，這個營區似乎經營不夠用心，建議換一家！",1,1,-1,2184,,2022/05/07,0,負向
這個地方真的很糟糕，像是非洲一樣蒼蠅成群，洗澡水不是燙到要人命就是冷得讓人發抖，滑草只會讓人感到心酸，游泳池的水更是像去年的一樣骯髒，垃圾居然都集中在帳篷附近，整體環境除了差勁，沒有任何優點，總而言之，非常糟糕，就算是給一顆星都覺得太多了。,1,1,-1,2185,,2022/05/07,0,負向
訊號很差，還有一些人以為自己唱歌很好聽，一直唱得很難聽，很吵。如果沒事就不要來了，否則你一輩子會後悔。,1,1,-1,2186,,2022/05/07,0,負向
這個露營區周圍的山路非常危險，進出露營區的道路狹窄雜草叢生，幾乎無法會車。沿途的樹枝、竹枝不斷地刮傷車輛，遇到對向車輛時，就像是獨木橋上的黑羊和白羊，極易造成車輛損壞，除非你是高超的駕駛技術高手。,1,1,-1,2189,,2021/05/07,0,負向
收到的訊息大概是說，在露營地的浴室設施有問題，只有四間浴室，但空間很大。水流時常忽冷忽熱，並且會導致電力跳踢，所以燈光較暗。管理人員回應說，設施的問題可能是因為電力消耗過大，延長線也有故障。而且營地排水不良，小雨時容易積水，需要特別注意洗鞋。,1,1,-1,2194,,2021/05/07,0,負向
廁所沒有人打掃，晚上變得很骯髒，垃圾桶都滿了。洗澡時沒有熱水可用，而且從週日（2020/09/20）早上開始整個營區的水槽都沒有水。,1,1,-1,2198,,2021/05/07,0,負向
在G區，冰箱的冷凍溫度設定成了冷藏，冷藏溫度則是室溫。當蛋撻放進冰箱時，意外發現有螞蟻在食材上爬行。向園區反映後，對方表示冰箱沒問題，只是多餘的設備而已，並認為區間隔太小造成跳電問題。即使忘記拿食材丟掉這種事情能理解，但從當天的不回應到隔天才告知所有東西都丟失，讓人感到無法接受。後來又改口說沒看見，這樣的處理方式讓人滿腹委屈，讓原本期待的旅遊心情盡失。造成這樣困擾的事件發生後，前往此處的人應三思。,1,1,-1,2203,,2021/05/07,0,負向
這個露營區的衛生狀況不佳，冰箱長霉嚴重，需要改進的地方還很多，如果還沒完善就收費開放可能不太適當。,1,1,-1,2211,,2020/05/07,0,負向
請在洗手台排水口安裝過濾水器。,1,1,-1,2216,,2020/05/07,0,負向
場地規劃過於擁擠，帳數收費過高，導致停車位全部滿了，除了大草原之外，帳篷周邊缺乏活動空間。浴廁清潔度有待改善，洗澡水壓不穩，水溫忽冷忽熱，馬桶經常沖不下去，使用上讓人十分困擾。泳池只有第一天可以使用，第二天卻聲稱水量不足無法開放，令孩子們感到失望。電壓不穩定，我們在中秋連續露營三天兩夜，卻三次停電，讓人無奈。雖然大草原空間很不錯，提供孩子們良好的活動地點，但滑草區域有點危險，下方的帆布破損，造成朋友（成人）滑倒時被釘子刮傷腳。景觀雖然很美，但只有第一排位置可以看到，後方都被擁擠的車輛和人擋住了視線。冷藏冰箱壞了，只剩下冷凍櫃，很快被填滿，內部氣味難聞，缺乏管理，其他帳篷的保麗龍箱和保冷袋直接佔據冷凍櫃，使得後到者無法使用空間。總的來說，這次露營經驗令人失望，感覺營地管理不善，帳篷數量控制混亂。,1,1,-1,2224,,2020/05/07,0,負向
在G區碎石區下雨時的情況非常糟糕，特別令人無法接受的是晚上跳電三次，加上整個G區的兩個淋浴間水沒有熱，只有溫水（雖然我本身不太怕冷）。當天的氣溫應該至少在15度以下，再加上下雨，真的感覺沒有在意客人的需求。另外，水槽都集中在衛浴區旁邊，所以清洗東西需要走一段路，尤其在下雨時非常不方便。我露營這麼多次，也遇過很冷又下雨的情況，但這次真的是最糟糕的一次，前所未有。,1,1,-1,2238,,2019/05/07,0,負向
電壓不夠，衛浴設施稍嫌不足而且稍有不清潔，營地旁無水槽，唯獨在廁所旁集中，下雨天刷牙洗臉需打傘，連遮雨處都沒有，讓人感到有些失望。,2,1,-1,2259,,2018/05/07,0,負向
建議營區管理單位限制上山和下山的時間，因為山路狹窄且路況不佳，無法進行會車。攜帶大量露營裝備和孩子上山是非常危險的，考慮到安全問題，建議避免前往。,2,1,-1,2291,,2021/05/02,0,負向
因為其他客人的原因，我們被迫將F區換成C區。對於第一次來的客人來說，可能不熟悉各個營區的位置，也許不知道自己已經不在原先預訂的區域了，直到看了區域位置圖才明白。可能不清楚營區劃分的意義，但似乎需要提前與營地管理員溝通。,2,1,-1,2362,,2018/05/07,0,負向
"這個地方是比較偏僻，吃飯和購物都很不方便。解決這個問題可以考慮以下幾點： 
1. 提供一些食物販賣的選項。 
2. 增加一些員工以幫助處理事務。 
3. 監督住宿者的行為品質，防止他們大聲喧嘩，或是在晚上12點後仍然不安靜。 
4. 檢討價格是否太高，讓訪客感到不滿。",2,1,-1,2400,,2017/08/29,0,負向
很遺憾無法前往。在預訂後接到電話說要調整座位以容納另一組更多人的情況，讓人感到相當不舒服，表達了不滿並考慮取消訂位，最後才輕描淡寫地說不勉強，但熱情也因此大打折扣。,2,1,-1,2561,,2019/05/07,0,負向
營區的衛生狀況需要改善，有許多螞蟻和爬蟲，廁所裡也有很多小蟲，而且沒有提供衛生紙，洗手台晚上也沒有照明。,2,1,-1,2576,,2023/10/09,0,負向
最近地震頻繁，加上大雨，我和家人都擔心走山可能會有落石，希望營地能提供處理方式。但獲得的答案讓我感到困惑，只能延期半年或退還4成費用。朋友在其他營區取消訂位，僅收取200元手續費，對比之下梅花梯田的處理方式讓人難以接受。政府已呼籲民眾不要自行上山，因為可能存在危險。原本希望在螢火蟲季去欣賞螢火蟲，雖然營地提出延期半年的方案，但非季節，也不考慮延至明年螢火蟲季。我們只好支付6成費用。其他訂位30帳退25帳，為什麼只有我們遇到問題？其他營區沒有災情報導，但還是收取200元。,1,1,-1,2715,,2024/04/30,0,負向
園區整體環境算乾淨，包括廁所也很整潔。唯一的缺點是G區離衛浴廁所和冰箱都很遠，要煮東西還得跑遠一趟冰箱，很累人。另外，G區只有一間蹲式廁所，對小孩來說不是很方便，有可能會在沒有廁所的時候就隨地拉著。山區有很多蟲子是正常的，但有一種大螞蟻會咬人，回來後腳上會有三四個腫塊，還帶有刺痛感。雖然去露營很多次，但第一次遇到帳篷只能睡四個人，多了要額外付費，並不管年齡，只要人數超過四個就得補貼。,1,1,-1,2717,,2024/04/07,0,負向
這個地方除了草皮以外，CP值不高，而且旁邊的草墊區種植了帶刺植物，十分不方便也不安全。此外，附近的營地還有枯萎的植物、一些小蟲，以及一些異味。不過，小水池讓小孩子拍照還不錯。,1,1,-1,2749,,2023/05/07,0,負向
進出道路的起伏差異較大，駕駛低底盤車輛時需要特別注意。營區內共有六間衛浴，分成七個區域，各區域有不同使用規則，十帳以上的露營者需共用兩間衛浴，且需在特定時間內使用，對於家庭搭配孩童的露友來說在洗澡時可能有些壓力。營區提供Wifi，然而我無法連接，手機訊號基本上也非常差，無法與同行的朋友聯絡，有些困擾。,2,1,-1,2775,,2022/05/07,0,負向
第一次到這個露營區，租了A區和B區的營位，整理後發現底盤太低，路況困難，營位規劃有些可惜。要停車在外部停車場，搬完裝備才能進入營區，走得很遠才能搭建帳篷，相當費力。營地訊號差，提供的wifi 連不上，不知道是區域問題還是其他原因。衛浴設施少，第一個衛浴有時間限制（早上7:30到11:00），假如一個帳篷住五個人，營區一共有30個營位，總共150人，只有六個衛浴，平均一間要25人，每人洗30分鐘，總共需要12.5小時，這樣好像有點擁擠。第二ABC三個區域共用一個廁所，ABC三區共有14個帳篷，廁所上廁所相當有壓力。營位旁的洗手台的燈晚上10點關掉，只能在黑暗中洗碗。總結來說，不太想再來這裡露營。,1,1,-1,2776,,2022/05/07,0,負向
整個營區只有一個冰箱，根本沒有地方給大家放東西。準備好的德式香腸整包都不見了，營區完全沒有控制。一早起來心情就很差，決定不吃了，收拾行李下山去吃好的，以後也不再來了。,1,1,-1,2778,,2022/05/07,0,負向
這段話可以重新描述為：「草地的草長得太高了，到處都有蚊蟲是很正常的，但有這麼多蒼蠅就不尋常了。我露營這麼久第一次遇到這麼多蒼蠅，早上八點被它們吵醒，整天都黏滿了五張紙，就算用電風扇吹也吹不走，它們一直群聚在那裡，直到晚上六點才消失。浴室雖然很大，水池狀況也還好，只是蒼蠅的數量實在太誇張了。」,2,1,-1,2803,,2021/05/07,0,負向
這個情況實在太過火了，甚至中央走道都擺滿了帳篷。,1,1,-1,2822,,2020/05/07,0,負向
營區環境宜人，但霧氣濃厚，建議不要在夜晚前往。營地管理人員很親切，但營地的規定相當嚴格，且浴室的水壓和水溫不穩定，洗澡時可能會遇到變冷水的情況。管理人員之一可能心情不佳，臉色一直不太好看。周日收費，但隔日仍未收費，超時後即提醒將會有罰款。建議停車和生火事宜尚未提及。另外，希望營地能夠改善一下規則，例如設定一段緩衝時間，例如離場時間為下午兩點，超過三點才開始收取罰款。對露營者來說，罰款制度可能不太友善，且對於罰款的合法性也存有疑問。建議只是一點小小的建議，希望貴營區能夠持續改進。感謝您的回覆。,2,1,-1,2828,,2019/05/07,0,負向
山路很陡峭，不建議兩車同行，因水溫不穩，沐浴時一半很熱一半變冷，淋浴時會感到不適。,1,1,-1,2829,,2019/05/07,0,負向
這條山路十分危險，建議車況不佳的人不要前來。山路陡峭，不適合夜間駕駛。營區主人設定不少規矩，但廁所很乾淨且備有冰箱。,2,1,-1,2836,,2019/05/07,0,負向
黑沙坑水池很小，水壓水溫電壓不穩，果園就在鄰居旁邊，造成全家人的困擾。,1,1,-1,2837,,2019/05/07,0,負向
這個營地的蟲真的非常多，不僅廁所、浴室、營區都佈滿了各種蟲蛾，甚至洗澡時也充滿了各種飛來飛去的蟲子，讓人感到非常困擾。此外，冰箱雖然位置遠而且共用，卻也遭受到蟲的侵擾，讓整個營區的衛生環境非常糟糕。,1,1,-1,2987,,2022/05/07,0,負向
下雨時水洩不通，帳篷內滲水是非常令人擔憂的情況，我們幸運地大多數時間都沒有下雨。,1,1,-1,2992,,2022/05/07,0,負向
這個營地好像經常吵鬧的情況比較多？也許特別容易吸引到吵鬧的團體，還是吵鬧的團體之間有在分享這個營地容易放任吵鬧的消息？雖然已經是深夜1-2點了，甚至是星期六，但他們還在唱卡拉OK，而且聲音很大，整座山都能聽到他們的吵鬧聲！我曾經在兩三點的時候聽到一群人大聲聊天，我在遙遠的地方都能聽到有人在喊讓自己的狗回來！他們露營的狗也跟著亂叫！我雖然沒有太多去過露營的經驗，但卻多次遇到這個營地似乎沒有約束吵鬧的情況！跟營地的管理溝通似乎也沒有太大的效果！,1,1,-1,3006,,2022/05/07,0,負向
天氣預報顯示會下大雷雨，我在提前一週詢問是否可以延期，但是營主拒絕改期。此外，場地很偏遠，沒有景色，排水差，廁所也非常髒。我建議大家不要遠道而來，因為這個地方連一顆星都不值得。,1,1,-1,3058,,2019/05/07,0,負向
不好啦，水排不通，廁所很髒，沒人管理。,1,1,-1,3059,,2019/05/07,0,負向
不要踩！草坪上有積水！應該是沒人在管衛生間。,1,1,-1,3060,,2019/05/07,0,負向
雖然訂場有規定，未完成訂金給你沒有拿走就算了，抱怨是為什麼，小朋友得腸病毒還要被你抱怨嗎？,1,1,-1,3075,,2019/05/07,0,負向
不夠推薦，容易積水，而且服務不佳。,1,1,-1,3097,,2017/05/07,0,負向
營地環境很差，到處是積水和泥濘，場地狹小擁擠，車位也沒有規劃好，服務也不理想。,1,1,-1,3101,,2017/05/07,0,負向
"1). 衛浴雖然有乾濕分離還不錯，但廁所的空間還有待加強。
2). 帳篷的布置稍嫌密集，沒有足夠的空間供大型草地活動。
3). 露天區未限制攜帶寵物，半夜狗狗吠叫，早上醒來竟在草地上發現到處都是狗狗的排泄物！",2,1,-1,3199,,2021/05/07,0,負向
營位費一再調整，越來越貴。,1,1,-1,3204,,2021/05/07,0,負向
付了200元清潔費後，竟然沒有得到任何服務，有些人只是想和親友在露營地聊聊天、打打屁，結果也得支付這筆費用！ 營地管理者啊，價格有點高哦！,1,1,-1,3205,,2021/05/07,0,負向
"1. 這個場地真的很美，草皮看起來很漂亮。
2. 帳篷擺得很密集，擠得太緊湊，沒有足夠的空間讓孩子們奔跑，而且可能存在過度收費的情況。
3. 收費是1200元，還經常會斷電。
4. 總結：如果要收取1200元的費用，就應該限制帳篷的架設數量；營區的電力系統也需要改善，因為一晚上斷電3、4次真的讓人受不了。這樣的狀況讓我不想再來這裡了。",2,1,-1,3214,,2021/05/07,0,負向
在悄悄話營地，草地看起來很寬敞，但一個帳篷要1200元，規矩地排列著很多帳篷，衛浴設施看起來高級美觀，但實際使用起來卻好看不到水溫，時冷時熱嚴重地不穩定，要不像冰一樣冷，要不像燙到要命，這真的令人氣憤，收費這麼貴卻這麼差勁。,2,1,-1,3267,,2019/05/07,0,負向
"1. 環境維護做得相當好。
2. 可以訂購披薩和石鍋拌飯，方便又不用自己開伙。
3. 沒有美景可欣賞。
4. 帳篷比草地多，看起來很奇怪。
5. 入場時間從下午兩點開始，退場時間是中午十二點，條件相當嚴格。
6. 費用為每帳1200元，若提早入場還需要額外支付100元，性價比不高。以上為後花園區的情況。",2,1,-1,3278,,2018/05/07,0,負向
這裡的人很多，就像在難民營一樣。,1,1,-1,3321,,2017/05/07,0,負向
營主的服務態度不佳，當我發動車子時，營主責問我為何要這麼做，就連開窗戶也要報告。在洗澡時，營主正在清理浴室，前面兩間已經打掃好了，但他要求我去洗第三間浴室，這種不公平的待遇讓我對這個露營區失望。水質不乾淨，同行的朋友洗完澡後都過敏，讓人擔心洗手檯的水很混濁，連碗都洗不乾淨。晚上12:30還有人彈吉他唱歌，打電話和傳訊息給營主也沒有回應，甚至第二天早上要去敲他的門才能叫醒他。真不知道這個露營區為什麼有高評價，我應該要去還是不要去自己斟酌。,1,1,-1,3335,,2024/03/07,0,負向
露營的時候，老闆一到就說我們看起來很開心，然後警告晚上十點後不要吵，否則會被趕出去。雖然老闆可能是開玩笑，但我們覺得這樣的態度不太適當。在與老闆的幾次對話中，有一些讓我和朋友感到不太舒適，例如他說：“我知道你們不會再來了。”儘管營地的位置很好，但我還是希望提醒老闆和老闆娘，待人和藹有助於財富積聚，否則可能會失去生意。,1,1,-1,3356,,2023/09/07,0,負向
在到達營地的門口時，營地主人立刻以極差的態度拒絕進入，讓人感到不友善。,1,1,-1,3413,,2022/05/07,0,負向
今天心情很好，上午十點半抵達營地時，我打開車門和營地負責人說我們預定了今天。營地負責人臉色不悅地回應，說預定了今天也應該等到一點才來，為什麼現在就來了，一直重複說著這些話。我們強調我們並不是要馬上搭帳，只是想先在附近散步一下。營地負責人一直堅持要等到一點才能來，讓人覺得很奇怪。接下來還得忍受營地負責人臉色不好的三天。我要求營地負責人檢討自己的口氣，別再反過來說我口氣不好，明明是你的態度和口氣有問題。我又不是第一次露營，也不是老大，我沒有說話，但你卻一直以為自己是老大，難道你不能好好溝通嗎？難道整個山頭都是你的？尊重是雙向的，你有尊重過我嗎？誰會知道你的營區不能停車？,1,1,-1,3435,,2021/05/07,0,負向
晚上蚊蟲很多，營區下面有3到4隻狗，不停地吠叫，還有鄰居的小孩，從傍晚一直到晚上10點多都在吵鬧，很讓人困擾。營區的廁所設施很老舊，有洗澡間無法上鎖，而且馬桶的沖水設備也損壞了。除了風景，這個營區真的不值得推薦。,2,1,-1,3570,,2023/11/07,0,負向
營主的態度不負責任，讓我們安排露營位置時出現了問題。即使事前我們有提前與營主確認，但臨到現場時卻一直聯絡不到營主，只好問及營主的爸爸，卻沒有得到實質的回覆。最後一位友善的營區客人答應讓我們借用他的位置。這是我第一次露營，卻碰到了這樣的情況，真讓人感到意外。,1,1,-1,3573,,2023/06/07,0,負向
這個地方的優點是浴廁乾淨，熱水很足夠。但是缺點是熱水只到晚上10點，對於夜間上廁所很不方便。半夜和清晨常常聽到羅馬公路上飈車族的聲音很吵，而且營區下方還有四隻狗，一有異動就瘋狂吠叫。而且假日清晨7點就有人在用割草機工具除草，以上三個問題讓根本無法好好入眠。另外還有一隻名叫黑糖的狗，清晨會跑到營區內的帳篷裡尿尿，收帳時才發現，實在令人驚訝！,2,1,-1,3576,,2023/05/07,0,負向
營區觀景台前面的竹子和雜草長得很亂，擋住了景色。旁邊的露營區鄰居整晚唱歌吵鬧，早上還有人在用電鋸施工。還有隻瘋狗一大早就在亂叫，整個深山裡都很吵鬧，露營區讓人有點害怕。,1,1,-1,3578,,2023/05/07,0,負向
冰箱只能送風，向廠商反應後卻被告知冰箱具有冷凍功能。自來水品質惡劣，水龍頭放出來的水都帶有泥沙。,1,1,-1,3587,,2022/05/07,0,負向
這個地方空間有限，道路狹窄，洗手台又髒又亂，樹葉到處堆滿。從周圍的狀況可以看出營地管理者缺乏投入。晚上包區還有人在大聲開派對，吵得人難以入眠。原定的活動也被取消了。總的來說，環境差又沒什麼活動，沒有吸引人的地方。下次應該不會再去了。,1,1,-1,3595,,2022/05/07,0,負向
營區的安排真是讓人感到不滿。太過擁擠，似乎超出了容納的極限！除了搗麻糬活動外，並沒有沙坑、戲水池或射箭場。更糟糕的是，下方的營區正在舉辦電音趴，兩天兩夜不停播放動滋動滋的音樂，而我們卻被告知得太晚！我們去露營並不是為了參加動滋動滋的活動，難道不該提前告知嗎？！,1,1,-1,3597,,2021/05/07,0,負向
這個營區被許多人評為無法容納七個帳篷，只適合四或五個帳篷。而網路上所說的有沙坑、戲水池和射箭場似乎已經荒廢。唯一值得稱讚的可能是乾淨的廁所和搗麻糬活動。此外，在營區舉辦的電音派對，持續三天兩夜，聲音讓人動搖不已。最後，營主直到離營前兩天才告知這些資訊，讓人感到有些措手不及。这是該營區一次不理想的體驗，希望他們能夠改進。,2,1,-1,3599,,2021/05/07,0,負向
小黑蚊實在太多了，不管是用防蚊液、止癢藥還是開水龍頭，都無法有效阻止它們。,2,1,-1,3613,,2021/05/07,0,負向
露營區的遊客行為不佳，清晨6點起床開始洗碗時又敲又打，7點就嘈吵不安，讓小孩尖叫不止。,1,1,-1,3622,,2020/05/07,0,負向
靠近水源地的位置可能會對環境造成影響。,1,1,-1,3631,,2020/05/07,0,負向
簡單來說，這是一個營地遇到想賺錢卻不重視管理的問題。營地主人面對不守規矩的露營者，不知道如何處理，影響其他遵守規定的露營者的權益。即使設施再好、風景再美，都無法彌補這種管理問題帶來的困擾。,2,1,-1,3726,,2018/09/15,0,負向
遭遇狀況不佳！我和承辦單位確認了租用C區水泥雨棚1帳，後來他們告訴我還有一個要租6帳的（共8帳），晚上會比較吵，我表示沒關係。但接著他們又打來說要改成8帳，要我移到B區碎石雨棚，完全沒有徵詢我的意見，還爭辯說他們不可能讓1帳去其他地方。我預訂了，至少你也應該尊重我的意見吧！而且我一開始指定要租C區是因為我喜歡那裡，而不是你叫我就去哪裡！,1,1,-1,3767,,2024/04/30,0,負向
這個營地服務真的令人失望，洗澡只有冷水，還要在寒冷的天氣裡等待熱水供應。不僅如此，還要在浴巾內換間浴室，但一樣沒有熱水可用。營地管理者不僅沒有誠實承認錯誤，還非常不友善，甚至動用警察脅迫離開，後來才致歉並表示無法溝通。建議選擇營地時要慎重考慮！,1,1,-1,3781,,2023/12/07,0,負向
這句話的意思是對方感到心情不好，感受到營主把責任推給客人，所以不想多說了，因為再說也沒有用。,1,1,-1,3782,,2023/12/07,0,負向
我五月27日露營了三天兩夜，遇到了許多蚊蟲，被叮了好幾個包。不好的經驗是，第三天早上營主告訴我們必須在中午12點前付費結帳，他說過一次就好，結果卻多次提醒我們。當我們在早上10點開始結帳時，突然停水了。我告訴了營主，他說是下雨造成了水管阻塞。我曾經以為營主催促我們結帳才造成停水的情況，整體感覺很不好。我可能不會再去那裡了…,1,1,-1,3824,,2023/05/07,0,負向
露營地的收費似乎有點高昂，而且管理好像很嚴格，像在抓小偷一樣。這位在第26露營地的遊客認為這裡浪費了整個連假。除了沙坑可以玩，其他地方小孩子好像沒有太多活動。有位小孩首次露營覺得很無聊，又抱怨說車子來回停了十幾次，停車費一共支付了1800元，就像露營地怕客人般。還有，讚美度五顆星的評論也讓人質疑。而且某人未經同意就將車牌資料公開在網站上，已經請家人和律師處理。業者留言說付不起就去免費野營也讓人有些不滿。,1,1,-1,3833,,2022/05/07,0,負向
總的來說，環境還算不錯，但有時候會有人來巡邏檢查，看看有沒有新的訪客。如果有，停一輛車要收300元，而且會逐一錄影以作為證據。雖然付得起，但他們的態度令人不太滿意，這麼多次露營還沒遇過這麼勤收停車費的地方。離開時，營區的員工要我們還原護草墊，我們當然樂意配合（但根據規定是否真的需要這麼做有待商榷）。最後我們還是把護草墊集中放好，但員工的態度有待改善，無法好好溝通。起初他們否認錄影我們的車輛，後來卻出示了影片。他們也抱怨我們唱歌影響其他露友，雖然當時只是晚上7點，也只唱了兩三首，音量也不大。不清楚是否真的有其他露友抱怨，但他們的態度不友善。,1,1,-1,3834,,2022/05/07,0,負向
這個露營區價格不便宜，停車費更是貴到讓人錯愕，而且管理很嚴格，每隔幾個小時就要收費，朋友來開車只停一下就要收300元，我這次露營3天停車費一共花了1800元。老闆的態度也很差，完全沒有親切感，下次應該不會再來了。,1,1,-1,3835,,2022/05/07,0,負向
害怕的不是下雨天，而是營地排水不良，一下雨地面就變得泥濘，鞋子容易陷進爛泥巴裡。小孩和狗都只好躲在帳篷裡，真是有些可惜。,2,1,-1,3842,,2022/05/07,0,負向
營區情況不佳，營主態度很差，還有許多大約2-3公分大小的虎頭蜂，很可怕。他們不處理此問題，並且把責任推給客人，聲稱是客人招惹虎頭蜂的。請問，虎頭蜂在晚上出現是正常的嗎？20-30隻陸續來襲，如果今天有小孩被叮咬，你能負擔得起嗎？如果你要前往這個營區，請三思而行！,1,1,-1,3844,,2022/05/07,0,負向
這個地方不太推薦，因為營地有虎頭蜂，而且營地管理人員處理事情的態度非常消極，甚至推卸責任，還說要我們噴香水？蜜蜂來了三天是因為我們營地上的樹上有美味的花蜜，所以它們日夜都在採蜜。所以在選擇去那裡之前一定要三思，以免花了錢還找到麻煩。,1,1,-1,3845,,2022/05/07,0,負向
車子的聲音真的很吵！早上五點就被吵醒，完全睡不著，而且廁所太少要排隊。不過營區的老闆人很好，很親切！,2,1,-1,3979,,2023/09/08,0,負向
在水庫附近的羅馬公路上，晚上車聲很大，以至於讓人難以入睡。除了B區以外，其他各小營位的位置都相當狹小，彼此距離太近。建議營地主人將CD區劃分為ㄧ區，這樣會比較理想。此外，衛浴設施有限，需要洗澡的人請注意時間安排。,2,1,-1,3984,,2023/05/08,0,負向
"被臨時換座位，但有以下問題：
1. 地板上有很多雜草。
2. 廁所同時被多人使用時，熱水可能會不足。
3. 四周光線不足，半夜上廁所不方便。
4. 電路時常跳。",1,1,-1,4048,,2021/05/08,0,負向
由於複育螢火蟲不使用殺蟲劑，環境維持得很好，所以小黑蚊變得很多。,2,1,-1,4097,,2018/05/08,0,負向
這個地方的廁所和浴室還算整潔，但是使用的水是山泉水，所以看起來有點黃且不清澈。這裡沒有提供飲水機，需要自己買水。螞蟻和蜘蛛網比較多，要小心不要碰到。露營區的樹木間隔有點狹窄，停車進出比較困難，但晚上聽著河流聲入睡還算不錯。,2,1,-1,4176,,2024/04/07,0,負向
總結來說，這個地方環境不錯，只是缺乏飲水機，熱水問題需要改善，而宮廷帳是可讚賞的，其他方面都很普通。,2,1,-1,4179,,2024/03/07,0,負向
只有一個區域有廁所浴室，其他區都需要走一段路才能到達，而且好幾個浴室的水溫忽冷忽熱，有時候燙到一下，有時候又冷得發抖，或者是水溫不夠熱。整個區域有29個房間，但只有一個冰箱（而且即使很晚才到的房間裡的冰箱根本沒冰），這個冰箱也在廁所附近。如果你喜歡健走，可以試試看，保證你會走得很開心。而且，房東嚴格禁止外來車輛和訪客，即使忘記帶東西，朋友送進來後立刻離開也是不可以的哦，只能在門口面交，不論東西大小重量。另外，他們沒有提供飲水機，所以記得自備足夠的水喔。,2,1,-1,4181,,2024/01/07,0,負向
這個營區地面潮濕，容易滑倒，廁所外面放衛生紙，但要到遙遠的地方才轉角有垃圾踩集中。環境舊，並不如照片上看起來美麗，晚上照明不足要特別小心，環境不適合拍照。,2,1,-1,4182,,2024/01/07,0,負向
總的來說，我們歡迎使用者付費，營地主管表現給人深刻印象，對金錢相當謹慎。在網站介紹上缺少的資訊會在討論後免費提供，但對於在兩天內多次要求這些資訊的方式感到不悅。有些疑點被曖昧地忽略，是否換另一位解說員？營區雨棚設備很好，但水卻向內滲透。設施和場地規劃並不理想，不過最大的優勢是廁所和浴室都相當乾淨。道路設計有缺陷，給予兩顆星的評價是因為廁所和客人的素質都不錯。,2,1,-1,4183,,2024/01/07,0,負向
雨棚區的石子鋪很薄，一下大雨就會低洼淹水，計算人頭、車輛和帳篷的數量，確實計算得很精準…,1,1,-1,4188,,2023/07/07,0,負向
營地的保險精算師說風雨屋簷漏水，情況變得更糟，地勢低窪有積水堆積...,1,1,-1,4189,,2023/07/07,0,負向
環境不佳，且男老闆態度惡劣。,1,1,-1,4200,,2023/05/07,0,負向
這位男老闆的服務態度不好常常讓遊客感到困擾。,1,1,-1,4201,,2023/05/07,0,負向
很抱歉，因為大雨，露營地到處都是泥濘，而且還要加收兩個小帳的錢$1200。洗手檯不方便，也沒有加裝防滑措施，導致家人滑倒被燙傷。我覺得這個露營地以營利為主，缺乏人情味，也沒有關心我們的狀況，讓我們有一個不愉快的露營經驗，感到遺憾。,1,1,-1,4203,,2023/05/07,0,負向
"在過去三年來露過最雷的露營區經歷: 

1. 洗澡的時候熱水突然沒了，小孩子被泡沫包覆了將近一個小時，水壓又小又不穩定。
2. 估計有至少六個帳篷共用同一個電路，電壓非常不穩，三個10顆LED的15米串燈全都不亮了，打氣機也壞了，只能手動打氣，後來換成了LED燈條。
3. 環境非常髒亂，生態池看起來沒有人在管理，有很多小黑蚊，點了很多蚊香還擦了防蚊液，每個人至少要用上二十包。
4. 浴室和帳篷區都看到兩隻飛來飛去的超大蟑螂。
5. 草地從未修剪，已經長過踝踭，石階上滿是青苔，十幾個大人中有四個不小心滑倒，最後都只好繞路。
6. 收費完全不合理，大多數露營區超過四人就要每人收費100元，幼兒園以下的小孩則免費，但這個露營區每人要250元，連幼兒園以下的小孩也要收費。
7. 實際景物和照片不符，大多數照片拍攝景點都相當陳舊，沒有官方網站介紹。唯一的優勢就是環境算是清幽，位於溪邊。其他缺點非常明顯，而且詢問服務人員時的態度也相當不友善。如果上述描述有任何不實之處，我願意承擔相應法律責任。",1,1,-1,4204,,2023/05/07,0,負向
在端午節那天我們原本計畫去湖區露營，但到達後才發現露營車無法進入，而且下著大雨。因為路程遙遠，心情受到影響，最後決定返回。更令人不滿的是，老闆的服務態度惡劣，推卸責任，讓整個體驗變得不友善。還有關於退費的問題，也沒有確定答案。,1,1,-1,4205,,2023/05/07,0,負向
營地的排水很糟糕，甚至沒有提供戶外墊子，下雨時帳篷內部的床墊完全濕透又積水，無法舒適地休息，只好收拾行李直接回家，這個營區真讓人失望。,1,1,-1,4212,,2022/05/07,0,負向
中央的大池子已經被圍起來了，所以周圍有許多牛蛙。晚上他們會開party，叫聲很壯觀，建議帶上耳塞。上游的小溪水潺潺，但周圍有許多蜘蛛網和蚊蟲困擾，如果要去玩水可能要仔細考慮。此外，小黑蚊和大蚊的班表應該已經相互協調過，前者約在上午11點開始活動，後者則在黃昏前開始覓食。因此，3瓶防蚊液很快就會用完。出門露營時，需要與大自然和諧共處，充分準備才能玩得開心。,1,1,-1,4214,,2022/05/07,0,負向
當天晚上去廁所的路上沒有路燈，建議在營區廁所前的大水溝周圍設置欄杆，以避免晚上使用廁所時不小心跌落，這樣更安全。今後可能會不太敢讓孩子獨自去廁所，因為這種情況實在太危險了，主要是為了安全考量。其他方面的問題都跟其他人提到的差不多，以後可能不會再選擇這個地方了。,1,1,-1,4215,,2022/05/07,0,負向
這個露營地距離新店碧潭很近，開車大約10分鐘就到了。可以買外帶食物直接進入露營地用餐，是城市型的露營地。優點是可以享受安靜的環境，不會聽到車輛嘈雜的聲音。這個地方原本是婚宴拍攝地點，所以並非專為露營而設計。例如，帳篷前沒有洗手台，垃圾桶統一在廁所使用，且只有一處廁所，總共約有30個露營地點。所有人需要共用浴室，一些位置比較偏遠，需要走一段路才能使用，稍微不方便。建議早點洗澡，因為晚了可能會沒熱水。有聽到其他家庭的小孩洗澡時哭泣的聲音。設施沒有特別整理，顯得有些陳舊。相較其他露營地，費用稍貴一些（其他露營地主會巡視及整理環境，以防動物干擾）。最大亮點是入場的湖景，不太適合帶小孩入住，晚上可以看到螢火蟲。,2,1,-1,4216,,2021/05/07,0,負向
這個地方的服務態度不夠積極，收費卻很積極；網路訊號非常差，設施也很破舊；蚊子超級多，場地很狹小！營位和洗手檯沒有燈光，而且洗手檯的排水一直塞著；洗澡時熱水不穩定。營位規劃隨意，長滿雜草，指示牌不清楚，地點難以尋找。總之，在這裡的經驗令人覺得再也不想光臨！,1,1,-1,4218,,2021/05/07,0,負向
"這是一個帳篷露營地，帳篷之間貼得很緊密，沒有網路或美化的設施，只有一些殘破不堪的設施可以拍照。這裡沒有鋼琴或教堂，因為有陌生人在場，所以不好意思拍照。整體來說，這裡與網路美照有相當大的差異。區域劃分和安排比較擁擠，露營和訪客的價格則需參考官方資訊。包含兩帳區的價格是2200元，夜間參加則需加收600元的費用。

",1,1,-1,4219,,2021/05/07,0,負向
雨天的露營環境並不理想，遮雨棚滴水、積水，地面泥巴鋪碎石太薄。有位加帳的朋友打算擠一擠一起睡，但老闆告訴我們，棚區只能搭兩帳，一帳多收一千元，每兩帳可停兩台車。我們三台車兩台摩托車，一帳睡5人，兩帳10人，但多一車要再加錢。老闆說收費一千元，實在令人震驚。這是我當時的真實感受，露友們請自行思考是否前往，我是絕對不會再去了。,1,1,-1,4222,,2021/05/07,0,負向
這個露營區雨棚位置狹小，區域被宣稱包覆，但實際上與旁邊的露營者距離非常近，並且深夜時段沒有管理。附近的露營者半夜玩狼人殺直到凌晨兩點，第二天的垃圾桶也沒有人來清理。如果不是無法評論不給星星，我甚至不想給一顆星。,1,1,-1,4224,,2021/05/07,0,負向
這個露營區的品質不佳，每帳營位費用為1250元，並且營主態度惡劣。即使預約了雨棚營位兩帳，實際上卻只有一個400*600的雨棚，無法容納兩個帳篷。遊客收費過高，每人150元，就連小學生也要支付相同費用。另外，每輛車收費100元，並設有強制離開時間。綜合以上種種原因，非常不建議前往該露營區。,1,1,-1,4225,,2021/05/07,0,負向
對於大型犬，我還是新手，可能不適合，請問是否可以參觀一下場地？店家有權利拒絕，但也請您先做功課。或許評論並不如所聞那麼好，即使離我家很近，我也不再考慮了。,1,1,-1,4280,,2018/05/07,0,負向
訂位付款後，遇到中央氣象局發佈大雨特報，無法改期。營主將責任推給露營樂訂位中心，強制扣除60%費用並要求再支付30元處理費。未提供發票，商家僅想著賺錢，缺乏同理心。這樣的服務非常令人失望，絕對不推薦。,1,1,-1,4288,,2018/05/07,0,負向
7月18日下午3點時，大門關著，旁邊的牌子上寫著需要先預約，讓我感到很失望只好回家了。,1,1,-1,4291,,2018/05/07,0,負向
環境雖然好，但是小黑蚊很多，而且咬人很痛，另外，雨天也無法延遲工作，帳單的數量也很多。,2,1,-1,4295,,2018/05/07,0,負向
到了才發現園區已經關閉，沒人接電話。,1,1,-1,4307,,2016/05/07,0,負向
門票無法抵銷消費啊。東西價格相對較高，像是一碗煎蛋麵要220元。為了避免這種情況，打算到土雞城吃飯比較合適。,1,1,-1,4309,,2015/05/07,0,負向
大家要注意，進入園區需要每人支付100元的入場費，並且還有另外180元的最低消費限制！在這麼多餐廳中，從未遇到過這種情況！有點像變相賺錢的感覺！大家在前往之前應該要慎重考慮。,1,1,-1,4310,,2015/05/07,0,負向
這個露營區真的不怎麼樣，有肥胖的蟑螂、很多小黑蚊，服務也很差。在這裡露營三年，經歷了很多雷人的事情：1. 洗澡只有冷水、水壓又小又不穩，小孩差點泡在泡沫裡等了將近一個小時；2. 電壓不穩，用同一個迴路供應六個帳篷的電力，LED燈還開不亮，打氣機也不工作；3. 環境髒亂，生態池看起來很荒涼，不少小黑蚊，用了很多蚊香、防蚊液；4. 浴室和帳篷區都有大蟑螂飛來飛去，從未見過這麼大只的；5. 草地長得很高，石階都長滿青苔，有些人不小心滑倒了；6. 收費超貴，每人250元，還要收幼兒園以下的小孩錢；7. 拍照景點都看起來老舊，和照片不一樣。,1,1,-1,4338,,2022/06/08,0,負向
這個露營區真的超糟糕，有很多肥胖的蟑螂和小黑蚊，服務也很差。在過去三年裡，遇到過最糟糕的露營區包括：1. 洗澡時突然沒熱水，小孩在泡沫中等了將近一個小時，水壓又小又不穩，2. 大概有六個帳篷共用同一個電路，電壓極不穩定，甚至3瓦特的10顆LED燈條都不亮，打氣機也罷工，只能手動打氣，換成LED燈條，3. 環境髒亂，生態池看起來沒人在管理，有很多小黑蚊，每個人至少需要用上20包蚊香和防蚊液才行，4. 浴室和帳篷區發現兩隻巨大的飛蟑螂，蟑螂，蟑螂... 5. 草坪長得很亂，高度已經超過腳踝，石階長滿青苔，有十多個大人，其中四位不小心摔倒，最後大家都不得不繞路。6. 收費也不合理，大多數露營區超過四個人每人都需要額外支付100元，幼兒園以下的小孩則不用收費，但這個露營區每人收費250而且連幼兒園以下的小孩也要收費。7. 大多數拍照景點都又老舊又跟照片裡不一樣。,1,1,-1,4339,,2022/06/08,0,負向
營地的情況似乎越來越寂寞了。如果超過帳篷容納人數，管理單位確實會嚴格收取額外人頭費和停車費。浴廁設施還算可以，但由於有水池，使得小黑蚊相當多。其他部分……就不多做評論了。,2,1,-1,4349,,2022/01/05,0,負向
照片拍得不錯，但親自去看就知道了。營區照片也很美，不過要看設施的話，最好還是遠觀或眺望比較好。,2,1,-1,4357,,2021/04/26,0,負向
草地上的水無法迅速排走，所以泥濘積水。,2,1,-1,4358,,2021/03/05,0,負向
營區的費用和環境。因為是連假的關係，所以擔心在中南部會塞車，因此選擇了北部的營區。但到了那裡發現沒有設施，而且有很多小黑蚊，就算噴蚊怕也沒用。,2,1,-1,4381,,2020/03/25,0,負向
這次的露營經驗相當糟糕，讓我對未來再來露營感到很挫折，也不會推薦給其他人！原因如下：1. 在營區規定我們的朋友不能探營，且探營費用高昂，而且這項特殊規定在預訂營位時並未提前告知。因此，我們四個朋友探營花了900元而且只被允許待一個半小時。 2. 洗澡水時冷時熱，更糟糕的是我們洗到一半竟然停水，要求營區管理員才肯重新開啟水源讓我們繼續洗澡。3. 廁所的衛生紙備得很少，導致很多人在廁所間互相借用衛生紙。,2,1,-1,4434,,2018/05/27,0,負向
態度不好，讓我決定不會再前往。態度不好，影響了所有人的感受。,1,1,-1,4437,,2018/05/20,0,負向
照片和實際看到的景象有很大的差異。洗手台不夠多，插座離得太遠，草地在雨天容易積水泥濘，排水系統也不夠好。,2,1,-1,4643,,2016/12/01,0,負向
接受了付款後，並非所有事情都不管，若晚上洗澡沒熱水而找不到人處理，這樣的情況在天氣寒冷的時候只能用冷水，這樣的情況非常不推薦。,1,1,-1,4704,,2021/05/07,0,負向
這個地方的環境並不理想，周遭沒有什麼景色可欣賞。令人困擾的是，有許多人在那裡吸菸，並且上方的營區年輕人在深夜仍然喧鬧不休，全然無視他人，似乎沒有人去管束。這確實是一個很糟糕的體驗。,2,1,-1,4908,,2021/05/08,0,負向
這個季節蒼蠅很多，下午遇到臨時停電，冰箱離得很遠，晚上中華電信基地台超載，無法通訊。,1,1,-1,4946,,2019/05/08,0,負向
當日我們在竹雞區露營，原本期待享受一個輕鬆寧靜的活動，但卻被一群年輕人打亂了氣氛。他們從晚上開始喝酒、大聲吵鬧，一直吵到半夜3-4點不肯安靜，讓我們的露營地無法入眠，只能等到他們安靜下來稍微休息一會。我們當天向營主投訴，僅透過電話告知要降低噪音，但酒精作用下的他們並未改變，讓我們對這次在竹雞區的露營體驗感到極差，下次可能不會再去了。,2,1,-1,4977,,2021/06/02,0,負向
營地管理人員一直監視限制很多，態度和口氣也很差，我們出來露營是為了放鬆，而不是要被對待得很差，非常不推薦。,1,1,-1,5224,,2024/03/08,0,負向
營區的營主非常嚴格，對於小孩踢到車子，他非常生氣地責罵了他們。甚至有位老太太也前來帳篷處罵人，口氣非常惡劣。在露營的過程中，又有年輕人跑來指責垃圾未清理好就丟，讓人感到非常不悅。最讓人感到不舒服的是，營主公開表示他最討厭寵物，完全不歡迎有寵物來露營。,1,1,-1,5225,,2024/03/08,0,負向
服務態度非常不佳，口氣就像在跟人吵架一樣。,1,1,-1,5226,,2024/03/08,0,負向
這次參加的是露營活動，營區整體環境很乾淨，草坪也相當舒適，廁所提供衛生紙而且很乾淨。原本聽說只要天氣許可就會開放泳池，但前一天天氣突然轉涼，導致泳池無法開放。然而，星期六的天氣卻非常炎熱，可惜沒能享受到泳池設施。至於營區的撤離時間也讓人感到驚訝，一般營區都是要求下午兩點前離開，但這次卻要求12:30全部離開。營區提供的腳踏車狀況不佳，騎乘區域狹窄，小孩易發生碰撞導致受傷，相當危險。此外，營位共用一個衛浴設施，熱水僅至晚間12點，導致媽媽帶小孩使用的女生衛浴常常排長龍，白天則完全沒有熱水。如果習慣提早收拾裝備或者輕裝備的露友，這個營區可能很適合。但若習慣在營區用午餐再離開或者需要一些時間曬帳篷曝曬露水的露友，可能需要仔細考慮這個營區是否合適。,2,1,-1,5235,,2023/11/08,0,負向
電閃頻頻，蚊蟲煩擾，廁所難以到達。,1,1,-1,5236,,2023/06/08,0,負向
女生淋浴間數量有限，廁所距離遠，熱水供應到12點卻提早沒熱水了，柴燒熱水無法穩定，吹風機只有一台，營地空間狹小，帳篷之間過於接近。雖然規定沒有禁止打麻將，卻告知打麻將會影響小孩觀感，要求拉上帳篷圍布，飲水機不時缺水。整體經驗讓人完全無法推薦。,1,1,-1,5243,,2023/05/08,0,負向
衛浴排隊的人不多，冰箱都擠滿了，要留意小黑蚊。,2,1,-1,5258,,2022/05/08,0,負向
1、用木柴燒的熱水，溫度差異大，洗澡很困難。2、規定孩子玩沙時不能有漏出的部分，甚至有人在旁監視。如果擔心管理不當，就不要開放。3、大雨天張帳篷已經很窘迫，還有這麼多細瑣的規定。4、要求雜物分類放置，一區只能擺放1-2個桶，也一直著急。護草墊容易積水下雨時變得不好用，也不能頻繁使用。5、洗澡時有人提醒節約用水。6、必須把車停在停車場（能接受）。7、就算天氣晴朗也不能放水進池子用來游泳，寧願用水來清洗護草墊⋯整體感覺真的很差，保持乾淨是好事，但過度管理反而不如不要開放！,1,1,-1,5260,,2022/05/08,0,負向
"1. 若沒有提供廚餘桶，您可以問問看哪裡可以丟廚餘。 
2. 下雨導致場地泥濘，營友小孩踩到爛泥，被責罵洗腳，請注意水面大小，勸孩子別再踩進水泥中。否則要再次清洗。
3. 沙坑有專人監視，不認識的小孩將沙撒出，請即制止讓他們往裡玩，營友不應唸小孩，員工應告知。
4. 將腳踏車放在籃球場內很危險，小孩經過可能會被籃球撞傷。 
5. 提供老舊腳踏車但沒有專用車道，需與汽車共用，存在危險。
6. 泳池護草墊不應在池中清洗，浴室和廁所僅一處，不方便又遙遠。這是我們第一次碰到這麼嚴格的營主，若要體驗可前往，而火爆的營友則不宜前往！",2,1,-1,5261,,2022/05/08,0,負向
露營遇到很差的情況，只有12度，還停電了，暖爐和電熱毯都沒用，覺得今晚可能會被凍死。,1,1,-1,5267,,2022/05/08,0,負向
營區管理不善，洗澡時間限制在晚上12點前，未洗完就停水，飲水機僅一台不足，用大桶裝水也有問題，管理不周，設備不足，沙坑傍晚關閉不合理，營位位置擁擠。,1,1,-1,5278,,2021/05/08,0,負向
民宿的空間規劃需要加強，因為鐵皮屋區的空地吸引了所有小孩前去玩耍，導致住宿的客人沒有安靜的休息空間。建議應該加以改善。,1,1,-1,5289,,2021/05/08,0,負向
很長時間沒有露營洗澡真是受不了，幸好不是在寒流來臨時在這個營區。小黑蚊還算可以忍受，但熱水真的讓人難以忍受。,2,1,-1,5300,,2020/05/08,0,負向
建議營區需重新整理草皮和整地，以避免雨天積水影響露營活動。天氣不好並非營區錯，而是排水系統問題。雖然營主nice、廁所乾淨、視野遼闊，但缺乏良好的排水設施影響了露營體驗。,2,1,-1,5436,,2023/11/08,0,負向
這個營地的草很長，沒有修剪過，地面也很不平整，蚊子很多且又肥又大，各種生物都有，甚至還有蟑螂。這次露營的營地體驗並不太好，或許唯一值得稱讚的地方是廁所和衛浴間比較乾淨。,2,1,-1,5438,,2023/08/08,0,負向
這個營區真的需要好好整修了！草長得很高，到處都有蚊子和螞蟻，再加上飛蟲出沒，尤其是小強和大強令人討厭。在下午雷陣雨時更糟糕，會直接淹水，帳篷裡充滿了泥巴和雜物。而且他們的排水設施明顯有問題，造成水無法排走。更糟糕的是，飲水機壞了，卻沒提前通知，只能跑到雜貨店去買。整個營地的設施似乎都不完善，收費還那麼高，實在難以接受。但至少還好有兩位友善的年輕工作人員，廁所算是維護得很乾淨。,1,1,-1,5439,,2023/07/08,0,負向
這裡唯一的優點就是廁所乾淨，但草地不平坑坑巴巴，睡覺時容易腰痠背痛，而且營區看不到美麗風景，有點可惜。,2,1,-1,5448,,2023/05/08,0,負向
需要至少一顆星評分才能發表評論，雖然最想給零星，但如果要收取場地費，基本要求應該是水槽維護良好，不然必須自行清潔水槽。插座應當正常運作，維修時間不應該超過2至3個月，這些問題應該是營區營業方需要解決的。營區並不一定要多高規格，這樣的答覆未免讓人難以接受。如果營區的草地需要修護，建議暫停營業。 草皮太泥濘且破損嚴重，停車問題也很令人困擾，這些都應該是營運時應該考慮的事項。,1,1,-1,5453,,2023/05/08,0,負向
露營本應該是一件愉快的事情，但是營區沒有停車位讓我的車受損，水槽的水管也脫落了，所以我真的不會再造訪了。,1,1,-1,5454,,2023/05/08,0,負向
營區居然沒有停車位，要我們自己找，水槽水管漏水，向營地負責人反應，卻被要求與他人共用，這麼多露營區，這實在令我感到困惑！,1,1,-1,5455,,2023/05/08,0,負向
這裡的設備真的很差，停車位有限，水槽壞了要跟別人共用，另外還有一堆限制，電插座也有一邊壞掉，提供的設備真的很不理想。,1,1,-1,5456,,2023/05/08,0,負向
廁所長時間無人打掃，出現了虎頭蜂；沒有及時處理蚊蟲問題，導致數量增多；游泳池意外沒水；收銀櫃臺早上就開始收帳，卻一直被催促；整體體驗非常糟糕。,1,1,-1,5458,,2023/05/08,0,負向
非常願意保持草坪整潔。雖然只有一名工作人員有點可憐，但我們去露營的目的就是希望享受愉快的假期，至於服務就隨它去吧。,1,1,-1,5461,,2023/05/08,0,負向
整個體驗並不理想，廁所充滿尿味，淋浴間沒有被清潔過，冰箱在客人到達後才打開，兒童戲水池已經變得非常骯髒，小黑蚊也越來越多⋯,1,1,-1,5462,,2023/05/08,0,負向
廁所沒有清潔、草地長得像小樹、冰箱有發霉沒整理、溪水池看起來像個生態池，整體情況很糟糕。,1,1,-1,5463,,2023/05/08,0,負向
從周六中午到周日接近中午，廁所一直沒有進行清潔和衛生紙也沒有補充。,1,1,-1,5464,,2023/05/08,0,負向
因為收帳時間太接近，導致晚上鄰居噪音太大，無法好好休息，只給一顆星是因為環境整潔和房東的親切服務，但可能不會再來這裡住了。,1,1,-1,5471,,2022/05/08,0,負向
營地的植被稀疏，排水情況不佳導致土壤鬆軟，當大風吹起時，營釘連根拔起。再加上缺乏棧板，導致地面泥濘，整體情況相當狼狽。評分中給了一顆星是因為看到一位打赤膊的帥哥，而且他的服務還算不錯。,1,1,-1,5472,,2022/05/08,0,負向
營區管理人員對於吵鬧的客人置之不理，從中午一直狂歡到凌晨四點！？即使無法控制喝醉的客人，營區的聯絡電話也無人接聽，甚至過了半夜12點也沒有人出來制止，這嚴重地影響了其他客人的休息時間。營區的使用規章明確規定禁止卡拉OK，但卻讓人一直唱到天亮，甚至引來警察來勸導仍繼續大聲喧嘩。因此，我不能推薦這個營地。,1,1,-1,5476,,2022/05/08,0,負向
這個地方風景不錯，營地主人熱心，但需要更努力來提升營區的清潔環境，特別是洗碗槽和冰箱。我住在貨櫃露營屋內，進去後拖鞋都濕透了。問清潔阿姨，她說有用酒精消毒水噴灑，但可能噴得太濕了。令我們困惑的是，洗澡時水居然多次停了，有一次還停了2-3分鐘。在這種天氣裡被停水真的很煩人，小孩和大人都要忍受洗澡時的驚悚體驗，真的很冷。,2,1,-1,5482,,2022/05/08,0,負向
這個房型並非如同網路評論所述，當收納物品擺滿時，房內空間實在不足，小朋友們也沒有太多活動的地方；然而其他公共設施表現良好。,2,1,-1,5491,,2021/05/08,0,負向
住宿環境非常吵雜，人多衛浴不乾淨，洗碗需要劈腿。露營地深夜隔壁不受控制地大聲唱歌聊天，影響住客品質，營地管理對此問題未有改善，讓住客感受相當糟糕，不打算再次入住。,1,1,-1,5497,,2021/05/08,0,負向
飲水機離冰箱很遠，營位太靠近，太吵雜了，停車位也太遠不方便。,2,1,-1,5498,,2021/05/08,0,負向
環境設備很棒！但可惜的是，管理不夠到位！讓其他客人放肆喧囂到半夜！影響了人們的休息時間。,1,1,-1,5515,,2020/05/08,0,負向
這裡的硬體設備不錯，廁所衛浴設施也很乾淨。不過在營區裡有一些大狗一直圍繞在帳篷周圍，晚餐到半夜都很困擾我們。即使我們不討厭狗，但牠們在我們用餐時四處走動還是有些困擾。除此之外，一切都相當不錯。,2,1,-1,5520,,2020/05/08,0,負向
環境雖然不錯，但小黑蚊很多，野狗半夜翻垃圾筒，一直在帳篷外走來走去，讓我睡得不好。,2,1,-1,5521,,2020/05/08,0,負向
這個地方雖然很吵，因為靠近羅馬公路，晚上要麻煩的機車和超跑聲音不斷，相當熱鬧！營地管理非常嚴格，禁止客人踩草坪，難道是希望我們像飛起來一樣嗎？每帳篷一晚要1200元，但沒有景觀和清新空氣，價格有點高。我多給一顆星是因為附近有許多螢火蟲可以帶來放鬆感，這是唯一我欣賞的地方。,2,1,-1,5534,,2019/05/08,0,負向
這個地方風景優美，是露營的絕佳選擇。,2,1,-1,5535,,2019/05/08,0,負向
各區間距離太近，營位太擁擠，晚上鄰居聊天到一、兩點很吵。,2,1,-1,5538,,2018/05/08,0,負向
不能將兔子養在室外，飲食也要注意⋯⋯希望在利用動物營利的同時也能夠充分吸收有關兔子照顧的知識。對店家提出的兔子主食應該是提供無限量的蒲種草和煮過的飲用水（沒錯，是無限量哦），再加上適量的飼料。兔子適應的環境溫度為17-25度，同時要避免潮濕和淋雨，以防止出現黴菌等導致脫毛的皮膚疾病。在高溫下長時間暴露也容易導致中暑，曾有兔子在夏天無冷氣的室內狀況下，其肝功能指數偏高。我本人也有養兔子，沒有忘記要讓牠在室內享受冷氣，並分享這些知識給店家，期望我們能夠共同打造對動物和環境友善的環境。,1,1,-1,5737,,2022/05/08,0,負向
風景很美，但是環境和人員素質有待提升。,1,1,-1,5799,,2019/05/08,0,負向
這個地方的蚊蠅很多，不論是早上或下午，還有買蒼蠅貼片的。,1,1,-1,5807,,2019/05/08,0,負向
這段話的意思是希望參與者在展開話題時能夠小心，避免說出可能造成爭議或不適當的言論，以免引起困擾。,1,1,-1,5813,,2019/05/08,0,負向
這個場所的設施比較簡單，風景也很一般。,2,1,-1,6069,,2023/12/08,0,負向
一開始說可以在這個區域搭帳，可是天氣太熱了，一搭好帳就被告知不能在這個地方搭設，只好尋找停車位。又得遷移一次真是太麻煩了，這條路真的很差勁，車底盤都被撞到了。,1,1,-1,6073,,2023/07/08,0,負向
洗澡時水溫難以調節，並沒有提供飲水機。,2,1,-1,6076,,2023/05/08,0,負向
菠蘿蜜區剛洗頭就沒熱水了！2間廁所和衛浴間是和其他區共用的（其中包括蹲式馬桶和衛浴設施在同一間）。車輛無法進入營區，所有設施都是由營地負責人用牛車運載提供。,2,1,-1,6079,,2023/05/08,0,負向
租的雅房跟照片差很多，也就算了。房間很久沒打理，有跳蚤出沒，讓皮膚很癢。我們忘了帶食材，想到時已經傍晚了，打電話詢問，最後被誤會不需要了，讓工讀生打掃並帶走。下次可以提前問清楚租房的人是否有提供食材，我無法接受處理事情的方式，還需要改善。但也不能怪誰，這是我們的疏忽。,2,1,-1,6090,,2023/05/08,0,負向
"環境不錯，營主熱情，五帳包區兩晚，但只有一間衛浴可以洗澡，洗澡需要排隊很久。我們五帳包區只有8個人，已經很少了。如果正常五帳包區有10-15人，要洗澡可能要等很久。
",2,1,-1,6099,,2022/05/08,0,負向
根據我看到的網路評論，雖然當初因為評價很高而充滿期待下訂，但最後卻感到扣分滿滿。1、付了訂金後，問問題的訊息遭到已讀卻沒有回覆2、入住當晚緊接著就要付尾款，卻沒看過所謂的老闆老闆娘，《一眼》的親切待客形象讓人感受不到3、共有兩間盥洗室，卻被至少6個房的朋友共用（最少16人），只在收款時出現，那用完的衛生紙夠用嗎？（更不用提不同區的露友有時會跨區使用）4、如果不想在晚上6點或11點洗澡，其他時間就得排隊等，撐不住就只好憋尿5、沒有肥皂或洗碗精，盥洗室更沒有沐浴用品，總結來看，這次參與露營的11人都有相同的感受。,1,1,-1,6137,,2019/05/08,0,負向
這段話的意思是有人有這種做生意的方式嗎？為了要接受夜間包場的預訂，可以要求已經預訂的客人取消訂位，並改訂到其他日期嗎？我真的輸給你了，老闆！「人無信而不立，業無信而不興」，這是古代的明訓。,1,1,-1,6320,,2023/06/09,0,負向
所有店裡的顧客都很安靜，唯獨在星期日的早上，一位好友來訪時竟然在前方聊天，從早上6點多開始聊，一直聊到近8點。這要怎麼讓人家睡覺啊？做生意的時候要注意這一點，其他方面都還算不錯。,1,1,-1,6328,,2023/05/09,0,負向
這個露營區並非由原住民經營，訂單確認後卻被管理員修改，多收取了不少費用。環境並不讓人感到放鬆，時刻感受到被營區主人監視的壓力。也許應該考慮關閉這個營區，把這個地方還給原住民自己生活。,1,1,-1,6580,,2023/09/09,0,負向
在這個營區，冬天時我們不會使用高功率電器，但卻經常跳電。營主很生氣，說髒話，有時候還會有煙味（營主抽煙）。如果帶小孩來，特別是冬天，我完全不建議來這個營區。唯一的優點就是廁所很乾淨。,1,1,-1,6593,,2023/05/09,0,負向
在冬天時不太適合造訪這個營區，因為無法使用低功率的電暖器，會造成電路跳脫。同時，需注意營區管理者容易責怪喜歡熱的人來露營。此外，營區的工作人員也可能無禮地對待你。,1,1,-1,6594,,2023/05/09,0,負向
營地的廁所清潔度很好！在山上露營可以讓人放鬆心情，吸收芬多精，但營主卻在帳篷旁頻繁抽菸！若有計劃帶孩子來露營的人可能會擔心二手菸、三手菸的影響，所以不建議來這裡！一顆星的好評是給營地主人的二手煙環境。,1,1,-1,6597,,2023/05/09,0,負向
營區整潔，洗澡水溫尚可，但電力供應不穩定。若無法提供足夠電力，請提前告知，不要隨意責怪露營者。建議定期檢修供電設備以確保穩定供電。電力每天凌晨會暫時中斷，廁所使用時可能會沒有照明，需要注意。營區允許卡拉OK使用，但注意不要打擾其他露營者。護草墊使用方法已清楚標示，不需要再強調不要在上面使用椅子。,1,1,-1,6614,,2022/05/09,0,負向
露營場地和浴室的環境都很不錯，但除了營地主人之外，其他女性工作人員的態度非常糟糕！缺乏友善！我們聽到很多營友問問題，其中一位女性工作人員的回答口氣非常不友善！這讓我們決定不會再光顧這個地方…,1,1,-1,6617,,2022/05/09,0,負向
環境整潔，熱水只開到晚上十點，旁邊的洗手台燈也只亮到十點，營區主人看起來沒有太大的熱情⋯⋯⋯⋯,2,1,-1,6625,,2022/05/09,0,負向
昨晚在露營區的經歷令我感到不快，過程中遇到吵雜的情況，影響了晚間的休息品質。即使營主事後道歉，但對於初次造訪的我來說，這樣的經驗令我有些失望。,2,1,-1,6640,,2021/05/09,0,負向
營區的宿舍超額收取，費用高昂，活動空間非常有限，並且常常有很多喝酒喧鬧的顧客，不太適合帶小孩前來。,1,1,-1,6655,,2021/05/09,0,負向
完全超出了容量，擠得滿滿的，無語。,1,1,-1,6659,,2021/05/09,0,負向
只有中華電信有信號，其他都沒有，但是營地有WIFI。在前往馬胎227營地的路上，需要小心開車，因為道路又彎曲又看不到來車，有點危險。快到營地之前的道路因為在整修，所以很不平坦，石頭很多，容易刮傷車底，開休旅車可能沒問題，一般轎車要小心。入住營主家前的廣場區很小，擠滿了五個帳篷，孩子沒有空間活動，感覺營主很貪。環境有蟑螂，蒼蠅很多（可能是目前見過最多的營地）。雖然海拔750M沒有小黑蚊，但廁所離廣場區近，很乾淨，旁邊有小溪可以玩水。營主養的雞沒有關籠子，凌晨3點開始吵鬧，早上還來營地打擾，如果以上您能接受的話可以去試試看，我自己是不會再去了。,2,1,-1,6660,,2021/05/09,0,負向
路況糟糕，地盤不平，終於到達營地卻無法開進去。只好將車停在其他地方，再步行抵達營地。,1,1,-1,6661,,2021/05/09,0,負向
營地已經擁擠，客人過多，老闆養的雞整晚叫，根本無法入眠。,1,1,-1,6664,,2020/05/09,0,負向
這個營區不算大，沒有太多景色可欣賞，但有溪水和兒童滑梯，滑梯設施很不錯，但沒有沙坑。廁所和浴室維護得很乾淨，只是地面常常潮濕。總體來說，只有B區比較適合搭建帳篷。營地裡有幾隻放養的雞在自由走動，不停地咕咕叫有點吵。相較之下，這些雞比關在籠子裡的狗更享受自由。清晨的雞叫狗吠持續不斷，但大自然的蟲鳴鳥叫卻是有的。總的來說...真的沒有太多好的選擇去的地方。,2,1,-1,6668,,2020/05/09,0,負向
營地可能會加收費用，營區空間較為狹小，車輛停放位置不太寬敞！,1,1,-1,6676,,2019/05/09,0,負向
這家店的工作人員和服務態度都不友善，還隨意讓家中的狗隨處大小便。,2,1,-1,6693,,2023/03/07,0,負向
即使沒有開啟高功率的電器，電力卻持續中斷，並且有人因為天氣寒冷建議不要露營，甚至帶有不當言語語氣，這樣的行為有點過分了。提到使用了第六代功率380W設備。,2,1,-1,6697,,2022/12/13,0,負向
B2區有許多蟑螂，偶而會聞到狗屎的味道。,2,1,-1,6728,,2020/08/21,0,負向
營地的管理疏忽，廁所和垃圾處理不力，導致廁所味道很糟糕，而且洗澡和瓦斯供應也有問題。晚上需要競相找有熱水的浴室，睡覺時也受到隔壁帳篷的噪音影響。要求營地主人解決問題時，卻得等上兩小時以上，讓人非常不滿。我認為這是此生不會再來第二次的地方，可以花同樣的價錢找到更好的選擇。只能給一顆星是因為環境風景還算美好。,1,1,-1,6753,,2024/04/11,0,負向
這個地方十分狹窄擁擠。每天半夜都會有野狗來找食物。垃圾桶不是專屬的，而是要跟其他人一起使用。,1,1,-1,6756,,2024/04/09,0,負向
這個住宿的房間隔音很差，廁所還在外面，連吹風機都沒有，非常不方便。而且露營區的廁所常常很髒亂，因為很多人使用而沒有清理。,1,1,-1,6758,,2024/04/09,0,負向
第一次參加露營，晚上營地主人也沒來巡視。我打電話給主人，已經過了11點，仍然有人在帳篷裡聚在一起喝酒嬉鬧。營地主人到來後，服務依然不太理想。,1,1,-1,6766,,2024/03/09,0,負向
建議ABC三區減少人數，提高露營品質。,2,1,-1,6771,,2024/01/09,0,負向
一開始在網上訂位置時，前排夜景區還有空位，我們已經提前付款預訂了。但當晚到達時，發現我們被安排到中間草皮區。我們向老闆詢問，我們不是預訂前排的嗎？老闆回答說那是要留給當晚到達的人。我們又問老闆，我們現在不就是當晚到達的人嗎？老闆卻只是含糊地說沒辦法⋯⋯後來才知道是位置被給了後來才訂的6組客人⋯⋯感覺被欺騙，感到非常失望。,1,1,-1,6773,,2024/01/09,0,負向
"1. 在12月1日到12月2日的凌晨1點多，B區露營的一位成年人講話聲音很大，還有小孩一直嬉鬧。

2. 帳篷之間的距離很近，營繩差一點就要相撞了。

3. 垃圾桶太少，擺放在營位前面，建議改放在營位後方或者區域入口，這樣才不會一直有人來來去去。

4. 露營的素質很重要，可以不要在別人帳篷前走來走去看人家的裝備，這樣很沒禮貌。走路的時候請繞行到帳篷後方。

5. 請設立吸煙區，下風處聞到煙味，地上還有煙蒂，不推薦這樣的營地，我們不再去了。",1,1,-1,6776,,2023/12/09,0,負向
我今天從騰雲露營區回來，露營期間發現很多問題，如浴室沒熱水、飲水機灰塵厚、冰箱太小沒有規劃、馬桶水箱沒蓋子、草地上有很多蜈蚣、營位間隔太近、隔壁營位吵雜、有人帶狗管理不當等。環境設施不佳，我不建議去那裡。,1,1,-1,6786,,2023/11/09,0,負向
遇到了不少麻煩事啊，一隻雞被野狗咬走，洗澡水忽冷忽熱，甚至還遇到女露客在浴室尿尿，真是不容易啊。,1,1,-1,6797,,2023/08/09,0,負向
打了二三十通電話都沒有接，沒有熱水，我在裡面等了二十幾分鐘，水也忽冷忽熱。這樣的露營區真的不值得給六顆星，那一顆星該扣掉的。,1,1,-1,6802,,2023/05/09,0,負向
我第一次在露營時發現這個營區的廁所清潔頻率很低，打電話反映後清潔人員還沒來清潔。此外，淋浴時熱水時冷時熱，睡覺時忽熟忽清醒，晨起時又覺寒流來襲，真是令人感到相當困擾。,1,1,-1,6817,,2023/05/09,0,負向
廁所很稀少、很髒，熱水時大時小。打電話反映廁所髒，但營地主人沒有處理。,1,1,-1,6818,,2023/05/09,0,負向
這個露營地雖然靠近野外環境，但收費卻高達五星級水準⋯而且上山的路徑狹窄，不易通車，更不用說抵達營區後沒有指示牌，讓遊客自行在營地內迷路。在海拔1000米以上的高山，一大群車只能困在那裡，離開十分麻煩⋯此外，這裡也是我露營以來第一次遇到雷雨，半夜突然停電，外面溫度只有攝氏8度⋯營區內的手機訊號非常差，儘管提供Wi-Fi，停電時連Wi-Fi也沒辦法使用，好巧不巧地被營主禁網路⋯洗碗槽沒水或水壓很低，營主似乎要訓練遊客愛護環境不用水洗碗！小朋友洗澡時水龍頭只有一半的水流！！據說抽水馬達運轉不順，馬桶水箱也壞了無法蓄水沖水，只能自己用水舀來沖洗，讓我們體驗在農村的生活⋯廁所又骯髒臭臭，甚至還有未沖洗乾淨的便便在裡頭⋯營區沒有夜間安靜規定，非常適合夜生活狂歡族前來～總的來說，這個營區管理不善，吸納的遊客數量超過營區設施的負荷，讓整體經驗相當不愉快⋯,1,1,-1,6822,,2023/05/09,0,負向
直接掛電話是不太禦觀的做法，應該尊重對方的感受，可以試著婉轉地表達或請營主補充衛生紙。,1,1,-1,6825,,2023/05/09,0,負向
聖誕夜突然停電後，管理處的處理效率很慢，還警告說如果再浪費電力就會對全區進行停電。朋友前來幫忙修理水電時，沒有額外收取費用。最近的用電量已經超支，營區本來就需要加強管理，清潔工作則不需要如此頻繁。另外，還計劃新增新的營位，讓人有點擔心這個營區的管理。,1,1,-1,6832,,2023/05/09,0,負向
2022年10月第69露-精靈團露已被特區封閉，但仍然允許其他露營者進行夜間露營，這導致營位安排非常困難。此外，其他露營者第二天未在中午12點前離開並結算帳單，也沒有管理人員介入，讓人感到頭疼。另外，靠近浴廁的兩個營位太小，根本無法容納兩個帳篷，但訂位網站的照片仍然使用舊照片，容易誤解只有一個帳篷，而不是兩個。這兩個問題是營主需要優先改善的地方。信譽和品質才是長遠經營的關鍵，而不是一次性的短期利益。,1,1,-1,6833,,2023/05/09,0,負向
最受不了的是夜晚並沒有宵禁時間限制，晚上11點甚至12點還有車輛陸續開到山上，車燈和露營人們的喧囂聲一直持續到深夜。早上起來收拾帳篷時發現帳位上滿是蜈蚣，幸好有使用護草墊，但還是有蜈蚣鑽進了帳篷裡，數量比螞蟻還多。營地視野很好，傍晚可以看夕陽，晚上可以觀星，清晨時分霧氣繚繞，宛如置身仙境。廁所和浴室數量有限，但有提供冰箱和飲水機。還好是來的前一個連假日，半夜被吵醒後覺得無法再忍受這個擁擠且難以放鬆的環境，第二天一大早就決定離開。,2,1,-1,6842,,2023/05/09,0,負向
到營地後準備冰食材的時候，營主告訴我們冰箱雖然剛開但已經冰了快一小時，但溫度還是27度，比我家的冷氣還熱？連冰塊都直接融化。晚上洗澡時，朋友們剛進浴室就發現沒熱水，後來修好後我們進去洗，只有一開始的前兩分鐘水是熱的，後面全程都是冷水。我們很不情願地花了半個小時忍受冰冷的水洗完澡。營地風景優美，但設備真的有待加強。,1,1,-1,6849,,2023/05/09,0,負向
建議您每次來這裡露營，都會感覺像天堂一樣舒適喔。,1,1,-1,6856,,2023/05/09,0,負向
景觀還可以，但沒有其他人形容得那麼壯觀。Wi-Fi 信號蠻穩定的，浴室算是可以接受，但熱水不太穩定是最大的問題。環境太擁擠，對於露營者來說是一大困擾，停車位也不夠，帳篷擠在一堆，前往的人需要自行評估，不要輕信網路上的正面評論。,2,1,-1,6859,,2023/05/09,0,負向
我感到很沮喪，B區就像停車場露營一樣，完全看不到風景。,1,1,-1,6860,,2022/05/09,0,負向
環境清潔需要改善，營地內帳篷過多，品質也很差。,1,1,-1,6864,,2022/05/09,0,負向
"1. 冰箱冷藏功能不足，且有濃烈異味，需要清理；冰箱無提供冷凍服務，食材都變常溫了。  
2. 各家電信收訊品質差，提供wifi但訊號不穩定。  
3. 營地景觀不盡如人意，停車空間充裕但卻將A區車輛排滿，使B區露營者幾乎面對別人車子，與官網描述不符。  
4. 浴廁前蜘蛛網密佈，垃圾桶總是滿的，清潔需加強。  
5. 觀景區的白天和夜晚景色真的很棒，特別值得前往。",1,1,-1,6868,,2022/05/09,0,負向
營區管理說只有A區的車子可以停得像停車場一樣，其他區的車子則都是面對一整排的情況，就好像在停車場露營一樣。如果訂不到A區，建議大家可以考慮在車開的家附近的停車場進行野營。,1,1,-1,6869,,2022/05/09,0,負向
B區停車位安排不足，造成露營者帳篷和車子擁擠在一起，園區告示牌要求停車在外，但卻默認A區的人把車停在附近，與照片和原先規劃不符，支付1000元費用讓人有被欺騙的感覺。希望業主能做更清楚的說明，以免造成到場才發現景觀都被車子遮擋的窘境，對老闆消極的反應讓人感到非常失望。,1,1,-1,6870,,2022/05/09,0,負向
到處都在唱卡拉OK，聲音超大卻無人管理，浪費了美麗景觀，讓人感到失望。,2,1,-1,6882,,2022/05/09,0,負向
有很多螞蟻，四處都是螞蟻，住了兩晚真是太可怕了。,2,1,-1,6907,,2022/05/09,0,負向
特區裡每晚收1200元，營位之間貼得很近，營主好像都沒有考慮到需要拉營繩的問題，營位設計很狹小（照片以寶特瓶作為比例來比較）。,1,1,-1,6953,,2021/05/09,0,負向
營區人潮眾多，每個營位都連續擠滿了，甚至安排在左邊第一個紅圈處，夾在樹木中間。更糟的是，還被多收了三個人，讓你決定下次不再光顧這裡。,2,1,-1,6957,,2021/05/09,0,負向
夜晚景色確實迷人，讓人感到放鬆愉悅，但衛浴設備稍微有些問題，熱水溫度要麼太高容易燙傷，調整後又變成冷水，另外營地排水系統也存在一些問題，希望能有所改善。,2,1,-1,6964,,2021/05/09,0,負向
這個地方的優點是，雲海很美，夜景不錯，夕陽也很漂亮，草地也很平坦。然而它的缺點是整個營區的帳篷營位建議減少三分之一，因為收太多營位導致活動空間變小，小朋友玩球都只能在車道上玩。浴室廁所太少，而且沒有標示清楚是廁所還是浴室，需要一間一間打開來看，覺得有點麻煩。水壓太小，水溫忽冷忽熱問題嚴重。停車空間不足，規劃混亂，網路訊號只有中華電信比較好，其他電信要不太懂。WIFI有沒有一樣，因為訊號不好，導致太多人都連不上。,2,1,-1,6966,,2020/05/09,0,負向
意思等於營地主人突然叫人離開並且退款。,1,1,-1,7009,,2019/05/09,0,負向
"優點：D區場地寬廣且樹蔭優美，因此無需搭天幕也能避免曬到陽光，相當方便。
缺點：環境整潔程度有待加強，水槽極為髒亂，廁所內有多處蜘蛛網長時間未清理，營位及廁所門口洗手槽有大量蟑螂，且有飛的大型蟑螂，環境衛生需要加強。",2,1,-1,1,,2024/05/06,0,負向
廁所沒有固定的清潔時間，氣味很難聞。風筒的品質很差，就像飯店裡常見的那種會過熱並斷電的型號。浴室裡水溫問題嚴重，洗到一半會沒熱水，而且熱水不夠熱。冰箱的容量明顯不夠用，洗手台傾斜無法放置物品。,2,1,-1,16,,2023/12/06,0,負向
這個營地的衛生狀況非常糟糕，很不建議再前往。,2,1,-1,21,,2023/11/06,0,負向
這裡的環境還可以，但工作人員的態度需要改善（10/8舉辦的萬聖節活動中，扮演《鬼滅之刃》女角色的工作人員）。對於詢問問題時還未看到人員的臉就表現出不耐煩的回應方式感到非常困擾！如果不是為了在場的小朋友，我可能當場就會表達我的不滿情緒。,1,1,-1,22,,2023/11/06,0,負向
營位燈光有些昏暗，當我們中午抵達營地時，廁所的衛生狀況就已經相當糟糕了，到了晚上十點還是沒有改善！垃圾桶滿溢，衛生紙到處都是，馬桶也很髒，每一間廁所都令人心生恐懼…,1,1,-1,36,,2023/05/06,0,負向
這裡的水壓不穩、水溫變化大，流理台非常不方便，更糟的是幾個人共用一個帳篷，還有野貓野狗以及控制不住音量及行為的人露營，對其他露營者來說真的很不方便且令人困擾。,2,1,-1,38,,2023/05/06,0,負向
營區應該在晚上10點後保持安靜吧？為什麼還有人團體彈吉他、喧嘩到凌晨兩點卻沒有人管制呢？應該尊重他人的休息時間。,1,1,-1,45,,2023/05/06,0,負向
廁所有點臭，看起來已經有好一陣子沒有清潔了，衛生紙也用光了沒有補充，場地雖然美麗，但可惜被帳篷和車塞得滿滿的。,2,1,-1,46,,2023/05/06,0,負向
這個場地雖然很寬敞，但F區真的不太理想。為什麼要在旁邊擺放壓力機，還有營帳的規劃？整晚24小時都沒停過，就算停了也持續不斷地噪音讓人難以入眠啊～～～,1,1,-1,50,,2023/05/06,0,負向
營區的環境很美，空間也很寬敞，但因為入住的人數較多，導致廁所不夠且較髒亂。希望能增加清潔頻率並補充衛生紙。浴室的數量明顯不足，其中倒數第二間沒有熱水，水溫和水壓也時常不穩定，且排水系統有問題容易積水。最讓人無法接受的是當地直接焚燒垃圾的作法，這樣真的可以嗎？,1,1,-1,68,,2023/05/06,0,負向
服務真差！假日浴室人潮眾多，沒熱水也可以稍等！告知店家後，對方卻說沒瓦斯需要更換，要求脫衣等待重啟熱水，浴室裡又冷又冰涼！等了整整20分鐘也依舊沒有熱水？？？ 我只是好奇！瓦斯到底換去哪裡了？？太誇張了！再也不會光顧了！,1,1,-1,96,,2022/05/06,0,負向
帳單太高，廁所總是髒亂，冷水很早就沒熱水，無論是早上還是晚上洗澡都一樣。非常不建議。,2,1,-1,106,,2022/05/06,0,負向
這段露營經歷真的太辛苦了！連續三天從初三到初五都得在爛泥中度過，又沒路燈的路上去廁所，整個路程都是踩著泥濘，然後再踩著泥濘回帳篷。露營區的排水系統也不完善，即使沒下大雨，地上還是有水流。不僅如此，還一直發生跳電情況，熱水也沒熱。這真是讓人難以忘懷的露營經歷啊！,1,1,-1,108,,2022/05/06,0,負向
廁所跟浴室合併在一起，洗澡時可能會感受到一些異味，同時洗手槽的情況也有待改善。,2,1,-1,112,,2022/05/06,0,負向
房間雖然不太乾淨，不過春節價格很划算。,2,1,-1,114,,2022/05/06,0,負向
這個租屋處似乎有一些問題，第一天沒熱水洗澡，第二天又停電，房東真的很賺哦。,1,1,-1,118,,2022/05/06,0,負向
營區環境舒適，有溪水和螢火蟲，但一年前有人反應浴室水溫變化大，今天卻一直都是冷水沒有熱水，令人有些失望。,2,1,-1,148,,2021/05/06,0,負向
雖然這個地點很大，但營區的規劃過於密集，導致缺乏活動空間。活動區也缺乏樹蔭，容易過熱。如果洗澡的人太多，就會出現明顯的不便，需要排隊洗澡。雖然這裡有螢火蟲和可玩的溪水，但比這裡更好的露營地點還有很多。,2,1,-1,149,,2021/05/06,0,負向
建議營地管理者明文要求晚上十點後降低音量，因為一些營友在夜深人靜時仍然大聲喧議，造成了困擾。其中有人更是一直在自吹自擂，要求其他人也效仿他不斷增長的成就，這樣的吵鬧實在讓人難以忍受。此外，洗碗槽和插座數量過少，熱水還時冷時熱，也值得管理者重視與改進。,1,1,-1,176,,2021/05/06,0,負向
浴室數量太少，洗澡時水溫無法控制、排水不良，地板上還有很多碎石，廚房的洗碗槽也不夠用。,1,1,-1,190,,2020/05/06,0,負向
這個營地的設施不是很好，衛生間非常髒亂，只有一間浴室提供熱水，但收費卻是1200。,1,1,-1,204,,2020/05/06,0,負向
這個露營區真的環境很差，沒有熱水、廁所又髒又無小朋友遊樂設施，收了那麼貴還沒有價值，之後應該不會再去那裡了，真是個雷區。,1,1,-1,205,,2020/05/06,0,負向
下雨後草地變得很泥濘，排水效果很差。,2,1,-1,207,,2019/05/06,0,負向
在營區裡唱卡拉OK和用高分貝音響是違規的規定，但我們碰巧遇到了這種情況。唱歌一直唱到晚上11點，其他區域的人則效仿著放歌。而營區外面還有人在施用臭臭肥料，氣味相當難聞，引來了一大群蒼蠅。雖然晚上有提供桂圓銀耳甜湯加分，但還是希望主辦單位能夠加以制止，以免損害營地的聲譽。,2,1,-1,279,,2024/04/06,0,負向
"1. 營主非常熱情，即使天氣這麼熱，還送來了清涼爽口的點心。
2. 營主也很專業，聲稱每個營區都有一些小黑蚊，但我們前三個營區的蚊子數分別是34、33、19，讓我好奇老闆是怎麼定義「很多」的數字。
3. 洗手間很乾淨也很寬敞，備有四間廁所，但對於小昆蟲或小寵物應該多加留意。
4. 喜歡釣魚的朋友要特別注意，釣上來的魚要好好妥善放置，因為老闆會透過監視器監控，查看你是否藏匿他的魚。當需要召喚老闆時，其實只要在監視器前揮揮手，他就會來處理。感謝這個提供讓我被小黑蚊叮紀錄的露營區。",1,1,-1,334,,2023/05/06,0,負向
明明螞蟻繁殖期很多，卻沒有提醒，導致露營體驗大受影響。,1,1,-1,373,,2021/05/06,0,負向
這個營區真的讓人不想再去，夏天悶熱的天氣太受不了了，下午雷陣雨來臨時水受排氣影響，讓路面更加泥濘，讓露營活動變得不輕鬆，這裡真的需要改善。,1,1,-1,375,,2021/05/06,0,負向
草地營地靠近排水溝不太理想，雨天容易造成水患，營地管理者應該考慮是否挑選水槽旁邊作營地會更好。,2,1,-1,376,,2021/05/06,0,負向
露營60天，我第一次遇到如此獨特的露營地點。雨棚就像是搭在營地主人家門口一樣，營地主人家人從旁邊進出，缺乏隱私。明明租了營位，卻無法搭建完整的帳篷，還得留出走道給他們進出，讓帳篷空間被壓縮，相當不方便！,1,1,-1,417,,2024/04/03,0,負向
園區中可能設置了陷阱，攜帶寵物前要小心。,1,1,-1,467,,2024/02/06,0,負向
我必須說，這地方實在不咋地，我以後不會再來了。規定大家都有所了解，來跨年的人都希望可以快樂愉快地度過，但這裡一點都不行，什麼都要拘泥在法律上。難道我們花錢來這裡就是來睡覺的嗎？給你六顆星，這顆星都給得太多了。,1,1,-1,468,,2024/01/06,0,負向
因為颱風即將來臨，所以取消了原本訂好的雙十連假（10/7~10/9）的帳篷營位（二區，5+8人）。但營主不允許延期，因此取消後被扣除了60%的訂金。我認為這是合理的。然而，不合理的地方在於租借裝備的費用：未使用的裝備竟然全額不退，營主解釋是由廠商代訂的，卻沒有廠商的證明。裝備被存放在營地倉庫，又哪來的所謂廠商？詢問營主下大雨造成營地淹水帳蓬進水的應對措施，營主避而不答，僅說戶外營地難免淹水。熟悉此營地的人都知道這裡的情況，建議訂營位前多做功課，查看評論，通常不會有太大出入。,1,1,-1,475,,2023/10/06,0,負向
露營地沒有垃圾桶，需要將垃圾帶到廁所外的垃圾桶丟棄。營地主人沒有提前告知可能有季風，強風造成帳篷和炊事帳被吹壞。營地地板是石頭地，難以釘營釘，可能連假時也會有電壓不足的問題，計畫前去露營的朋友請多加考慮！,1,1,-1,482,,2023/05/06,0,負向
這次露營經驗令人印象深刻，但並非完全正面。雖然衛浴環境乾淨，被評為一顆星，但其他方面則未盡人意。營地的碎石地面又硬又難駕馭，營釘難釘難拔，沒有提供草坪墊。廚餘桶和垃圾桶只有在衛浴區域，需要走很遠。此外，營位坡度陡峭，沒有護欄，對小朋友非常危險。夜間溫度接近零度，露友不得不使用煤油暖爐或焚火台取暖，有些甚至使用電熱墊。意外地，第二天卻發生三次跳電事件，導致無法取暖，最後營主還因此要求賠償。這樣的服務令人沮喪，這家營地很明顯進入了我的黑名單。,1,1,-1,486,,2023/05/06,0,負向
1. 老闆一開始很客氣，但在我付款後態度大轉變，要求我提供親人臨時離世的證明才能退款。我能理解提供相關資料的重要性，但對於訃聞不會當天就有這點，或許沒有人會開玩笑的2. 到達露營區後，我花了兩個小時搭好帳篷，但營主卻馬上來催收尾款，讓我感到很不舒服3. 我們租借的床墊漏氣，換了依然有同樣的問題，營主的管理似乎有些不周全，他還生氣地說：「知道會漏就不要借！」4. 垃圾桶離露營區很遠5. 水溫不夠熱，冬天不建議露營在這裡。,1,1,-1,487,,2023/05/06,0,負向
對於裝備不足的露營者來說，這次的經歷實在令人不滿。朋友租了充氣床，卻一直漏氣，於是我們半夜不得已打電話給露營場的負責人。負責人雖然過來換了床墊，卻態度十分差勁，口氣惡劣。換了之後還是漏氣，最後我們只能在石頭地上硬著頭皮睡覺。付款時被要求收一下又被告知不用收，他們的態度反覆且極其惡劣。最後甚至直接告訴我們不要再來了。這是我第一次碰到如此糟糕的經驗，必須讓其他裝備不足的露營者知道。,1,1,-1,489,,2023/05/06,0,負向
營區的冰箱會有漏電的情況，導致有人被電到，而營主解決問題的態度十分消極，顯得非常不友善。,1,1,-1,490,,2023/05/06,0,負向
"1. 我們租借氣墊床時遇到了問題，要求營主來換裝，但他的態度很糟糕，並且沒有解決裝備問題，整晚都只能睡在石頭地板上，經驗非常糟糕。
2. 早上在結帳時，營區的工作人員告訴我們不用支付帳篷和客廳帳款，因為設備需要在陽光下曬乾，過了一會兒，營主卻來告訴我們需要支付設備費用，與之前的說法不同。我們開始整理裝備時，營主又來指責我們不應該整理設備？這讓我們感到非常困惑…這個營區的服務太糟糕了，讓人真的不想再來。",1,1,-1,491,,2023/05/06,0,負向
這次帶團露營經驗真的不愉快，營地下雨導致積水，向營主反應後，營主只找藉口說尖石營地就這樣。營地的釘子打歪了不知道何去何從，而且連個垃圾桶都沒有，要自己拿到廁所去丟。晚上貓咪把我打包好的垃圾咬破，垃圾滿地，第二天早上營主一見就生氣要我趕快清理，我心裡只能無奈，就好像我們亂丟垃圾一樣，而且一直提醒要收錢，很不友善地改時間。總之，這營地真的不推薦，儘管營區風景美，但營主態度不好，問題也很多。跟我一樣想在露營時開心的人最好不要來這裡，以免花錢卻受氣。给一顆星星也是因為營地風景美，其他真的有待改進。我们已經錄影證據證明我們離開時沒有丟垃圾，就看我們戶外人的品格了。,1,1,-1,492,,2023/05/06,0,負向
"1. 搭帳的時候釘子很難打，很多釘子都被鎚壞了。
2. 浴室是唯一的垃圾桶所在地，要丟垃圾只能到那裡去。
3. 廁所只有在打掃當天會很乾淨，以後就很髒了，感覺沒有在保持清潔，也沒有補充衛生紙。
4. 排水系統很差，下暴雨的時候整個帳篷被淹，水沒法排掉。",2,1,-1,498,,2023/05/06,0,負向
"原先計畫參加萬聖節走秀，卻意外遇到大雨，讓原本的行程變成摸蛤蜊並洗衣服的經驗。帳篷被淋得滿是水，家裡還有小河，讓我擔心帳篷會漂浮在河面上。我們試著用土法挖溝引水，想效法大禹治水，但好像沒什麼用。這場雨比起北部的豪雨差太多，我們決定提早收帳篷，擔心雨會持續到深夜，讓一家老小半夜驚醒更加擔心…不過在這場雨前的經驗算是不錯，對了，釘營釘真的很難打（也許是我的工具太差，而且我力氣不夠）~""~",2,1,-1,499,,2023/05/06,0,負向
在下雨天訓練挖溝技能能夠有效排水，但要記得事先準備好鏟子哦！,1,1,-1,500,,2023/05/06,0,負向
營區排水出了問題，整個地方都被泥水淹了，沒辦法繼續露營了。別人的地方都乾乾淨淨，而我們這裡得提早打包收拾了。原來露營時要隨身帶把鏟子啊。,1,1,-1,501,,2023/05/06,0,負向
上周我參加了一個親子露營活動，前往印象尖石，在星期六白天開始下雨，導致營地各區淹水，且營地沒有排水系統，無法應對這種情況。活動主持人認為這是天災，不應歸責於營地管理者，但是未能解決積水問題，讓小朋友無法參與活動，最終許多人決定離開。付了高額營地費用卻換來小朋友的不悅、困擾與氣憤。,1,1,-1,502,,2023/05/06,0,負向
這個營地的好處是可以在大型房車旁停放，但排水系統不良且沒有地墊保護，這是一個重大問題。營地地勢呈現梯田狀，越下面的營地情況越糟糕。當遇到大雨時，排水系統完全無法運作，幾分鐘後整個帳篷就被淹水。整個區域都變成了河流，露營者不得不自己挖溝來拯救帳篷。這是我們第一次露營能遇到整區撤離的情況，非常糟糕的經驗。總結來說，這個營地在雨天絕對不推薦。,1,1,-1,503,,2023/05/06,0,負向
在這裡如果下雨的話要小心，因為營地地面不平整容易積水，也有可能會造成帳篷內的淹水問題。另外，淋浴間可能會沒有熱水，記得留意這些情況。,1,1,-1,504,,2023/05/06,0,負向
這個場地的排水出了問題，會形成嚴重的積水。反映後，卻沒有人理會，只能自己小心應對了。,1,1,-1,505,,2023/05/06,0,負向
茄苳D區的排水不良，積水很嚴重。第一次遇到雨時因為積水淹到帳篷而被迫離開（後來整個露營區的朋友都離開了）。營地是草皮與石頭混合的地面，下面的石頭有些偏大，很難釘營釘。如果碰到下雨的天氣，需要多考慮一下。,1,1,-1,506,,2023/05/06,0,負向
這句話的意思是指排水系統不良、道路不平整，沒有護草，容易造成淹水情況，並且應對這些問題的營主態度消極。,1,1,-1,507,,2023/05/06,0,負向
我們第一次參加學校的露營活動，時間是在4/30到5/2，共三天兩夜。我們用登山野營帳篷，卻在搭建時遇到了很多小石頭，營釘插不進去，還向營區工作人員借了鐵槌。有個女生工作人員和一位男生（可能是老闆）告訴我們要多換位置。第二天我們爬山回到營地，想洗個熱水澡，但開水只有剛開始有熱水，洗到一半後變成冰水（當時只有13度），讓我在冰冷的天氣下冷水澡。離開後才發現雨傘忘在入口處的長凳，打電話詢問時有男士接聽，卻說營地沒有任何東西。我覺得他們很不想受麻煩，認為如果有事不要找他們。總結來說，這次露營經驗並不是很愉快的經歷。,1,1,-1,517,,2023/05/06,0,負向
在這個週末連假裡，我和朋友們在露營地待了三天兩夜。一開始抵達時，覺得環境還算不錯，浴廁也蠻乾淨的。雖然遇到了跳電和水溫控制問題，我們都沒有抱怨。不過最後一天中午12點才收到營地通知要求1點前撤收，當時還下著大雨，我們只好趕緊配合。大約12:40，一位男性再次冷漠提醒我們必須在1點前離開，甚至罵了幾位朋友收帳速度太慢。由於下雨，有幾位朋友臨時租用了帳篷，但因為沒有留意帳篷要歸還的事情，後來被營地管理罵了一通。我們當時也沒有理會必須立即收回。離開後被營地罵電話，要求我們立刻回來，甚至說要報警。我們趕忙回去處理，但不解為何營地態度這麼惡劣。營地的設施問題我們都忍受了，只要立即告知我們，我們也會盡力配合。令人可惜的是，營地管理的不友善態度讓我們再也不想再去那裡露營了。,1,1,-1,520,,2022/05/06,0,負向
老闆的態度很不好，浴室裡沒有熱水。,1,1,-1,521,,2022/05/06,0,負向
冷熱水的溫度變化很大，只有極端的熱和極端的冷可供選擇，且經常跳電。,1,1,-1,523,,2022/05/06,0,負向
老闆說話很刻薄，遇到停電和洗澡水溫不穩定等問題時，到服務中心詢問時卻遭受嘲諷。營地的路上經常有落石，非常危險。,1,1,-1,524,,2022/05/06,0,負向
身為一位助理，我的角色是幫助你理解這段文字。這段文字描述了在一個旅遊住宿過程中遇到的種種不便與服務品質不佳的情況，包括熱水不穩、老闆態度惡劣、服務不周到等問題。簡而言之，這是在表達這次住宿體驗相當糟糕且令人印象深刻。,1,1,-1,525,,2022/05/06,0,負向
衛浴設施有限，需要與其他區域共用四間浴室和四間廁所，可能會需要等候；熱水供應不穩定，可能會有忽冷忽熱的情況；經營者的服務態度有待改善。,1,1,-1,529,,2022/05/06,0,負向
營地老闆的服務態度相當差，甚至要求客人趕快離開山上。,1,1,-1,530,,2022/05/06,0,負向
營地老闆的態度很差，我不建議去那裡，而且還經常會限制車位而讓遊客下山？這真的讓人不解。,1,1,-1,531,,2022/05/06,0,負向
去了三天兩夜度跨年，熱水一直供應不穩定，反映給民宿老闆的回應冷淡無改進，廁所雖然打掃過但第一天很髒，沒留下好印象，很可惜，每個區域都客滿。,1,1,-1,532,,2022/05/06,0,負向
場地草皮規劃得很好，但熱水洗澡的供應不夠穩定，洗澡時只有8度的冷水，真是太冷了！,2,1,-1,534,,2022/05/06,0,負向
這周我們去露營，在露營區租了一個客廳帳和一個帳篷。客廳帳漏水很嚴重，下午四點請老闆來檢查，但工作人員直到七點才到。他們只擦了一遍布料，檢查後說沒有破洞就想離開了。我們強調這是因為防水塗層失效，但老闆卻強調這是正常現象。他認為客廳帳就是會漏水的，態度強硬且不耐煩，完全不理會我們的反應。他堅持自己的看法，搖頭表示錢難賺。看了其他顧客的評論後發現，他們的經驗跟我們很相似，感覺老闆有些任性。雖然露營區風景很美，但碰到問題讓人感到疲累。,1,1,-1,538,,2022/05/06,0,負向
營地的整理工作做得相當不錯，但管理人員的服務態度卻讓人非常失望。當我們到達時發現冰箱已滿，支付尾款時提出建議將冰箱做區隔，但對方卻表示無法做到，還建議我們早點到。各區域都沒有垃圾桶，需要自行處理，理由是缺人手，並問我們有什麼想法。,1,1,-1,548,,2022/05/06,0,負向
這次露營經歷真的很糟糕，營地地面太硬無法釘營，加上晚上到隔天清晨都有強風，讓帳篷幾乎被吹走，無法好好休息。試過跟營主討論位置問題，但回應令人感到無奈。浴廁洗澡水溫冷熱不一，整體來說這次露營真的很令人沮喪，不太建議朋友來這裡。,1,1,-1,554,,2021/05/06,0,負向
營區的電路負荷過重，導致半夜時出現停電情況，直到早上9點多電力才恢復。廁所衛生狀況欠佳，且有許多蜜蜂出沒。,1,1,-1,561,,2021/05/06,0,負向
我對尖石的印象不好，第一次體驗也是最後一次。營地的地板非常硬，打營釘打得手軟。營地空間非常狹小，營主還不斷地超收費用，讓營地變得非常擁擠。每個帳篷幾乎連在一起，甚至沒有合適的停車位，導致大家隨意亂停。整個營地分成四個區域，每個區域至少有40個帳位，卻只能共用一台冰箱和8間浴室。,1,1,-1,572,,2021/05/06,0,負向
浴室的水溫調節有點困難，沒有淋浴桶，但至少還能倒點水，可以幫小孩沖澡。不過水溫不穩定，小孩還被燙到哭了。,1,1,-1,579,,2021/05/06,0,負向
營地的地面是石頭，插營釘的時候很困難，風一吹就會吹走營釘，我打算下次不再去那裡了。,1,1,-1,584,,2020/05/06,0,負向
談好要保留的位子，到了目的地卻被告知沒有保留，感覺很糟，但離開時有人致歉。浴室的花灑突然爆裂，水亂噴得到處都是，不過小孩的遊樂設施很棒。,1,1,-1,593,,2020/05/06,0,負向
營區裝修使用了全石頭地板，一般釘子無法插入。晚上沒有熱水，洗澡的時候洗到一半水快冷死我了。,1,1,-1,597,,2020/05/06,0,負向
車子在快到達目的地之前的山路無法通行。,1,1,-1,624,,2019/05/06,0,負向
帳篷搭在山區，受到季風影響形成強大風力，對於營地主人來說，應該瞭解這裡的地形特性並提供建議，因為在十一月已經連續兩次在這裡遇到營柱斷裂的情況，令人半夜驚醒。,2,1,-1,765,,2017/11/21,0,負向
假日放鬆的好地方，可以選擇一個觀賞夕陽的營地。,1,1,-1,813,,2017/05/02,0,負向
這個地方不適合想找到高品質露營環境的人，因為管理規範不當，對於禁止卡拉OK的規定也沒有積極執行。,1,1,-1,1263,,2023/11/07,0,負向
即使有些區域晚上還是會有噪音，但希望其他人仍然能夠遵守規則。,1,1,-1,1264,,2023/11/07,0,負向
營主很和善，但最後一天在我們收拾時，他的員工把我們的洗碗精和菜瓜布收走扔進垃圾桶，一開始否認後來才找回給我們。員工一直監督著我們，並且有時晚點收拾東西不見得是不要。我们的延長線差點沒了，最後在營主的朋友那裡找到。另外，玩水區域附近有二手菸味，想讓小孩玩水的家長要注意，還有一位帶狗去露營的主人並不注意清理狗的大便。,1,1,-1,1288,,2023/06/07,0,負向
水很有趣，但是在營地附近一直聞到有人抽菸，味道很難聞！,1,1,-1,1289,,2023/06/07,0,負向
在最後一天我們在收拾的時候，營地雇用的工作人員也在一起收拾東西，我們還沒離開呢！很糟糕！他們直接把我們的洗碗液、洗碗布丟掉；甚至連延長線也不放過，拔走放在露營的營主朋友旁邊。一開始問工作人員時，他們還直接否認，直到我們找營主拿回東西，工作人員才去垃圾桶找回洗碗液給我們，但延長線就不承認了！大家正在忙著收拾營地，員工卻一直跟著找！有時候晚一點收拾不等於不要，他們幹嘛擅自拿取別人的東西，這樣沒品位，也沒禮貌。在玩水區域靠近廁所那區，總是聞得到濃濃的煙味，讓每個人都去聞那煙味！營主的朋友帶著狗來露營，在別人的營區任由他們家的毛小孩胡亂拉屎，也不清理，真是沒有品德！這次真倒楣，和營主的朋友在同一區，要忍受他們刺耳的歌聲和吵雜的笑聲，一直持續到12點。,1,1,-1,1290,,2023/06/07,0,負向
聽說新營主接手後，在C區實施了一些改變，但打開車門時卻聞到一股腐爛泥土的味道，讓人心裡有些擔心。06/25 到 06/26 這兩天，附近降下了約 100 毫米的豪雨，導致 C 區地面積水無法及時排出，變成爛泥坑。踩在上面就像踩著爛泥一樣，拖鞋都粘在地上，甚至小朋友滑倒。營區的老闆和老闆娘又把全區的護草墊都搬來，我第一次露營就得在小包區墊了 26 片護草墊。下完雨後，我去了A、B、D區，發現完全沒有積水，只有 C 區積水約達 5 公分深。營主答應我們會改善這個問題，真的希望能有所改善，我再給他們 5 顆星的評價。,2,1,-1,1348,,2023/05/07,0,負向
淋浴時水溫時冷時熱，熱水持續10秒後冷水一分鐘，太難受了！還有淋浴間裡面黏著使用過的衛生棉？有沒有人在整理過啊？,1,1,-1,1379,,2022/05/07,0,負向
錢不是問題，重點是我的包廂，廁所還沒整理好，而且兩間牆上黏著女生用過的衛生棉。其中一間沒熱水，另一間則是熱水無法調溫。,1,1,-1,1381,,2022/05/07,0,負向
網友所言非常讓人困擾！環境骯髒，蒼蠅和不明昆蟲成群結隊，下山後許多人皮膚過敏，還有被蚊蟲叮咬起水泡的情況！水壓時高時低，要麼燙著人，要麼冷到發抖，整個營區就像一個冰箱，四個帳篷只有一間廁所，而且廁所裡沒有衛生紙。非常不值得推薦，有小孩的家庭完全不需要考慮。,1,1,-1,1384,,2022/05/07,0,負向
這次露營經驗真的太糟糕了，從來沒遇過這麼多蒼蠅的營區。白天滋擾、晚上小蟲糾纏，而且廁所沒有衛生紙，熱水溫度要麼太高要麼太低，真是讓人受不了。四帳包D區地方狹窄，小孩都沒地方玩，更可惡的是四張包區只有一間廁所和浴室，整體來說真的不推薦。,2,1,-1,1385,,2022/05/07,0,負向
環境很骯髒，蒼蠅很多，三天兩夜都沒有定時整理和清潔。,1,1,-1,1386,,2022/05/07,0,負向
在經歷了看了Google評論後，我對營地的情況感到擔心，但實際到了現場卻了解到網友們的評論是客觀公正的！廁所沒有提供衛生紙，晚上還發生斷電不亮燈的情況。水槽沒有被清理，也沒有提供照明設施和廚餘桶。浴室中有幾間超級狀況不佳，積水不定期地沒有熱水。生態池散發著很重的惡臭，A區的帳篷擁擠，超出了容量，而角落的區域更像一片荒地般沒有整理，因為空間不足，只好將帳篷塞滿。幸好有朋友一起同行，否則這趟228連假的遊樂之旅真的會大為失望。,1,1,-1,1390,,2021/05/07,0,負向
根據您的描述，這個露營地的設施維護似乎有些不完善。雖然官網上有提到有提供衛生紙和沐浴乳，但實際上卻不符合承諾。洗澡水的溫度也是個問題，而且浴廁和垃圾桶的清潔也沒有做到位。另外，您提到有少許蟑螂和蒼蠅，這點也讓人感到不舒服。整體來說，這個營地的條件令人感到可惜，儘管硬體設施還算可以。,2,1,-1,1391,,2021/05/07,0,負向
總結來說，營地管理態度不好，衛生紙缺乏且環境有異味。草皮荒廢，照明不足。總而言之，我不建議大家去露營。,1,1,-1,1392,,2021/05/07,0,負向
這個營區真的讓人感到非常失望。抵達後洗手槽沒有清潔乾淨，草地也沒有被修剪。打電話詢問營區是否有獨立冰箱時，被告知有，但到了現場才發現只有在營本部且離營區很遠。營區裡有很多會飛的小蟑螂（甚至還有大隻的）。露營兩晚期間廁所從未清潔過，也沒有提供衛生紙，只有在收錢時營主才出現。因為朋友是新手，他們的帳篷和睡袋都是在營區租借的，但發現它們被打開時已經全濕了。儘管營主有換給我們新的，但這真的是一次非常糟糕的經驗。,1,1,-1,1393,,2021/05/07,0,負向
環境看起來不錯（但小強很多），河道水池沒有清理，底部堆滿了樹枝、樹葉、昆蟲屍體、泥等等⋯⋯ 兩天來廁所都沒有人清潔垃圾已經滿到地上，洗澡的時候水突然變冷（不只自己有遇到，其他露天營友也有），只有在收費時才能看到工作人員，其他時間都沒看到人影。下午雷雨過後排水不良，地面積水成堆。,1,1,-1,1395,,2021/05/07,0,負向
廁所下成小河狀，營區排水不良，導致積水嚴重。,1,1,-1,1396,,2021/05/07,0,負向
衛浴設施沒有補充足夠的衛生紙，戲水區的清潔度也有待提升。營區的面積偏小，缺乏護草墊，且有許多小蟑螂。,1,1,-1,1397,,2021/05/07,0,負向
晚上沒有人來接待，廁所衛生紙沒有補充，到處都有蟲，馬桶還堵塞，洗澡間的水溫忽冷忽熱，僥倖天氣還算熱......廁所兩天兩夜都沒有打掃，只放了一點衛生紙甚至沒有打招呼......而最重要的飄飄河呢？？？即使場地不大，草地上有些泥巴也沒關係，甲蟲四處爬行也無妨，但飄飄河青苔叢生、樹葉滿地卻毫無整理，你怎麼能讓我們好好遊戲呢？難道我們算不上是客人嗎？就算它被弄得像洗腳水一樣骯髒，但孩子們都迫不及待地期待著。若提前通知，或許還能準備其他活動......差一點我們就要穿上泳衣拿起水槍和浮板“玩手機”了......,1,1,-1,1398,,2020/05/07,0,負向
露營區非常擠迫，除了水上活動外，沒有太多草地空間讓小朋友玩耍。,2,1,-1,1403,,2020/05/07,0,負向
可惜的是，與附近的土牧驛相比，經營並不那麼用心。我們住的那間房間，浴室熱水不太穩定，而且水道滿是青苔，還有很多小蟑螂（在其他山區營地很少看到，幾乎都沒有），水槽也要求營地負責人才來清潔。可以說，這個好地方真的有點可惜，特別是在做過比較後。我們經過營區本部時還聽到營地負責人驕傲地告訴遊客這一週預訂已滿，希望他們可以繼續努力保持優質服務。,2,1,-1,1416,,2020/05/07,0,負向
營位在馬路邊，空間稍嫌狹小。建議每張帳篷前設有流理台，這樣會更方便。此外，共用的洗澡設施離營區有些遠，可以考慮增加水池，並保持清潔。另外，感謝提供飲水機、過濾系統、脫水機，以及優質的洗髮精和沐浴乳！,2,1,-1,1417,,2020/05/07,0,負向
在露營區域，有些事情讓人感到不太舒服。附近的玩水區域和廁所附近，總是飄著濃濃的煙味，建議帶小孩來玩水的家長們要注意一下。也有人帶狗來露營，但狗主人並不太有禮貌，讓他們自家寵物在別人營區隨地大小便，甚至不清理。此外還有吵雜的歌聲和尖銳笑聲一直持續到半夜，除了我們忍受二手菸味、狗的大便之外，還有一些丟失物品的情況，這個情況真的需要提醒大家。,1,1,-1,1440,,2023/05/15,0,負向
在露營時，我和營主的朋友住在同一區域。營主人非常友善和熱情，但就在我們收拾最後一天的時候，營地的員工也一起幫忙整理，不小心把我們的洗碗液和菜瓜布誤認為垃圾丟掉了。一開始詢問員工時他們否認了，直到找到營主，員工才去撿回來給我們。因為大家都在忙著離營，員工卻還在後面收拾東西！有時收拾得比較晚並不代表就不需要。我們還差點找不著一條延長線，詢問員工也說沒有拿，最後只好請營主幫忙尋找，結果在共用空間找到了。幸好當場發現哪些物品沒收到，如果不知情或遺忘的話，可能就真的被誤拿走了⋯⋯,1,1,-1,1441,,2023/05/15,0,負向
感覺管理不夠細心。廁所都沒人打掃。,2,1,-1,1477,,2020/05/07,0,負向
提升水槽清潔和草地保養。,2,1,-1,1483,,2019/09/09,0,負向
"1. 營區的衛浴空間確實很小，特別是對有小朋友的家庭來說可能不是很方便。你可以考慮在帳篷內使用小型沐浴用具，或者在簡易水桶中幫小朋友洗澡。這樣可能會比在衛浴空間更方便。

2. 面對沒有護草墊的草地，裝備放置可以考慮使用防潮墊或者塑膠地墊，這樣可以避免裝備受到濕地泥土的影響。另外，在帳篷內也可以用鋁箔墊或者地墊來保護裝備。

3. 是的，營區的洗手台確實設施較少，這點確實讓人感到不便。你可以考慮攜帶一些濕紙巾或者個人清潔用品，以備不時之需。

4. 營區的廁所衛生情況確實是個問題，如果你覺得廁所環境太髒，可以試著使用便攜式馬桶或者攜帶自己的衛生紙。安全衛生始終是露營的重要考量之一。",1,1,-1,1519,,2024/04/23,0,負向
"1. 我透過露營樂系統訂了D區碎石區1帳，系統顯示為3帳，但到現場發現已滿3帳，我是第4帳，營主卻說是4帳。我原本選擇D區是因為想要寬敞，沒想到卻被擠在這麼小的空間，感覺被騙了一樣。(照片中可見4帳)。
2. 洗手間衛生紙滿到外面了，看起來不太乾淨，不過洗澡水倒是有穩定的熱水。
3. 碎石區沒有護草墊，對我的帳篷底布造成損傷，其他營地都有提供。
4. 飲水機水流很弱，比滴水稍微快一點而已。
5. 傍晚蚊蟲很多，前面的露友提到的驅蚊線香也沒看到。
6. 營區的垃圾桶只有少數幾個地方，也沒有廚餘回收桶，對我這個來自北部的露友來說有點不習慣。",2,1,-1,1533,,2023/05/07,0,負向
事前安排好了，卻改變主意不參與！說沒問題，我們可以等待，卻最後決定不參加，帶我們去塵土飛揚的露營區？回答不清，蚊蟲多，環境髒亂！,1,1,-1,1542,,2022/05/07,0,負向
小黑實在是太可愛了！,1,1,-1,1547,,2022/05/07,0,負向
沙坑球池和熱水池都讓小孩玩得很開心，熱水溫度和水量都足夠，建議老闆可以在沙坑周圍增加一些護圍，避免風吹將沙子吹進帳棚地墊。另外後面的C區有一條死水溝，可能會吸引很多小黑蚊，建議處理一下水溝。整體露營環境感覺不錯！另外，希望露營的朋友們如果有玩仙女棒的廢棄物，記得好好丟掉，否則在營區會很危險。老闆在後續的清潔行動上可能要更加確實一點，以免小孩受傷。,2,1,-1,1585,,2019/05/07,0,負向
這個地方的主要問題是晚上11點後營主沒有控制音量，造成很吵的情況，影響睡眠品質。建議營主應該采取一些行動以提升露營品質，吸引更多高品質的露營愛好者。不過除了這個問題之外，這個露營區的地點不錯，離下山的採購點也不遠，大概只需要15分鐘的路程就可以到達一家全家便利商店。整個場地很寬敞，草皮也打理得很好，風景也相當美麗，最上層還有一家餐廳。,2,1,-1,1746,,2024/04/16,0,負向
總體評價這家營地還算好，環境美麗，管理得宜，服務態度親切。唯一令人無法接受的問題是狗狗的排泄物。發生了兩次狗狗大便的問題，且狗主人未採取任何清潔措施。希望營地管理者能重視這個問題，避免讓其他露營者受到困擾。,1,1,-1,1756,,2023/06/07,0,負向
這個周末在露營地區，硬體設施和風景都沒問題。不過帳棚區草地經常可以看到狗的大便。入住第一天，我的兩位同伴就不小心踩到帳篷旁的草地上的狗屎，讓當晚的晚餐品質大打折扣。第二天早上同伴碰到一位遛狗的小姑娘，告訴她應該清理狗便，但卻沒有見到任何改善，只好向露營區的管理員反映，但結果是在結帳時，那位小姑娘帶了更多狗來我們帳篷附近，其中一隻大黑狗還在我們帳篷旁的草地上拉了三泡大便，小姑娘也視而不見地離開了。雖然我們知道露營就得接受自然的一切，包括狗便這種事情，但管理員是否至少應該維持住客住宿環境的清潔呢？,1,1,-1,1757,,2023/06/07,0,負向
"優點：1. 靠近三義市區，開車只需15-20分鐘。
缺點：1. 營區位於山路旁，清晨和半夜有人在山上跑步真的很吵人。2. 整個營區約有5-6個層級，其中30-40個帳篷空間只有主要入口處有冰箱，省錢省到這種程度真的值得嗎？夏天要取東西非常不方便。3. 有些層級的營位太短或太窄，搭設帳篷後無法在山景前放置客廳帳篷，而且後方也沒有通道，建議營地主人不要為了賺錢而將營位擠得太擁擠。4. 營地主人種了柑橘樹，1-5層沒有人露營時為什麼不在周六日修剪树枝呢？機器發出的油煙味和噪音真的非常困擾。",1,1,-1,1772,,2023/05/07,0,負向
這個地方曾經是親切舒適的休閒場所，然而隨著野心越來越大，卻忘記了原本吸引人的特質。收取入場費雖然只有100元，但卻漸漸地與遊客之間疏遠了。,2,1,-1,1773,,2023/05/07,0,負向
蟲蟲很多，水溫變化大，營區有很多隻狗會一直叫，廁所少需要排隊。,2,1,-1,1778,,2023/05/07,0,負向
我們這次露營選在第九區，風景非常優美，營區整理得很乾淨，主人一家人友善熱情，待人接物真的超好。不過生態這裡很豐富，昆蟲很多，除了看到藍鵲以外還被牠們的尾巴掃到，還有許多會飛的小蟑螂和蚱蜢。草地雖然美麗但草太高了，因此吸引了很多昆蟲。建議在廁所的洗手台多裝一盞燈，早上可能會聽到一些工程聲、各種昆蟲和鳥的叫聲，還有狗叫聲，對於睡眠較淺的人建議戴上耳塞。另外，吹頭髮時會發生閃燈現象，電壓可能不太穩定，因此建議攜帶一條長一點的延長線。以上僅為個人經驗分享，對於擔心昆蟲的人可能不太適合。環境和營主的服務讓人印象深刻，我給了兩顆星。,2,1,-1,1781,,2023/05/07,0,負向
草地雖然長得茂盛，但排水很不好，所以很容易變得泥濘！在戶外本來就會有各種昆蟲飛來跳去，但如果一直出現蟑螂在桌子上下竄，這就太嚇人了！養狗的話要好好把握，如果牠對著客人亂叫亂吠、甚至嚇到小孩摔倒，這該怎麼辦呢？這樣的狀況一次就足夠了，謝謝。,1,1,-1,1782,,2023/05/07,0,負向
營地的花草維護得不錯，但我們租到的營地區域沒有木棧板，下大雨後整個營地變得泥泞湿滑，帳棚區域都泡在泥水中。24小時內我們的鞋子一直濕答答的，而且滿地都是會飛的小蟑螂，不管是內帳還是外帳都有蟑螂附著在上面。帳篷也因泥水損壞了，只給了場主兩顆星評價，因為在我們到場時並沒有提供任何額外服務，而只是打開大門收了錢就讓我們進去。總體來說，如果下雨的話並不建議來這裡，特別是沒有租到木棧板區域，那裡會有很多小蟑螂。我的綜合評價是1.5顆星，僅代表個人經驗，與營地業者無關。,2,1,-1,1783,,2023/05/07,0,負向
不建議，老闆態度不友善，如果有寵物，建議先打電話詢問是否可以攜帶，避免到場時直接被收取300元。浴室衛生情況很糟糕，水龍頭水溫不穩定，洗澡時能聞到廁所的異味，總體來說非常糟糕。,1,1,-1,1786,,2022/05/07,0,負向
營區裡的蚊子超級多，而且冰箱裡有異味，冷度也不夠，就算放了保冷磚一整晚也沒有結冰。,2,1,-1,1788,,2022/05/07,0,負向
整體環境不錯，沒有太多地方讓人挑剔，應有盡有。唯一讓人無法接受的是在2021/11/20（六）露營時，有一個區域在晚上十點以後仍在播放音樂，吵雜地講電話。打電話給老闆後，老闆只是說讓他們安靜點，但喧囂持續到了23:30。這讓人無法入睡，若非此事，整體評價可給予四顆星。,2,1,-1,1795,,2022/05/07,0,負向
營地管理員非常熱情！他會帶著狗來“拜訪大家”，順便讓狗方便一下。（可能是為了統計人數與帳篷數）,1,1,-1,1798,,2022/05/07,0,負向
營區管理人員很友善，環境也很舒適，但晚上的蟑螂實在太多了，而且它們還會飛。對於抓了超過二十隻的蟑螂這點，真的有點受不了。希望管理單位能夠改善這個問題，以免影響原本愉快的氛圍。,2,1,-1,1820,,2021/05/07,0,負向
在露營地方，有人提供青草茶，草地翠綠美麗，晚上有星星。可是有些小蟑螂飛來飛去，造成困擾，讓人擔心食物被侵犯。營區間距離較近，音樂和對話聲很明顯，担心影響其他露友。有時下方營區會有廁所味道飄來，不過不常發生。開車輕鬆，冰箱足夠大，但蟑螂和隱私比較在意的露友需留意。,2,1,-1,1821,,2021/05/07,0,負向
在這個營地的三號區，雖然營主非常熱情友善，但是蟑螂實在太多！其他的蟲子像是蛾、大螞蟻、蒼蠅、蚊子之類的還好，但是飛的蟑螂真的讓我感到崩潰。另外那區的廁所有很重的臭味冒出來，衛浴設施稍微不足，燈光比較暗，也有比較多蟲蟲。這個營區相對較小，和其他帳篷很靠近。對於非常害怕蟑螂的人要三思再決定，但如果不怕蟲的話，這個營地依然是個不錯的選擇。只是我對蟑螂太害怕了，而且它們還會飛！這次露營完全無法放鬆，一直處於警戒狀態，所以只能給一顆星⋯⋯,1,1,-1,1822,,2021/05/07,0,負向
為什麼到了露營地找朋友，卻還需要付費呢？,1,1,-1,1837,,2020/05/07,0,負向
老闆為了不得罪旅客，卻讓我們被迫接受超過預定人數。在跨年前一星期通知我們包區將有多一組客人，雖然我們接受了老闆的要求，但是在跨年連假時，卻硬是安排了三組陌生客人進入我們本來預約的區域。對方表示他們也是透過app預訂了我們的包區，說這是系統錯誤。事後查證發現是餐廳管理者沒有確認這三組客人的身份就隨意讓他們進入我們的預約空間，這讓我們感到委屈和不舒服。,2,1,-1,1867,,2018/05/07,0,負向
這個露營地方草地整齊 浴廁整潔 維持不錯 營主也相當貼心 提供飲料及服務，很好。可惜的是，有多處狗屎，讓人有些困擾。希望營主能重視並改善這個問題。,2,1,-1,1887,,2023/05/19,0,負向
這裡曾經是我們同學每年聚會的好地方，但現在主人似乎忘了初衷和服務態度。最近甚至連基本的檢查都沒有做好，讓我們在這裡露營時第一次遇到沒熱水的情況。我們原本被熱情的服務所吸引，但現在他們似乎只在乎收錢，甚至當著客戶面詢問收過錢沒。如果他們不信任客人，建議他們早點關門，避免讓大家感受到被騙的感覺。我們不是挑剔的客人，只是很遺憾這個曾經溫馨的露營地點變得如此不友善。我們現在有很多其他選擇，不值得花費時間和金錢在這種沒有誠意的地方。,2,1,-1,1892,,2022/11/22,0,負向
浴室的水龍頭冷熱不定。建議不允許養寵物，或者可以帶但不用支付費用。,2,1,-1,1905,,2022/04/18,0,負向
營主讓他家的狗隨意亂吠，晚上睡覺被吵到無法入眠。雖然可以帶寵物，但要支付300元的清潔費有點令人難以接受。山上的氣溫很冷，然而浴室的水龍頭溫度卻忽冷忽熱，差點讓我感冒。廁所和浴室有些髒亂，希望營主能做一些改進。,2,1,-1,1906,,2022/04/18,0,負向
在半山腰的地方，風景優美，但因缺乏精心經營與規劃，失去了美麗風光⋯到了營區後，我們發現每個帳篷都沒有草墊，管理員說大部分都已經破損丟掉了，要我們到其他區域找找看是否有⋯雜草長得很多，地面是碎石，下了一點雨後到處都是爛泥巴，幸好雨不大，要不然可能會積水。晚上洗澡時，沒有熱水且水壓不足，經常忽冷忽熱。在這個連假期間，營區滿了，但廁所沒有定時清理，垃圾桶都已經滿了，發出難聞的尿騷味。營區只有一個地方有垃圾桶，必須走一段路才能丟垃圾，非常不方便。在結帳當天中午12點時，已經沒有可用的水，浴室的水已經被關掉，感覺相當糟糕。停車場也沒有規劃，車輛亂停，帳篷旁像個難民營一樣，感覺非常擁擠。,1,1,-1,2171,,2024/01/07,0,負向
蟲很多，還有蜜蜂，吹風機只有一台。,1,1,-1,2172,,2023/11/07,0,負向
這間露營區對於收取時間比較嚴格，他們在中午12點就要離開露營區，而且在10點30分的時候就會提醒。而且，在11點46分還沒有收拾完就把水電和冰箱都關掉了，這種待遇讓人感覺很差。,1,1,-1,2173,,2023/05/07,0,負向
隔壁那邊太吵了，吵到連大家都無法入睡。,2,1,-1,2174,,2023/05/07,0,負向
原本預定的五組帳篷因為分開預訂，導致園區管理人員錯亂地安排我們到別人的營位。在錯誤的地方搭建帳篷後，下起大雨，我們才發現原來我們被安排到錯誤的地方。被迫在雨中搬遷營地，這絕對是我們有史以來最糟糕的露營經驗。优點是浴室蠻大、熱水快且熱，但缺點是到達的路徑不易，沿途有樹木倒下、木板破損，而排水系統極差，導致帳篷進水、氣墊床濕透。,1,1,-1,2177,,2023/05/07,0,負向
露營區的風景美麗，空間寬敞，位於較高的位置去五月底也不會太熱。我們住在G區，但廁所的清潔環境不佳，晚上九點左右洗澡時水根本沒有，得自行調整才能用。洗完後吹風機沒電，洗手台的水龍頭也沒水。另外，有很多大蚊子和飛蟲，我眼睛被蟲咬腫了，不得已去了急診。營區負責人一開始有主動聯絡關於保險的事宜，讓我們感謝不盡。不過後續就沒有下文，聯絡也不夠積極，整體來說這次經驗並不太好。,1,1,-1,2179,,2023/05/07,0,負向
這個地方的環境很漂亮，但棧板有些狹窄，只適合300帳。浴廁設施不乾淨，3月時有很多蟲和飛蛾，每個浴室和廁所都有一些垃圾，地面鋪著磁磚，浴室和廁所是分開的，水壓薄弱且不穩，水溫也非常不穩定，排水也不太順暢，浴室內的椅子和水桶上都有點霉斑。另外，1.水槽旁邊都沒有垃圾桶，有點不太方便。2.週日離開時，營地主人清潔廁所的水會直接流到C區帳篷。3.很多營位都在道路旁邊。,2,1,-1,2181,,2022/05/07,0,負向
"1. 上山的路並未經過整理，長滿了枯枝和雜草，開車十分困難。
2. 營區的設施（熱水和電力）無法應付連續假期的人潮。
3. 電壓不穩跳躍不已，燈光閃爍頻繁，無法正常使用，建議攜帶額外的充電式LED燈。
4. 營區的熱水非常不穩定，沖了20分鐘的冷水後來一分鐘是燙水，接著又變成冰水，建議中午沖澡或在外部清潔後再進營區。
5. 營區道路在雨天變得泥濘且坑洞眾多，必須走很長的路才能到達廁所或取物，腳容易受濕又髒，很不方便，建議穿靴子。
6. 雖然風景優美的營地眾多，但感覺營區管理者並未用心經營，建議考慮其他營地。",1,1,-1,2184,,2022/05/07,0,負向
這個地方的蒼蠅真的太多了，感覺像身在非洲一樣。而洗澡的水溫要麼燙到要命，要麼冷得發抖。滑草只會讓人感到心酸，連游泳池的水都髒得像去年的一樣。更糟糕的是垃圾竟然都堆集在帳篷附近，整體環境除了差之外幾乎沒有其他優點。總而言之，真的很糟糕，連一顆星都嫌多。,1,1,-1,2185,,2022/05/07,0,負向
訊號不好，而且有些人以為自己很擅長唱歌，一直唱得難聽又吵，如果沒有要事，最好不要再來，否則你會後悔一輩子。,1,1,-1,2186,,2022/05/07,0,負向
這露營區的山路很危險，進出十分困難，路上長滿了雜草，路很窄，幾乎不能雙向通行，路旁樹枝和竹枝不斷刮傷車輛，遇到對向車輛時就像在狹窄橋上，造成車輛損壞的風險很高，除非是車技高超。,1,1,-1,2189,,2021/05/07,0,負向
浴室使用起來不太方便，燈光暗淡，營地管理人員表示電力供應有問題，導致無法解決排水不良的困擾。,1,1,-1,2194,,2021/05/07,0,負向
廁所沒有及時清潔，在晚上變得很骯臟，垃圾桶也滿了。洗澡時沒有熱水可用，而在週日（2020/09/20）早上開始，營地的水槽都沒有水。,1,1,-1,2198,,2021/05/07,0,負向
G區的冰箱冷凍溫度是設定成冷藏，冷藏溫度是常溫。當蛋撻放進去冰箱後，卻發現螞蟻慢慢地爬在食材上。管理員被告知後回應說冰箱本身沒問題，因為它只是提供的額外設備，每個區間隔也很小。有不斷跳電的問題，而食材被遺忘在冰箱內丟掉是可以理解的。可是，管理員當天沒回電，第二天才接通，結果卻告知東西全都丟了。事後又改口說沒看到，建議前往的人要三思，處理問題的方式讓旅遊的心情都被搞砸了。,1,1,-1,2203,,2021/05/07,0,負向
露營區的衛生環境有待改善，冰箱有發霉的情況，建議在完善之前不要對外開放收費。,1,1,-1,2211,,2020/05/07,0,負向
請在洗手台的排水口安裝過濾器。,1,1,-1,2216,,2020/05/07,0,負向
這次露營體驗令人感到失望，因為場地太擁擠，帳數收費過高導致停車困難，帳篷附近缺乏活動空間。此外，浴廁整潔度有待加強，洗澡水壓不穩，馬桶沖不下去，令使用者困擾。泳池只有第一天開放，第二天就因水量不足關閉，讓孩子們感到失望。大草原空間不錯，但滑草地卻有危險隱患，且冷藏冰箱壞掉，只剩冷凍櫃，管理混亂，造成使用困難。整體而言，這次露營營辦管理不當，帶來負面體驗。,1,1,-1,2224,,2020/05/07,0,負向
在G區碎石區下雨的情況非常糟糕。晚上跳電三次，導致整個G區的兩個淋浴間的熱水供應都有問題，水溫不夠熱，甚至溫度僅是溫的。當天的氣溫應該至少在15度以下，再加上下雨，客人實在感到被忽略了。此外，水槽只在衛浴的集中位置，需要走一段路才能洗東西，特別是在下雨的情況下更是不便利。我露營這麼多次了，也遇過很冷又下雨的情況，但這次真的是最糟糕的，沒有一次比這更糟了。,1,1,-1,2238,,2019/05/07,0,負向
衛浴設備不夠乾淨，營位附近沒有水槽，而所有水槽都在廁所旁集中，下雨天刷牙洗臉要拿著傘，連遮雨棚都沒有，讓人感到有點失望。,2,1,-1,2259,,2018/05/07,0,負向
建議營主限制前往營區的上山時間與下山時間，因為山路狹窄且路況不佳，無法進行會車。露營裝備眾多且有孩子同行，安全性應被優先考量，因此希望不要前往該營區。,2,1,-1,2291,,2021/05/02,0,負向
我想說的是，我本來挑選了F區，但因為其他客人的原因，不得不被轉移到C區。 第一次來的客人可能會不熟悉這個營區的位置，自己也沒意識到已經離開原先預訂的區域，直到看了位置圖才明白。 不清楚營區劃分的意義，看來應該事先與營地管理人員溝通一下。,2,1,-1,2362,,2018/05/07,0,負向
這裡的地點比較偏僻，吃飯和購物十分不方便。有一些建議可以改善這種情況：1.可以考慮增加一些食物販賣的選項。2.或許可以多聘請一些人手幫忙。3.需要管理住宿者的行為素質，避免他們大聲喧嘩、在晚上12點後仍然不保持安靜。4.另外可能需要重新評估價格，看看是否太高了。,2,1,-1,2400,,2017/08/29,0,負向
因未能延續訂位，接獲電話要把位置慷慨讓給另一團人數更多的客人，讓人感到不舒服。客人表達不滿、想取消訂位後，才感到不好意思。這也使得原本的熱情消失無蹤。,2,1,-1,2561,,2019/05/07,0,負向
營區的衛生狀況需要改善，因為有很多螞蟻和爬蟲，廁所裡有許多小蟲，且缺乏衛生紙，洗手台晚上沒有照明設備。,2,1,-1,2576,,2023/10/09,0,負向
最近地震頻繁，又下大雨，家人擔心走山有落石可能，希望營地能處理，但結果只能延期半年或4成退費，感到無奈。政府呼籲不要自行上山，擔心安全。原本計劃在螢火蟲季去觀賞，但營主只能延期，半年後不是季節，不願等到明年，只好支付6成費用。退了25帳位，但營主收取200元手續費。其他營地也沒有取消，照常營運。,1,1,-1,2715,,2024/04/30,0,負向
園區整體環境算是乾淨，連廁所也維持得不錯。不過美中不足的地方是g區離衛浴廁所和冰箱都很遠，若要拿東西或放東西都得跑來跑去，有點累人。另外，g區只有一間蹲式廁所，小孩可能不習慣，有些人可能遇到排長隊的情況，有時候甚至會發生小孩在等候時直接在褲子上拉的情況。山區蟲子多也算正常，但出現了一種大螞蟻不知道是什麼來襲，咬人會有刺痛感，有人回到營區都發現腳上多了三四個被咬的包。此外，在多次露營的情況下，第一次遇到要求帳篷上限制只能睡四個人，超過就要額外收費。更令人感到困惑的是，這項規定並不考慮年齡，只要人數超過四個就得支付額外費用。,1,1,-1,2717,,2024/04/07,0,負向
營地草皮除外，CP值有點低，座墊區旁邊種了有刺的植物不是很方便也不太安全，而且營地附近有一些枯萎的植物，會有一些小昆蟲和味道，不過小水池還可以讓小孩拍照。,1,1,-1,2749,,2023/05/07,0,負向
進出道路有不同高度，低底盤車需小心。共有六間衛浴供七個區域使用，其中有分區使用規定。十帳以上露營者需共用兩間衛浴，且需在特定時間使用，以免打擾其他露營者。因人數眾多且有許多孩童，洗澡時間可能會有壓力。營區提供Wifi，但連線不穩定，手機可能無訊號，造成聯絡上的困擾。,2,1,-1,2775,,2022/05/07,0,負向
這個露營區的底盤較低需要心理準備，路況較差，營位規劃稍嫌可惜。要將車子停好後才能攜帶露營用品進入，距離有些遙遠。營地訊號不佳，提供的WiFi 也連接困難，衛浴設施不足，時間有限制，每間衛浴要供應很多人使用。另外，ABC三區共用一個廁所，洗手台的燈在晚上10點就關了，洗碗時只能在昏暗中進行。總結來說，這次經驗讓人不願再次造訪。,1,1,-1,2776,,2022/05/07,0,負向
營區裡只有一個冰箱，大家都沒地方放東西。準備好的德式香腸整包不見，營區完全沒有管理。一早起來心情就很差，不想吃了，收拾東西回山下吃好的，以後不再來了。,1,1,-1,2778,,2022/05/07,0,負向
草地的草太長了，已經長到超過地磚，所以有蚊蟲出現很正常，但這麼多蒼蠅就不尋常了。露營這麼久第一次碰到這麼多蒼蠅，從早上八點就被蒼蠅驚醒，整天黏著五張紙，就算用電風扇吹也吹不走，整群整群的，一直到傍晚六點才慢慢沒有了。浴室很寬敞，水池也不錯，只是蒼蠅的數量太多了，實在有點誇張。,2,1,-1,2803,,2021/05/07,0,負向
鬼才......他們連中間走道都擺了帳篷。,1,1,-1,2822,,2020/05/07,0,負向
在這個地方的空氣品質不錯，但因為霧比較大，不建議在夜晚出去。營地的主人很友善，但是營區的規定相對較嚴格，而且水壓和水溫不太穩定，洗澡時可能會突然變冷水。主人的妻子當天可能心情不太好，臉色一直不太好看。周日結帳，第二天就收到通知要罰錢，感覺時間還沒到就被追趕。建議可以在改進一下，像是設定一個緩衝時間，比如說兩點離開後才算超時。罰款對露營者來說不是很好的經驗，而且我不確定這樣的罰款是否合法，我記得只有執法機關才能處罰。以上只是一些建議，希望貴營區能夠做些改善。感謝您的回覆！,2,1,-1,2828,,2019/05/07,0,負向
進入營地的山路很崎嶇，無法雙向通行。顛簸的路面讓車子行進起來很不穩定，不建議在這樣的路上開車。洗澡的時候水溫時冷時熱，一半是冷水、一半是熱水，讓人在洗澡的同時感到顫抖。,1,1,-1,2829,,2019/05/07,0,負向
山路狹窄且陡峭，對駕駛狀況要求很高，不建議狀況不佳的人前往。此處夜間駕駛風險高，並且營區規定較嚴格。值得一提的是，廁所設施乾淨且配備冰箱。,2,1,-1,2836,,2019/05/07,0,負向
這個地方的水壓、水溫和電壓都不穩定，而且黑沙坑的水池很小。附近還有果園，但整個家庭的情況看起來都不太妙。,1,1,-1,2837,,2019/05/07,0,負向
這個營地的蟲蟲真的太多了，到處都是各種昆蟲，從廁所到浴室，還有整個營區都可以看到牠們的蹤跡。洗澡變成了一場噩夢，蟲蟲在我身上飛來飛去，就算到冰箱那裡，裡面也沒幸免！而且整個營區只有一個共用的冰箱，衛生狀況非常令人擔憂。,1,1,-1,2987,,2022/05/07,0,負向
遇到下雨時積水跟泥濘真的很棘手，我們搭帳時幾乎沒碰到雨，但一旦開始下起雨來，水就無法流出去，一直往帳篷裡灌。,1,1,-1,2992,,2022/05/07,0,負向
這個露營地似乎有很多喜歡吵鬧的人？是被吵鬧的人特別容易被吸引至此，或是吵鬧者之間流傳這個營地是個可以放肆吵鬧的地方？現在已經是半夜1-2點，週六時間，他們還在唱卡拉OK，聲音又難聽又震耳欲聾，整座山頭都被他們的喧嘩充斥著！另外，有一次凌晨兩三點，一群人在那裡大聲喧鬧著，我在遠方都聽得到有人喊狗回去！還聽到他們露營區的狗亂吠！我至今對於白蘭露營的經驗不多，但卻多次遭遇到這個營地縱容吵鬧！試圖與營地主人溝通似乎也沒有甚麼成效！,1,1,-1,3006,,2022/05/07,0,負向
根據天氣預報將會下大雷雨，詢問是否能延期，但營主拒絕更改日期。場地位於偏遠地區，沒有景觀，排水系統不良，廁所極為骯髒。建議各位不必遠道而來，連一顆星都不值得。,1,1,-1,3058,,2019/05/07,0,負向
不建議，排水情況不佳，廁所十分骯髒，缺乏管理。,1,1,-1,3059,,2019/05/07,0,負向
不要走過去！草地上積滿了水！浴室看來是沒有人管理的。,1,1,-1,3060,,2019/05/07,0,負向
訂場有一定規定，只要付訂金就可以了，不必唧唧歪歪說三道四，小朋友得腸病毒還要聽你抱怨嗎？,1,1,-1,3075,,2019/05/07,0,負向
不建議，容易積水，而且服務不佳,1,1,-1,3097,,2017/05/07,0,負向
營地環境不佳，有許多積水和泥濘，場地狹小擁擠，車位規劃不完善，服務也不盡如人意。,1,1,-1,3101,,2017/05/07,0,負向
"1). 衛浴雖有乾濕分離設計，但廁所空間仍有待加強。
2). 帳篷排列稍顯密集，無法提供大草地活動空間。
3). 露天區未限制攜帶寵物，半夜狗狗吠叫，早晨發現草地上留下多處狗便！",2,1,-1,3199,,2021/05/07,0,負向
營位費一再調整，收費越來越高。,1,1,-1,3204,,2021/05/07,0,負向
為了價值200元的清潔費，沒有做任何事情是有點讓人氣憤的，有些人可能只是想和在露營的親朋好友聊聊天打打屁，卻要被收取高昂的清潔費。營主啊~費用有點高了一點！,1,1,-1,3205,,2021/05/07,0,負向
"1. 這個地方風景很美，草地看起來很漂亮。
2. 營區的帳篷太過密集，讓小孩沒有足夠的空間可以奔跑，並有可能收取過高的費用。
3. 收費是1200元，但還會發生電力跳電的情況。
4. 總結：如果要收取1200元的費用，就應該管理好帳篷的數量；而且營區的電力系統也需要改善，晚上跳電3、4次是無法接受的。這樣的情況讓人很不滿意，不建議再來這裡了。",2,1,-1,3214,,2021/05/07,0,負向
在悄悄話營地，雖然草地很大，但每個帳篷要價高達1200元，且規矩得很多。衛浴設施看起來很豪華，但實際上水溫時冷時熱，非常讓人困惑。收取這麼貴的費用卻提供如此糟糕的服務，讓人感到非常氣憤。,2,1,-1,3267,,2019/05/07,0,負向
"1. 環境保持得相當不錯。
2. 可以訂購披薩、石鍋拌飯，不需要自行準備食物。
3. 沒有美景可觀賞。
4. 入場時間為下午2點，退場時間為中午12點，規定相當嚴格。
5. 每人1200元，若提早入場則需要額外支付100元，性價比不如人家。以上內容為後花園區資訊。",2,1,-1,3278,,2018/05/07,0,負向
人群眾多，猶如在難民營一般。,1,1,-1,3321,,2017/05/07,0,負向
這段句子意思是：營區主人的態度很差，當我只是簡單發動了車子，他就問我為什麼要這樣做，甚至開窗戶都要報備給他？而當我要洗澡時，營主在忙著清理浴室，總共有三間浴室，前兩間他已經打掃好了，卻要我去清潔第三間。付了同樣的費用，為什麼要我去清潔他沒打理的浴室呢？加上熱水供應非常不穩定。我對這樣不為露友著想的營區感到不滿，下次不會再去第二次了。同行的朋友洗完澡後有3個過敏，洗手台的水很混濁，感覺連碗都洗不乾淨。晚上12:30還有露友自彈自唱吉他，而且打電話和傳訊息給營主也沒有回應。隔天早上營主才解釋他已經睡著了，需要我去敲他的門才會知道。如果有火災，他是不是還是會睡得很沉呢？不懂他是怎麼得到高評價的，想去的露友要慎重考慮。,1,1,-1,3335,,2024/03/07,0,負向
8/26-27去露營時，老闆一到就說你們看起來很活潑，晚上10點後請保持安靜，否則可能會被請出去。雖然可能是開玩笑，但我覺得這不是一個營地主應該具備的待客態度。在過程中有幾次對話讓我和朋友感到不舒服，譬如老闆說：“雖然我知道你們不會再來了”。儘管位於地理位置方便，但我仍想提醒老闆和老闆娘，友善待人是可以帶來財富的，否則可能會失去生意。,1,1,-1,3356,,2023/09/07,0,負向
到達營地後，就在門口遭遇營地主人的極差態度，被告知不要進入，甚至遭到冷待。,1,1,-1,3413,,2022/05/07,0,負向
我們預約了今天去露營地，到達時營地主人臉色不太好，強調我們必須在十點半之後才能到，但我們只是想先到附近走走並沒有要搭帳篷。營主一直重複說要等到一點才能來，讓我們覺得困惑。在接下來的三天裡，我們一直看著營主不高興的臉色。我們提醒營主應該檢討自己的態度和口氣，而不是反過來說我們的口氣不好。我並非第一次露營，也並不是老大，更沒有自誇，反而營主似乎是自認為老大一樣，難道就不能友善一點嗎？尊重應該是雙向的，你對我有尊重嗎？讓我不了解你的營區為何不能停車。,1,1,-1,3435,,2021/05/07,0,負向
這個營區除了風景之外，確實存在一些問題，如傍晚蚊子多、狗狗叫、鄰居孩童吵鬧到晚上10點多等情況。此外，營區的廁所設施老舊，有洗澡間無法鎖門，且廁所沖水設備損壞。綜合以上因素，這個營區確實有些讓人困擾，可能不是一個值得推薦的地方。,2,1,-1,3570,,2023/11/07,0,負向
因為之前下雨，導致露營活動被延期。當早上打電話給營主再次確認時，營主居然忘記了。他告訴我們可以直接到現場搭營，保留位置給我們。然而，到了現場後我們無法聯絡到營主本人，只看到他的爸爸。經過一番詢問，他也含糊其辭。最後一位善心的客人讓出位置讓我們搭營。這是我第一次遇到如此不負責任的營主，進入營區時竟然看不到人在場。,1,1,-1,3573,,2023/06/07,0,負向
優點：衛浴乾淨，熱水充足。缺點：熱水供應時間有限，不便於深夜使用。晚上羅馬公路上飆車族噪音干擾，營區下方有四隻吠叫的狗。假日清晨7點就有人使用割草機造成噪音。這些問題讓人難以入眠。另外，有一隻名叫黑糖的狗會在清晨進入營區對帳篷小便，讓人感到困擾！,2,1,-1,3576,,2023/05/07,0,負向
營地觀景台前方都是長滿了竹子和雜草，擋住了整個景色。營區隔壁的鄰居整晚唱歌，早上又在使用電鋸施工，還有瘋狗一直亂叫。更可怕的是，深山林內還有一堆人在喧譁，讓露營區變得令人害怕。,1,1,-1,3578,,2023/05/07,0,負向
冰箱只能送風，維修人員說裡面有冰。水質不好，龍頭放出來的水像泥巴一樣。,1,1,-1,3587,,2022/05/07,0,負向
這個地方不大，道路也狹窄。洗手台很骯髒，樹葉到處都是。看得出來管理者沒有很用心整理。晚上還有包區的人在開趴，吵到半夜，讓人難以入睡。他們原定的活動全都取消了。環境這麼差，又沒有活動，一點都沒有吸引人的地方。不會考慮第二次再去了。,1,1,-1,3595,,2022/05/07,0,負向
營地非常擁擠，實在收了太多帳了！連沙坑、戲水池甚至射箭場都沒有⋯只有搗麻糬活動。在下方的營區還辦了電音派對，兩天兩夜都聽到動滋動滋的音樂，離營前兩天才被告知！我們真的很無言，我們參加的不是動滋動滋的活動啊～難道不應該提前告知嗎？！,1,1,-1,3597,,2021/05/07,0,負向
在7帳包區搭帳後才發現活動空間嚴重不足，雖然網路宣稱有沙坑、戲水池和射箭場，但實際上看起來都荒廢了。唯一乾淨的地方是廁所，還提供搗麻糬活動。營區下方舉辦電音趴，持續3天2夜，讓人無法忍受。總之，這次的露營經驗令人傻眼，第一次給這個營區差評，真的要加油改進了。,2,1,-1,3599,,2021/05/07,0,負向
小黑蚊實在太多了，無論是防蚊液、止癢藥還是開水龍頭，都阻擋不了它們。,2,1,-1,3613,,2021/05/07,0,負向
露營區內有些人的行為讓人感到不舒服，早上六點就開始洗碗聲音很大，七點開始喧譁不休，還讓小孩尖叫。,1,1,-1,3622,,2020/05/07,0,負向
營地只想賺錢，但營主面對不自重的露友(在凌晨一、兩點大聲喧嘩、大放厥詞)時採取逃避的處理方式，這嚴重影響了其他同樣付費卻守規矩的露客的權益！無論硬體設備多好，風景多美，這都是枉費上帝的賞賜！,2,1,-1,3726,,2018/09/15,0,負向
遇到不愉快的狀況！原本和營地負責人訂了C區水泥雨棚1帳，後來他打電話給我說旁邊還有一個要訂6帳的（總共8帳），他們要夜間使用可能會比較吵，我表示沒關係。然後他又打來說要改成8帳，要我換到B區碎石雨棚，完全沒有徵詢我的意見，甚至和我爭執說他們8帳總不可能要叫他們1帳去其他地方，我提出我先訂了，至少也應該尊重我的意見吧！畢竟當初我之所以指定要訂C區雨棚，就是因為喜歡C區，而不是你叫我去哪我就去哪！,1,1,-1,3767,,2024/04/30,0,負向
這段經歷看來挺不愉快的，遇到冷水澡確實挺受氣的。希望下次選擇露營地能夠更順利舒適！,1,1,-1,3781,,2023/12/07,0,負向
可以這麼說：去了之後感受相當不佳，不想多談。營運者似乎只會把所有責任推給顧客，談多了也沒有用。,1,1,-1,3782,,2023/12/07,0,負向
我是五月27日露營3天2夜的，不知道蚊蟲特別多，被蚊蟲咬了好幾個包。不好的經驗是，第三天早上營主告訴要在12點前結帳，他說了一次以為就好了，結果卻又再說了一次。當我們在10點準備結帳時，突然停水了。我告訴營主，他解釋是下雨引起水管阻塞，但我一度以為是營主蓄意讓我們趕快離開才造成停水情況。整體經驗很不愉快，應該不會再去那個露營地了。,1,1,-1,3824,,2023/05/07,0,負向
露營區的收費真的有點貴，而且他們的管理方式也有點過頭，好像一直在巡邏抓小偷一樣。我們去的第26露營區，實在是浪費了連假四天⋯營地主人不太友善，除了沙坑，小孩根本沒地方好玩。第一次帶小孩去露營，小孩說很無聊。唉～他們說我們的車來來回回有十幾台，哪來的？「停車費三天一共還多付了1800元」。他們怎麼會怕客人來露營呢？連星星評分都有點騙人，一天過去怎麼多了五顆星？還擅自錄影車牌放到公開網站上，已經請家人律師處理了！業者竟然回覆說付不起就去免費的野營？？？,1,1,-1,3833,,2022/05/07,0,負向
整體環境還可以，但偶爾會有人巡邏，看看是否有新訪客。如果有，每輛車收取300元，並逐一錄影做為證明。這樣的費用對我們來說還可以負擔，只是他們的態度讓人難以苦口婆心地讚美。在露營場地停車並不常見這麼勤勞的營地管理人員（雖然根據平台規定，我們都照付了）。最後離開時，一位營區員工前來要求我們收拾護草墊，我們當然樂意幫忙回復原狀。但我是否需要遵守平台規定將護草墊擺回原位呢？最後，我們將護草墊集中放置，但這位員工的態度確實有待改善。為什麼不能好好溝通呢？最初回應時並沒有提到錄影我們的車輛，但後來卻出現了有關我們車輛的錄影呢？而且還指責我們唱歌影響到其他露友的體驗，當時才晚上7點（平台規定是晚上10點後不能唱歌），且唱了僅僅兩、三首歌，音量也不大，卻被指控影響到其他露友的露營品質。不知道是否真的有其他露友抱怨了呢？再者，他們的態度也相當不友善！,1,1,-1,3834,,2022/05/07,0,負向
當天包辦營位每晚800元，看起來還蠻便宜的，不過停車費每輛收300元，而且每幾個小時就會來巡邏一次，收取停車費。朋友開車來一下，就要交300元停車費，這次露營3天，總共用了1800元停車費，真的是......。老闆態度很差，一點親切感都沒有，下次應該不會再光顧了。,1,1,-1,3835,,2022/05/07,0,負向
這段句子可以換句話說為：「我害怕的不是下雨天，而是因營地規劃不佳、排水不良而造成下雨時地面滿是泥巴，讓鞋子沾滿爛泥巴，導致小孩和狗都只能關在帳篷裡，真的很可惜。」,2,1,-1,3842,,2022/05/07,0,負向
營區的情況很糟糕，營主的態度很差。有很多虎頭蜂，大約2-3公分大小，讓人感到害怕。他們不處理這個問題還把責任推給客人，說是客人招惹的。請問，虎頭蜂晚上出沒是正常的嗎？他們陆陆續續來了20-30隻。如果有小孩被叮咬了，你有能力賠償嗎？考慮要不要去這個地方，要三思！,1,1,-1,3844,,2022/05/07,0,負向
這個營區可能並不適合，因為有虎頭蜂出沒且營主處理態度消極，甚至推卸責任，說是我們噴香水招惹蜜蜂。蜜蜂來自是因為營地上的花蜜吸引牠們，日夜都在採蜜。所以在考慮前請三思，避免浪費金錢卻遭遇困擾。,1,1,-1,3845,,2022/05/07,0,負向
車聲很吵啊！早上五點就被吵醒，睡不著；衛浴間太少，要排隊；但是營地主人很好相處，人很親切！,2,1,-1,3979,,2023/09/08,0,負向
在靠近水庫和羅馬公路的地方，晚上車流聲很吵，難以入眠。除了B區以外，其他小帳篷區的位置都很狹小，彼此距離太近。我建議營地管理者將CD區劃分爲一個區域，這樣會比較理想。另外，衛浴廁所的數量有限，想洗澡的人需要注意時間。,2,1,-1,3984,,2023/05/08,0,負向
臨時換了位置後遇到一些問題，包括地板杂草很多、廁所多人使用時可能沒有熱水、四周較昏暗、半夜上廁所不方便、而且還會不斷跳電。,1,1,-1,4048,,2021/05/08,0,負向
因為複育螢火蟲不使用殺蟲劑，所以小黑蚊變得更多。,2,1,-1,4097,,2018/05/08,0,負向
這裡的衛生設施保持得相當整潔，但由於水源為山泉水，水質略帶黃色和混濁。此處沒有提供飲水機，需要自行準備飲用水。螞蟻和蜘蛛網相當常見，需小心注意以免碰到。露營區的樹木間距較狹窄，停車較為困難，入場與離場也需注意。然而晚上聆聽河水聲音入眠，感覺尚算怡人。,2,1,-1,4176,,2024/04/07,0,負向
這個地方環境還不錯，不過沒有飲水機，熱水時冷時熱，冬天用起來有點不夠用。宮廷帳可以讓人讚賞，其他都很普通。,2,1,-1,4179,,2024/03/07,0,負向
只有一個區域有衛浴設施，其他區域都需要走一段路才能到達，且有幾間衛浴設備的水溫時冷時熱，讓人又燙又冷，或者水溫不夠燙。整個區域有29個帳篷，但只有一個冰箱（晚到的冰箱常常沒有冰），而且冰箱也在廁所附近。如果你喜歡步行，歡迎來這裡，保證你會走得很開心。此外，主辦方嚴格禁止外來車輛和訪客進入，即使忘記帶東西，也不能讓朋友把東西送進來後立刻離開。只允許在門口面交物品，而且無論東西有多大或多重都一樣。另外，這個地方沒有提供飲水機，所以一定記得攜帶足夠的水喔。,2,1,-1,4181,,2024/01/07,0,負向
營區的環境比較惡劣，有很多不便之處，例如小黑蚊、缺少洗碗檯、廁所位置偏遠且環境潮濕，水壓小熱水不穩。整體環境比較老舊，地面不平且燈光不足，晚上活動要小心。,2,1,-1,4182,,2024/01/07,0,負向
總的來說，我們接受使用者付費的制度。營主給人深刻的印象，但對金錢比較計較。網頁上沒有提供的資訊，討論後不會收費。對於來了幾次的情況，收費態度並不好。質疑的問題被含糊帶過，是否可以請另一位來解釋？雨棚是很好的，但下雨時水卻會流進雨棚中。設施和場地規劃不盡理想。最大的優點是廁所和浴室比較乾淨。道路規劃有待改善。我給予兩顆星的評價，因為廁所整潔，而客人素質也不錯。,2,1,-1,4183,,2024/01/07,0,負向
雨棚區的石子鋪很薄，一下大雨就會直接低窪淹水⋯⋯不管是計算人頭、車輛還是帳篷的數量，都算得非常精準⋯,1,1,-1,4188,,2023/07/07,0,負向
營地的精算師發現帳篷漏水了，下面出現更麻煩的問題，地勢低窪開始積水。,1,1,-1,4189,,2023/07/07,0,負向
環境不佳，而且男老闆態度惡劣。,1,1,-1,4200,,2023/05/07,0,負向
這位男老闆的服務態度差，經常讓遊客感到不悅並打擾到他們。,1,1,-1,4201,,2023/05/07,0,負向
很抱歉您遇到這樣的困境，看來這次露營經驗並不愉快。露營地既沒有提供方便的設施，也沒有人情味，甚至還有安全疑慮。希望未來可以找到更好的露營地，讓您有一個更愉快的露營經驗。,1,1,-1,4203,,2023/05/07,0,負向
"這個露營區在3年來裡遭遇到的問題點有很多：

1. 洗澡時熱水中斷，小孩泡沫等了快1小時，水壓小且不穩。
2. 估計6個帳篷共用一個迴路，電壓不穩，LED燈連不亮，打氣機故障，只能手動打氣。
3. 環境髒亂，生態池無人管理，蚊蟲多，使用多包蚊香防蚊液。
4. 浴室和帳篷區發現兩隻巨大飛蟑螂。
5. 草地長草沒修剪，青苔長滿石階，容易滑倒。
6. 收費不合理，超過4人需費用250元，幼兒園以下兒童不收費。
7. 照片與實際不符，景點老舊，服務態度不友善。

總體而言，這個露營區有很多問題，只有環境清幽算是優點，其他方面都有改善的空間。",1,1,-1,4204,,2023/05/07,0,負向
在端午節當天前往湖區包場，卻發現露營車無法進入。正在下著磅礡的大雨，加上路程遙遠，使得心情受到影響而返回。老闆的服務態度惡劣，且推卸責任，讓人感到很不友善。目前還不確定是否能退費。,1,1,-1,4205,,2023/05/07,0,負向
營地的排水設施很差，而且也沒有提供戶外草墊。下雨時內帳和床墊全濕，甚至積水，無法入睡。我們只好收拾營具回家，對這個營區感到非常失望。,1,1,-1,4212,,2022/05/07,0,負向
中央的大池子已經被封起來，所以周圍有很多牛蛙，晚上會開派對，聲音很吵，建議帶耳塞。溪水在上游潺潺流淌，但周圍有蜘蛛網和蚊蟲干擾，要下水玩似乎要考慮一下。此外，小黑蚊和大隻蚊的排班好像已經協調好了，前者大概在上午11點開始工作，後者會在黃昏前出來覓食，所以三瓶防蚊液很快就會用完。出門露營本來就需要和大自然相處，充分準備才能玩得開心。,1,1,-1,4214,,2022/05/07,0,負向
建議在營區廁所前的大水溝周圍加設一個圍欄，因為晚上去廁所沒有路燈，容易造成危險。現在完全不敢讓孩子們獨自去廁所，擔心他們不小心掉到水溝裡，這是一個安全問題，其他方面與大家說的差不多，也許這會是最後一次了…,1,1,-1,4215,,2022/05/07,0,負向
新店碧潭的營地距離很近，約開車10分鐘的路程。這是個城市露營型的地方，原本是婚宴拍攝地點，不太適合露營。設施並不完善，例如帳前沒有洗手台，垃圾桶只在廁所處，廁所只有一處，需共30人分享。洗澡需早洗，晚洗可能沒熱水。費用稍貴，設施有點老舊，不如其他營地整理周到。最大亮點是湖景，夜晚可見螢火蟲，但不適合帶小孩。,2,1,-1,4216,,2021/05/07,0,負向
這個地方的服務態度不夠積極，但在收錢時卻非常積極。網路訊號很差，設施狀況也很破舊。此外，蚊子很多，場地又很小。營位和洗手間沒有燈光，洗手間總是塞滿東西，而淋浴時的熱水也不穩定。營位規劃看似隨意，雜草盛生，指示牌不清晰，地點難以找到。總括而言，這個地方真是讓人印象深刻，但卻是一次性的遊玩經驗。,1,1,-1,4218,,2021/05/07,0,負向
這段句子的意思是在露營地有小黑蚊，如果不怕小黑蚊的話可以前往露營。這個露營區和隔壁區的帳篷緊緊相連，設施只有殘破不堪的，沒有網路，只有能照相的設施。其他的設施懶得拍了，沒有鋼琴或教堂，因為有露客所以不好意思近拍，確實有點不堪入目，和網路美照相差甚遠。劃分區域安排確實不太好太密集了。露營和訪客的價格自行參考，兩個帳篷包區的價格是2200，夜間衝600。希望以上資訊對你有所參考。,1,1,-1,4219,,2021/05/07,0,負向
因為有遮雨棚這個優勢，但是下雨時卻觀察到遮雨棚滴水的情況，地面也積水。其他營地是水泥地，而我們的是泥巴地鋪了過薄的碎石子，地面又低窪。感受到狹隘後，有一位加帳的朋友試圖加帳，但老闆卻指出我們人太多，車也太多，每個棚區只能容納兩個帳篷。因此，我們的三台車、兩台摩托車和一個帳篷只能睡5個人，兩個帳篷最多睡10個人，多一台車就需再加1000元，另外停車也有特定規定。總人數只有10人，費用為1000元。這種情況令人吃驚，但老闆確實說清楚，純屬當時情況陳述，若有露營計畫者應自行考慮結論。就我個人而言，我絕對不會再去那裡露營。,1,1,-1,4222,,2021/05/07,0,負向
這個雨棚包區內容擁擠，與鄰居距離過近，夜間管理不足。鄰居們玩狼人殺玩到深夜兩點，第二天的垃圾桶也沒有人來清理。如果不是因為不能發表評論才不給星級評價的話，我真的一顆星都不想給出。,1,1,-1,4224,,2021/05/07,0,負向
這個露營區管理不佳，每帳收費1250，營主態度惡劣。預訂雨棚營位兩帳，但實際提供的雨棚尺寸只有400*600，無法容納兩個帳篷。收費也過高，每人150元，小學生與成人同價，車輛更要額外支付100，在此還有時間限制，實在不值得推薦。,1,1,-1,4225,,2021/05/07,0,負向
不想接待大型犬，只是謙虛地表示還是新手，問問是否可以參觀一下場地。即使拒絕是店家的權利，但請自己先做功課這句話補充在其中，顯示該店或許並非口中所述的那麼美好。雖然離家很近，也不再考慮了。,1,1,-1,4280,,2018/05/07,0,負向
遇到不可抗力的情況，營地營主應負責，不應硬要扣錢並推卸責任，這種商家缺乏同理心只想賺錢的做法，確實令人無法接受。,1,1,-1,4288,,2018/05/07,0,負向
7月18日下午3點，大門關著，旁邊的標誌寫著需要事先預約，讓我感到相當失望，只好返回家了。,1,1,-1,4291,,2018/05/07,0,負向
雖然環境不錯，但小黑蚊很多且叮咬很毒，另外，雨天也無法延期，需要處理的帳收數量也很龐大。,2,1,-1,4295,,2018/05/07,0,負向
打電話沒有人接，後來親自去了才發現遊樂園關門了！,1,1,-1,4307,,2016/05/07,0,負向
門票不能用來抵消費用。東西很貴，像煎個蛋就要 220 元，但份量慘! 廁所男女混在一起，而且暗又隔音差，真是有待改善。寧願去土雞城吃飯。,1,1,-1,4309,,2015/05/07,0,負向
請大家留意，這個園區每人進入需支付100元作為入場費，此外還需支付另外180元的最低消費金額！在許多餐廳中都沒遇過這麼樣的安排！這是一種隱性賺錢方式！建議大家出發前要慎重考慮。,1,1,-1,4310,,2015/05/07,0,負向
這個露營區很糟糕，有很多肥胖的蟑螂，還有很多小黑蚊，服務很差。在過去的3年裡，在這個露營區遇到最糟糕的情況有：1. 洗澡時突然沒有熱水，小孩在泡沫中等了將近1小時，水壓又小又不穩定；2. 很多帳篷共用同一個電路，電壓非常不穩定，連最簡單的LED燈也無法正常使用，打氣機也無法使用，只好手動打氣，用LED燈條來代替；3. 環境很髒亂，生態池看起來無人管理，充滿了很多小黑蚊，點了很多蚊香又擦了防蚊液，每個人起碼需要20包；4. 在浴室和帳篷區看到2隻又大又在飛的蟑螂；5. 草地從來沒有定期修剪，長到腳踝高度，石階也長滿青苔，很多大人不小心滑倒，都選擇繞路；6. 收費不合理，大多數的露營區超過4人就需要每人收100元，但是這個露營區是每人收250元，而且連幼兒以下的小孩也要收費；7. 很多拍照的景點都很老舊，和照片中的完全不一樣。,1,1,-1,4338,,2022/06/08,0,負向
這個露營區狀況真的很糟糕，洗澡時沒熱水，水壓又小又不穩，帳篷用的電壓還不穩定，打氣機也罷工！環境髒亂，到處都是蟑螂和小黑蚊，還有草地長得超高，還有人摔倒了都不敢走路。收費又貴，景點也都老舊沒有照片上的美。,1,1,-1,4339,,2022/06/08,0,負向
營地越來越冷清。如果超過每帳人數限制，他們會嚴格收取額外的人頭費和停車費，浴廁還算可以，但因為有水池，所以小黑蚊很多，其他的就不評價了。,2,1,-1,4349,,2022/01/05,0,負向
照片拍得不錯，親自去看就知道。營區拍的很美，實際去看的話，設施方面只能遠觀和眺望比較好。,2,1,-1,4357,,2021/04/26,0,負向
在談論營區的費用和環境。因為是連假，擔心會塞車往中南部去，所以選擇北部的營區。但抵達營區後發現沒有設施，而且有非常多的小黑蚊，連噴霧都無效。,2,1,-1,4381,,2020/03/25,0,負向
這次露營體驗相當糟糕，不太可能會再去那裡了，也不會推薦給其他露營的朋友！主要問題有三點：1. 營區不允許朋友探營，且探營費用高昂，但沒在訂位前提醒這項特殊規定。我們有四個朋友前來探營，卻需支付900元。2. 洗澡水時冷時熱，更糟的是洗到一半水突然停，必須打電話給營主才會重新開啟水源供應。3. 廁所衛生紙供應極為緊俏，導致許多人在廁所間互相借用衛生紙。,2,1,-1,4434,,2018/05/27,0,負向
態度惡劣，以後不會去。態度惡劣，一人影響整船人。,1,1,-1,4437,,2018/05/20,0,負向
照片和實際看到的景象差異很大，洗手台不夠多，插座離得太遠，下雨時草地變泥濘問題很嚴重。,2,1,-1,4643,,2016/12/01,0,負向
收了錢並不代表就不需要負責任，如果晚上洗澡沒熱水卻無人處理，在這麼冷的天氣只有冷水可用，這樣的情況確實讓人非常不滿意。,1,1,-1,4704,,2021/05/07,0,負向
在竹雞區訂了一間住宿，但卻沒有可以欣賞的風景。最令人不安的是，周圍有許多人在吸菸，而在上方的營區，年輕人們一直喧嘩到深夜一點，似乎完全不顧及其他人的存在，也沒有人制止。這種體驗非常糟糕。,2,1,-1,4908,,2021/05/08,0,負向
這個季節蒼蠅很多，下午還碰到突然停電，而冰箱又離得很遠，晚上又因為中華電信基地台超載無法聯繫。,1,1,-1,4946,,2019/05/08,0,負向
當天在竹雞區露營，原本是一個很輕鬆放鬆的活動，但被一群年輕人打擾了。他們從晚上開始喝酒、亂罵，一直喧鬧到凌晨3、4點不理會我們的需求，讓我們無法入眠。我們向營地管理反應，但只收到言語上的回應，無法改善情況。因此，這次在竹雞區的露營體驗很糟糕，我們不會再來了。,2,1,-1,4977,,2021/06/02,0,負向
營主一直盯著看而且設限很多，態度口氣也很差，大家出來露營放鬆，不是來受氣的，非常不推薦。,1,1,-1,5224,,2024/03/08,0,負向
總結而言，這位露營營主對於遊客的態度非常惡劣，甚至對小孩和老人都缺乏耐心，這讓人感到非常不舒服。同時，他對於車子被球擊中的處理方式也頗為負面，導致許多遊客感到不受歡迎。令人難過的是，營主還公開表示討厭寵物，這種態度實在讓人摸不著頭緒。,1,1,-1,5225,,2024/03/08,0,負向
這位員工的服務態度非常惱人，像是在和人吵架一樣。,1,1,-1,5226,,2024/03/08,0,負向
這次參加的是露營活動，在露營區的環境非常乾淨，草坪也很舒適，廁所提供衛生紙也保持整潔。但當預先宣布天氣溫度符合標準後預計會開放泳池，卻因為前一天早晚溫差大而取消了開放。星期六的天氣卻意外地非常炎熱，但況且泳池也無法使用。即便如此，也能理解主辦單位是為了參與者的健康考量，第二天要在中午12:30前全面撤營離開。或許營區原本就有這樣的規定，但對於參加者來說仍感到有些措手不及。露營本應是輕鬆愉快的活動，以往經驗都是在下午2點前離開，而這次的時間安排讓人感到困惑，或許以後不會再選擇這個營區了。另外，營區提供的腳踏車狀況不佳，使用場地也狹窄，孩子們常發生碰撞意外，相當危險。營位滿帳可達50多帳，但共用一個衛浴設施，熱水供應也限定到晚上12點。因此，帶小孩的母親常常需要在女生衛浴前排長龍等待洗澡，而白天則完全沒有熱水。若習慣前一天開始整理裝備或輕裝備的參與者可能會適應這個營區，但如果習慣在營區吃個簡單午餐再離開，或是早上10點才開始整理並把帳篷曬太陽除露水的參與者，可能需要仔細考慮一下這個營區是否適合。,2,1,-1,5235,,2023/11/08,0,負向
電閃閃，蚊子很多，廁所遠遠的,1,1,-1,5236,,2023/06/08,0,負向
女生淋浴間只有5間，廁所離得很遠，熱水供應只到12點。然而同行的朋友在11點多去洗澡時卻只剩下冷水。由於是柴燒熱水器，水溫無法穩定，可能會在熱和冷之間搖擺。此外，女生吹風機只有一台，營地空間設置也偏小，帳篷之間距離過於接近。雖然規定中未提及不能打麻將，卻在之後告知打麻將會影響小孩觀感，要求將帳篷圍布拉上。飲水機也只有一台，而且有時水量不足。總結來說，不是特別推薦這個營地。,1,1,-1,5243,,2023/05/08,0,負向
廁所排隊的人不多，冰箱只有一個（滿滿的），要小心蚊子。,2,1,-1,5258,,2022/05/08,0,負向
1、燒木頭來製造熱水，現在水溫冷熱明顯，洗澡變得很困難。2、規定孩子玩沙時不能讓沙子掉出來，並且有人站崗監視。如果擔心孩子玩得太過，那不如干脆不開放。3、下著大雨時打開帳篷，已經變得很狼狽了，還有這個規定、那個規定。4、要求嚴格分類，每個區域只能放1到2個桶子，停車時要拆裝備，一直趕忙，護草墊因擔心下雨會有積水，也不能使用過多。5、洗澡時有人叮嚀不要用太多水。6、車輛一定要停放在停車場（可以接受）。7、就算天氣放晴也不允許使用游泳池，寧可用來清洗護草墊⋯感覺真的很糟糕，保持清潔當然是件好事，但過度了，那就可能干脆不要開放了！,1,1,-1,5260,,2022/05/08,0,負向
"1.沒有提供廚餘桶的情況下，您可以問問看要把廚餘丟到哪個垃圾桶裡呢？

2.下著大雨，營地滿是爛泥。孩子們踩到爛泥弄髒了腳，被唸了。水開小一點，請孩子不要再踩到水和泥！要不然又得去洗。

3.有專人管理的沙坑，有位不熟的孩子把沙撒到了邊上但沒有掉出來。立刻告訴孩子別撒出來，裡面玩一下。但被營友指責說：「這樣怎麼玩？」員工說：「那就請不要來玩。」

4.籃球場裡放著腳踏車，小孩經過時隨時可能被大孩子打到籃球傷到。十分危險。

5.雖然有提供老舊的腳踏車，但沒有專用的腳踏車道，只能同汽車共道行駛。極其危險。

6.泳池裡面有護草墊洗浴，浴室水壓不穩，且廁所和浴室在同一區域，不方便且位置遙遠。這是我們第一次遇到如此嚴格的營地管理，若想體驗的朋友可以試試看！對於太激烈的營友請不要嘗試！",2,1,-1,5261,,2022/05/08,0,負向
今晚露營經驗真的很糟，12度低溫時沒電，暖爐和電熱毯都不起作用，感覺自己可能會在這個寒冷的夜晚裡凍死。,1,1,-1,5267,,2022/05/08,0,負向
營區裡有200多人，包括成人與小孩，需要在晚上12點前一起洗澡。如果沒洗完就直接關了水，這樣做確實有點過分。另外，只有一台飲水機明顯不夠用。用大桶裝水來給10個人喝，和10個人自己去裝有什麼不同嗎？營區收了這麼多人，卻只有一台飲水機，保設備明顯不足。另外，沙坑傍晚就趕小孩不開放，這個做法的用意不太清楚。整體來說，營位左右擁擠，但前方還算可以。,1,1,-1,5278,,2021/05/08,0,負向
民宿的空間規劃需要加強，因為鐵皮屋空地成了小孩們常去玩耍的地方，造成住在民宿裡的人們沒有地方可以休息。建議應該改進這個問題。,1,1,-1,5289,,2021/05/08,0,負向
很久沒有露營了，洗澡洗得很令人煩躁，只好庆幸不是遇上寒流才到這個營區。小黑蚊還可以忍受，但是這熱水實在太難受了。,2,1,-1,5300,,2020/05/08,0,負向
建議改善營區草皮的整地工作非常重要，因為在雨天露營時，積水可能會造成困擾，影響露營體驗。這並不是因為天氣不好，而是營區的排水系統可能有問題。另外，要點贊的是營主的親切服務態度、乾淨的廁所以及開闊的環境視野。,2,1,-1,5436,,2023/11/08,0,負向
這個營地的草很長，沒有被修剪過，地面上還有很多凹凸不平的部分，蚊子也非常多，而且看起來超胖。各種生物都在那裡，甚至還有蟑螂。這次露營的體驗並不太好，唯一的好處可能是廁所和衛浴間比較乾淨。,2,1,-1,5438,,2023/08/08,0,負向
整理草能長得高超不是問題，但如果飛來飛去的大強和小強出現在園區裡，就要小心了！遇到午後雷陣雨時，可能會造成營地淹水，泥巴水和雜物可能會流進帳篷。他們說沒有排水系統，認為土地會自行吸收水分，但又提到排水管中螞蟻築巢阻擋排水，他們需要請人來處理！更糟糕的是飲水機故障卻未提前通知，只好去雜貨店購買，感覺被宰剝一次般。冰箱與營地相當遠，地勢不平導致護草墊全部破損，收取這樣高價並無法接受。唯一優點是兩位友善年輕打工人員，而廁所雖然容易被草堵塞，但維持相當乾淨。这样哦。,1,1,-1,5439,,2023/07/08,0,負向
這裡的優點算是廁所乾淨，但草地不平坑坑巴巴，睡得不舒服，也看不到好風景，有點可惜。,2,1,-1,5448,,2023/05/08,0,負向
必須給一顆星才能發表評論，實際上我想給零星。設施應該要保持良好狀態，像水槽需要自行清洗，插座也應該正常運作。修繕需時2至3個月是一個問題，這應該是營區經營者需要解決的問題。營區規模大小不算關鍵，這樣的解釋讓人難以接受。建議休園以維護草地，太泥濘和破損的地面很多。另外，停車問題亟待改善，這應該在營運初期就考慮到。,1,1,-1,5453,,2023/05/08,0,負向
露營原本是一件愉快的事情，但是因為營區沒有停車位，導致我的車被擦傷，還有水槽的水管脫離了，讓我決定不再回來了。,1,1,-1,5454,,2023/05/08,0,負向
營區的停車位不夠，需要自行尋找；水槽漏水，營區未處理；要求共用設施。這些情況確實令人困擾。,1,1,-1,5455,,2023/05/08,0,負向
設備設施的問題困擾著我，停車位不足，水槽損壞需共用，電插座有限制，真的很煩惱。,1,1,-1,5456,,2023/05/08,0,負向
廁所沒有清潔、有虎頭蜂未處理、蚊蟲很多、游泳池沒水、早上10:30就開始收帳還一直被催促，整體體驗非常糟糕。,1,1,-1,5458,,2023/05/08,0,負向
如果可以的話，希望草不要長太高。雖然只有一位工作人員，雖然這有點可憐，但畢竟我們去露營就是為了開心度假，這樣的服務，隨遇而安就好。,1,1,-1,5461,,2023/05/08,0,負向
整體環境不太理想，廁所略有異味，淋浴間還沒清潔過，冰箱等客人到才啟用，兒童戲水池也沒有清潔，且有很多小黑蚊⋯,1,1,-1,5462,,2023/05/08,0,負向
廁所沒有被清潔過，草地長得像小樹，冰箱長霉沒有整理，溪水池看起來像生態池，整體情況很糟糕。,1,1,-1,5463,,2023/05/08,0,負向
從週六中午到週日快中午時，廁所的清潔狀況沒有被處理，衛生紙也沒有補充。,1,1,-1,5464,,2023/05/08,0,負向
收過多帳就是收了太多帳，帳與帳之間太靠近了，晚上鄰居吵到無法休息，只給一顆星是因為環境乾淨，營主親切。可能不會再來了。,1,1,-1,5471,,2022/05/08,0,負向
這個營地植被稀少，排水不良導致土壤鬆軟，在大風的吹襲下營釘紛紛被拔起，再加上缺乏棧板，導致地面泥濘不堪，可以用＂慘＂來形容。儘管如此，我們還是給了一顆星評價，是因為打赤膊的帥哥服務態度還算不錯。,1,1,-1,5472,,2022/05/08,0,負向
營區管理對於吵鬧客人的行為沒有採取任何措施，從中午一直持續到凌晨四點！我們無法制止酗酒的顧客，但即使是營區的電話也沒有人接，過了半夜12點仍無人出來制止，這嚴重影響了其他客人的休息時間。營區的使用規則明確禁止卡拉OK，卻讓人可以一直唱到快天亮，甚至引來警察前來勸導，仍持續大聲喧嘩。對於這樣的營地管理，無疑讓人感到失望。,1,1,-1,5476,,2022/05/08,0,負向
營區風景不錯，營主也很熱心，但營區環境清潔需要更加努力，特別是洗水槽和冰箱。這次入住貨櫃露營屋時，室內拖鞋超濕的讓我們感到困擾。詢問打掃阿姨時，她說有使用酒精消毒水，但可能使用過濕了。更讓我們困惑的是浴室洗澡時水被多次停了好幾次，有一次還停水2-3分鐘之久，這種天氣被停水真的讓人無法接受，小孩和大人都洗到哇哇叫，真的很冷。,2,1,-1,5482,,2022/05/08,0,負向
這個房間跟網路上的評價不太一樣，空間被收納物品塞得滿滿的，小孩子幾乎沒有地方活動，不過其他公共設施還不賴。,2,1,-1,5491,,2021/05/08,0,負向
帳篷的間距太近了，容易受影響。洗碗槽的高度只到膝蓋，得劈開雙腿來洗碗！B區和C區共用廁所，人多時廁所變得又髒又亂，也不常清理，必須特別提醒才會處理。深夜時沒有限制其他露營者的噪音，連續兩天晚上都被隔壁帳篷大聲唱歌聊天，一直到清晨5、6點。多次向管理者反應，都沒有改善。整個晚上都是聊天唱歌聲，從晚上12點一直唱到早上6點，不間斷。沒有限制其他客人，整體品質受到影響，感受非常糟糕，不打算再去了。,1,1,-1,5497,,2021/05/08,0,負向
飲水機離冰箱太遠，營位太靠近，吵雜的環境，停車位置也很不方便。,2,1,-1,5498,,2021/05/08,0,負向
這裡的設施雖然不錯，但營地管理不力，讓其他客人大聲吵鬧，影響大家的休息時間。,1,1,-1,5515,,2020/05/08,0,負向
硬體設備不錯，廁所衛浴設備也很乾淨。但在營區裡有三隻大狗一直繞著帳篷走，從晚餐到半夜都擾亂了我們的行動。入睡時他們還在附近玩耍，影響了我們的睡眠品質。雖然不討厭狗狗，但牠們在吃飯時來回走動讓人感到困擾，煮飯時還要防止牠們偷吃食物。除了狗狗的問題外，其他都還算不錯。,2,1,-1,5520,,2020/05/08,0,負向
雖然周圍環境不錯，但小黑蚊很多，還有野狗半夜會翻垃圾筒，一直在帳篷外走來走去，所以影響了睡眠品質。,2,1,-1,5521,,2020/05/08,0,負向
這個地方很吵，因為靠近羅馬公路，晚上要不是機車聲就是跑車聲，很熱鬧！而且營地規定不能踩草坪，難道要客人們飛起來嗎？一個帳篷要1200元，沒有好景色或新鮮空氣，價格有點貴。給多一顆星是因為附近有很多螢火蟲，可以提供放鬆的療癒感，這是我唯一讚賞的地方。,2,1,-1,5534,,2019/05/08,0,負向
各區間距離太接近了，露營區位置太過擁擠，晚上鄰居聊天到1、2點造成很大的噪音。,2,1,-1,5538,,2018/05/08,0,負向
兔子最適合的飼養環境需要注意氣溫、濕度和餵食，並確保避免高溫和淋雨。此外，要給兔子提供無限量的提摩西草和飲用水，並適量提供飼料。同時也要避免讓兔子暴露在高溫環境下，以免引起中暑或其他健康問題。,1,1,-1,5737,,2022/05/08,0,負向
景色很美，但環境和人員素質有待提升。,1,1,-1,5799,,2019/05/08,0,負向
這個地方有很多蚊子和苍蝇，不管是早上或下午都很多。管理人員還建議買苍蝇貼片。,1,1,-1,5807,,2019/05/08,0,負向
這句話的意思是「會釋放鳥的主人，請注意不要踩雷」と為了提醒大家不要踩到鳥隻排泄物。,1,1,-1,5813,,2019/05/08,0,負向
設施價格親民，風景一般。,2,1,-1,6069,,2023/12/08,0,負向
一開始說可以在這區建立帳篷。大熱天已經搭好帳篷，卻說這個區域不允許搭建而必須停車。又得再次搬移，真的很令人沮喪，而且路況艱難，底盤經常碰到地面。,1,1,-1,6073,,2023/07/08,0,負向
菠蘿蜜區洗頭時熱水突然沒了！與其他區共用2間廁所及衛浴間（蹲式與衛浴同間）。車輛無法進入營區，設備由營主開牛車運載。,2,1,-1,6079,,2023/05/08,0,負向
我租的雅房和照片上的相差很大，但算了吧。房間久未整理，有跳蚤，讓我的皮膚癢。我們忘記帶食材，當想到時已是傍晚，打電話詢問時，對方以為我們不要了，並派工讀生來清潔房間，同時順便帶走食材。下次應該先確認租營地的人是否遺忘事項。我對處理事情的方式不太滿意，需要加強。但也要反思自己的疏忽，不能怪他人。,2,1,-1,6090,,2023/05/08,0,負向
這個營區環境雖然不錯，營主也熱情，但在設施方面可能有些不足。兩晚的五帳包區只有一間衛浴能洗澡，需要排隊很久。考慮到你們五帳包區已經有8個人，人數相對較少，如果原本是預計10-15人的五帳包區，可能需要更長的時間才能輪到洗澡。,2,1,-1,6099,,2022/05/08,0,負向
看來你在露營的經驗並不如預期，希望從評價獲得的期待沒有如預期那樣好。當初透過網路評價做了選擇，希望一切順利，但實際下訂後，卻遇到了許多問題。付了訂金後，問問題的訊息卻沒有得到回覆；入住當晚繳清尾款後，卻再也沒看到那位在評論中被形容得親切的老闆老闆娘。兩間洗手間供至少16人使用，但只有在繳款時才會出現，引來疑問衛生紙是否夠用。除非願意在晚上6點或11點洗澡，否則需要等很久才能輪到自己。此外，流理台沒有提供肥皂或洗碗精，盥洗室更沒有浴室用品。綜合來看，11位露友對這次露營有著相同的感想。,1,1,-1,6137,,2019/05/08,0,負向
有人這樣經營生意嗎？為了要加班業績，竟然要求已經預定的客人取消訂位，還要我改訂其他日期？我真的輸給你了，老闆！「人無信而不立，業無信而不興」，這是古訓！,1,1,-1,6320,,2023/06/09,0,負向
所有的房客都很安靜，只有在星期日的早晨，屋主的朋友來訪，竟然在前院聊天，從早上六點多開始一直聊到近八點。這樣一來讓人如何入睡呢？做生意的人要注意這一點，其他方面都還算不錯。,1,1,-1,6328,,2023/05/09,0,負向
這個露營區並非由原住民經營，訂單確認後又被管理員修改，多收取了一些費用。環境並不那麼讓人感到放鬆，隨時都有被管理者監視的感覺。也許應該考慮停止這個露營區的營業，以回歸給原住民。,1,1,-1,6580,,2023/09/09,0,負向
這個營區在冬天時不建議前來，即使我們沒使用高功率電器也會經常跳電，營主會因此大發雷霆，且偶爾會聞到菸味(因為營主抽菸)。如果帶著小孩，那更不能考慮來這裡。唯一的優點是廁所很乾淨。,1,1,-1,6593,,2023/05/09,0,負向
冬天不太適合造訪這個露營區，使用低功率電暖器可能會造成跳電情況。此外，若您表示害怕冷，營區管理人員可能會給予負面回應，建議可能需要考慮其他露營場地。同時，工作人員也可能會用不友善的言語對待您。,1,1,-1,6594,,2023/05/09,0,負向
營地廁所的清潔程度很好！在山上露營可以讓人放鬆心情、吸收芬多精，但是營地主人經常在帳篷旁抽菸！如果有計畫帶孩子來露營的話，擔心他們會吸到二手菸或三手煙，不建議選擇這裡！這顆星好評是在給營地主人的二手菸環境。,1,1,-1,6597,,2023/05/09,0,負向
營區整潔，浴室熱水正常，但電力供應不足，凌晨會停電。如需提前通知，請勿責怪露營者。請定期檢修供電設備。電力固定在凌晨斷電，廁所連燈都沒有，營區可不限制卡拉OK使用，營主也在唱卡拉OK。注意護草墊使用方式，不需特別強調椅子放置於墊子上。,1,1,-1,6614,,2022/05/09,0,負向
露營區和浴室環境都很好，但除了營主本人以外，其他多位女性工作人員的態度很差！非常差！一點也不友善！許多營友問問題時，有一位女性工作人員的態度非常差！回答的口氣很不屑！所以我不會再去那裡了…,1,1,-1,6617,,2022/05/09,0,負向
環境整潔，熱水供應僅至晚上十點，並且洗手台的燈也只亮到十點，營區主人或許給人冷淡感覺⋯⋯⋯⋯,2,1,-1,6625,,2022/05/09,0,負向
入住日期是11月7號。來到馬胎227露營區的第一次露營，選擇了廣場區，整體環境清幽乾淨。晚餐後孩子和隔壁營區的家長一起玩夜間探險，可惜下雨，但也算體驗到了露營的樂趣。到了晚上，大批來遲的客人一直喧鬧、唱歌和聊天，導致山區在深夜2-3點特別吵雜。營區的主人沒有出來制止，為了安全考量，我也一直未前往反映，直到友人在半夜3點半氣憤地提醒後才有所改善。整晚沒睡覺的情況下，早上匆忙收拾要離開下山時，營主前來幫忙移車，談起昨晚客人吵雜的情況，卻只是笑笑回應客人都已經喝酒，所以無法控制。這情況令人大受影響，儘管營區在預訂網站上有5星評價，但營主似乎只顧著招待熟客。,2,1,-1,6640,,2021/05/09,0,負向
營區收容人數超過了限制，帳篷貼得很近，活動空間幾乎沒有。酒客很多且吵鬧，不太適合親子活動。,1,1,-1,6655,,2021/05/09,0,負向
非常擁擠，擁擠到極致，讓人感嘆。,1,1,-1,6659,,2021/05/09,0,負向
只有中華電信有信號，其他家都沒有。營地有WIFI，但需要提醒大家，去馬胎227營地的路很彎曲，看不到來車，有點危險。道路狀況非常糟糕，因為正在整修，路面凹凸不平，滿佈大大小石頭，容易損傷車子底盤。如果開休旅車還好，但一般轎車開車要小心。此次入住營主家前的廣場區很小，卻要擠進5個帳篷，孩子沒有足夠活動空間，感覺營主開價超過。營地裡有蟑螂和大量蒼蠅，可能因海拔750公尺，沒有小黑蚊。廁所離廣場不遠，很乾淨，旁邊有小溪，可以抓溪蝦，是適合小朋友泡腳的地方。不遠處有營主養的雞自由走動，不關籠，凌晨3點開始咕咕叫，影響睡眠，早上還跑來營地玩。如果上述情況您可以接受，可以考慮一試，但我個人不會再去了。,2,1,-1,6660,,2021/05/09,0,負向
要前往目的地約一公里的路況確實糟糕，路面不平影響到營地的大小和可供小朋友跑步的草地也缺乏。到達營地後，車子無法行駛下去，只好停在別處然後步行前往營地。,1,1,-1,6661,,2021/05/09,0,負向
營地已經擠滿了，還接待太多客人，老闆飼養的雞整晚都在叫，根本無法入睡。,1,1,-1,6664,,2020/05/09,0,負向
這個營地環境優美，有溪水和兒童滑梯，廁所浴室也很乾淨，只是地面常常潮濕。在認真逛過之後，我覺得只有B區適合搭帳篷。營地放養了一些雞，它們自由走動，不停地咕咕叫有點吵，但比起被關在籠子裡的狗來說，雞看起來更幸福。每天清晨都能聽到雞唱狗叫的聲音持續不斷。儘管如此，大自然所帶來的蟲鳴鳥語卻是充滿美好的。總的來說，這裡真的沒有很多好選擇！,2,1,-1,6668,,2020/05/09,0,負向
營地可能會收取額外費用，營位空間有點狹小，停車位比較狹窄！,1,1,-1,6676,,2019/05/09,0,負向
這家店的服務態度不太友善，而且他們讓自家狗隨意亂拉亂尿。,2,1,-1,6693,,2023/03/07,0,負向
沒有使用高功率的電器卻總是跳電，還說天氣太冷就不要出來露營，還罵人，有點過分了。提到你使用了第六代380W的電器。,2,1,-1,6697,,2022/12/13,0,負向
B2區蟑螂很多，偶爾還能聞到狗屎的味道。,2,1,-1,6728,,2020/08/21,0,負向
營地的衛生設施管理不當，廁所清潔狀況糟糕，垃圾未清理。洗澡熱水不穩定，帳位擁擠，夜晚無法好好休息。營主服務不佳，回應時間過長。整體而言，這個地方不值得再次光顧，建議可以考慮其他環境更好、價格更合理的選擇。,1,1,-1,6753,,2024/04/11,0,負向
這個地方空間狹小且擁擠。每天半夜都有流浪狗前來覓食。垃圾桶並不是獨立使用，而是需要共用。,1,1,-1,6756,,2024/04/09,0,負向
這個房間的隔音效果很差，使用起來很吵，廁所還在外面，而且連吹風機都沒有，非常不方便。另外露營區的廁所被很多人使用，卻沒有清潔維護，環境非常髒亂。,1,1,-1,6758,,2024/04/09,0,負向
第一次來參加露營活動，晚上露營地主人沒有來巡視。打電話給露營地主人，已經超過11點了，但仍有一些人在帳篷裡聚在一起喝酒並作樂。當地主人到場後，情況仍然很吵雜，服務也不盡如人意。,1,1,-1,6766,,2024/03/09,0,負向
建議ABC三區需改善服務，減少露營區域，提升露營品質。,2,1,-1,6771,,2024/01/09,0,負向
當我們一開始在線上訂位時，前排夜景區還有空位，並且已經付款確認了位置。然而，當我們當天抵達時，位置卻被分配到中間的草皮區。我們詢問老闆，我們不是訂了前排的位子嗎？老闆卻回答說：前排的位置留給了當天才訂位的客人。我們再問老闆，我們現在不就是當天才來的嗎？老闆毫不留情地說沒有辦法⋯⋯後來才發現原來是他把位置給了後面才訂位的6個人⋯⋯感覺有點被忽略，真的很失望。,1,1,-1,6773,,2024/01/09,0,負向
1.12/1至12/2凌晨1點多時，B區的露營友人大聲交談，並有小孩持續喧鬧2.營區各帳篷之間相當接近，營繩險些相互碰撞3.營地的垃圾桶數量較不足，有些被擺放在營位前面，建議調整至營位後方或區域入口處，以免造成來回穿梭的情況4.良好的營友素質至關重要，請避免到別人帳篷前徘徊窺視其裝備，這樣行為相當失禮，若需行走請繞道帳篷後方5.請規劃專屬吸煙區，以避免煙味風向流向他帳篷，也可減少地上煙蒂的出現，使露營區更加清潔，否則可能使這個營地失去再次造訪的吸引力,1,1,-1,6776,,2023/12/09,0,負向
我今天剛從騰雲露營區回來，實在露營時確認，當我回家時一定要分享評論...感受真的不盡如人意... 浴室很大（最後一間完全沒熱水）、飲水機上灰塵超厚... 冰箱超小，沒有劃分區域，所有人都亂放... 馬桶水箱沒有蓋子... 草地上蜈蚣超多... 營區環境動線很奇怪，沒有小孩活動區域，每個營位之間距離超近（有點像夜市攤位的概念嗎？）... 晚上超晚了，隔壁營位噪音很大，營主也沒有來干涉，帶狗的露友控制不好，經常跑到我們帳篷旁，令有小孩的人非常困擾... 我是在特別區看完評論後才決定要不要去... 因為我實在不推薦說好的百萬夜景，我只看到營位前有棵大樹在我眼前... 我真的極度不推薦。,1,1,-1,6786,,2023/11/09,0,負向
有野狗出現並咬走了半隻雞，附近還有一大堆戴項圈的狗，洗澡的水忽冷忽熱，讓我燙傷了。後來我還遇到一位沒有禮貌的女性旅客在浴室小便，並把衛生紙丟在地上。,1,1,-1,6797,,2023/08/09,0,負向
打了二三十通電話都沒人接，沒熱水，我在裡面等了二十幾分鐘，水溫也忽冷忽熱的。這樣的露營區真的不值得給六顆星，這顆星似乎是多餘的。,1,1,-1,6802,,2023/05/09,0,負向
這個露營地的廁所清潔頻率很低，即使打電話反應了也還沒來清潔。另外，熱水溫度忽冷忽熱，睡眠品質也不穩定，而且清晨起床時受到寒流的折磨。,1,1,-1,6817,,2023/05/09,0,負向
廁所很少且髒亂，熱水時大時小。我打電話告知營主廁所髒亂的情況，但是營主沒有處理。,1,1,-1,6818,,2023/05/09,0,負向
這個露營地接近野外露營體驗，但收費卻高昂。上山的路況狹窄，行車十分困難。到達營區後，沒有帶位服務，讓露營者自行尋找地點。海拔超過1000m，一大群車輛難以掉頭。在此營區遇到了從未經歷過的雷暴，半夜電箱爆裂跳電，室外只有8度。中華遠傳訊號薄弱，停電時連Wi-Fi也無法使用，被要求戒網路。洗碗槽沒水或水壓低，要求露營者環保無水洗碗。小孩洗澡時水壓停止。傳聞連抽水馬達都燒壞了，馬桶水槽也爛掉，需要自行舀水沖便。廁所髒臭，有未沖洗的糞便。營區晚上沒有宵夜管制，吸引夜貓族。管理不善，露營者數量過多，設施承載壓力大，經驗非常不愉快。,1,1,-1,6822,,2023/05/09,0,負向
如果你打電話跟營主說廁所沒有衛生紙，然後直接掛電話，這樣的行為是很不禮貌的。,1,1,-1,6825,,2023/05/09,0,負向
聖誕夜的時候大樓斷電了，管理處處理速度慢，還警告要節省用電，否則會停電。朋友幫忙修理水電時沒有收取額外費用，用電量已經超出預算了。營區本來應該要注意好衛生，沒有那麼頻繁清潔，但現在又要開放新的營位，讓人擔心這個營區的情況。,1,1,-1,6832,,2023/05/09,0,負向
上方特區的情況真是糟糕，營主開放其他露客夜衝，造成帳位難以安排，導致混亂。此外，其他露客未遵守規定收帳離開，也沒有管理控制，讓人感到困擾。再者，靠近浴廁的兩個營位太小，無法搭建兩帳，而照片並未更新，讓人誤以為只有一帳位。這兩個問題需要營主儘快改善，信譽與品質才能保持長遠營運，避免斷斷續續的情況發生。,1,1,-1,6833,,2023/05/09,0,負向
最令人無法接受的是，夜晚沒有設定停止進入的時間限制，甚至在晚上11點或12點仍有車輛一直開上山，而且車燈和在帳篷裡的人吵雜聲直到深夜都沒有停止。第二天早上收帳的時候發現帳位上長滿了蜈蚣，幸好有使用草地保護墊，但仍然有蜈蚣鑽進帳篷裡，數量比螞蟻還多。營地的視野很好，傍晚可以看到美麗的夕陽，晚上可以欣賞星空，清晨時分濃霧迷濛，讓人感覺彷彿置身於仙境。廁所和浴室設施不多，但有提供冰箱和飲水機。還好是在連假前來的，否則半夜受到夜衝所帶來的吵聲影響，第二天一大早就匆匆離開，不想待在擁擠無法放鬆的營地中。,2,1,-1,6842,,2023/05/09,0,負向
到營地後要冰食材時，營主說冰箱剛開但已經冰了快一小時，溫度卻還是27度！比家裡的冷氣還熱？連冰塊都直接融化了。晚上洗澡時，朋友們剛進浴室就發現沒熱水。修好後我們進去洗，只有一開始的前兩分鐘水是熱的，後面全程都是冷水。很辛苦地花了半小時忍受冰冷的水洗完澡。營地風景很美，但設備真的需要加強。,1,1,-1,6849,,2023/05/09,0,負向
建議你來這裡露營之後，每次露營都會有不一樣的美好體驗喔！,1,1,-1,6856,,2023/05/09,0,負向
環境還可以，沒有其他人說得那麼美好，WiFi 狀況良好，衛浴設備還算可以，但熱水不太穩定是最大的問題......地方太擁擠了，露營者的噩夢，停車場也不夠，許多帳篷擠在一起，前往的人需自行評估......別輕信網路上的宣傳文章。,2,1,-1,6859,,2023/05/09,0,負向
B區就像停車場露營一樣，一點也不美觀。,1,1,-1,6860,,2022/05/09,0,負向
環境衛生需要改善，環境衛生需要改善⋯⋯帳篷太多了，整體品質不佳。,1,1,-1,6864,,2022/05/09,0,負向
"1. 冰箱的冷藏功能不足，有濃烈異味，似乎已久未清潔！冰箱無法提供冷凍功能，食材幾乎都變成室溫！
2. 各大電信業者訊號不佳，雖然有提供WiFi，但訊號不夠穩定。
3. 這裡的景色並非大片美景和帳篷，也不想看到一整排車輛！停車場空間充裕，卻讓A區滿滿一排車輛，如果訂不到景觀好的那排，B區就只能面對別人露營的車輛。官網描述與實際場地並不相符，反映給營地主人也僅回應是原來如此規劃...
4. 浴廁前有一大片蜘蛛網和蟲蟲，幸好成為小孩們觀察生態的地方。浴廁雖然寬敞，但從到達到離開一直是滿滿垃圾桶…清潔有待加強！
5. 特地到最佳觀景區，白天和夜晚景色真的很美！",1,1,-1,6868,,2022/05/09,0,負向
營地管理人員表示只有A區（景觀區）的住客可以把車停放得像停車場一樣。對於其他區的住客來說，面對一整排的車輛露營也是正常的。建議大家如果無法預訂到A區，倒不如考慮在附近的停車場露營。,1,1,-1,6869,,2022/05/09,0,負向
在B區露營感覺像是停車場，停車位規劃不足導致帳篷和車子擁擠在一起，園區雖有告示牌要求停車在外面，但默許A區的人停在旁邊。這跟網路上的照片與規劃不一致，加上收取的1000元費用讓人感到被欺騙。希望營地管理者能清楚告知政策，以免造成顧客到現場才發現。站在帳篷裡看出去都是別人的車輛，對老闆的消極態度感到非常失望。,1,1,-1,6870,,2022/05/09,0,負向
卡拉OK聲音太大影響景觀，缺乏管理，讓人感到失望。,2,1,-1,6882,,2022/05/09,0,負向
這裡到處都是螞蟻，住了兩晚真的很可怕。,2,1,-1,6907,,2022/05/09,0,負向
特區營區晚上價格是1200元，營位都很近，似乎沒有考慮到需要拉營繩的問題。營位設計很狹小，可以參考照片上的保特瓶比例來比較。,1,1,-1,6953,,2021/05/09,0,負向
營區超過容量已經連續排滿了，甚至間隔5列8行的位置也都沒有空位。我被安排在左邊第一個紅圈處，被夾在兩棵樹中間。此外，還多收了三個人，我以後可能不會再來這裡了。,2,1,-1,6957,,2021/05/09,0,負向
夜晚的景色確實令人感到放鬆與愉悅，但衛浴設備有些問題，熱水時常波動，讓人煩惱。希望未來能有所改進，特別是對於營地的排水系統。,2,1,-1,6964,,2021/05/09,0,負向
"優點：雲海美景、夜晚景色宜人、夕陽浪漫、草地平坦。
缺點：建議減少營位數量，活動空間不足；浴室廁所不足、沒有清晰標示；水壓不足、溫度不穩；停車位不足、規劃混亂；網路訊號僅限中華電信，其他電信業者訊號不穩；WIFI訊號不佳，造成連線問題。",2,1,-1,6966,,2020/05/09,0,負向
營主可能會在半夜時叫人結帳而沒有再次入住的機會。,1,1,-1,7009,,2019/05/09,0,負向
優點：D區場地很寬敞並有樹蔭遮蔽，無需搭建帳篷也不會曬到太陽，非常不錯。缺點：環境整潔程度需要改善，水槽非常骯髒，廁所裡面有很多蜘蛛網，感覺已經很久沒有清理。營區和廁所門口的洗手槽有非常多的大隻會飛的蟑螂，這讓環境衛生讓人擔憂。,2,1,-1,1,,2024/05/06,0,負向
廁所很髒，沒定時清潔，臭味很重。吹風機品質不佳，常常過熱斷電。浴室洗了一半沒熱水，而且熱水不夠熱。冰箱太小，容量不足。洗手台歪斜，無法放置物品。,2,1,-1,16,,2023/12/06,0,負向
這個營地環境真的很糟糕，下雨時大量積水，草地泥濘，而且走到廁所的路上沒有照明，只有一盞昏暗的燈光照在牆壁上。衛生狀況維持得很差，廁所裡除了臭味以外沒有其他詞彙可以形容。營地一直都存在這樣的問題，但營主卻沒有因為經驗而做出改善。在雙十連假期間露營，只看到一位老先生在打掃，很明顯環境清潔的人手是不足的，連冰箱都很髒。這樣的環境讓人實在不想再來造訪。,2,1,-1,21,,2023/11/06,0,負向
你可以稍微重述這句話嗎？,1,1,-1,22,,2023/11/06,0,負向
營位的光線有些昏暗，當我們中午抵達營地時，發現廁所的清潔狀況很糟糕，一直到晚上10點仍未有改善！垃圾桶滿溢，衛生紙到處散落，馬桶髒得令人傻眼，幾乎每一個廁所都讓人感到恐懼...,1,1,-1,36,,2023/05/06,0,負向
水壓變化大，流理台使用不便，帳篷共用比較多人，有些不受管理的野生動物，以及一些可能吵鬧的露營者讓夏日景觀失去了宁静。,2,1,-1,38,,2023/05/06,0,負向
營區應該是要求在晚上22:00後保持安靜吧？為什麼還有團體在半夜兩點還在彈吉他喧嘩，卻沒有得到有效的管理呢？難道不應該考慮其他人的休息時間嗎？,1,1,-1,45,,2023/05/06,0,負向
廁所的氣味有點難聞，看起來已經有好幾天沒有清潔了，衛生紙也用光了卻沒有補充，雖然環境算是美麗，可惜被塞滿了帳篷和車。,2,1,-1,46,,2023/05/06,0,負向
這個場地雖然很寬敞，但F區真的不太好。為什麼在旁邊要放加壓機，還要讓人搭帳篷呢？整晚24小時都沒停過，就算停了也很快又開始噪音，根本讓人無法好好入眠啊~~~~,1,1,-1,50,,2023/05/06,0,負向
營區環境優美，空間寬敞，但因為入住人數眾多，導致廁所環境較差且易髒亂。希望增加清潔頻率，提供充足衛生紙。浴室數量不足，倒數第二間沒有熱水，水溫和水壓不穩定，且排水系統有問題導致積水困擾。而直接在現地焚燒垃圾的做法是無法接受的。,1,1,-1,68,,2023/05/06,0,負向
太糟糕了！在假日洗澡時沒熱水是可以理解的，可以等一下！告知老闆後，他說什麼沒瓦斯，換了瓦斯叫我脫光衣服在身上擦沐浴乳，實在太冷了！站在那裡等了有20分鐘！還是沒熱水？？？ 我就想問！瓦斯換去哪裡了？？太誇張了！不會再來了！,1,1,-1,96,,2022/05/06,0,負向
廁所裡的水龍頭開得太多，導致衛生間變得很髒。熱水沒有供應，不論是早晨還是晚上洗澡都是用冷水。這樣的情況真的很糟糕，強烈建議避免這間地方。,2,1,-1,106,,2022/05/06,0,負向
這真是個糟糕的經歷！在初三到初五這三天裡都是走在爛泥中，真是辛苦啊！上廁所的路上連路燈都沒有，走去和走回帳篷都是在爛泥中，排水系統不完善，即使下雨不大地上還是積水，還經常跳電，熱水又不夠熱，這個露營區真是難以忘懷的糟糕回憶啊！,1,1,-1,108,,2022/05/06,0,負向
廁所和浴室在同一個空間，洗澡時還會聞到便味，且洗手盆也非常不足。,2,1,-1,112,,2022/05/06,0,負向
房間有點不乾淨，但春節價格很優惠。,2,1,-1,114,,2022/05/06,0,負向
這部落格真糟糕，第一天洗冷水，第二天又跳電，看來營主大賺一筆。,1,1,-1,118,,2022/05/06,0,負向
營區的環境很舒適，有溪水和螢火蟲，但有個人提到一年前浴室的水溫問題，今天卻一直是冷水，沒有熱水，真是有點令人失望。,2,1,-1,148,,2021/05/06,0,負向
雖然這個地方的空間緊密，活動地點缺乏樹蔭，容易讓人感到熱，洗澡時也常要排隊，但仍有螢火蟲和溪水可以玩，不過相對於其他露營區，這裡的設施和空間較不足。,2,1,-1,149,,2021/05/06,0,負向
建議業主訂立規定，在晚上十點之後請保持安靜，避免太大聲。最近夜裡有些鄰居在半夜十二點還在大聲聊天，儘管我已經跟他們溝通，剛開始有些改善，但很快又恢復原狀。其中一個人一直在吹噓自己的成就，要求其他人多多學習，這樣的嘈雜聲實在令人困擾。,1,1,-1,176,,2021/05/06,0,負向
浴室間數不足，洗澡水溫不穩，排水不良，地面有太多碎石，洗碗槽不夠。,1,1,-1,190,,2020/05/06,0,負向
這個營地環境很糟糕，廁所超級髒，只有一間衛浴有熱水，收費卻要1200。,1,1,-1,204,,2020/05/06,0,負向
這個露營區設施很不完善，環境也很髒亂，並沒有提供給小朋友的遊樂設施，價格卻要收取1200元，真的不值得，不推薦再次造訪這個地方。,1,1,-1,205,,2020/05/06,0,負向
排水系統不太好，下完雨後草地都變成泥濘了。,2,1,-1,207,,2019/05/06,0,負向
營規禁止在營區唱卡拉ok和使用高分貝音響，可惜我們碰到了這些情況，歌唱一直持續到晚上11點，其他區域也效仿後續播放音樂，營區外還有施放臭肥，引起難聞異味，吸引許多蒼蠅。晚上有提供桂圓銀耳甜湯，雖然收穫加分，但請主辦方在未來採取行動，以免損害營地聲譽。,2,1,-1,279,,2024/04/06,0,負向
"1. 營主在這麼炎熱的天氣下，很熱心地提供清涼的點心。
2. 營主相當專業，聲稱附近有一些小黑蚊，但前三名的營友釣到的幾隻苞數分別是34、33、19，令人好奇老闆心中覺得哪個數字才算是多。
3. 廁所的環境乾淨又寬敞，共有四間，不過需要小心注意可能會有小昆蟲或小寵物。
4. 愛釣魚的朋友們應該小心謹慎，要抓到幾隻魚就要妥善放置，因為營主會透過監視器看著，以確保沒有人偷藏他的魚。如果需要呼叫營主，其實只要在監視器前揮揮手，他就會立刻過來。感謝小黑蚊的破紀錄咬到我，讓我得以體驗這個露營區。",1,1,-1,334,,2023/05/06,0,負向
明明知道螞蟻在繁殖期時數量眾多，卻沒有告知，這會讓露營體驗大大降低。,1,1,-1,373,,2021/05/06,0,負向
我想再去的營區不應該讓人感到悶熱，避免午後雷陣雨造成排水困擾，並改善泥濘路面以提升露營體驗的舒適度。,1,1,-1,375,,2021/05/06,0,負向
草地營地設在洩水道旁可能不太理想，如果下大雨時會有一條大水溝在旁邊流過。營主應該仔細考慮是否將營地設在水溝旁是否更合適。,2,1,-1,376,,2021/05/06,0,負向
這次露營經驗真的很奇特，營地的雨棚被搭在營主家門口，家人經常出入，讓人感覺缺乏隱私。明明租了營位，卻無法擺設完整，還得留出一條走道給他們通行，限制了搭帳的空間，真的很不方便呢！,1,1,-1,417,,2024/04/03,0,負向
園區裡有人可能放置了捕獸夾！攜帶寵物進入時請小心。,1,1,-1,467,,2024/02/06,0,負向
這裡真的很糟糕，以後不會再來了。所有人都希望在跨年夜開心一下，但這裡的規定太多了，什麼都要依法辦事。難道我們是花錢來這裡睡覺的嗎？只給你六顆星，還差那最後一顆。,1,1,-1,468,,2024/01/06,0,負向
因颱風來臨而取消了訂有二區5+8帳的雙十連假行程，並因安全考量而決定取消，扣除了60%的訂金。然而，取消租借裝備的費用卻被完全沒有退款，營主聲稱是由廠商代訂的，但實際上在營地倉庫內的裝備如何能讓廠商代訂呢？面對淹水及帳蓬進水的問題，營主並沒有明確提供解決方案，僅表示營地為戶外地區，不可避免會遭遇淹水問題，對此避而不談。熟悉營地的人都明白這個問題，因此在訂購營位前多加評估還是很重要的。,1,1,-1,475,,2023/10/06,0,負向
在露營地沒有垃圾桶，需要將垃圾帶到廁所外的垃圾桶丟掉。營地主人並沒有提前告知可能受到季風影響，強風導致帳篷和烹飪區被破壞。營地的地板是石頭地，難以釘營釘，並且可能是連假時電力供應不足。打算前往露營的朋友們應該要考慮這些問題！,1,1,-1,482,,2023/05/06,0,負向
這次露營經歷真是糟糕，營區設施條件不佳，地面多碎石難釘，營位安全問題也相當大，晚上更冷到零度，營主服務更是差勁，要求賠償電器，卻沒提供有效解決方案，讓我們只能自行取暖，最後小朋友還感冒了，這種營區服務不能讓人接受，絕對是要避免的地方。,1,1,-1,486,,2023/05/06,0,負向
"1. 起初與老闆聯繫時，他們態度很友善。不過付款後，態度便劇烈轉變，因為我家人臨時離世，無法如約露營。營地主人一直催促要求提供證明才能退款。我理解需要相應文件，但訃聞並不是能當天就取得的事情，也沒有人會拿這種事開玩笑。

2. 在當天花了兩個小時搭起營帳之後，營地主人就來要求支付尾款，讓我感到相當糟糕。

3. 我們租借的床墊有漏氣問題，換了仍是如此。當我們反映此問題時，租賃商品管理不善的營地主人卻生氣地說：“知道會漏氣就不要租了！” 

4. 垃圾桶離營區很遠。

5. 熱水溫度不夠高，冬天不建議露營。",1,1,-1,487,,2023/05/06,0,負向
對於裝備不足的露營朋友而言，這次的露營經驗真的令人非常失望。朋友租用的充氣床居然一直漏氣，於是我們半夜不得已要求營地負責人來修理。然而，營主不僅態度惡劣，口氣十分差勁，甚至換了新的充氣床仍舊漏氣。最後只好讓全家人睡在坑洼不平的地面上，而且營主對收費態度反覆，極度不友善。最終竟然直接要求我們不要再來露營。這次的糟糕經驗讓人印象深刻，我們一定會向其他裝備不足的露營朋友提出警告。,1,1,-1,489,,2023/05/06,0,負向
營區冰箱有漏電的問題，這可能對人造成危險。營主對這個問題處理得不夠積極，且態度不好。,1,1,-1,490,,2023/05/06,0,負向
"1. 我們租了氣墊床，但發現有問題，當我們請營主來幫忙更換時，他的態度很差。他未能妥善處理設備問題，讓我們整晚只能睡在硬梆梆的地板上，這是個非常糟糕的體驗。
2. 當我們要結帳離開時，營區的工作人員告訴我們租借的帳篷和客廳帳不用收費，因為需要讓它們曬太陽以防潮濕。過了一會兒，營主卻來告訴我們需要支付費用。我們跟他溝通時，營主表示他就是老闆，他說了算，然後就離開了。我們只好開始收拾設備。過了一陣子，營主又突然跑來說：「哎呀，你們不用收拾設備啊！」當時我們正在整理裝備，覺得非常錯愕...這位營主難道沒有眼睛嗎？我們絕對不會再來這個營區體驗了，實在太糟糕了。",1,1,-1,491,,2023/05/06,0,負向
帶團露營從未這麼不開心過，營地下雨積水，我向營主反應，但他只是找藉口說尖石的營地就是這樣。營釘打歪、沒有垃圾桶，甚至要自己提到廁所去丟，這都是小事。晚上貓咪將我打包好的垃圾咬破，垃圾滿地。一早營主看到，卻很不客氣要我快清理，我剛看到垃圾被咬亂，傻眼中，就好像我們亂丟垃圾一樣，感到很不悅。不到中午十二點，營主就一直說怎麼收這麼久，我等著你們，我已經付了營地費，時間還沒到，到底是怎麼回事？營主就可以隨意收錢，更改時間嗎？真心不推薦這個營地，雖然營區美麗，但營主的態度不友善，營地的問題多多。希望和我一樣追求開心露營的人，不要浪費金錢，也不要受氣。只能給一顆星星，至少營區是美的，這一點我不否認。錄影存證我們離開時沒有任何垃圾掉在地上，我們有戶外人應有的品格。,1,1,-1,492,,2023/05/06,0,負向
"1. 搭帳的時候釘子很難打入，好幾根釘子都壞了。  
2. 要丟垃圾必須走到浴室才能找到垃圾桶。  
3. 廁所只有在清潔當天才會乾淨，之後就變得很髒，感覺維護不足，而且廁紙缺乏補充。  
4. 排水系統很糟糕，下大雨時帳篷就會淹水，排水效果不佳。",2,1,-1,498,,2023/05/06,0,負向
原本準備參加萬聖節走秀，卻突然被大雨淋濕，變成摸蜊仔和洗褲的體驗。雨讓帳篷像靠山靠水，家裡前後有小河，很擔心變成漂在河裡。帳篷積水只能像大禹挖水道一樣土法煉鋼，但似乎無用，比起前陣子北部暴雨的大雨，我們決定提早撤帳，免得深夜驚醒。雖然這場雨之前的體驗還算不錯，但是營釘真的很難打（可能是因為工具太差或者力氣不夠）。,2,1,-1,499,,2023/05/06,0,負向
在雨天練習挖溝技能可以處理排水不良的問題，不過記得事先準備好鏟子。,1,1,-1,500,,2023/05/06,0,負向
營區的排水出了問題，導致泥水滿佈整個地面，無法再露營下去了。其他地方都已經收拾乾淨，但這裡還在提早收拾。原來露營要準備帶鏟子。,1,1,-1,501,,2023/05/06,0,負向
上周我參加了一個親子露營，去了印象尖石。星期六白天天氣還好，但到了四點就開始下雨了。營地根本沒有排水系統，所以每個區域都淹水了。主辦單位覺得是天災，不應該怪罪營地方，但他們難道不需要評估雨天可能的積水問題嗎？我們的帳篷後半段都淹了水，小朋友也無法參加任何活動，為了避免感冒，我們只好決定離開。不少人都已經離開了，因為不知道雨什麼時候會停。雖然沒有遇過豪雨，但這次的積水和排水問題讓我們感到非常失望。支付了一千五百的費用，卻換來小朋友的不快、尷尬的離開以及一肚子氣。,1,1,-1,502,,2023/05/06,0,負向
這個營地雖然停車方便是個優點，但排水不良、未提供草地保護墊卻是很大的問題。特別是下面的梯田營位，在我們碰到大雨時完全無法排水，只需下個雨3分鐘整個營位就會淹水。整個區域都變成了河流，露營者得自行挖溝來救帳篷。第一次露營就遇到這麼糟糕的狀況，整個區域露友都撤帳回家，是非常誇張的經驗。遇到下雨天時絕對不推薦這個營地。,1,1,-1,503,,2023/05/06,0,負向
這個地方容易積水，當下雨天時要特別注意。建議挑選其他地方洗淋浴，以免沒有熱水。,1,1,-1,504,,2023/05/06,0,負向
場地排水出了問題，會嚴重積水，即使反應了也沒人理會，只能自己尋求解決辦法了！,1,1,-1,505,,2023/05/06,0,負向
茄苳D區排水不良、積水嚴重，第一次下雨時因積水撤營（後來整區的露營友都提前離開），營地鋪設了草皮混合石頭地，底層的石頭較大，下釘困難，遇到雨天時需要特別注意。,1,1,-1,506,,2023/05/06,0,負向
地勢不佳、排水不良導致地表不平整，導致雨水無法順利排走，使得地面缺乏保護草皮，可能導致積水情況。此外，業主的應對態度似乎有一些消極。,1,1,-1,507,,2023/05/06,0,負向
我們第一次參加學校露營活動，時間是4/30到5/2，總共三天兩夜。我們用登山野營帳篷，在搭建時遇到許多小石頭，營釘也不容易釘進去。向營區工作人員借了鐵槌，詢問如何在充滿小石頭的草地上釘營釘。一位女生工作人員和一位男生（不確定是不是老闆）告訴我們要多喬位置，但態度不太友善。第二天我們去爬山回來後想洗個熱水澡，一開始還有熱水，但洗頭後再開水時只有冰水（當時溫度只有13度），所以在13度的天氣裡洗了冷水澡。離開後發現留在營地入口長凳上的雨傘，打電話詢問時被一位男士接聽，他說營地沒有留下任何東西。感覺他們並不想處理麻煩，建議以後有事可以不用找他們。總之，這次露營經驗並不是很好。,1,1,-1,517,,2023/05/06,0,負向
這個周末連假我跟朋友們來露營三天兩夜。剛到的時候，覺得環境還不錯，浴廁也算乾淨。接著雖然發生了幾次跳電，冷熱水也難控制，但我們並沒有抱怨。但最後一天，營地的營主在中午12點臨時打電話通知我們必須在1點前撤營，這件事事先完全沒有說過。在下著大雨的情況下，我們只能加快收拾的速度。大約12:40，另一位男性又冷漠地通知我們必須在1點前離開，有些朋友甚至被罵說收拾太慢要把大門關起來。另外幾位朋友因為下雨臨時跟營主租帳篷或客廳，但因為我們同時跟其他廠商租帳篷，其他廠商直接到營地收拾，我們只需要配合。因此有些朋友沒有注意到必須收好帳篷，送回給營地。離開營地後一陣子，收到營地打來的電話，說不回來收拾就報警處理。朋友們感到抱歉，立刻趕回去。但我們也不理解為何營地的態度這麼不友善。很多事情都是互相的，我們稍微忍耐一下營地的水電問題，解決了就算了。而如果我們有疏忽，營主只要告知就好，我們都會盡力配合，沒有必要這麼刻薄。雖然是個不錯的營地，但經營者的不友善態度使我們不再願意再來。,1,1,-1,520,,2022/05/06,0,負向
冷熱水溫度不穩定，只有非常熱和非常冷可供選擇，而且經常停電。,1,1,-1,523,,2022/05/06,0,負向
老闆說話的態度很惡劣，停電、洗澡水溫不穩定，都去服務中心詢問，結果卻遭到嘲諷。進入營地的路有許多落石，十分危險。,1,1,-1,524,,2022/05/06,0,負向
三天兩夜住宿經驗，洗澡時溫度總是過低的熱水，讓小孩感到冷到發抖。老闆不知道怎麼對待客人，甚至不允許客人直接開車到自己預訂的位置，甚至對客人冷言相向問「你是哪位？」，服務態度糟糕到極致，連收費時都態度十足，讓整體印象大打折扣，建議將住宿地改為尖石可能更為合適。,1,1,-1,525,,2022/05/06,0,負向
浴室設施有限，需要與其他區的人共用四間浴室和四間廁所，可能需要等待；熱水供應不穩定，溫度時冷時熱；並且管理人員的服務態度欠佳。,1,1,-1,529,,2022/05/06,0,負向
營地老闆的態度很差，還告訴客人要趕快離開山上。,1,1,-1,530,,2022/05/06,0,負向
營主態度非常差，不建議前往，車位有限還時常要求遊客離開？真的難以理解。,1,1,-1,531,,2022/05/06,0,負向
去了三天兩晚參加跨年活動，發現熱水供應一直不穩定，和旅館老闆娘反映後感覺問題沒有改善，回應也備感冷淡。廁所雖然有打掃過，但有一天非常骯髒，讓我留下不良印象，非常遺憾。而且整個區域的房間都滿滿的，沒有空房了。,1,1,-1,532,,2022/05/06,0,負向
場地草皮的設計很不錯，但供應熱水洗澡有點不穩定……8度洗冷水澡……太冷了！,2,1,-1,534,,2022/05/06,0,負向
這周我去露營，租了露營區的帳篷和客廳帳篷。其中一頂客廳帳篷已經不防水，滴水嚴重。下午四點我請老闆來看，可是工作人員直到七點雨停才過來。他們先擦拭了一遍裡布，仔細檢查是否有破洞，然後就準備離開。我們強調這是因為防水塗層失效了，因為另外一頂帳篷沒有這問題，希望能夠換新的。老闆一直堅持這是正常現象，客廳帳篷就是會滴水，態度強硬且輕蔑，完全無視客人的反應。他堅持自己的看法，搖搖頭，覺得錢很難賺。回顧過往的評論，發現被問題處理得很像我們這次的經驗，不小心就惯著老闆了。雖然露營區美麗，但遇到問題真的讓人心累。,1,1,-1,538,,2022/05/06,0,負向
營地的整理還可以，但管理人員的服務態度很糟糕。當我們剛進去時，發現冰箱已經滿了，並且在結帳時提出冰箱應該要有分區時，他回答說無法做到，並建議我們可以早點到。所有區域都沒有垃圾桶，需要自行處理，他還說人手不足，詢問我們有什麼想法。,1,1,-1,548,,2022/05/06,0,負向
這次露營經驗並不如預期，由於營地地面太硬難以釘營，且在晚上到隔天早上都受到強風影響，帳篷幾乎被吹走。這導致無法好好入眠，因為帳篷被風吹打發出巨大聲響。即使試著跟營主討論問題，但回應令人感到無奈。此外，浴室和洗澡水的狀況也讓人感到疑惑。總括來說，這次的露營經驗並不愉快，也不建議朋友來此地。,1,1,-1,554,,2021/05/06,0,負向
營區裡的帳篷太多，導致半夜時突然停電，第二天早上9點才恢復供電。廁所很髒，還有許多蜜蜂。,1,1,-1,561,,2021/05/06,0,負向
我對尖石的印象不太好，在那裡營地又小又擁擠，地板又硬又容易打營釘，停車位也不理想，大家隨便亂停，營主還超收錢，整個環境讓人不太滿意。,1,1,-1,572,,2021/05/06,0,負向
洗澡時，水的溫度很難控制，沒有合適的容器可以控制水溫。給小孩洗澡時，因為水溫不穩定，小孩被燙到哭了。,1,1,-1,579,,2021/05/06,0,負向
這個營地地勢崎嶇，釘營釘時確實需要花一些力氣，而且風大時釘子易被吹起。收到您的建議，下次我會考慮選擇另外的營地。,1,1,-1,584,,2020/05/06,0,負向
說好的保留位置，到達目的地後卻說沒有預訂，感覺很糟糕，不過在收費時有道歉。浴室的蓮蓬頭爆開了，水亂噴啊亂噴的，不過小孩的遊樂設施倒是很棒。,1,1,-1,593,,2020/05/06,0,負向
營區的地面都是石頭，一般的釘子都無法插進去，晚上甚至沒有熱水，洗澡洗到一半就冷死了。,1,1,-1,597,,2020/05/06,0,負向
車子在接近目的地時遭遇了難以通過的山路。,1,1,-1,624,,2019/05/06,0,負向
營地位於山區鞍部，季風稍強，內部易形成強烈異常風，營地負責人需熟悉這裡的地理特徵，提供協助與建議。十一月已連續兩次有活動在此地發生，在夜間急忙離開以逃避危險。,2,1,-1,765,,2017/11/21,0,負向
週末放鬆的好地方，欣賞夕陽的最佳營地,1,1,-1,813,,2017/05/02,0,負向
這裡的管理明顯有問題，不建議去這個露營地找高品質的服務。,1,1,-1,1263,,2023/11/07,0,負向
公告上明確禁止唱卡拉OK，但某些地區的露營地卻容許夜晚噪音污染。這樣的情況下，其他人可能會感到為什麼他們要遵守規則，而這些人卻可以置之不理。,1,1,-1,1264,,2023/11/07,0,負向
在同一區露營時，營主人非常友善、客氣。然而，在最後一天收拾東西時，營主的員工將洗碗精和菜瓜布誤認為垃圾收走了。一開始詢問，員工否認有拿，直到找營主後才將洗碗精找回。員工在我們還在忙碌離開場地時就開始收拾，有時晚收不代表不需要。一條延長線差點遺失，最終在共用空間找到。離水區和廁所附近的營區空間都飄散著濃濃的二手菸味，提醒家長小心孩子玩水時的環境。營主的朋友帶狗露營，但狗主人讓狗亂拉不清理，還帶來吵雜聲音，需要注意其他露營者的感受。,1,1,-1,1288,,2023/06/07,0,負向
水很有趣，但在營地周邊一直聞到有人抽菸，味道很難聞！,1,1,-1,1289,,2023/06/07,0,負向
在收拾最後一天的東西時，營地雇用的工作人員也在我們的營區收拾東西，我們還沒離開呢！真是超級扯！他們把我們的洗碗液和洗碗布都丟了；甚至把延長線也收走，拔出來放在露營的營地旁邊。一開始問工作人員時，他們直接否認拿走了，直到我們找營主要求歸還東西，工作人員才去垃圾桶撿回洗碗液給我們，而延長線卻還是不承認！大家正在忙著收拾營地，還沒離開，工作人員卻跟在後面收拾！有時候收拾比較晚並不表示不要，為什麼要隨意動別人的東西，太不尊重，太沒教養了。在水區附近的廁所，整個營地都可以聞到濃濃的煙味，還要每個人去聞那煙味！營主的朋友帶著狗去露營，讓自家寵物在別人的營區亂拉亂尿，卻不清理，真是沒品德！沒教養。這次真的太倒霉了，竟然和營地的朋友在同一區，要忍受他們難聽的歌聲和吵雜的笑聲，一直到半夜12點～,1,1,-1,1290,,2023/06/07,0,負向
聽說新營主負責管理C區後，試著調整了水溫，但打開車門就聞到一股腐爛泥土的味道，讓人感到擔心。6月25日至26日期間附近下了約100毫米的大雨，導致C區地面積水無法排走，直接形成泥巴坑，一踩腳就陷進爛泥巴中，拖鞋也直接黏住。小朋友們經常在爛泥中滑倒。營主和老闆娘決定將全區的護草墊移到C區，我第一次露營時只好老老實實地用了26片護草墊。雨停後我去了A、B和D區，發現那裡的地面完全沒有積水。C區的積水約5公分高，營主答應會改善這個問題，如果真讓事情改善了，我願意再給予5顆星的好評。,2,1,-1,1348,,2023/05/07,0,負向
淋浴時熱水忽冷忽熱，讓人覺得相當痛苦，而且淋浴間還有使用過的衛生棉，是相當讓人困擾的事情。希望能夠解決這個問題。,1,1,-1,1379,,2022/05/07,0,負向
錢可能沒問題，但重點是我的租屋區域。廁所沒整理，還有兩間廁所牆上黏著女生的衛生棉。其中一間沒熱水，另一間熱水無法調溫。,1,1,-1,1381,,2022/05/07,0,負向
網友提到的情況真的讓我困擾！環境很骯髒，有很多蒼蠅和不明蚊蟲，下山後許多人皮膚過敏或被蚊蟲叮咬產生水泡！水壓不穩，要麻痺之於燙、要凍死之於冷，整個營區就像一個冰箱，四帳包場只有一個廁所，而且廁所竟然沒有衛生紙。我真的不建議，特別是有帶小孩的人更不應考慮。,1,1,-1,1384,,2022/05/07,0,負向
在露營了七八年之後，我們從來沒遇過像這個營區這麼多的蒼蠅。白天都是一堆蒼蠅，晚上又是一堆小蟲。廁所沒有衛生紙，熱水要不是燙得要命，就是調不到合適的溫度，要麼太熱、要麼太冷。看了評論後發現，這種情況似乎從未有所改善。我們住在D區的四人帳篷包，空間超擠，小孩幾乎沒有地方可以玩，而在四張包區的營地竟然只有一間廁所和一間浴室。總之，我無法推薦這個地方。,2,1,-1,1385,,2022/05/07,0,負向
環境很雜亂，蒼蠅很多，連續三天兩夜都沒有定時整理清潔。,1,1,-1,1386,,2022/05/07,0,負向
經歷了google評論讓人擔心的事情，親自前往現場才明白網友們的評論都是真實的！發現廁所沒有提供衛生紙，晚上還斷電無照明。水槽很髒，沒有照明，也沒有專門的廚餘桶。浴室有幾間水流不暢，還時常沒有熱水供應。生態池的氣味相當惱人，A區的12號帳篷擁擠不堪。有一個荒地般沒整理的區域，只能勉強塞進一個帳篷。幸好有朋友同行，否則這次228連假的旅遊真的會大受影響。,1,1,-1,1390,,2021/05/07,0,負向
營地的情況並不盡人意，浴廁沒有提供衛生紙和沐浴乳，洗澡水也很冷。在露營的3天2夜裡，浴廁和垃圾桶都沒有被清潔，並且有少許蟑螂和蒼蠅。這個營地雖然硬體還不錯，但是設施與清潔狀況令人感到可惜。,2,1,-1,1391,,2021/05/07,0,負向
營地管理人員態度差，廁所缺乏衛生紙且有異味，草坪未維護好，照明不足。總而言之，我不建議大家前往露營。,1,1,-1,1392,,2021/05/07,0,負向
抵達最糟糕的露營區時，發現洗手槽沒有清理乾淨，上面堆滿了前一批露營者留下的殘渣。營區的草地也沒有被修剪和維護，即使之前特地打電話詢問是否有獨立冰箱，但到了現場才發現只有在營地本部，且距離很遠。營區裡有許多會飛的小蟑螂（甚至有大隻的），露營兩晚沒有人清理廁所，也沒有提供衛生紙。我們只在結帳時見到營主現身。因為是新手，朋友借了營區提供的帳篷和睡袋，但打開後發現全都濕了。儘管營主有換給我們新的，但這是一次非常糟糕的露營經驗。,1,1,-1,1393,,2021/05/07,0,負向
在這個地方生態環境並不錯，可是河道沒有清理乾淨，底部充滿了樹枝、樹葉、蟲屍和泥。廁所已經兩天沒有人打掃，垃圾都堆滿到地上，浴室用到一半就沒熱水了（不僅是我自己遇到，其他露天友也有相同經驗）。只有在收費時才見到工作人員，其他時間沒有人見到。下午雷陣雨後，排水系統不佳導致積水情況惡化。,1,1,-1,1395,,2021/05/07,0,負向
外面正在傾盆大雨，浴室內卻只有點點滴雨，營區的排水系統不太好，導致水淹成災。,1,1,-1,1396,,2021/05/07,0,負向
衛生紙不夠補充、戲水區維護不佳。營區空間有限、缺少護草墊，同時有許多小蟑螂。,1,1,-1,1397,,2021/05/07,0,負向
"晚上沒有人來接待，廁所的衛生紙用完了，到處都是蟲，馬桶也堵塞了，洗澡間水溫時冷時熱，好在天氣很熱......兩天兩夜都沒有人來打掃廁所，只是補充過衛生紙而已，甚至沒有打招呼......最重要的飄飄河怎麼回事？場地狹小也無所謂，草地上有泥巴也無所謂，蚊子到處飛也無所謂，但是飄飄河上滿是青苔和樹葉，根本沒有整理，說是水源不足......那麼其他區域能不能玩？難道我們不是客人嗎？即使飄飄河像是洗腳水般髒，但孩子們都期待著，要不然提前告知我們，我們還可以安排其他活動啊......差點就忘記穿泳衣，拿著水槍和泳圈，""玩手機""......",1,1,-1,1398,,2020/05/07,0,負向
露營區非常擁擠，除了水上活動以外，沒有太多草地空間讓小朋友玩耍。,2,1,-1,1403,,2020/05/07,0,負向
很遺憾的是，這個露營地與附近的土牧驛相比，在經營方面顯得比較不用心。我們露營的地方，浴室的熱水不太穩定，水道也長滿了青苔，而且有不少小蟑螂（在其他山區的營地很少見，幾乎沒有），洗水槽也需要營主來清潔才行。再次強調，真的很可惜這個美好的地方，在做了比較後更加感到如此，而且經過營地本部時聽到營主自豪地告訴遊客本週客滿，希望他們努力維持優質的服務。,2,1,-1,1416,,2020/05/07,0,負向
營位靠近馬路，空間有點小。如果每個帳篷前都有流理台會更方便，因為共用的設施有點遠。建議水池保持乾淨。另外，有飲水機、過濾系統和脫水機供應，而且提供了質量不錯的洗髮精和沐浴乳，這很棒！,2,1,-1,1417,,2020/05/07,0,負向
露營時遇到了一些困擾，包括區域內有煙味、狗亂拉屎、吵雜的音樂和笑聲等。希望大家能互相尊重，共同維護營區的整潔和安寧。,1,1,-1,1440,,2023/05/15,0,負向
倒霉和營主的朋友在同一區露營。營主人很好客，但最後一天收拾時，營地員工將洗碗精和菜瓜布誤放在垃圾桶，起初否認，後來經營主介入才找到。特別是因為離開當天很忙，員工還持續收拾。一條延長線差點遺失，經營主協助才在共用空間找到。這次還好當場發現，忘記了的話，恐怕就被丟棄了⋯⋯,1,1,-1,1441,,2023/05/15,0,負向
浴室很髒，有很多蟑螂的營地。,2,1,-1,1474,,2020/08/21,0,負向
覺得經營得不夠用心。連廁所都沒有清潔。,2,1,-1,1477,,2020/05/07,0,負向
"1. 衞浴空間小的問題確實不太方便，可以考慮帶著小朋友盥洗用品到附近的公共衛浴區，或是使用露營區提供的水源在帳篷外協助小朋友盥洗。  
2. 露營時遇到草地爛泥是挺困擾的，建議可以事先準備一些塑膠布或防潮墊來放在帳篷內，讓裝備遠離泥巴。  
3. 洗少台真的有點不足啊！或許可以延長使用時間或詢問營區管理人員是否有其他解決方式。  
4. 廁所衛生情況是露營中很重要的環節，可以隨時注意衛生，也可以向管理單位反映狀況，希望能提升清潔程度。",1,1,-1,1519,,2024/04/23,0,負向
"1. 我透過露營樂系統訂了D區碎石區1帳，但到了現場發現被安排到了3帳。我原本是以為D區是收3帳比較寬敞，沒想到卻被安排到了擠一帳的情況，讓我感到有點被欺騙。

2. 洗手間的衛生紙堆得滿滿的，看起來不太舒服。不過至少洗澡水是有穩定的熱水供應。

3. 碎石區沒有護草墊，對帳篷地布造成影響，這在其他露營地是有提供的。

4. 飲水機的水流量很小，大概比滴水還慢一點。

5. 傍晚時蚊蟲比較多，而且我也沒看到露友提到的驅蚊線香。

6. 營區的垃圾桶僅在少數地點設置，並且沒有廚餘回收桶，對於來自北部的露友來說可能會比較不習慣。",2,1,-1,1533,,2023/05/07,0,負向
事先約好了，到了現場卻改變主意不要做了！他們說可以等待，但最後還是放棄，直接讓我們去灰塵飛滿的桌子區露營？亂七八糟、蚊蟲叮咬、環境很髒亂！,1,1,-1,1542,,2022/05/07,0,負向
小黑是一直都很可愛...,1,1,-1,1547,,2022/05/07,0,負向
在沙坑球池和熱水池都讓小孩玩得很開心，建議老闆可以在沙坑周圍加上沙圍，避免風吹將沙子吹進帳棚地墊。另外，C區後面有一條死水溝，可能會有很多小黑蚊，建議處理一下水溝。希望露友玩完仙女棒的時候能記得丟掉廢棄物，以免在營區造成危險。最後，希望老闆在後續收拾時注意一下，以免小孩受傷。整體來說，露營的感覺還是不錯的！,2,1,-1,1585,,2019/05/07,0,負向
總結來說，露營區的營主應該注意晚上11點後的噪音控制問題，以提升露營品質與吸引更多露友。另外，露營區的地理位置不錯，距離下山採購點不遠，並且附近有全家超商，整體環境寬敞、草皮維護良好，景觀優美，頂樓還有餐廳。,2,1,-1,1746,,2024/04/16,0,負向
總的來說，營地環境很好，草地和廁所都維護得很好，營主也很友善。唯一令人無法接受的是大量狗大便的問題，而且營主的狗狗是主要的來源。希望營主能重視這個問題，因為無論場地多美好，大便味道都會讓人感到極度不愉快。,1,1,-1,1756,,2023/06/07,0,負向
這個週末我在一個露營區域，硬體設施和景觀都很不錯。唯獨帳棚區的草地附近經常有狗便。第一天入住時，我的兩位同伴在帳篷旁的草地踩到狗便，讓晚餐時感到有些不舒服。第二天清晨，他們看見遛狗的女孩，告訴她應該清理狗便，但仍沒有處理，只好通知營區管理人員。結帳時，那位女孩又帶了幾隻狗來我們帳篷附近，其中一隻大黑狗走到我們帳篷旁的草地拉了三泡大便，而女孩卻視而不見地離開了。雖然露營應該與大自然共存，狗便也不可避免，但營區管理人員是否應該維持旅客住宿環境的清潔呢？,1,1,-1,1757,,2023/06/07,0,負向
"優點：1. 離三義市區很近，開車只需要15-20分鐘。

缺點：1. 營區位於山路旁，早晨和半夜有人在山裡跑步真的很吵。2. 整個營區有5-6個層級，30-40個露營空間只有入口處帶有冰箱。這樣省成本真的是為了什麼？夏天拿東西會很不便。3. 某幾個層級的露營空間太窄或太短，搭帳篷後無法在山景前放客廳帳篷，就算後面也沒有空間可以通行。建議營區業主不要為了賺錢把空間擺得過擁擠。4. 營區業主種了柑橘樹，如果1-5號露營空間沒人入住，為什麼不在周間修剪樹枝，偏偏選擇在週六日修剪，機油味和噪音真的很煩人。",1,1,-1,1772,,2023/05/07,0,負向
這個場所過去曾經給人們一種親切舒適的感覺，但隨著野心日益膨脹，卻忘記了原本讓人喜愛的特質... 雖然收取進場費100元並不算多，卻漸漸讓與旅客之間的距離拉遠了...,2,1,-1,1773,,2023/05/07,0,負向
有很多昆蟲，水溫忽冷忽熱，營區裡有許多狗一直叫，廁所設施較少需等待排隊。,2,1,-1,1778,,2023/05/07,0,負向
這次我們露營選擇了第九區，那裡的環境真的很美，營地主人也打掃得相當乾淨。他們一家人都很友善，讓人感到非常舒適。不過，因為周圍生態豐富，蟲子有點太多了，我甚至被藍鵲的尾巴掃到了。那裡到處都飛著小蟑螂和蚱蜢，而草地雖然很美，但卻太長了，造成了很多蟲子。我建議在廁所的洗手台多安裝一盞燈，因為早上有一些施工聲、蟲叫聲、鳥鳴和狗吠聲，對於睡眠較淺的人可能需要使用耳塞。另外，使用吹風機時電壓不穩，會造成燈光閃爍，所以最好帶一條長一點的延長線。這些只是我的個人經驗，如果怕蟲的人可能不太適合。總體而言，我會給這個露營地兩顆星，因為環境美，而且營地主人很好。,2,1,-1,1781,,2023/05/07,0,負向
草地雖然很茂密，但排水不良，所以很容易滿是泥濘！在戶外本來就會有昆蟲飛來跳去，但如果蟑螂經常在桌子上下游走，這真的有點太過分了！養狗的話請小心管理，因為牠對著客人狂吠或發牙可能會嚇到小孩跌倒，這樣的狀況要怪誰呢？這種經歷一次已經夠了，感謝。,1,1,-1,1782,,2023/05/07,0,負向
這個營地的草地保持得相當好，但我們租到的地方沒有木製地板，不幸被大雨淹了，整個營地都被泥水淹了，帳篷區也泡在水中。24小時之內腳一直都是濕的，更糟糕的是到處都是蟑螂，連飛的也有，無論是裡帳還是外帳都被蟑螂黏在帳篷上，帳篷也因泥水全毀了。周圍植被是美麗的，給場主兩顆星，但是我們並沒有得到適當的服務，只是把門打開讓我們進來就收了錢。地面泥濘的環境減了兩顆星，到處都是蟑螂也減了兩顆星。租金則是減了0.5顆星（如果這樣的環境與天氣700至800元可能合理，但是1000元就不划算）。總而言之，在下雨天真的不建議來這裡，特別是如果沒有租到木製地板的區域，會有很多蟑螂，綜合評價只有1.5顆星（以上僅代表個人體驗，與商家無關）。,2,1,-1,1783,,2023/05/07,0,負向
不建議此地方，老闆態度不友善。如果你有寵物，請考慮其他選擇。打電話詢問是否可以攜帶寵物，接待人員沒有回答，到現場卻要額外收取300元。浴室和廁所非常髒亂，水龍頭溫度不穩定，洗澡時還能聞到廁所味，實在不太好。,1,1,-1,1786,,2022/05/07,0,負向
營區的蚊子真的太多了！而且冰箱異味很重，冷度也不夠，保冷磚放了一個晚上還沒有結冰。,2,1,-1,1788,,2022/05/07,0,負向
整體環境不錯，沒有太多挑剔的地方，應有盡有。唯一讓人不能接受的是在2021年11月20日（週六）露營時，有一區超過晚上10點還在放音樂、喧嘩、打電話給老闆。老闆雖然回應了，但只說請他們小聲一點，喧嘩持續到了晚上11點30分，造成大家睡眠困擾。如果不是這個問題，整體評價可以給四顆星。,2,1,-1,1795,,2022/05/07,0,負向
營地老闆非常熱心！他會帶著狗來「照顧大家」，同時也讓狗在那裡拉屎，可能是要關心人數與帳篷數。,1,1,-1,1798,,2022/05/07,0,負向
營地的主人很友善，環境也很舒適，不過晚上的蟑螂太多了，而且還有些會飛的。雖然蚱蜢和螞蟻是可以接受的，但一晚上得抓超過二十多隻蟑螂實在太驚人了。這樣的情況讓原本愉快的氛圍受到損害，希望能夠得到改善。,2,1,-1,1820,,2021/05/07,0,負向
營地主人很親切，主動告訴大家有青草茶可以享用，草坪很美麗翠綠，晚上還能看到漂亮的星星！但近三天有許多飛行的小蟑螂很困擾，會飛到食物、人身上，甚至帳篷上，讓害怕蟑螂的同伴無法好好放鬆，我們一直注意著食物和餐具，生怕被蟑螂碰過；各營區之間的距離較近，音樂或談話聲都很明顯，讓我們擔心會打擾到別人；下方營區偶爾會飄來刺鼻的廁所味道，雖不會持續太久，也不是很頻繁，所以並沒有告知營主這一點。開車很輕鬆，冰箱也很大，大部分露營者的需求都能滿足，但若有害怕蟑螂或在意隱私的露營者，則需要多加考量。,2,1,-1,1821,,2021/05/07,0,負向
這次在營地三號區的經驗，雖然營主待人熱情親切，但是蟑螂實在太多讓人崩潰。其他昆蟲如蛾、大螞蟻、蒼蠅、蚊子還好，但飛的蟑螂真的讓人難以接受。另外，下面那區的廁所臭味冒起，衛浴間稍嫌不足，燈光昏暗且有許多蟲蟲，營區過於狹小且與其他帳篷相鄰。如果怕蟑螂，需三思訂房；但若對蟲蟲不在意的話，這個營地仍然是個不錯的選擇。由於我極度害怕蟑螂而且會飛，這次露營無法放鬆，因此只能給一顆星⋯⋯,1,1,-1,1822,,2021/05/07,0,負向
為什麼要收費呢？明明是一早去找露營的朋友打個招呼。,1,1,-1,1837,,2020/05/07,0,負向
老闆不想得罪遊客，卻要求我們委屈接受多收費情況。在跨年前一星期告知我們包區會增加一個帳號，我們雖然接受了老闆的安排和收費，但是到了跨年連假時，卻硬是多安排了三個陌生人進入我們包區的地方。他們聲稱也是透過app訂位的，但後來查證發現是營業主沒有確認他們的身份就讓他們進入我們的區域。這種處理方式讓我們感到很不舒服。,2,1,-1,1867,,2018/05/07,0,負向
這段營區評論提到草坪美麗，浴廁乾淨，但狗屎問題嚴重。營主提供飲料與燈泡，但燈條壞了，營主的狗在營區亂拉大便，狗主人卻視而不見。這樣的情況讓露營體驗受損，即便設施再好，但因為狗屎問題，整體印象大打折扣。希望營主能夠重視這個問題。,2,1,-1,1887,,2023/05/19,0,負向
這家民宿曾經是我們同學每年聚會的好地方，但主人似乎忘了初衷。最近的服務水準下降，連基本的檢查都沒有做好。我們在這裡露營二十幾年，第一次遇到沒熱水的情況。現在主人似乎只關心收錢，甚至當著客人的面確認款項是否收到。建議如果不信任客人，就早點收攤吧，因為一個失去熱情服務態度的地方不值得我們花錢住宿。希望能重拾當初溫馨的氛圍，否則我們會轉往其他地方露營。,2,1,-1,1892,,2022/11/22,0,負向
浴室的水龍頭溫度時冷時熱。建議不要帶寵物進來，否則可能會被收費。,2,1,-1,1905,,2022/04/18,0,負向
營區的狗狗一直亂吠，晚上影響了我的睡眠品質。雖然可以帶寵物，但每隻需要支付300元的清潔費實在讓人無法接受。山上氣候寒冷，但浴室的水龍頭經常變換冷熱，讓我差點感冒。另外，廁所和浴室有點髒亂，希望營區管理者可以改善一下這些問題。,2,1,-1,1906,,2022/04/18,0,負向
在半山腰上的景色雖然很漂亮，但因為沒有好好打理，失去了美麗的景致。到了營區後發現，不是每個帳篷下都有草皮保護蓆，管理員說大部分都已破掉並被丟棄，讓我們去其他地方找找看。雜草叢生，地面佈滿碎石，稍微下點雨就到處爛泥，幸好雨不大，否則可能會淹水。晚上洗澡時沒有熱水，水壓不足，溫度忽冷忽熱。連假滿營區，廁所沒有定時清潔，垃圾桶滿溢、散發著尿騷味。只有一個區域放置了垃圾桶，需要走一段路才能找得到，非常不方便。退營當天中午12點要離開，卻已經沒有水可使用，浴室水源也已經被關閉，讓人感到有點失望。停車場也沒有規劃，車子亂停，整個營區彷彿難民營般擁擠。,1,1,-1,2171,,2024/01/07,0,負向
有很多昆蟲，還有蜜蜂... 吹風機只有一隻。,1,1,-1,2172,,2023/11/07,0,負向
這間露營區管理不太貼心，因為他們要求提早離場，並且在11:46分就關閉了水電與冰箱，這樣讓人感到非常不滿意。,1,1,-1,2173,,2023/05/07,0,負向
隔壁的聲音太大聲了，讓大家都無法入眠。,2,1,-1,2174,,2023/05/07,0,負向
我們5個人分別預訂了營位，但因為抵達時間不同，園區管理員將我們安排在別人的營位，還有別的露營客的租借客廳和帳篷。起初大家誤以為是我們其中一位夥伴預訂的，於是開始搭建帳篷和雨篷，但後來下起大雨，讓我們非常困難且無助。最糟糕的是營地管理員才告訴我們應該是在另一個區域訂位（離廁所較近），於是我們只好在大雨中搬家。這真的是我們有史以來最糟糕的露營經驗。優點是浴室很寬敞，熱水供應很快而且很熱，缺點是上山的路不好開，沿途都是傾倒的樹木，木板也有些破爛，排水系統非常差，造成我們的帳篷進水，氣墊床也被淋濕。,1,1,-1,2177,,2023/05/07,0,負向
露營地景色優美，空間寬廣，位置較高的G區在五月底去不會太熱。然而，廁所衛生狀況不佳，洗澡時間九點左右水壓問題，需要自行調整。洗澡後吹風機沒電，洗手台水龍頭無水，蚊蟲相當多。有被蚊蟲咬到眼睛腫起，需就醫，營區負責人起初主動聯絡保險，後續沒有積極跟進，整體體驗不佳。,1,1,-1,2179,,2023/05/07,0,負向
"環境方面：風景很美，但棧板較小，只適合300帳。

浴廁方面：不太乾淨，3月有很多蟲和飛蛾，每個浴室都有一些垃圾，地面為磁磚，浴室和廁所分開，水壓弱且不穩定，水溫也不穩定，排水效果不太好，浴室內的椅子和水桶有一些霉斑。

備註：1. 每個水槽旁都沒有垃圾桶，稍顯不便。2. 週日離開時，管理者清潔廁所有時會直接讓水流進C區帳篷⋯⋯⋯⋯⋯⋯⋯。3. 許多營位都靠近道路。",2,1,-1,2181,,2022/05/07,0,負向
"1. 上山的路沒有維護好，長滿了枯枝雜草很難通行。
2. 營區的設施（熱水、電力）無法應付連續假期人潮。
3. 電壓不穩，時常跳電，燈光閃爍，使用不便，建議多準備充電式LED燈。
4. 熱水不穩定，開水20分鐘後忽冷忽燙，建議中午洗澡或在外洗淨後再進營區。
5. 營區道路泥濘多坑、雨天尤其不便，建議穿靴子走路以免弄髒。
6. 有很多風景優美的營地可選擇，或許考慮另尋他處營地。",1,1,-1,2184,,2022/05/07,0,負向
這個地方的蒼蠅非常多，淋浴的水溫要麼太熱要麼太冷，滑草時感到非常心酸，游泳池的水質猶如去年的一樣骯髒，垃圾居然聚集在帳篷附近，整體環境除了差，沒有其他優點可言。總之，非常糟糕，連一顆星都不想給。,1,1,-1,2185,,2022/05/07,0,負向
訊號很差，還有一些人以為自己唱歌很棒，但其實唱得難聽又吵，建議別再來了，否則會後悔一輩子。,1,1,-1,2186,,2022/05/07,0,負向
這個露營區的出入口路徑很危險，山路狹窄且充滿雜草，幾乎無法讓兩輛車並排通行。車輛易受刮傷，遇到對向車輛就要小心應對，否則可能導致車輛損壞，除非你是熟練的駕駛高手。,1,1,-1,2189,,2021/05/07,0,負向
收到您的描述，這個情況看起來確實有點困擾。營地的衛生設備似乎有一些問題，包括廁所不夠乾淨、浴室數量有限、水溫不穩定、電力供應不穩定等等。營地管理人員回覆指出可能是帳篷用電過多，延長線問題，但未提到線路或供電有問題。另外，營地在下雨時排水不良，甚至小雨就會積水，建議出帳篷後要注意清潔鞋子再進入。,1,1,-1,2194,,2021/05/07,0,負向
晚上廁所很髒，垃圾桶都滿了，洗澡沒有熱水。從2020年9月20日（星期日）早上開始，營區的水槽也沒水了。,1,1,-1,2198,,2021/05/07,0,負向
G區冰箱的冷凍溫度設定得很低，而冷藏溫度卻是室溫，導致食材放進去後螞蟻慢慢爬上食材。園區表示這是正常現象，因為冰箱只是額外提供的設備，並且間隔很小，還不斷跳電。客人不但忘記拿食材，最後發現東西都被丟掉了，園區後來否認這件事情，造成遊客負面情緒。如果有遇到此情況，應三思是否選擇前往該處旅遊，以免事後處理方式讓旅程心情受損。,1,1,-1,2203,,2021/05/07,0,負向
這個露營區的衛生狀況不佳，冰箱發霉嚴重，整體管理有待改善，應該在完善之前暫不對外收費。,1,1,-1,2211,,2020/05/07,0,負向
請在洗手台的排水口安裝濾水裝置。,1,1,-1,2216,,2020/05/07,0,負向
場地規劃過於擁擠，收取過多帳數，車輛停滿，除了大草原外，帳篷周圍缺乏活動空間。浴廁整潔度需改善，洗澡水壓不穩，水溫忽冷忽熱，馬桶經常沖不通，使用上令人困擾。泳池僅在第一天開放，第二天便因水量不足而停止使用，令孩子們感到失望。電壓不穩定，露營期間三次跳電，令人無奈。大草原提供孩子們優秀的活動空間，滑草處存在危險，地板下的帆布破損，有朋友在旁溜到腳被釘子刮傷。風景優美，但僅限於第一排，後方被擁擠的車輛和人群阻擋視線。冷藏冰箱故障，僅剩冷凍櫃，很快遭填滿，味道難聞，管理不善，其他營位的泡沫箱和保冷袋直接擺放於冷凍櫃內，導致晚到者無法使用空間。總的來說，這次露營經驗令人失望，感覺營地管理不善，帳篷管理不當。,1,1,-1,2224,,2020/05/07,0,負向
在G區碎石區下雨時，發生了一些令人無法接受的情況。當天晚上卻發生了三次跳電，導致整個G區的兩個淋浴間的熱水供應出現了問題，水沒有變熱，仍然是溫的。這樣的環境下，即使個人較不怕冷，也覺得相當不舒服。當時的氣溫應該至少在15度以下，再加上下雨，讓人感覺好像沒有在意客人的需求... 另外，水槽集中在衛浴區旁邊，所以要走一段路才能清洗東西，尤其在下雨的時候這樣相當不方便。雖然露營經驗豐富，也碰過很冷下雨的情況，但這次的經驗真的是相當糟糕，是之前從未遇過的。,1,1,-1,2238,,2019/05/07,0,負向
這裡的電壓有點不夠，浴室也稍微髒一點，而且露營區的水槽位置有些不便，要遠到廁所去取水。下雨時在露營區刷牙洗臉還需要打傘，連遮雨棚都沒有，確實讓人有些失望。,2,1,-1,2259,,2018/05/07,0,負向
建議營區限制上山及下山時間，因為山路狹窄且路況差，無法會車。尤其搭載大量露營裝備及帶孩子，安全問題需重視。,2,1,-1,2291,,2021/05/02,0,負向
因為其他客人的原因，我被迫從原本挑選的F區換到了C區。對於第一次來的客人來說，不熟悉這個營區的地理位置，完全不知道自己已經被安排到了不同的區域，直到查看了地圖才搞清楚。我並不了解原本營區的劃分有什麼特別的意義，好像需要事先與營長溝通才可以。,2,1,-1,2362,,2018/05/07,0,負向
這個地方的位置有點偏僻，飲食和購物都不太方便。對此，可以考慮以下幾點建議：1.可以在這裡販售一些食物。2.多請一些人手幫忙。3.注意管理住宿者的行為品質，比如不要大聲喧嘩，並要求在晚上12點之後保持安靜。4.應該考慮調整價格，因為現在的價位有些昂貴。,2,1,-1,2400,,2017/08/29,0,負向
很遺憾無法參加。表達不快後取消訂位，感受到對方要求讓位給另一團的不適，熱情也因此消失了。,2,1,-1,2561,,2019/05/07,0,負向
營區的衛生狀況還有些問題，有很多螞蟻和爬蟲，廁所裡有很多小昆蟲，而且沒有提供衛生紙，洗手台晚上也沒有燈。,2,1,-1,2576,,2023/10/09,0,負向
最近地震頻繁，又有大雨。我和家人擔心走山會有落石，擔心上新聞。希望找營主處理，但得到的答案讓我傻眼。只能延期半年或4成退費。朋友在別的營區取消，營主只收200手續費。梅花梯田處理方式不夠周到。政府呼籲民眾不要自行上山，擔心危險。原本想在螢火蟲季去看螢火蟲，但延期半年不合時宜。不願通融至隔年螢火蟲季，只好自行負擔6成費用。是否只有我們遇到問題？其他營地沒有災情，營主也只酌收200元。,1,1,-1,2715,,2024/04/30,0,負向
園區整體來說算乾淨，廁所也維護得很好。但美中不足的地方是，G區離衛浴廁所和冰箱都相當遠，煮東西要跑好幾趟冰箱，有點累人。此外，G區只有一間蹲式廁所，對於小孩不太方便，有些小朋友還不會蹲便坐，有次因為廁所排隊直接在褲子上拉了。在山區碰到蟲子是正常的，但居然有一種大螞蟻會咬人，回到營地後發現腳上有三四個包，感覺刺痛難忍。雖然露營經驗很多次了，但這次卻意外遇到帳篷只能睡四個人，超過人數就會加收費用，而且沒有年齡限制，只要人數超過四個就得多付錢。,1,1,-1,2717,,2024/04/07,0,負向
CP值不高，草皮除外；草皮旁邊種了帶刺的植物，很不方便也不安全；營地旁邊有乾枯的植物，還有一些小蟲和異味；小水池可以讓小孩拍照。,1,1,-1,2749,,2023/05/07,0,負向
進出的道路高低差很大，低底盤車要小心。共有六間衛浴，營區分為七區，使用方式不同。十張以上的營位共用兩間衛浴，集中在某特定區域並設有使用時間限制，許多人和小孩會讓洗澡變得有壓力。營區提供Wifi，但我無法連接，手機幾乎沒有訊號，無法與同伴聯絡讓事情變得有些困擾。,2,1,-1,2775,,2022/05/07,0,負向
第一次到這個露營區，訂了A.B兩個區域，總括一下，首先要說明抵達這個露營區時需要心理準備，因為底盤較低且道路不好走，露營地區劃規劃有點可惜，必須先把車停在外部停車場，裝備下來後才能搬進營地，尤其在較內側的位置需要搬遠一點再架起帳篷，有點耗體力... 營區信號不佳，提供的wifi也連不上，不確定是區域問題還是其他原因？衛浴設施太少，第一區有時間限制（早上7:30-11:00)，假若一帳篷住五個人，總計營區有30個帳篷，約150人，只有六個衛浴間，平均一間要分給25人，一個人平均需要洗30分鐘，750分鐘/60=12.5小時，這有點太緊迫了⋯？第二，ABC三個區共用一個廁所，ABC區總共有14個帳篷，這讓廁所使用壓力非常大... 營區旁洗手台的燈晚上十點就關了，只能在黑暗中洗碗了q... 總的來說，可能不會考慮再次造訪這個露營區。,1,1,-1,2776,,2022/05/07,0,負向
營區裡只有一個冰箱，大家都沒地方存放東西。已經準備好的德式香腸整包不見了。營區管理控制很差，一早起來就覺得心情不好。決定不再吃飯，收拾好行李下山去吃好的，不打算再回來了。,1,1,-1,2778,,2022/05/07,0,負向
草地區的草太長，已經長到黑墊以上，有蚊蟲很正常，但蒼蠅這麼多就不正常了。在露營這麼久，第一次碰到這麼多蒼蠅，從早上八點就被蒼蠅吵醒，整天都被蒼蠅圍繞，就算用電風扇也吹不走，整群整群的，直到晚上六點才消失。雖然浴室寬敞，水池也不錯，但蒼蠅真的太多了，令人驚訝。,2,1,-1,2803,,2021/05/07,0,負向
超出控制...甚至走道都擺滿了帳篷,1,1,-1,2822,,2020/05/07,0,負向
綜合您的描述，您在露營時遇到了一些不盡如人意的情況。建議您可以將您的意見和建議直接反映給營地管理單位，提出改善的建議。比如建議營地在收費方面增設一個緩衝時間，避免因超時而產生罰款的情況，同時也提及對於洗澡熱水問題的改善，以及對於服務態度的提升等。希望營地方面能夠接納您的建議，進行改進，讓下次的露營經驗更加愉快順利。,2,1,-1,2828,,2019/05/07,0,負向
進入營地的山路狹窄且陡峭，不適合兩車並行，建議小心前進。此外，在洗澡時水溫不穩定，有可能洗一半時會變成冷水，洗的同時也會感到發抖。,1,1,-1,2829,,2019/05/07,0,負向
這條山路相當危險，建議車況不佳的人不要冒險來。這裡的坡度很陡，不適合夜間行駛。雖然營地的規定頗多，但廁所卻保持得很乾淨，而且也提供冰箱。,2,1,-1,2836,,2019/05/07,0,負向
這個地方的環境設施比較不穩定，水壓水溫和電壓都有問題，附近的黑沙坑水池也比較小。而且鄰近還有果園。整個家人的生活環境看起來都不太好。,1,1,-1,2837,,2019/05/07,0,負向
這個營區蟲蟲好多啊，廁所、浴室和營區都滿是各種蟲蟲，還有蛾子！洗澡的時候肯定要小心，蟲子到處飛，甚至還會停在身上。冰箱好遠而且裡面也有蟲，真的很嚇人！共用一個冰箱這麼不衛生。,1,1,-1,2987,,2022/05/07,0,負向
雨天積水和泥濘情況確實令人擔心，我們在搭帳篷時幾乎沒有遇到下雨，一旦開始下雨，水就無法排走，一直流進帳篷裡。,1,1,-1,2992,,2022/05/07,0,負向
這個露營區好像常常吵鬧？是吸引吵鬧的人群特別多，還是吵鬧者群聚在此地受到寬容？已經半夜1-2點還是星期六，他們唱卡拉OK唱得難聽，整個山頭都聽得到！還有一次，凌晨兩三點，一群人大聲聊天，我遠處都聽得到有人在喊他的狗回來！聽到他們露營區的狗亂吠！我在白蘭露營的經驗不多，但遇到多次這個露營區對吵鬧寬容！和營地主人溝通似乎也無效！,1,1,-1,3006,,2022/05/07,0,負向
天氣預報預計會有大雷雨，而且提前一週詢問是否可以延期，但主辦單位並不允許更改日期。場地位於偏遠地區，沒有景觀，排水系統不良，廁所也非常髒亂。建議各位不必遠道而來，因為這裡甚至連一顆星的評價都不值得。,1,1,-1,3058,,2019/05/07,0,負向
這個地方不太推薦，排水設備不好，廁所很骯髒，也沒有人管理。,1,1,-1,3059,,2019/05/07,0,負向
不好！草坪積水很嚴重！衛浴應該是無人管理的狀態。,1,1,-1,3060,,2019/05/07,0,負向
雖然訂場規定嚴格，只是收不到訂金而已，不必唸得這麼兇吧？小朋友得了腸病毒也不該這麼責怪他們吧？,1,1,-1,3075,,2019/05/07,0,負向
不推薦，容易積水，且服務不佳。,1,1,-1,3097,,2017/05/07,0,負向
營地環境狀況不佳，有很多積水且泥濘，場地狹小擁擠，車位規劃不周，服務品質欠佳。,1,1,-1,3101,,2017/05/07,0,負向
"1). 衛浴的乾濕分離設計很貼心，但廁所的空間還有改善的空間。
2). 帳篷的佈置稍嫌密集，無法在草地上進行活動。
3). 沒有限制戶外露營活動帶寵物，導致半夜狗狗吠叫不止，早上醒來發現草地上到處都是狗狗的便便！",2,1,-1,3199,,2021/05/07,0,負向
營位費一再變動，越來越昂貴。,1,1,-1,3204,,2021/05/07,0,負向
付了200元清潔費，事後什麼也沒發生。有些人只是想和在露營的親朋好友聊聊天打打屁，居然要被收200元！！！ 營地負責人啊~有點貴嘛！,1,1,-1,3205,,2021/05/07,0,負向
"1. 這個地方的景觀很美，草坪看起來很漂亮。
2. 帳篷都貼得很近，讓空間感覺很擁擠，小孩都沒有地方可以奔跑。(有被過度擠滿的情況)
3. 收費是1200元，還會發生跳電的問題。
4. 總結：如果要收1200元的費用，應該要控制帳篷的數量；營區的電力系統也需要改善，晚上跳電3、4次會讓人很難受。可能不會再考慮再來這裡了。",2,1,-1,3214,,2021/05/07,0,負向
在悄悄話營地，雖然草地很寬敞，但每個帳篷要價1200元卻擠在一起，衛浴設施看起來高檔美觀，但實際上表面光鮮內裡瑣碎，水溫時冷時熱極不穩定，要麼冷得要命，要麼燙得受不了，確實相當令人憤怒，收費這麼昂貴卻提供這麼差勁的服務。,2,1,-1,3267,,2019/05/07,0,負向
"1. 環境保護做得不錯。  
2. 可以訂購披薩或石鍋拌飯，無需自備餐具。  
3. 沒有景色，周圍都是帳篷而不是草地。  
4. 入場時間是下午2點，退場時間是中午12點，條件太苛刻。  
5. 每張帳單是1200元，如果提早入場需要額外支付100元，性價比不高。 以上描述為後花園區。",2,1,-1,3278,,2018/05/07,0,負向
人潮眾多，簡直像在難民營一樣。,1,1,-1,3321,,2017/05/07,0,負向
營主的服務態度有待提升，對於車子只是發動一下就有所抱怨，也讓洗澡時選擇要清理的浴室間不太方便。此外，營區的熱水不穩定、設備清潔度不佳，甚至在深夜還有露友彈吉他自彈自唱。雖然營主對於準備睡著了需要敲門才能被喚醒，但如果出現緊急狀況時，情況可能會變得危險。整體而言，這樣的露營環境讓人難以接受，高評價是否值得懷疑，想要再次造訪的露友們或許須謹慎考慮。,1,1,-1,3335,,2024/03/07,0,負向
露營的時候，老闆一到就說我們看起來很興奮，晚上十點後請保持安靜，否則可能會被趕走。雖然老闆可能只是開玩笑，但這樣的態度讓我和朋友感到不太舒適。特別有一些對話讓我們感到不悅，例如，“雖然我知道你們不會再來了”。雖然這個露營地的地理位置不錯，但還是希望老闆和老闆娘可以待人友善，因為和氣生財，否則可能真的會失去生意。,1,1,-1,3356,,2023/09/07,0,負向
在到達營地後，營地管理者就立刻制止進入，態度極為不友善，讓人感到不受歡迎。,1,1,-1,3413,,2022/05/07,0,負向
元旦那天心情很愉快，我們十點半到達營地時，一打開車門就告訴了營地負責人我們預定了今天。營主臉上露出不悅的表情，說道我們約了一點才來，怎麼現在就到了，一直不停地重複著這句話。我們強調說，我們不是要搭設帳篷，只是想先在周邊走走。營主卻一再強調必須等到一點才可以進入，讓我們感到十分困惑。又要忍受營主的不悅表情三天，我們要求營主好好檢討一下自己的口氣，不要反過來說我們的口氣不好。事實上是因為他的態度和口氣有問題。我們不是第一次露營，也不是要佔據主位，但營主卻表現得好像自己才是老大，完全沒有禮貌。難道整個山頭都是他的地盤嗎？尊重應該是雙向的，你有尊重過我嗎？誰知道你的營區是不能停車的呢？,1,1,-1,3435,,2021/05/07,0,負向
傍晚時蚊蟲很多，營區下有3到4隻狗狗長時間不停吠叫，加上鄰居家的小孩從傍晚一直嬉戲吵鬧到晚上10點多都不休息，確實很讓人感到困擾。營區的廁所設施相當老舊，其中有洗澡間無法鎖門，還有廁所沖水設備損壞。除了景色之外，這個營區確實不太適合。,2,1,-1,3570,,2023/11/07,0,負向
因為天氣原因，露營活動延期了。當我們到達露營地點的早上打電話給營主再次確認時，發現營主竟然忘記了？？？他告訴我們直接到現場搭營也沒問題，並保留位置給我們。然而當我們抵達現場時，找不到營主，只看到他的爸爸在那裡。我問了他很久，他也不清楚狀況。最後，一位好心的客人讓出他們的位置給我們。真沒想到營主這麼不負責任，這是我第一次露營卻找不到負責人在營區。,1,1,-1,3573,,2023/06/07,0,負向
這個地方的優點是浴廁很乾淨，熱水也很夠熱。不過缺點是熱水只供應到晚上10點，對於夜間需洗澡的人很不方便。另外，半夜和清晨羅馬公路上的車聲相當吵雜，還有營區下方飼養了四隻狗，一有異動就會瘋狂吠叫，假日清晨7點多竟然有人在使用割草機除草。以上這三個問題都讓人根本無法好好睡覺。另外還有一隻名叫黑糖的狗，每天早上會跑到營區裡的帳篷邊尿尿，直到結帳時才發現，真的讓人感到非常無奈！,2,1,-1,3576,,2023/05/07,0,負向
營地觀景台前方的竹子和雜草亂長，擋住了美景。營區隔壁鄰居整晚唱歌吵，早上又有人在用電鋸施工，引起瘋狗叫聲。深山林內一堆人吵鬧，露營區讓人感到可怕。,1,1,-1,3578,,2023/05/07,0,負向
冰箱只有送風功能，詢問廠商後卻被告知這是正常的。水質不佳，水龍頭放出的水都帶有泥土味。,1,1,-1,3587,,2022/05/07,0,負向
這個地方的面積不大，道路很窄，洗手台很髒亂，樹葉到處都是。看得出來營地主人並沒有用心整理。晚上還有包圍區域的人在開派對，吵到半夜，讓人難以入睡。還有射箭、製作麻薯、竹筒飯等活動全部取消。環境這麼差，而且沒有活動，沒有任何吸引人的地方。不會再第二次造訪。,1,1,-1,3595,,2022/05/07,0,負向
帳位很擁擠，完全超過了七帳的限制！沒有沙坑，也沒有戲水池，更不用說射箭場⋯唯一能參與的活動就只有搗麻糬。底下的營區正在舉辦電音派對，兩天兩夜都聽著舞曲嗡嗡作響的音樂，離營前兩天主辦方才通知我們！實在讓人哭笑不得，我們不是去聽電音的～難道不該提前告知嗎？,1,1,-1,3597,,2021/05/07,0,負向
這個營區原本設計給7個帳篷，但事實上只能容納4至5個帳篷而已。網路上說有沙坑、戲水池和射箭場，但看起來似乎已經荒廢了⋯只有廁所還算乾淨，還有搗麻糬活動。底下的營區在舉辦電音派對，聽著動滋動滋的音樂聲整整3天2夜，營主卻在露營前兩天才告知這情況，使人感到很困惑。這是我第一次給這個營區這樣的評價，希望他們未來能更加努力改進。,2,1,-1,3599,,2021/05/07,0,負向
小黑蚊真的很多，無論是防蚊液、止癢藥或是開水龍頭都阻擋不了它們。,2,1,-1,3613,,2021/05/07,0,負向
露營區的一些遊客行為不太符合禮貌，早上6點開始洗碗時聲音很大，七點就喧嘩不止，也不管小孩尖叫。,1,1,-1,3622,,2020/05/07,0,負向
位於水源地附近可能會對環境產生影響。,1,1,-1,3631,,2020/05/07,0,負向
這個營地的營主只注重賺錢，面對不守秩序的露營者卻選擇逃避，造成其他守規矩的露營者的權益受損！再好的設施、再美的風景也只是白費。,2,1,-1,3726,,2018/09/15,0,負向
這是一個很糟糕的經驗！我本來和營主訂了C區的水泥雨棚1帳，後來營主打電話來告訴我旁邊還有一個要訂6帳的（共8帳）他們要晚上施工可能會比較吵，我說沒關係。但後來又再打電話說要改成8帳，要我去B區的碎石雨棚，完全沒有詢問我的意見，還跟我爭辯說他們8帳總不可能叫他們1帳去別的地方。我當時就是喜歡C區才指定訂C區雨棚，而不是你叫我去哪裡我就去哪裡！………,1,1,-1,3767,,2024/04/30,0,負向
這段描述的情況好像是在露營遇到了一些困難和不愉快的經驗，讓人感到非常不舒服和不滿意。希望大家在露營時都能夠遇到愉快的環境和服務，如果遇到任何不如預期的情況，希望能夠和露營地的管理人員溝通，以便解決問題，讓大家都能有一個愉快的露營體驗。,1,1,-1,3781,,2023/12/07,0,負向
這句話的意思大概是：對方在某個地方感覺不好，而且對營地的管理方式有意見。,1,1,-1,3782,,2023/12/07,0,負向
我是在五月27日露營了3天2夜，遇到許多蚊蟲，被叮了好幾個包包。不好的經驗是，第三天早上營地主人告訴我們12點前要結帳，他講了兩次，10點開始收費時突然停水了。我告訴他情況，他說是因為下雨導致水管堵塞。一度誤以為是營地主意圖讓我們趕快離開而停水。整體的體驗不太好，可能不會再去那裡了...,1,1,-1,3824,,2023/05/07,0,負向
露營區的收費看似有點高，而且管理很嚴格，像是在抓小偷一樣。第26露營區實在讓人感到浪費連假的四天⋯。營地主人不太友善，除了沙坑，小孩根本沒地方可以玩。第一次露營的小孩覺得很無聊，更抱怨我們車子來來回回十幾次。停車費三天一共還要多付1800元，這讓人感到困惑，為什麼露營區要這麼怕客人來呢？就連評價的五顆星也有點像是在欺騙。而且不經同意就擅自錄影車牌並發布到公開網站上，已經請家人律師處理！業者竟然留言要說沒有錢就去住免費的野營？？？,1,1,-1,3833,,2022/05/07,0,負向
整體環境還算不錯，但有人時常巡邏檢查，看是否有訪客到訪。如果有訪客，每輛車收取300元停車費，並記錄錄影作為證據。儘管費用可以支付，但服務態度讓人感到不悅。這麼多次露營也沒遇到過停車費收取如此嚴格的營區業主。最後離開時，一名營區員工要求我們收集護草墊，我們當然樂意協助還原環境。不過，我是否需要根據平台規定還原護草墊呢？最後我們確實把護草墊集中起來，但該員工的服務態度仍需改善。在一開始的回覆中，他們否認有錄製我們的車輛，但後來又出示了我們車輛的影片？並聲稱我們唱歌影響其他露營者的品質，當時僅晚上7點（平台規定晚上10點後禁止唱歌），唱了兩三首歌，並非大聲唱歌，就這樣就說影響了其他露友，不確定是否真的有其他露友反應，而且他們的態度並不友善。,1,1,-1,3834,,2022/05/07,0,負向
當日租用露營區每晚800元，停車費是每輛300元，每隔一段時間就會有人來檢查並收取停車費。朋友開車來訪一次就要繳交300元停車費，這次露營總共停了3天，總共花了1800元在停車費上。老闆的態度很惡劣，完全沒有親切感，讓人失望，可能不會再來了。,1,1,-1,3835,,2022/05/07,0,負向
擔心的不是下雨，而是因為營地規劃不良、排水不好，一下雨就會變成一片泥濘，鞋子可能會陷進爛泥巴中，小孩和狗只好待在帳篷裡，真是有點可惜。,2,1,-1,3842,,2022/05/07,0,負向
營區情況相當糟糕，營主態度十分惡劣，虎頭蜂很多，大約有2-3公分大，令人害怕。不處理並不明智，他們還把責任推給客人，聲稱是客人引來的。想請問的是，虎頭蜂晚上出沒算是正常的行為嗎？它們陸續出現了20-30隻。如果今天有小孩被叮咬，你有足夠資源賠償嗎？計畫前往的人們，請三思而後行！,1,1,-1,3844,,2022/05/07,0,負向
這個營區情況真是糟糕，有虎頭蜂出現，而且營地管理人員處理事情的態度很消極，甚至推卸責任，竟然說我們應該噴香水。蜜蜂來是因為我們營地上有棵樹開的花蜜太美味了，一直在採蜜。所以在選擇營地時一定要三思，不要花錢找罪受。,1,1,-1,3845,,2022/05/07,0,負向
車子的聲音實在太大聲了！清晨5點就被吵醒，睡不著覺，而且衛浴間太少，要排隊。好在營區老闆人很好，很友善！,2,1,-1,3979,,2023/09/08,0,負向
在靠近水庫和羅馬公路的地方，晚上車聲很大，以至於難以入眠。除了B區以外，其他小帳篷區的位置都相對較小，彼此之間距離過近。建議營地主人將CD區劃分為一區，這樣會比較合適。衛浴設施相對較少，如果需要洗澡的話建議合理安排時間。,2,1,-1,3984,,2023/05/08,0,負向
臨時更換座位的情況下，遇到了一些問題：1.地板上長了許多雜草。2.廁所在多人同時使用時，熱水可能會不足。3.四周環境昏暗，夜間上廁所不太方便。4.總是會出現跳電的情況。,1,1,-1,4048,,2021/05/08,0,負向
環境維持良好，因為保護螢火蟲不使用殺蟲劑，所以小黑蚊變多。,2,1,-1,4097,,2018/05/08,0,負向
這裡的廁所和浴室保持得挺乾淨的，但因為使用山泉水所以水色偏黃且稍微濁一些。此外，沒有提供飲水機，需自行購買水。環境中螞蟻及蜘蛛網較多，要注意避免碰觸。露營區的樹木間距較狹窄，使得停車較為不便，但晚上能聽見河水聲入眠，感覺還蠻不錯的。,2,1,-1,4176,,2024/04/07,0,負向
宮廷帳是這裡唯一值得稱讚的地方，其他設施都相當普通。不過環境還算不錯。,2,1,-1,4179,,2024/03/07,0,負向
只有一個地方有廁所浴室，其他地方都需要走一段路才能到達，而且好幾個浴室水溫時熱時冷，有時燙到人，有時又冷得刺骨，或者根本不夠熱。整個區域有29個帳篷，卻只有一個冰箱可用（冰箱可能已經沒冰了），而且也是在廁所附近。如果你喜歡散步，歡迎來享受，保證讓你玩得很開心。此外，營區主人嚴格禁止外來車輛和訪客進入，即使忘記帶東西，朋友送來也不行，只能在門口交接，無論內容有多大多重。另外，他們沒有飲水設備，所以一定要記得帶足夠的水喔。,2,1,-1,4181,,2024/01/07,0,負向
營區環境並不如預期，小黑蚊很多，營位缺乏洗碗檯，廁所遠且潮濕，水壓低且熱水不穩定，垃圾踩很遠，地面易滑且有大坑洞，缺乏照明，不建議拍照。,2,1,-1,4182,,2024/01/07,0,負向
基本上，我們可以接受使用者付費。營地主人印象不錯，對金錢比較小心。有些網頁上沒有提到的資訊我們會免費討論。使用者來了幾次，卻覺得付費態度不佳，提問時回應含糊，是否可以換另一位解釋？雨棚設施很好，但雨水卻往裡跑？場地規劃方面有待改善。值得一提的優點是，廁所和浴室相對整潔。道路規劃待加強。給予兩顆星評價，主要是因為廁所乾淨且客人素質良好。,2,1,-1,4183,,2024/01/07,0,負向
這段地面石子鋪得很薄，下大雨的時候容易積水，無論是計算人還是車還是帳篷的數量，都非常精確⋯⋯,1,1,-1,4188,,2023/07/07,0,負向
營地的精算師發現雨棚漏水，下面情況更嚴重，地勢低窪可能會淹水。,1,1,-1,4189,,2023/07/07,0,負向
這位男老闆的服務態度不佳，經常給遊客帶來困擾。,1,1,-1,4201,,2023/05/07,0,負向
"很抱歉遇到如此糟糕的露營經驗，下大雨後地面濕滑，加收費用令人困擾。家人跌倒受傷更令人擔心，露營地的設施也沒有符合需求，缺乏人情。
希望未來能有更愉快的露營經驗，感受到更多關懷和舒適。",1,1,-1,4203,,2023/05/07,0,負向
露營的經驗並不如預期：1. 洗澡時沒有熱水，孩子泡澡等了一個小時，水壓小且不穩。2. 估計有6個帳篷共用一條電路，電壓不穩，引起LED燈和打氣機故障。3. 環境髒亂，蚊子很多，草地長到腳踝高，石階長滿青苔。4. 洗手間和帳篷看到兩隻大蟑螂。5. 收費不合理，每人收費250元，幼兒園以下也需支付費用。6. 拍照景點照片和實際不符，老舊且網頁沒有介紹。唯一優點是環境清幽。服務人員態度不友善。,1,1,-1,4204,,2023/05/07,0,負向
端午節當天去湖區包場，才發現無法開著露營車進入，而且下著大雨。因為路途遙遠，心情受到影響，所以決定折返。老闆態度惡劣並推卸責任，讓整個露營行程變得不太友善。目前還不確定能否申請退費。,1,1,-1,4205,,2023/05/07,0,負向
這個營地的排水系統很不好，還沒有提供底下的草墊，下雨時內帳和床墊都淋濕了又積水，真的無法睡覺，只好收拾行李回家，這個營區真的讓人很失望。,1,1,-1,4212,,2022/05/07,0,負向
中央的大池塘被築起了圍欄，所以周遭有許多牛蛙，晚上會辦派對，叫聲聲勢浩大，要記得戴耳塞。上游的小溪水潺潺流動，但四周有蜘蛛網和蚊蟲的打擾，要下去玩水似乎要仔細考慮。此外，小黑蚊和大隻蚊的出勤表可能已經協調好了，前者大約在上午11:00開始工作，後者則在黃昏前開始出門覓食，所以3瓶防蚊液很快就會用完。在戶外露營本來就需要與大自然和諧相處，充分的準備才能玩得盡興。,1,1,-1,4214,,2022/05/07,0,負向
建議在營區廁所前的大水溝周圍設置圍欄可以增加安全性。晚上沒有路燈的路段走起來比較危險，尤其是有小孩的家庭要特別小心。,1,1,-1,4215,,2022/05/07,0,負向
這個露營地離新店碧潭相當接近，開車只需要約10分鐘。這裡是城市露營型的營地，你可以直接從外面買外食進來用餐。它原本是婚宴拍攝地點，並不是專為露營而設計，一些設施可能比較簡陋，像是帳前沒有洗手台，垃圾桶只能在廁所使用，廁所也只有一處且需要共用。營地約可容納30個營位，洗澡建議早點，後面可能沒熱水。雖然有一些不方便之處，但你可以欣賞到入場的湖景，晚上還能看到螢火蟲。,2,1,-1,4216,,2021/05/07,0,負向
這個地方的服務態度不積極，尤其在收錢時十分積極。網路訊號很差，設施也顯得破舊。蚊子數量過多，場地空間很狹小。營位和洗手檯都沒有燈光，而且洗手檯一直被堵塞著；洗澡的熱水也不穩定。營位的規劃看來相當隨便，雜草叢生，指示牌不太清楚，地點也不易找。總之，一別再別，此生不再來！,1,1,-1,4218,,2021/05/07,0,負向
在這個地方，帳篷都相連著，沒有網路好看的設施，只有些破舊的地方可以拍照。沒有鋼琴或教堂，因為有其他人在附近，所以不好意思拍照近距離。確實有些讓人覺得不美觀的地方，跟網路上美照相差很遠。區域劃分不夠好，太密集了。露營和參觀的價格自己參考，兩晚帳包區是2200元，夜衝是600元。這只是提供大家參考，我只有這一次的經驗啦。,1,1,-1,4219,,2021/05/07,0,負向
這段內容描述了在露營時遇到的困境，因為下雨時遮雨棚漏水，地面低窪積水。當一群朋友試圖和老闆談判時，老闆卻說他們人太多，車輛太多，需加收費用。這讓露友感到不滿，決定不再前往該露營地。,1,1,-1,4222,,2021/05/07,0,負向
這個遮雨棚的空間很小，甚至沒有足夠的地方放兩個帳篷。雖然宣稱是獨立區域，但事實上與旁邊的人相當接近。而且半夜不受任何管制，旁邊的人一直玩狼人殺玩到凌晨兩點。第二天也沒有人來清理垃圾桶。如果不是因為無法評論而無法給予星星評價，我真的一顆星都不想給。,1,1,-1,4224,,2021/05/07,0,負向
這個露營區的品質確實讓人失望，露營費用為每帳1250元，營主態度也不友善。訂了兩帳的雨棚營位實際上只能容納一帳，大小為400*600，收費過高，每人150元，就連小學生也要被收取同樣費用，停車費更是要100元，且受到離開時間的限制。總體來說，這個露營區真的不好推薦。,1,1,-1,4225,,2021/05/07,0,負向
拒絕養大型犬，只是感到自己還是新手，詢問是否可以參觀場地。雖然店家有權拒絕，但補上那句請自己先做功課，顯示不是所有人都認為這家店很好。雖然門市離家很近，但不會再考慮了。,1,1,-1,4280,,2018/05/07,0,負向
訂位後遇大雨特報，無法改期，營主推責任給訂位中心並扣除60%費用，加上30元處理費，沒有發票。商家只想賺錢，缺乏同理心，非常不推薦。,1,1,-1,4288,,2018/05/07,0,負向
7月18日下午3點，大門未開放，並且旁邊的標誌顯示需要事先預約，造成我感到很失望，只好返回家裡。,1,1,-1,4291,,2018/05/07,0,負向
環境舒適，但是有很多毒性很強的小黑蚊，而且下雨天無法延期，也有許多帳收數量。,2,1,-1,4295,,2018/05/07,0,負向
沒有人接電話，後來才發現園區已經關閉了！,1,1,-1,4307,,2016/05/07,0,負向
這個地方門票價格高，東西也很貴，連煎個蛋都要220元，但感覺不值。廁所男女共用，隔間又暗又聲音不好，我寧願去土雞城吃飯。,1,1,-1,4309,,2015/05/07,0,負向
在這家餐廳裡，每位進入園區的費用為100元，且還有另外的180元的最低消費要求！在去過許多餐廳後，從未遇到過這樣的情況！看起來有點像是在暗地裡賺錢！在前往之前請大家慎重考慮。,1,1,-1,4310,,2015/05/07,0,負向
這個露營區經驗真是令人感到不爽。在洗澡時沒有熱水，水壓又小又不穩，讓小孩泡沫等了將近一小時，實在是太糟糕了。另外，共用同一電路的六個帳篷，不僅電壓不穩，還連三瓦的十顆LED 15米串燈都亮不起來，打氣機還罷工，只好手動打氣，而後改用LED燈條。環境更是骯髒亂糟，生態池看起來沒有人在管理，到處都是小黑蚊，點了蚊香、擦了防蚊液也沒用，每人至少需要20包。在浴室跟帳篷區還看到兩隻大蟑螂在飛。草地不定時修剪，長到超過腳踝高度，石階上滿是青苔，導致好幾位大人不小心滑倒。收費也不合理，大多數露營區超過四個人需每人收取100元，幼兒園以下的小孩則不需要付費，但這個營區卻是每人收取250元，連幼兒園以下的小孩也要收費。拍照景點大多數老舊，與照片不符，這樣的營區真的不值得一遊。,1,1,-1,4338,,2022/06/08,0,負向
這個露營區真的讓人失望，設施老舊又不符合期待，服務也相當糟糕。洗澡水沒熱、電壓不穩、蚊蟲多、環境骯髒，還有蟑螂出沒，真的是樣樣讓人不滿意。不僅收費不合理，而且拍照景點大多老舊，與照片描述不相符。希望未來能改進，提供更好的露營環境。,1,1,-1,4339,,2022/06/08,0,負向
營地的環境越來越冷清了。如果超過每帳限制的人數，他們會嚴格地收取額外的人頭費和停車費。浴廁還算可以，但因為有水池，所以小黑蚊特別多。其他方面就不多評論了。,2,1,-1,4349,,2022/01/05,0,負向
這照片拍得挺漂亮的，但實際到現場看看就知道了。營區的照片看起來很美，但要看設施的話，還是遠觀和眺望比較適合。,2,1,-1,4357,,2021/04/26,0,負向
草地因排水不佳而積水泥濘。,2,1,-1,4358,,2021/03/05,0,負向
這段話可以翻譯成：「談論營地的費用和環境。因為是連假，所以擔心中南部交通壅塞，所以選擇北部的營地。但抵達後發現營地缺乏設施，而且蚊蟲特別多，連防蚊噴霧都無效。」,2,1,-1,4381,,2020/03/25,0,負向
這次露營經驗相當糟糕，讓我們決定以後不會再造訪這個地方，也不會向朋友推薦它！原因如下：1. 營區不准朋友探營，且探營費用高昂，卻沒提前告知這項特別規定，四位友人探營需支付900元。2. 洗澡水溫忽冷忽熱，讓我們感到非常困擾，更糟的是洗到一半時突然停水，得打電話給營主才重新供水。3. 廁所的衛生紙供應稀少，導致大家在廁所間互相借用衛生紙。,2,1,-1,4434,,2018/05/27,0,負向
態度不友善，讓我決定不再光顧。態度惡劣，嚴重影響到其他人。,1,1,-1,4437,,2018/05/20,0,負向
這地方沒有我想像中的美麗，與照片相差太遠。洗手台不夠，插座位置太遠，草地下雨時泥泞，排水系統很差。,2,1,-1,4643,,2016/12/01,0,負向
收了錢後應負責到底，晚上沒熱水洗澡也無法解決，天氣這麼冷只能用冷水洗澡，非常不推薦。,1,1,-1,4704,,2021/05/07,0,負向
在竹雞區訂的房間，沒有風景可欣賞，最令人困擾的是，有很多人在那裡吸菸。營區上方有一群年輕人在凌晨一點時仍然大聲嬉鬧，好像沒有在意其他人的存在，也沒有人來管理。真是一個非常糟糕的體驗。,2,1,-1,4908,,2021/05/08,0,負向
這個季節蒼蠅真的很多，下午還碰上突然停電，冰箱遠到不行，晚上中華電信的基地台超載導致無法聯繫。,1,1,-1,4946,,2019/05/08,0,負向
當天進入貴營區（竹雞區），本來露營是一個很寧靜和放鬆的活動，但那天卻被一群年輕人打擾了。這些年輕人從晚上開始喝酒，大聲鬧事、亂罵，一直吵到凌晨3或4點我們才能勉強入睡。我們的營地恰好在他們對面，吵得我們完全無法入睡，只能等他們安靜下來才勉強補眠。當天我們向營地管理人員反映，但他們僅通過電話告知對方晚上要保持安靜，可是酒一喝上頭那話就不靈，只能持續吵鬧。因此，我們對貴營區的體驗非常不滿意，不會再去了。,2,1,-1,4977,,2021/06/02,0,負向
營主一直很注意限制，態度和口氣也很差，明明是來露營放鬆的，卻讓人感覺很受氣，非常不推薦。,1,1,-1,5224,,2024/03/08,0,負向
這段描述看起來是一個露營過程中的不愉快經歷。基本上就是遇到了一個營主態度非常惡劣的露營地方，對於小孩和寵物也沒有耐心，甚至會因為球打到車子就罵人，讓人感到非常不受歡迎，尤其對待寵物更是無法接受。結論就是，這個營主的態度讓人感到極端不爽。,1,1,-1,5225,,2024/03/08,0,負向
服務態度非常差，語氣就像在吵架一樣。,1,1,-1,5226,,2024/03/08,0,負向
這次參加的是露營活動，營區整體環境很乾淨，草坪也很舒適，廁所提供衛生紙。原本說會根據溫度開放泳池，但因昼夜溫差增大取消開放。不過星期六卻非常炎熱，可惜未能使用泳池設施。營主可能為露友健康考量，提前通知隔天12:30全面離開。雖然營區規定如此，依然造成困擾。露營本來是放鬆活動，以前經驗是14:00離開，以後可能不會再前往，營區設施破舊，騎腳踏車空間狹窄，小孩易碰撞受傷。營位多可達50幾帳，共用一個衛浴，熱水供應晚上12:00截止，因此白天洗澡需要排隊。建議提前整理裝備者適合此營區，習慣營內用餐或晚上才開始收拾可能需考慮水土不服。,2,1,-1,5235,,2023/11/08,0,負向
電閃閃，蚊蟲很多，廁所離得遠,1,1,-1,5236,,2023/06/08,0,負向
這個營地的女生淋浴間只有5間，然而廁所卻相當遙遠。營地提供的熱水只供應到晚上12點，然而結果是我們的友人在11點多去洗澡時只剩下冷水。由於使用柴燒，洗澡時水溫無法穩定，有可能從非常冷到超燙。女生吹風機只有一台，營地區域空間狹小，帳篷與帳篷之間距離相當近。雖然規定中未提到不能打麻將，但卻在後來告知打麻將可能影響小孩觀感。營地要求我們拉上帳篷圍布，飲水機也僅有一台，卻時常缺水。總括而言，這個營地並不值得推薦。,1,1,-1,5243,,2023/05/08,0,負向
衛浴要排隊的人很多，冰箱擠爆了，記得防蚊叮。,2,1,-1,5258,,2022/05/08,0,負向
1、燃木製造熱水，水溫冷熱明顯，洗澡很不方便。2、規定小孩玩沙時不能讓沙子掉出來，並有人監視。如果擔心遊戲影響他人，就不要開放遊戲。3、下大雨時開放帳篷已經很狼狽，還要對東對西地添加規定。4、規定分類，每個區域只允許放1-2桶裝備，停車時也要加快放置裝備的速度，因為草墊擔心下雨後積水，不能多使用。5、洗澡時有人提醒不能使用過多水。6、車輛必須停放在指定停車區域（可以接受）。7、即使天氣很好也不放水到游泳池，寧願用來洗草坪護墊⋯整體感覺很糟糕，保持乾淨固然是好事，但過度了，不如干脆不要開放！,1,1,-1,5260,,2022/05/08,0,負向
1. 如果沒有廚餘桶，廚餘可以放在哪裡？2. 下著大雨，場地滿是泥濘，有小孩踩到臉上，被呵斥說水池，卻沒有退訂，並叮囑小孩不再跟泥濘。3. 當有專人看管沙坑時，陌生小孩把沙子撒到池邊，立即提醒請小心別撒出來。營友問為何小孩這樣玩，卻被員工譴責，建議讓小孩到裡面玩。4. 腳踏車放在籃球場內很危險，小孩隨時可能被籃球擊中。5. 儘管有提供老舊腳踏車供使用，但無腳踏車專用道，需與汽車共用，危險。6. 泳池內淋浴水壓不穩定，唯一洗漱地點與廁所在同一區，不方便。這是我們首次遇到如此嚴格的營地管理，歡迎想要體驗的營友前往！如果喜歡熱鬧的營友請慎重！,2,1,-1,5261,,2022/05/08,0,負向
今晚的露營經驗真是夠糟糕了，溫度只有12度，還跳電了，暖爐和電熱毯也沒辦法使用，感覺要在這個寒冷的夜晚凍死了。,1,1,-1,5267,,2022/05/08,0,負向
營區內有200多位成人和孩童需要在晚上12點前洗澡，水源有限且在未完成時就被關閉，情況有些嚴重。僅有一台飲水機供應飲用水，使用大桶裝水還面臨被批評的問題，缺水的情況頗嚴重。詢問「拿大桶裝給10人喝」和「10人來自裝」的區別是有意思的。對於這麼多人，只有一台飲水機的情況，確實有待反省設施是否足夠。另外，晚上沙坑不對孩童開放，目前還不清楚其中涵義，而營位位置擁擠的情況則還算可以接受。,1,1,-1,5278,,2021/05/08,0,負向
民宿的空間規劃需要進一步加強，因為鐵皮屋旁的空地吸引了所有小孩去玩耍，導致住在民宿裡的人沒有地方可以好好休息。建議改進。,1,1,-1,5289,,2021/05/08,0,負向
很久沒有露營洗澡讓人感到困擾，幸好這次不是在寒流來臨時來到這個營區。小黑蚊個人覺得還好，但是熱水真的令人難以忍受。,2,1,-1,5300,,2020/05/08,0,負向
建議改善營區的草皮整理和排水設施，以免在雨天造成積水影響露營活動。值得一提的是，營主很友善，廁所乾淨且營區視野開闊。,2,1,-1,5436,,2023/11/08,0,負向
這個營地的草叢又長又亂，地面還坑坑洼洼，蚊子也特別多，而且個個都又大又肥。不僅如此，還有各種各樣的生物，甚至還有蟑螂。這次露營的營地體驗並不愉快，也許唯一的優點就是廁所和衛浴間比較乾淨吧。,2,1,-1,5438,,2023/08/08,0,負向
草地長得太高、有很多蚊子、螞蟻和小黑蚊是正常的，但是遇到大強和小強飛來飛去的時候，要注意了！如果怕蟑螂的話最好三思！在下午雷陣雨後，最底下的營地直接淹水，帳篷裡滿是泥巴、水和雜草，問營地的排水系統時，他們說沒有排水，土地會自己吸收水；接著又說排水管有螞蟻築巢堵住，只好請人來處理！更糟糕的是飲水機壞了，卻沒提前告知，要我們去營地開的雜貨店買水，讓人感覺像是被宰了一樣。冰箱離得很遠！因為地勢不平坦，草墊全都被壓爛，割傷人的狀況下，收取1200元一晚實在難以接受。唯一的優點是兩個年輕工作人員很友善，廁所除了常常被草堵塞外算是維持得乾淨，就這樣了。,1,1,-1,5439,,2023/07/08,0,負向
這裡的唯一優點就是廁所很乾淨，但草地不平坑坑巴巴，睡覺時可能會腰痠背痛，而營區看不到風景有點可惜。,2,1,-1,5448,,2023/05/08,0,負向
需要至少一顆星的評等才能夠發布評論，但其實我想給0顆星。收場地費時，你應該至少要提供乾淨的水槽，而不是讓我自己去清洗。另外，插座也應該是正常運作的狀態。修繕工作需要花費2至3個月的時間，這是你們營區在營業時必須克服的問題。其實，並非營地的高低問題，這樣的回答讓人難以接受。如果要我提一些建議，草地應該做好護理，否則應當休園。地面太泥濘且有很多損壞的部分。此外，停車問題也很糟糕，應該在營業時考慮到。,1,1,-1,5453,,2023/05/08,0,負向
露營本應該是一個愉快的活動，但是營區沒有停車位讓我的車受損，水槽的水管也脫離了，讓我真的不打算再來了。,1,1,-1,5454,,2023/05/08,0,負向
營區沒有停車位，要我們自己找，水槽漏水，跟管理者反映後叫我們與他人共用，整個營區這麼大，這情況確實讓人感到困擾！,1,1,-1,5455,,2023/05/08,0,負向
這裡的設施真的很糟糕，停車位不足，共用水槽，電插座也有故障。設備不足，真的讓人相當困擾！,1,1,-1,5456,,2023/05/08,0,負向
廁所沒有清潔過，有虎頭蜂未處理，蚊蟲很多，游泳池沒有水。早上十點半就在催促收帳，整體經驗非常糟糕。,1,1,-1,5458,,2023/05/08,0,負向
如果可能的話，希望草坪不要長得太長。這裡只有一位工作人員，雖然有點可憐，但毕竟我們去露營是希望度過快樂的假期，這樣的服務，就只能隨遇而安了。,1,1,-1,5461,,2023/05/08,0,負向
整體感受不是很好，廁所有強烈的尿味，淋浴間沒有清潔過，冰箱等客人到才開，兒童戲水池已經髒到看不到底部，還有非常多小黑蚊⋯,1,1,-1,5462,,2023/05/08,0,負向
廁所沒有打掃、草地長出像小樹般的雜草、冰箱發霉沒有整理、溪水池看起來像生態池，這整體情況很糟糕。,1,1,-1,5463,,2023/05/08,0,負向
從周六中午到周日將近中午，廁所沒有進行清理打掃，也沒有補充衛生紙。,1,1,-1,5464,,2023/05/08,0,負向
收到太多帳款了，帳與帳之間太靠近，晚上鄰居吵到無法休息。只給一顆星是因為環境乾淨，房東親切。應該不會再光臨了。,1,1,-1,5471,,2022/05/08,0,負向
植被稀少造成營地排水不良，導致土壤鬆軟，大風一吹就會使營釘連根拔起。再加上沒有提供棧板，導致地面泥濘，整體環境相當糟糕。總評僅一顆星，更因為帥哥打著赤膊服務還算不錯。,1,1,-1,5472,,2022/05/08,0,負向
這個營地管理不善，沒有管控吵鬧的客人，從中午一直狂熱到凌晨四點！ 我們無法制止醉酒的客人，而營地的電話也沒有人接，過了午夜12點也沒有出來制止，嚴重影響其他客人的休息時間。 營區的使用規則明確禁止卡拉ok，卻讓人一直唱到快天亮，甚至引來警察勸導仍然繼續喧嘩，這個營地不值得推薦。,1,1,-1,5476,,2022/05/08,0,負向
我覺得風景很美，營地主人很熱心，但是營區的環境清潔需要更加努力，特別是洗水槽和冰箱。這次住在貨櫃露營屋裡，一進去房間裡拖鞋就變得超濕。詢問打掃阿姨，她說有用酒精消毒水，但可能噴得太濕了。讓我們非常困惑的是，在洗澡的時候水管被停水多次，有一次甚至停了2-3分鐘。在這種天氣下被停水真的很令人困擾，小孩和大人都洗到哇哇叫，真的很冷。,2,1,-1,5482,,2022/05/08,0,負向
這個帳篷不像網路上的評價說的那麼寬敞，收納完東西後小朋友幾乎沒有空間活動，但其他公共設施還不錯。,2,1,-1,5491,,2021/05/08,0,負向
營區環境非常糟糕，帳篷之間的間距太近，洗碗槽太低，沒辦法正常清洗。浴室要和其他營友共用，常常髒亂不清潔。晚上時其他露友聲音很大，給人們造成困擾，而營地管理也沒有有效控制。整體經驗讓人感到非常糟糕，不會再考慮再次造訪這個地方。,1,1,-1,5497,,2021/05/08,0,負向
飲水機離冰箱太遠，營位太近，因此很吵雜，停車區也太遠了，不太方便。,2,1,-1,5498,,2021/05/08,0,負向
環境設施算不錯！只可惜營區管理者執行不夠嚴格！讓其他客人大聲喧譁到深夜！影響他人休息時間。,1,1,-1,5515,,2020/05/08,0,負向
這個營區的硬體設備很好，廁所和衛浴設備也很乾淨。但營區裡有幾隻大狗，它們似乎一直在我們的帳篷周圍走來走去，從晚餐一直到半夜，讓我們無法好好休息⋯甚至在我們入睡時依然在附近玩耍，讓我們的睡眠品質很差。雖然我不討厭狗，但它們在我們用餐時不斷徘徊還是讓我們感到困擾，一邊煮飯還要防止它們偷吃。除了這些狗狗的問題外，其他方面都還算不錯，真的。,2,1,-1,5520,,2020/05/08,0,負向
儘管周遭環境尚可，但小黑蚊盛行，且野狗半夜常翻垃圾桶，讓你在帳篷外來回踱步，所以難以安寧入睡。,2,1,-1,5521,,2020/05/08,0,負向
這個地方很吵，因為羅馬公路旁邊，半夜時要麼是機車，要麼是跑車。營地規定不能踩踏草皮，難道是為了要客人飛起來嗎？每帳篷要價1200元，卻沒有景觀和海拔高的新鮮空氣，價格有點貴。給他一顆星是因為附近有很多螢火蟲可以治癒心靈，這是唯一我欣賞的部分。,2,1,-1,5534,,2019/05/08,0,負向
這個地方的環境很好，非常適合露營。,2,1,-1,5535,,2019/05/08,0,負向
各區間之間的距離太過緊密，營位擠滿，導致非常擁擠，晚上鄰居聊天一直到凌晨1點，很吵。,2,1,-1,5538,,2018/05/08,0,負向
兔子應該飼養在室內，並提供不限量的提摩西草和煮過的飲用水，可以搭配適量飼料。理想環境溫度為17-25度，避免潮濕和淋雨，以防止皮膚疾病和中暑。應該盡量避免讓兔子長時間暴露在高溫下，避免肝功能問題。友善地分享這些知識，希望可以創造一個對動物友善、對環境友好的環境。,1,1,-1,5737,,2022/05/08,0,負向
風景很美，只是環境和服務人員的素質還有待改善。,1,1,-1,5799,,2019/05/08,0,負向
這家五星級飯店有很多蚊子和蒼蠅，無論是早上還是下午，連老闆都說要賣蒼蠅貼片。,1,1,-1,5807,,2019/05/08,0,負向
這段句子的意思是指遠離雷，避免被雷打嗎？,1,1,-1,5813,,2019/05/08,0,負向
設施價格較為親民，風景一般般。,2,1,-1,6069,,2023/12/08,0,負向
一開始表示可以在這區搭帳，但在大熱天搭好帳後又被告知這區不能搭帳要停車。接著又要再次移帳，真是讓人感到很沮喪，路線不好走，車底盤還被擦到了。,1,1,-1,6073,,2023/07/08,0,負向
洗澡時水溫難以調節，而且沒有飲水機。,2,1,-1,6076,,2023/05/08,0,負向
菠蘿蜜區剛洗頭時熱水就沒了！這區需和其他區共用2間廁所和浴室（兼具蹲式馬桶和沐浴設備）。車子無法進入營區，設備將由營地負責人使用牛車來運載。,2,1,-1,6079,,2023/05/08,0,負向
租的雅房與照片呈現有很大的落差，但當下已經無力改變了。房間久未整理，有跳蚤出現，讓皮膚感到癢癢的。我們忘記帶食材，當想打電話詢問時已是傍晚，結果對方以為我們不需要，工讀生便打掃了房間並帶走了東西。下次需要確認租房情況是否遺漏，處理事務能力需要增進。然而，也不太能怪他人，都是自己疏忽造成的。,2,1,-1,6090,,2023/05/08,0,負向
環境很好，營區的主人很熱情。我們租了五帳包區兩晚，但只有一間浴室可以洗澡，需要排很長時間才能洗一次。考慮到我們五帳包區只有8個人，已經很少了。如果正常人數是10-15人的話，估計要等多久才能輪到洗澡呢？,2,1,-1,6099,,2022/05/08,0,負向
這次露營經驗讓我們非常失望。我們選擇這個地方是基於網路上的評價，但事實與期待大相徑庭。我們支付訂金後詢問問題，但始終收不到回應。入住後也沒有見過所謂的老闆老闆娘，感受不到評論中提到的親切服務。兩間盥洗室要供應那麼多人使用，但只在收款時才出現，讓人擔憂衛生問題。洗澡得排隊，沒有沐浴用品，連洗碗精都沒有。總括而言，我們11個人對這次露營的體驗都不滿意。,1,1,-1,6137,,2019/05/08,0,負向
"這句話的意思是：有商家這樣做生意嗎？為了要增加夜場的接包量，竟要求已經預訂位置的客人取消訂位，還要我改訂到別的日期？我真的輸給你了，老闆！ ""人無信不立，業無信不興""，這是古代的明訓！",1,1,-1,6320,,2023/06/09,0,負向
所有的房客都很安靜，只有在星期日的早上，突然有朋友來訪，他們竟然從早上6點多開始在客廳聊天，一直聊到快8點。這樣讓人有點難以入睡啊，若要做生意，這些細節還是要注意的。總的來說，其他方面還算不錯。,1,1,-1,6328,,2023/05/09,0,負向
這個露營區不是由原住民經營，訂單確認後卻被管理員修改，額外收取費用。環境不是很讓人感到放鬆，總是感到被營區主人監視。或許該考慮停止運作，讓原住民規劃生活。,1,1,-1,6580,,2023/09/09,0,負向
這個營區可能不太適合冬天前來，因為尚未使用高功率電器卻仍然會經常跳電，且營主有時會抽菸，引發煙味，讓人感到不舒服。雖然優點只有一個，但廁所倒是維持得相當乾淨。,1,1,-1,6593,,2023/05/09,0,負向
這個營區在冬天不太適合，因為無法使用低功率的電暖器，常常會跳電。此外，營主可能會覺得你怕冷就不要來露營，甚至工作人員可能會用國語罵你。,1,1,-1,6594,,2023/05/09,0,負向
營地的廁所清潔度很好！在山上露營可以放鬆心情，吸收大自然的芬多精。但是營地主人經常在帳篷旁抽菸，如果您打算帶孩子來露營，可能會擔心二手菸和三手煙的問題。如果關於營地主人的二手菸環境，您給一顆星的好評。,1,1,-1,6597,,2023/05/09,0,負向
營區的環境整潔，洗澡水溫度還適中，但電力供應不穩定，如有需求請提前通知以免不便。建議定期檢修供電設備，凌晨時間可能會斷電，廁所可能會沒有燈光。營區允許自由使用卡拉OK，但請注意營主可能也會使用。護草墊已標示使用方法，不必擔心其他露營者會在上面放椅子。,1,1,-1,6614,,2022/05/09,0,負向
露營地和浴室設施都很好，但除了營主之外，其他女性工作人員態度非常差，完全不友善。許多營友提問時，其中一位女性工作人員的回答很不耐煩，讓人感到不悅。因此我決定不會再造訪這個地方。,1,1,-1,6617,,2022/05/09,0,負向
環境整潔，熱水供應只到晚上10點，浴室洗手台的照明也只到10點，營區業主夫妻給人的感覺不夠熱情⋯⋯⋯⋯,2,1,-1,6625,,2022/05/09,0,負向
(11/7入住) 看到網友的好評後，我帶著老婆和小孩來到馬胎227第一次露營。我們選擇了廣場區，環境清幽乾淨，感覺很不錯。晚餐後，小孩和隔壁營區的家長一起玩夜間探險，可惜下雨了，但也體驗到露營的樂趣。然而，深夜遭遇一群吵鬧的遊客，一直唱歌聊天，讓我們難以入眠。儘管環境靜謐，營區主人並未制止，出於安全考量，我們也不好意思提出。直到友人氣憤地抱怨後，才有所改善。經過一晚未眠，加上下雨，影響了我的心情，早晨急著收拾準備離開。營區主人過來幫我們移車時，提起了昨晚的吵鬧，解釋是熟客，所以未制止。他笑著說客人可能喝酒了，才會這樣。雖然營區在預訂網站上有5星評價，但營主只顧著照顧熟客，讓我有些無奈。,2,1,-1,6640,,2021/05/09,0,負向
這個營區的收容量實在太多了，人潮相當密集，活動空間幾乎是不足的，而且酒客多又吵鬧，並不太適合親子活動。,1,1,-1,6655,,2021/05/09,0,負向
這種情況真的是太過分了，擁擠到不行，無語。,1,1,-1,6659,,2021/05/09,0,負向
只有中華電信有信號，其他通訊業者都沒有信號，但營地有WIFI。首先要跟大家報告，開去馬胎227營地的路上需要開得很小心，因為道路彎曲，看不到來車，有點危險。快到營地之前的道路因為正在整修，非常顛簸不平，有很多大小石頭，可能會刮傷車子的底盤。如果是開休旅車可能沒有問題，但一般轎車還是要小心。這次我們入住營主家前的廣場區，場地很小，設了5個帳篷，帳篷都相連，孩子沒有足夠的活動空間，感覺營主收費有點過高！營地環境有蟑螂，還有非常多的蒼蠅（目前為止遇到最多蒼蠅的營地）。不過可能是因為海拔750公尺的緣故，沒有小黑蚊。廣場區不遠處約不到1分鐘的距離就有一個很乾淨的廁所，旁邊還有小溪可以抓溪蝦，水不深，適合小朋友泡泡腳。另外需要特別提醒的是，營主養的雞到處自由跑動，凌晨3點就開始啼叫，會讓你失眠，早上還會到營地跑來玩耍。如果您能接受以上情況的話，可以去試試看，但我個人是不會再去了！,2,1,-1,6660,,2021/05/09,0,負向
前往目的地的路況非常惡劣，一公里的路程路面破損多次，營地空間狹小，甚至沒有一塊小朋友可以奔跑的草地。抵達營地後，發現前往營地的道路顛簸不堪，車輛難以通過，只好在其他地方停車，步行前往營地。,1,1,-1,6661,,2021/05/09,0,負向
營地規模太小，人潮過多，還有老闆養的雞整晚叫，根本無法安心睡覺。,1,1,-1,6664,,2020/05/09,0,負向
這個營區不大，沒有很好的景觀可欣賞，但有溪水和兒童滑梯。滑梯的設施很像公園，但沒有沙坑。廁所和浴室很乾淨，只是地面常常潮濕。B區是唯一適合搭帳篷的地方。營地放養了幾隻雞，牠們自由走動並且一直咕咕叫，有些吵。相較之下，狗被關在籠子裡，早上這裡充斥雞嗚和狗叫聲。不過，大自然中仍然有蟲鳴鳥語。總的來說，這裡真的沒有很多好選擇讓人去的地方。,2,1,-1,6668,,2020/05/09,0,負向
營主可能會多收錢，營位有點狹窄，停車空間不太大！,1,1,-1,6676,,2019/05/09,0,負向
這家店的態度都不友善，還讓自家狗隨地亂拉亂尿。,2,1,-1,6693,,2023/03/07,0,負向
沒有使用高功率的電器，卻一直跳電，還說天氣冷就不要出來露營，還說脏话有點過了。有使用黑色設備第六代，功率380W。,2,1,-1,6697,,2022/12/13,0,負向
B2區有許多蟑螂，有時還能聞到狗屎的味道。,2,1,-1,6728,,2020/08/21,0,負向
營地的管理者管理不當，廁所沒有打掃，垃圾沒有清理，廁所的味道很糟糕，洗澡的熱水不穩定，晚上需要找帶熱水的廁所排隊洗澡，隔壁營位的噪音讓人無法好好休息和放鬆。打電話請管理者上來處理，卻需要等上兩個小時。我覺得這輩子不會再來第二次這個地方，同樣的景觀和價格有更好的選擇。一顆星是給美好的景觀。,1,1,-1,6753,,2024/04/11,0,負向
房間很狹窄且擠。深夜時有流浪狗每天來尋找食物。垃圾桶並非獨立使用，而是與其他戶共同使用。,1,1,-1,6756,,2024/04/09,0,負向
不推薦入住的房間隔音效果很差，廁所在外面，連吹風機都沒有，非常不方便。另外，露營區的廁所因為被很多人使用而沒有及時清理，非常髒亂。,1,1,-1,6758,,2024/04/09,0,負向
這段話可以簡單整理成：第一次去露營，晚上營地管理者沒來巡視。我打電話給管理者，發現已經快十一點了，還有人在帳篷裡喝酒聚會，管理者到場後，情況很吵。,1,1,-1,6766,,2024/03/09,0,負向
在ABC三區露營建議將帳篷數量減半，或者只允許包區露營，目前的帳篷密集度過高。建議營區提升管理質量，避免和難民營相仿。南投這種擁擠現象是不是太普遍了？或許應該選擇前往苗栗、新竹等營區，因為其他地區都在提昇露營品質。若環境太差，可能會考慮提早離開。單飛露營者被大團體包圍，真的感到不舒服，希望營區經營者能多關心獨自露營的人，不要只是為了賺錢。,2,1,-1,6771,,2024/01/09,0,負向
當開始在線上訂位置時，前排夜景區還有空位，我們也提前付款訂位。但當晚夜跑到達時，我們被分配到中間的草皮區。我們問老闆我們不是訂前排的嗎？老闆回答說那是要留給晚到的人。我們問老闆現在不就是晚到嗎？老闆支支吾吾地說沒有辦法⋯⋯後來才知道是他把位置給了後面才訂的6組客人⋯⋯感覺有點被欺騙，很失望。,1,1,-1,6773,,2024/01/09,0,負向
"1. 12/1-12/2 在凌晨1點多的時候，B區的露營朋友，大人們講話聲音很大，小孩們一直嬉鬧聲不斷。
2. 營帳和營帳之間非常靠近，營繩只差一步就會碰在一起。
3. 垃圾筒太少，放在營位前面，建議改放在營位後方或區域入口，這樣才不會一直有人來回走動。
4. 露營伙伴的素質很重要，是否可以不要在別人帳篷前來回走動看人家的裝備，這樣很不禮貌，如果要走路請繞過帳篷後方。
5. 請規劃吸煙區，下風處可以聞到煙味，地上還有煙蒂的營地不推薦，我不會再去了。",1,1,-1,6776,,2023/12/09,0,負向
我昨天才從騰雲露營區回來，待在那裡時確實確定等回家要寫差評...總體感受太糟了...浴室設施破落（最後一間沒熱水）、飲水機超髒、冰箱太小沒有分隔、馬桶水箱沒蓋...那裡草地上很多蜈蚣...整個營區設計奇怪，沒有兒童活動區，營位間距太近（像是夜市攤位？）...晚上很晚，隔壁的營友超吵，沒人制止，帶狗的露友無法控制牠們不斷跑到我們帳篷...我是看完評論才決定去的特定區域...因為我真的不推薦那個被描述成百萬夜景的地方，只看到了一顆樹...所以真的不推薦。,1,1,-1,6786,,2023/11/09,0,負向
遇到幾隻野狗，還被其中一隻咬走半隻雞；在浴室裡，洗澡水時冷時熱燙傷了；還遇到不懂禮貌的女人在裡面小便，還亂丟衛生紙。,1,1,-1,6797,,2023/08/09,0,負向
打了二三十通電話都沒有接，沒熱水，待在裡面等了二十幾分鐘，水溫也時冷時熱，這樣的露營區根本不值得六顆星，甚至這一顆星都是多餘的。,1,1,-1,6802,,2023/05/09,0,負向
這段話可以轉換為：我第一次露營到一個清潔頻率很低的營區，打電話反映後仍然沒有人來清理。此外，營區的熱水時冷時熱，睡眠品質起伏不定，早晨受寒流困擾很是痛苦。,1,1,-1,6817,,2023/05/09,0,負向
廁所的數量稀少，而且清潔度不佳。熱水時大時小，並且打給營地管理處反應廁所的髒亂情況，可是營地管理處並未妥善處理。,1,1,-1,6818,,2023/05/09,0,負向
這個露營地雖然靠近野外環境，但收費卻高昂，並且缺乏良好的管理。從上山的狹窄道路到抵達營區後沒有指定露營位，讓露營者自行找位置，這些都造成不便。另外，在海拔1000公尺以上，交通不便且環境限制多，加上半夜爆電箱跳電等問題，並且訊號薄弱，Wi-Fi失效等種種困擾，讓整個露營經驗變得非常不愉快。洗碗水槽沒水或水壓低，廁所設施狀況差且沒有夜間管制，導致營區管理不當，超載且品質不佳，讓人感到困擾。,1,1,-1,6822,,2023/05/09,0,負向
直接掛電話是有點不禮貌的行為，最好可以禮貌地解釋情況並請求補充衛生紙。可以說：“很抱歉打擾您，這裡的廁所沒有衛生紙了，可以麻煩您補充一下嗎？”這樣比較有禮貌。,1,1,-1,6825,,2023/05/09,0,負向
在聖誕夜的時候，因為停電處理不力，管理單位警告說如果再有這樣平凡的用電情況，整個區域的電力都會被切斷。朋友前來協助修理水電，工作完後沒有再另外向你收取費用，看來用電量已經超出預算。營區本來應該要注意好衛生，而不是隨便處理。現在又要增加新的營位，讓您對這營區感到擔憂。,1,1,-1,6832,,2023/05/09,0,負向
園區管理方固定了露營區域，但卻開放給其他露營者進行夜晚露營，導致營區位置難以確保。此外，其他露營者未遵守要求在中午12點前收拾離開，也沒有管理人員進行監督，實在令人擔心。另外，靠近廁所的兩個露營位太小，無法支持搭建兩個帳篷，而網站的照片仍顯示舊的布局，容易讓人誤解只能搭建一個帳篷而非兩個。這兩個問題是管理單位最需要改進的地方。信譽與品質才是維持長期營運的關鍵，而非一次斷一次。,1,1,-1,6833,,2023/05/09,0,負向
最無法忍受的是夜衝沒有設定時間限制，晚上11、12點時仍有車輛陸續上山，車燈和營地裡搭帳人的喧囂聲一直持續到深夜。第二天早上清點帳篷發現草地上有好多隻蜈蚣，還好有用草地保護墊，但還是有些蜈蚣爬進了帳篷裡，數量比螞蟻還多。營地風景優美，傍晚可眺望美麗的夕陽，夜晚則能仰望繁星點點，清晨有著濃濃的霧氣，彷彿置身仙境。廁所和浴室的數量不多，還有提供冰箱和飲水機。幸好我是在連假前一天抵達，半夜被夜衝的吵雜聲給惹惱到，第二天一早就匆匆離開，不想待在人擁擠無法放鬆的營地。,2,1,-1,6842,,2023/05/09,0,負向
在營地準備冰食材時，營主告訴我們冰箱已經開了一小時，但溫度還是27度，讓人感到困惑。連冰塊都開始直接融化了，晚上洗澡時朋友們反映浴室沒熱水。雖然後來修好了，但整個洗澡過程只有前兩分鐘的熱水，其餘時間都是冷水，所以我們不得不忍受冰冷的水，花了半小時才洗完澡。儘管營地風景優美，但設備確實需要改善。,1,1,-1,6849,,2023/05/09,0,負向
建議每次來這裡露營都會有很棒的經驗！,1,1,-1,6856,,2023/05/09,0,負向
風景還好，但沒有其他人說的那麼神；Wi-Fi 經常連不上，衛浴設施還算可以，只是熱水沒有很穩定，最大的問題是太擁擠了，露營者的惡夢，停車場也總是不夠，帳篷擠在一起，想去的人自行評估，不要聽網路上的吹捧文。,2,1,-1,6859,,2023/05/09,0,負向
環境清潔需要改善，帳篷過多，整體品質不佳。,1,1,-1,6864,,2022/05/09,0,負向
"1. 冰箱只有冷藏，溫度不夠低，並有濃烈異味，看起來有些久沒清理了！冰箱裡沒有提供冷凍功能，食材幾乎都是常溫的！
2. 各家電信業者的訊號都不太好，雖然有提供wifi，但訊號不太穩定。
3. 進入露營區時看到的景色不是期待的大自然風光和帳篷，也不想看到一整排的汽車！雖然現場有很多停車位，但A區卻擺滿了整排車輛，如果沒有預定到面對風景的位置，B區就只能面對別人的車子露營了。營地網站的介紹和實際狀況不太相符，向營主反映後，對方卻表示這是原本設計的規劃...
4. 浴廁前面有大片的蜘蛛網和蟲，成了孩子們觀察生態的好地方，浴廁雖然很大，但從抵達到離開時，垃圾桶一直是滿的...需要加強清潔！
5. 特地走到觀景區，白天和晚上的景色真的很美！",1,1,-1,6868,,2022/05/09,0,負向
營區管理人員規定只有A區（景觀區）的遊客可以停放車輛在那裏，其他區域面對長排車輛停放也屬正常。若無法預訂到A區，建議選擇在附近的停車場進行野營。,1,1,-1,6869,,2022/05/09,0,負向
B區停車位不足，像停車場露營，造成帳篷與車輛擁擠，園區告示要求停在外，但看到A區車輛卻在旁，與網路資訊不符，感覺付了1000元卻受騙。希望營地明確告知，避免造成失望與困擾。,1,1,-1,6870,,2022/05/09,0,負向
各處都有人在唱卡拉ok，而且聲音超大卻沒有人管，浪費了美麗的風景，讓人感到失望。,2,1,-1,6882,,2022/05/09,0,負向
有很多螞蟻，到處都是螞蟻，住了2晚太可怕了。,2,1,-1,6907,,2022/05/09,0,負向
特區的營位看起來價格非常昂貴，但帳篷必須使用營繩，這看來並未被考慮到。此外，營位的設計也顯得較為狹小（根據照片中比例可以看出來）。,1,1,-1,6953,,2021/05/09,0,負向
營區人潮眾多，每個營位都擁擠到不行，連5x8的營位都沒有。我被安排在左邊第一個紅圈處，被夾在兩棵樹之間。而且還多收了三個人，下次我應該不會再來了。,2,1,-1,6957,,2021/05/09,0,負向
夜晚的風景確實很漂亮，令人心情放鬆、心靈舒暢，但浴室設備有些問題，熱水有時候太熱容易燙到人，調整後又會變成冷水，營地的排水也存在一些困難，希望能夠改進。,2,1,-1,6964,,2021/05/09,0,負向
這個地方有很多優點，像是雲海美麗、夜景宜人、夕陽迷人，還有草地平坦。不過也有一些缺點需要改進，例如建議減少營位數量、增加浴室廁所數量、改善水壓水溫問題、優化停車空間規劃、提升網路訊號品質等。,2,1,-1,6966,,2020/05/09,0,負向
沒有第二次了，是夜間會要求客人結帳的營地主人。,1,1,-1,7009,,2019/05/09,0,負向
這個地方的優勢在於D區場地很寬敞並且有樹蔭，可以避免直接曝曬在陽光下。但缺點是環境整理工作需加強，水槽十分骯髒不整潔，無法感受到經常進行清潔。另外，廁所裡到處都是蜘蛛網，看起來已經很久沒有清理過。營位和廁所門口的洗手槽有大量非常大隻的飛蟑螂，環境衛生真的需要改善。,2,1,-1,1,,2024/05/06,0,負向
廁所的清潔待加強，需要定時打掃才不會臭；吹風機的品質需改善，最好能像飯店般避免過熱斷電；浴室的熱水供應有問題，洗到一半就沒熱水或是熱水不夠熱；冰箱的容量不足以負擔帳單；洗手台有傾斜的問題，無法放置物品。,2,1,-1,16,,2023/12/06,0,負向
這個營地的衛生狀況真的太糟糕了，很擔心安全問題和環境衛生的保證。看起來營地管理方面真的需要做出改善，否則可能會影響到遊客的體驗和回訪率。,2,1,-1,21,,2023/11/06,0,負向
環境還算可以，但人員態度有待改善。詢問問題時，請稍等片刻，不要那麼心急，不然真的會讓人感到不舒服。,1,1,-1,22,,2023/11/06,0,負向
營區照明有些暗，我們在中午抵達時發現廁所非常髒亂，直到晚上十點時還未有改善！垃圾桶滿溢，衛生紙滿地散落，馬桶也很骯髒，幾乎每個廁所都令人感到害怕…,1,1,-1,36,,2023/05/06,0,負向
水壓波動大，溫度時冷時熱，流理台設施嚴重不足，四五帳篷共用一個。如果有野貓野狗、逞兇的人，或者酒後失控的人最好不要來露營。這種行為會讓夏天的風景失色，整晚都聽得到你的抱怨。,2,1,-1,38,,2023/05/06,0,負向
營區不是規定22:00後要保持安靜嗎？怎麼還有一群人在半夜兩點還在吵鬧、彈吉他卻沒有人制止呢？難道不應該讓大家安心休息嗎？,1,1,-1,45,,2023/05/06,0,負向
廁所有點臭，好像好幾天沒有清潔過了，衛生紙都用完還沒補充，雖然環境很漂亮，但就是太擁擠了，到處都擠滿了帳篷和車子。,2,1,-1,46,,2023/05/06,0,負向
這個場地雖然很寬敞，但 F 區卻不太好。為什麼要在旁邊放壓力機，還要讓人搭帳篷？24小時不停地噪音，就算停一下也馬上又開始叫，根本讓人很難入眠啊！,1,1,-1,50,,2023/05/06,0,負向
營區環境優美、空間寬敞，但因為入住人數眾多導致廁所缺乏且髒亂。建議增加清潔頻率、補充衛生紙。浴室數量不足，倒數第二間無熱水，水溫和水壓不穩定，排水系統不良且易積水。最不能接受的是在當地焚燒垃圾，請問這樣可以嗎？,1,1,-1,68,,2023/05/06,0,負向
洗澡時沒熱水很困擾，理解需要等待。通知老闆後，對方卻稱沒瓦斯，要求重新開啟水。最後在寒冷山上等了20分鐘，仍無熱水。瓦斯換去了哪裡？感到不滿，表示不會再光顧。,1,1,-1,96,,2022/05/06,0,負向
廁所很髒，水壺連續兩天沒有熱水，早晚洗都只有冷水，真的不推薦。,2,1,-1,106,,2022/05/06,0,負向
糟糕的經驗啊！從初三到初五連續三天都走在爛泥中，真是苦不堪言啊！上個廁所的路上沒有路燈，一路都在爛泥中來回走回帳篷，排水系統也不完善，即使沒下大雨地上還是可以看見積水，還常常停電，熱水也不夠熱，這個露營區真是讓人難以忘懷啊！,1,1,-1,108,,2022/05/06,0,負向
廁所和洗澡間合併在一起，洗澡時要同時聞到排泄物的氣味，並且洗手盆也不夠完善。,2,1,-1,112,,2022/05/06,0,負向
房間雖然不太乾淨，但春節價格很划算。,2,1,-1,114,,2022/05/06,0,負向
不太幸運，第一天碰上冷水，第二天全家斷電，房東應該賺很大啊,1,1,-1,118,,2022/05/06,0,負向
營區的環境很舒適，有溪水和螢火蟲，但是聽說一年前有人抱怨浴室的水溫時冷時熱。不過今天居然水溫一直都很穩定，只有冷水沒有熱水，真是讓人有點失望。,2,1,-1,148,,2021/05/06,0,負向
營區地點雖然大，但規劃過於密集，導致活動空間不足。活動場地缺乏樹蔭，容易過熱，衛浴設施如果人潮過多，會有明顯的不足，需要排隊洗澡。雖然有螢火蟲和溪水可玩，但比這裡更好的露營區還有更多。,2,1,-1,149,,2021/05/06,0,負向
建議營地管理者設定晚上十點後降低音量規定，因為近期夜晚有人在大聲聊天的情況。該群人有一位一直在炫耀業績成長，建議其他人學著安靜一點，否則會造成嚴重的困擾。同时，建議增加洗碗槽和插座數量，以及解決熱水溫度不穩的問題。,1,1,-1,176,,2021/05/06,0,負向
浴室的數量太少了，洗澡水溫時冷時熱，排水不良，地板上有太多碎石，洗碗槽也太少。,1,1,-1,190,,2020/05/06,0,負向
這個營地設施很不好，廁所很髒，只有一間浴室有熱水，價格卻要收1200。,1,1,-1,204,,2020/05/06,0,負向
這個露營區設施不完善，衛生狀況很差，收費卻不低，缺少小朋友的遊樂區，總之沒有吸引人的地方，不值得再次造訪。,1,1,-1,205,,2020/05/06,0,負向
排水系統不太好，下過雨後草地變得泥濘不堪。,2,1,-1,207,,2019/05/06,0,負向
熱水器的穩定性不佳，我不建議使用。,1,1,-1,209,,2019/05/06,0,負向
營規規定禁止在營區唱卡拉ok和使用高分貝音響，但遇到的情況卻是不斷唱歌直到晚上11點，其他區則照樣放歌。此外，營區外還有施放臭臭肥，散發出難聞的味道，吸引大量蒼蠅。雖然有供應桂圓銀耳甜湯，但希望營主能夠善加制止，以免損害營地聲譽。,2,1,-1,279,,2024/04/06,0,負向
"1. 營主非常熱情，在這麼炎熱的天氣裡，送來清涼透心的點心。
2. 營主也十分專業，聲稱加減都有一些小蚊蟲，所以我們前三名的點數是34、33、19，讓我很好奇在老闆心目中到底哪個數字才算多。
3. 廁所非常整潔寬敞，總共有四間，但還是需要留意小昆蟲或寵物。
4. 愛釣魚的朋友們要小心，釣上來的魚要處理好，老闆會在監視器監視，以確認你是否在藏他的魚。當需要呼叫老闆時，實際上在監視器前揮揮手，他就會前來。感謝讓我在露營區被小蚊蟲叮了一記錄性的一次。",1,1,-1,334,,2023/05/06,0,負向
明明知道螞蟻在繁殖期間數量眾多，卻沒有提醒，導致露營體驗大受影響。,1,1,-1,373,,2021/05/06,0,負向
這個營區的環境真的需要改善，夏天悶熱、午後雷陣雨讓排水系統出現問題，路面泥濘影響露營的心情。,1,1,-1,375,,2021/05/06,0,負向
在洩水道旁擺放草地營地可能不是最理想的選擇，因為下大雨時會有一條大水溝在旁邊流動。建議營主好好考慮是否將營地遷移到沒有水溝旁的地方，會更加理想。,2,1,-1,376,,2021/05/06,0,負向
露營的經驗不太理想，因為營地設置得十分奇特。雨棚直接搭建在營主家門口，讓營主家人在營位旁來來去去，給人很大的私密空間壓力。即使租了營位，也不能完全佔據空間，還必須保留一條通道給他們使用，導致搭建帳篷的空間受限，相當不方便。,1,1,-1,417,,2024/04/03,0,負向
園區裡可能有人放置捕獸夾，攜帶寵物進入的人要小心。,1,1,-1,467,,2024/02/06,0,負向
這裡的環境真的讓人有些失望，希望下次我不必再來。大家都希望跨年的時候能開心愉快，但這裡似乎太過於受限，連這邊那邊都有所規範，到底我們是來這裡花錢還是來這裡睡覺的呢？只能給你六顆星，那一顆額外的星就忍了。,1,1,-1,468,,2024/01/06,0,負向
我們原本預訂了雙十連假10/7~10/9的5+8帳（二區）。由於颱風即將來臨，為了大人和小孩的安全考量（營地沒有護草墊就算了，而且只要下大雨就淹水），營主不允許延期，因此我們只好取消。雖然被扣了訂金的60%，我覺得這還算合理。但讓我覺得不合理的是租借裝備的費用，即使未使用，全額也不退。營主聲稱是請廠商代訂的，然而這些裝備一直都在你營地倉庫裡，根本不存在其他廠商。當我詢問營主如何處理可能淹水的情況時，他只是回答說營地是戶外地區難免會有淹水，並未提出解決方案。這個營地有去過的人都知道我在說什麼，所以在預訂營位前最好多看看評論，通常不會有太大的誤差。,1,1,-1,475,,2023/10/06,0,負向
露營地沒有垃圾桶，需要把垃圾帶到廁所外面的垃圾桶丟掉，卻沒有被提前告知季風風問題，導致帳篷和炊事帳被大風吹壞，地板是石頭地，營釘不牢固，也可能是連假前去時電力供應不足，請計畫前往露營的朋友們要考慮這些事情！,1,1,-1,482,,2023/05/06,0,負向
這次露營的經驗真是糟糕，營區設施不佳，環境也很危險。晚上更是極冷，營主的服務態度更是令人失望。這營區我永遠不會再去了。,1,1,-1,486,,2023/05/06,0,負向
"1. 開始溝通時老闆態度很友善，但付款後態度完全改變。對方家人臨時離世無法露營，營地負責人要求提供證明才會退款。我明白他們需要文件證明，但通常訃聞不會當天就有，也不應該當成玩笑。  
2. 抵達露營區後兩小時才完成搭營，竟然就被催繳尾款，感覺相當不好。  
3. 租用的床墊有漏氣問題，換了還是一樣漏氣。租借商品管理顯然出現瑕疵，負責人反而生氣說「既然知道會漏氣，就不該租借！」  
4. 垃圾桶與營區相距遙遠。  
5. 熱水器水溫不夠熱，冬天不建議露營。",1,1,-1,487,,2023/05/06,0,負向
對於裝備不足的露營者來說，這樣的情況實在令人不滿。朋友借來的充氣床一直漏氣，只好在半夜聯絡營地負責人。雖然營地負責人有派人換床，但態度和口氣都非常惡劣。而且即使更換了床墊，問題依然存在，最後全家只好睡在硬石頭地面上。負責人收取租金的態度也非常反覆，最後甚至直接告訴我們不要再來。這種極差的經驗讓人無法忽略，必須向裝備不足的露營者做出反饋。,1,1,-1,489,,2023/05/06,0,負向
營區冰箱會有漏電的問題，也可能會觸電，而營區的管理者處理這個問題的態度非常消極且不友善。,1,1,-1,490,,2023/05/06,0,負向
"1. 在租借氣墊床的過程中，我們遇到了一些問題。當我們向營主反映後，他的態度很差，並沒有處理我們的問題。這讓我們整晚都得睡在硬梆梆的地板上，經驗非常糟糕。

2. 第二天早上在結賬時，營區的工作人員告訴我們帳篷和客廳帳不需要付費，因為需要晾乾。過了一段時間，營主卻來告訴我們需要付費。雖然我們向他解釋被告知不需要付費，但營主表示他是老闆，他的話算數，然後離開了。當我們開始整理裝備時，營主又突然跑回來說我們不需要收裝備。這期間讓我們感到非常困惑…難道營主沒看清楚嗎？這個營區讓我們非常失望，我們不會再來了，經驗非常糟糕。",1,1,-1,491,,2023/05/06,0,負向
這次帶團露營真是讓人感到很不愉快，營地下雨積水，反映給營主卻一直遇到藉口。營地設施很差，營釘打歪、沒有垃圾桶，還要自己提到廁所去丟。晚上貓咪把我的垃圾咬破，垃圾到處都是。早上營主發現後，要我趕快清理，我剛發現垃圾被弄亂，有點無奈。他們不斷抱怨時間，雖然我已經支付營地費用，時間還未到。營主可以隨意更改收費和時間，真令人不滿。不推薦這個營地，雖然風景優美，但營主態度惡劣，希望和我一樣追求快樂露營的人不要浪費錢受罪。給一顆星星，至少風景咱美。我们離開後垃圾無處裄，保持戶外人的品格。,1,1,-1,492,,2023/05/06,0,負向
"1. 搭帳的時候釘釘十分困難，好幾根釘子都被敲壞了。
2. 丟垃圾必須到浴室才能找到垃圾桶。
3. 廁所只有在打掃當天是乾淨的，其後就變得非常髒，看起來沒有被好好維護，也沒有補充衛生紙。
4. 排水系統非常不堪，下一場暴雨就會淹水進帳篷裡，排水效果很差。",2,1,-1,498,,2023/05/06,0,負向
"本來準備參加萬聖節時裝秀，卻被突如其來的大雨打亂了行程，變成了一場搶救帳篷和洗衣服的體驗。雨水讓帳篷像靠在山邊、河邊似的，我們家前後有條小河，真擔心帳篷被水沖走。帳篷積滿水，只好像古代大禹挖水道般用土法處理，但似乎沒多大用。這場雨比之前北部的暴雨還要慘，我們決定提早拆帳篷避雨，以免深夜驚醒一家老小更加恐慌......不過在下雨前的經驗還算不錯，對了，釘營釘打起來真是太難（也許是因為我用的工具太差，又缺乏力氣）～～""～",2,1,-1,499,,2023/05/06,0,負向
在雨天練習挖溝技能是一個不錯的主意，但要記得提前在蝦皮上買好鏟子，以防備不時之需。,1,1,-1,500,,2023/05/06,0,負向
營區排水出了問題，導致泥水整個淹進帳篷裡，無法再留在外面。其他營區都已經幹燥收拾好了，這裡已經提早收拾完畢。原來露營時要帶上鏟子。,1,1,-1,501,,2023/05/06,0,負向
上週參加了一個親子露營，前往印象尖石。星期六白天天氣還不錯，但下午四點開始下雨，導致各區都開始淹水。營地完全沒有排水設施，而且地面還是石子，營主也沒有採取任何措施。活動主認為這是天災，不該責怪營主，但他們自己是否未評估雨天積水問題呢？小朋友們無法參加活動，我們為了避免感冒決定撤營。許多人也紛紛離開，因為不知道雨什麼時候停，並且營地的積水和排水問題讓人無法接受。總共支付了一千五百元的營地費和活動費，卻換來小朋友的不滿、尷尬的撤營經驗以及滿腹委屈。,1,1,-1,502,,2023/05/06,0,負向
這個營地有停車位置是個優點，但是排水不良並沒有提供草坪保護墊，這是一個很大的問題。梯田地型下面的營地情況更糟，我們碰巧遇到大雨，水根本無法排走，下雨三分鐘後整個帳篷就淹了。整個區域都變成河流，露營的朋友只能自己挖溝救帳篷。這是我們第一次露營經驗，當晚整個區域都取消露營，真是非常糟糕的狀況。我們強烈不建議在下雨天前往這個營地。,1,1,-1,503,,2023/05/06,0,負向
請勿在雨天前來，該營地短釘易卡住堅硬物，缺乏護草墊，地勢不平整，雨水易積，造成帳篷內淹水。營地管理人員雖無法解決問題，但若雨勢停後15分鐘水會慢慢退去。沒有持續下雨則不會積水。淋浴間溫水可能不穩定。,1,1,-1,504,,2023/05/06,0,負向
場地排水問題嚴重，會造成積水，反應過後卻沒有人理會，只好自求多福。,1,1,-1,505,,2023/05/06,0,負向
茄苳D區排水情況不佳，容易積水。在首次遇雨時因積水問題而撤帳（後來整個露營團體都撤走）。該營地地面覆蓋以草皮與石頭，底層石頭較大，固定下釘較困難。若遇到下雨天的話，需要多加考慮。,1,1,-1,506,,2023/05/06,0,負向
這句話可以理解為：排水系統不良，地面不平，沒有護草，結果造成積水，且店家對此反應消極。,1,1,-1,507,,2023/05/06,0,負向
"我們第一次參加學校的露營活動，計畫在4/30至5/2共兩晚。我們自己準備了登山野營用帳篷，在搭建時遇到許多碎石頭，釘子插不進去，只好向營地的工作人員借鐵錘。有一位男士拿了鐵錘來幫忙，之後詢問工作人員如何在充滿碎石的草地上安置釘子。一位女性工作人員和另一位男生（或許是老闆）示範著讓我們換個位置（但態度似乎不太友善）。

第二天我們去爬山，回到營地後想洗個熱水澡。起初開水還熱，但當我洗頭後再開水龍頭時，只有冰冷的水流出（那時氣溫只有13度）。因此在13度的天氣下，我洗了個冷水澡，這是我從未經歷過的人生體驗。離開後回到家才發現我留下的雨傘忘在入口處的長凳上，打電話詢問時，一位男士接聽並告知什麼都沒有留下。感覺他們並不想多操心，如有問題最好別找他們，這樣可能比較順利。總而言之，這次露營經驗不是很愉快。",1,1,-1,517,,2023/05/06,0,負向
在4/30連假週末，我和一群朋友去露營，計劃在那裡待上三天兩夜。一開始到達營地時，環境還算不錯，浴廁也比較乾淨。但後來遇到了幾次跳電和冷熱水溫度控制的問題，儘管如此，我們沒有抱怨。但就在最後一天中午12點左右，營地的主人（或管理人員？我們不確定）臨時打雂通知，要求我們必須在1點前收拾離開，卻之前並未告知我們，當時還下著大雨，只得匆忙收拾。大約12:40，一個男性冷漠地再次提醒我們必須在1點前離開，還有幾個朋友因為雨天臨時租借了帳篷或客廳，但由於我們同時還租了其他廠商的帳篷，其他廠商則會自己來收拿，所以朋友們並沒特別注意自己必須收歸還。直到我們離開一陣子後，營地打來電話責罵，說我們必須回去收拾否則報警處置，朋友們感到抱歉，趕緊返回處理，但對於營地如此不友善的態度深感不解。當時營地的水電有問題，我們忍受一下，感覺沒什麼大礙，解決後也算可以，但如果我們疏忽了，只要營主提醒一下我們即刻處理，我們都會盡力配合，真的沒有必要這樣刻薄。營地其實不錯，可惜營地主人的態度讓我們對這個地方失去興趣。,1,1,-1,520,,2022/05/06,0,負向
老闆應對的態度很差，浴室沒有熱水。,1,1,-1,521,,2022/05/06,0,負向
水溫是非常不穩定的，只能選擇極熱或極冷，而且還經常斷電。,1,1,-1,523,,2022/05/06,0,負向
老闆說話很粗魯，停電、洗澡水溫不穩定等問題都已經發生了，去服務中心詢問時還遭到嘲諷。進入營地的路上遍地都是落石，非常危險。,1,1,-1,524,,2022/05/06,0,負向
房間內的熱水總是溫度太低，讓小孩感到冷得顫抖。老闆可能沒意識到年幼的小孩，並且無法直達客人訂位的位置，對客人的問候也顯得有些粗暴，服務態度和生意繁忙程度似乎沒有相符，連結帳的態度也有些驕傲。希望改進服務印象，提高品質。,1,1,-1,525,,2022/05/06,0,負向
廁所浴室設施稀少，各區共用四間浴室和四間廁所，因此洗澡或上廁所可能需要排隊等待；熱水供應不穩定，時而冷時而熱；營地主人態度不佳。,1,1,-1,529,,2022/05/06,0,負向
營區的管理者態度不佳，甚至說要客人趕快離開。,1,1,-1,530,,2022/05/06,0,負向
營地老闆的服務態度很差，我不建議，甚至還會要求客人下山移車位？這真的難以理解。,1,1,-1,531,,2022/05/06,0,負向
去跨年旅行的三天兩夜，熱水一直不夠穩定，反映給旅館老闆的女兒後感覺沒有改善，且回應冷淡。雖然廁所有打掃，但第一天很髒，給人留下了不好的印象，很遺憾。且訂房的每個區域都滿了。,1,1,-1,532,,2022/05/06,0,負向
場地草皮規劃得很不錯，但熱水洗澡供應不穩定，只好忍受8度的冷水淋浴了，實在太冷了！,2,1,-1,534,,2022/05/06,0,負向
這周我們去露營，租了露營區的帳篷和客廳帳。其中一頂客廳帳已經不防水，滴水很嚴重。我們下午四點請老闆來檢查，但工作人員直到晚上七點雨停才來。他們先擦拭了一遍裡布，仔細檢查有沒有破洞，然後說沒有破洞就要離開了。我們強調這是防水塗層失效了，因為另一頂帳篷沒有同樣的問題，要求更換。老闆一直強調這是正常的，客廳帳裡面就是會滴水，態度強硬且輕蔑，完全不理會客人的反應，堅持自己的觀點，搖頭表示錢難賺。查看之前的評論發現，處理問題的方式確實與我們這次的經驗很像，不小心就養成習慣了。露營區很美，但遇到問題讓人感到疲憊。,1,1,-1,538,,2022/05/06,0,負向
營地整理得還可以，但管理人員的服務態度很糟糕。入住後發現冰箱已滿，當我們要結帳時提出意見建議冰箱應該分區，管理人員卻表示無法做到，還建議我們早點到店。此外，各區都沒有垃圾桶，需要我們自己處理，並告知人手不足，詢問我們有何想法。,1,1,-1,548,,2022/05/06,0,負向
這次露營經驗並不盡如人意，營地地面太硬難以釘營，且晚上風勢太大導致帳篷幾乎被風吹走，無法好好入眠。營主對於位子問題的回應讓人無奈，而浴廁的熱水問題也讓人不滿。總之，這次露營並不是一個令人愉快的體驗，也不建議朋友來此處。,1,1,-1,554,,2021/05/06,0,負向
營區裝設了太多電器導致半夜跳電，早上9點多才恢復供電。廁所很髒，而且有很多蜜蜂。,1,1,-1,561,,2021/05/06,0,負向
我對尖石的印象非常不好，第一次去也就是最後一次，地板硬得讓我手軟，營地又小又拥挤，營主还总是要收超额费用，帳篷密密麻麻地挨在一起，让人无处安放停车，每个区域至少有40个帳篷，却只有一台冰箱和8个浴室。,1,1,-1,572,,2021/05/06,0,負向
洗澡時水溫難以調節，連個水桶也沒有。幸好我們還可以拿著水來給小孩洗澡，但是水溫不穩定，小孩被燙到哭了起來。,1,1,-1,579,,2021/05/06,0,負向
石頭地的營地釘子插起來很困難，一吹風就會被吹起來，下次不打算再去了。,1,1,-1,584,,2020/05/06,0,負向
這個地方原本應該留給我們，但抵達後卻說沒有這個約定，感覺很差。不過他們在收錢時有道歉。浴室的蓮蓬頭突然爆裂，水濺得到處都是，但小孩的遊樂設施很棒。,1,1,-1,593,,2020/05/06,0,負向
營區地面都是硬石頭，普通釘子根本插不進去，晚上還沒熱水，洗澡時快要著凍了。,1,1,-1,597,,2020/05/06,0,負向
車子無法行進，因為山路太陡。,1,1,-1,624,,2019/05/06,0,負向
這個營區位於山區的鞍部，受到季風的影響，會在內部形成強勁的異常強風。營主應該瞭解這個地方的地形特性，提供協助和建議。已經在這個地方連續兩次發生營柱被風吹斷的情況，讓人半夜驚醒後逃離。,2,1,-1,765,,2017/11/21,0,負向
假日放鬆的好地方，可以在營地觀賞美麗的夕陽。,1,1,-1,813,,2017/05/02,0,負向
這個地方的管理規定很嚴格，而且處理問題的方式也不夠積極，顯示出管理不力。如果你想找一個質量好的露營地，我不建議這裡。,1,1,-1,1263,,2023/11/07,0,負向
雖然公告明確禁止唱卡拉OK，但卻容許某區營地在晚上唱出超級走音的噪音。其他人為什麼還要乖乖守規矩呢？,1,1,-1,1264,,2023/11/07,0,負向
在和營主的朋友同區露營的過程中，營主人表現十分友善且熱心，但最後一天我們在整理東西時，發現營地的員工把我們的洗碗精和清洗布丟進垃圾桶。一開始詢問員工時，他們否認拿走了，直到我們向營主求助後，員工才將洗碗精撿回給我們。大家在整理東西時已經很忙碌，員工卻一直跟在後面催促收拾。有時候收拾比較晚並不表示不需要。我們還發現一條延長線被收走不見了，詢問員工都否認，只能找營主幫忙才在共用空間找到。幸好我們當場就知道丟失了什麼，要是不知道或忘記了，可能就會被誤拿了。另外，水上遊樂區靠近廁所和營區附近總是飄散著濃重的二手菸味，帶小孩來水上玩樂的家長要多留意。另外，營主的朋友帶著狗來露營，狗主人並不負責，讓自家寵物在別人的區域隨處拉屎都不清理。他們不僅聲音大，歌聲難聽，還會尖叫聲，一直持續到半夜十二點。,1,1,-1,1288,,2023/06/07,0,負向
玩水是很有趣的，但是在營區周圍一直聞到有人在抽菸，味道很刺鼻，真的很難受！,1,1,-1,1289,,2023/06/07,0,負向
最後一天在整理物品的時候，營地雇用的員工也在我們營區幫忙整理，我們還未離開耶！真是不可思議！他們將我們的洗碗精和菜瓜布丟掉了；甚至連延長線都被挪走了，移到露營營區的主顧旁邊。起初問員工時，他們還否認沒有拿走，直到我們找營主要回東西，員工才下去垃圾桶中找洗碗精給我們，延長線還是不認帳！大家在忙著整理物品時，還沒有離開營區，員工就在後面收拾！有時候晚點收拾不代表不需要，為什麼要亂動別人的東西，這樣沒有水準，也缺乏教養。靠近廁所的水域，營區本部附近，經常能聞到濃濃的煙味，卻要每個人都去聞那煙味！營主朋友帶著狗去露營，讓自家毛小孩在別人的營區亂拉屎，卻不清理，真是缺乏品德！也缺乏教養。這次真的很倒楣，還跟營主的朋友在同一區，要忍受他們難聽的歌聲和喧嘩的笑聲，一直持續到午夜12點。,1,1,-1,1290,,2023/06/07,0,負向
聽說新的營地負責人負責管理C區，試著調整水溫，但當打開車門時聞到一股腐爛泥土的味道，讓人感到很擔心。6月25到26日降下了約100毫米的區域性豪大雨，C區的地面全部積滿了水，一時難以流走，直接變成爛泥坑。走路時腳步踏到爛泥坑中，拖鞋都會被黏住，連小朋友都一直不小心摔倒。營地負責人和老闆娘趕緊把全區的草地保護墊搬到C區，讓我第一次露營的經驗變得舒適一點。總共鋪了26片草地保護墊，雨過後我跑去A、B、D區一看，竟然完全沒有積水。只有C區積水約5公分左右的高度。營地負責人答應我們會做改善，真的做了改善的話，我會給他們再加5顆星的好評。,2,1,-1,1348,,2023/05/07,0,負向
淋浴間的熱水溫度時冷時熱，熱水只能持續10秒，然後就變成冷水一分鐘，讓淋浴變得相當痛苦。而且還有使用過的衛生棉黏在浴室裡，這實在很讓人困擾。你是否正在整理它們呢？,1,1,-1,1379,,2022/05/07,0,負向
錢雖然不是問題，但重點是我租的地方。我包租的區域裡，廁所還沒有整理，兩間廁所的牆上還黏著女生的衛生棉。其中一間沒有熱水，另一間的熱水無法調溫。,1,1,-1,1381,,2022/05/07,0,負向
網友描述的情況真的很糟糕！環境髒亂、蒼蠅和蚊蟲很多、下山後很多人皮膚過敏或者被咬到生水泡！水壓不穩，讓人又燙又冷，整個營區就像個冰箱，四個帳篷包場只有一間廁所，而且還沒有衛生紙。總之，這個地方真的非常不值得推薦，如果有帶小孩的話完全不用考慮前往。,1,1,-1,1384,,2022/05/07,0,負向
在露營七八年了，從來沒遇過像這個營區這麼多蒼蠅，白天滿是蒼蠅，晚上則滿是小蟲。廁所沒有衛生紙，熱水要麽是燙得要命，要麽是調不到合適的溫度，沒有中間狀態。看了評論後發現這種情況似乎從未改善過。我們住的D區超級擁擠，小孩子幾乎沒有地方可以玩耍，而整個四張包區的露營地只有一間廁所和一間浴室。總之，我不推薦這個地方。,2,1,-1,1385,,2022/05/07,0,負向
環境很髒亂，有很多蒼蠅，連續三天兩夜沒有定時整理和清潔。,1,1,-1,1386,,2022/05/07,0,負向
看了Google評論很擔心營地狀況，但實際到了現場才發現網友的評論是公正的！廁所沒有提供衛生紙，晚上還斷電不給亮燈。水槽沒有清潔，也沒有照明設施，也沒有廚餘桶。浴室裡有幾間浴室水堆積如雷，還不定期沒熱水，生態池超臭，A區有12帳篷擠得滿滿的，還有一區的角落像荒地一樣沒有整理，因為空間不夠只好塞了一個帳篷。還好有朋友來團聚，否則這次228連假的遊樂活動真的壞了。,1,1,-1,1390,,2021/05/07,0,負向
營地官網宣稱提供浴廁設備有衛生紙和沐浴乳，但實際上，廁所缺少衛生紙，沐浴乳也未補充到位。洗澡水幾乎全為冷水，在3天2夜的露營中，浴廁沒有進行清潔也沒有垃圾桶。並有少許蟑螂和蒼蠅出現。總體來說，這個營地的環境讓人感到非常可惜，儘管硬體設施尚算不錯。,2,1,-1,1391,,2021/05/07,0,負向
總括而言，主辦單位的態度不友善，廁所沒有提供衛生紙，且氣味難聞，草坪也未得到良好的維護，燈光昏暗。因此，我不建議大家前往露營。,1,1,-1,1392,,2021/05/07,0,負向
這段句子大意是在遊營時發現營區環境非常糟糕，設施不乾淨、草地未整理、未提供設備如冰箱、有許多小蟑螂。還有廁所沒清理、沒有衛生紙，朋友租的裝備都濕漉漉的。這次營地體驗很糟糕。,1,1,-1,1393,,2021/05/07,0,負向
生態環境算可以（小昆蟲很多），河道的水質看起來不太清澈，底部堆滿了樹枝、樹葉、昆蟲屍體和泥沙。廁所兩天都沒有人來清潔垃圾滿滿地堆滿在地板上，洗澡時水突然變冷（不只一位露營者遇到這個情況），只在收費時看到工作人員，其他時間都找不到人影。下午雷陣雨後排水系統不良，地面積水情況嚴重。,1,1,-1,1395,,2021/05/07,0,負向
戶外下著豪雨，廁所有點漏水，導致營區積水嚴重。,1,1,-1,1396,,2021/05/07,0,負向
衛浴沒有補充衛生紙，戲水區也不夠乾淨。營區比較狹小，沒有提供護草墊，還有許多小蟑螂。,1,1,-1,1397,,2021/05/07,0,負向
晚上去的時候沒有人接待，廁所裡的衛生紙沒有補充，有很多蟲，馬桶還塞住了，洗澡間的水時冷時熱，還好天氣很熱...... 兩天兩夜都沒有人來清潔廁所，只是補充了一點衛生紙，甚至沒有打招呼...... 最最重要的是說好的飄飄河呢？？？ 地方雖小也沒關係，草地雖不茂盛夾雜泥土也沒關係，蟑螂四處亂跑也沒關係，飄飄河裡滿滿的青苔和落葉根本沒有整理，說好的水源呢...... 那別的區域怎麼能玩水？ 我們不是顧客嗎？ 雖然水像洗腳水一樣髒，但小朋友們還是很期待，否則提前通知還能安排其他活動啊...... 只差沒穿泳衣拿著水槍和浮圈在水裡玩樂......,1,1,-1,1398,,2020/05/07,0,負向
露營區很擁擠，草皮空間不足，小朋友除了玩水之外沒有其他地方可以玩。,2,1,-1,1403,,2020/05/07,0,負向
很遺憾，比起附近的土牧驛，這裡少了一些經營上的用心。我們露營的區域，浴室熱水不太穩定，玩水道長滿了青苔，還有一些小蟑螂（在其他山區的營地很少見，幾乎沒有），連洗手槽都需要請營主來清理。總之，這個地方真的很可惜，尤其在比較之後。經過營地的主部時，還聽到營主自鳴得意地告訴遊客這個週末爆滿了，希望他們能努力保持高品質水準。,2,1,-1,1416,,2020/05/07,0,負向
營位位置在馬路旁，有些小。如果每個帳篷前都有流理台會更方便，因為共用的水源有點遠。建議將水池保持乾淨一些。設置飲水機、過濾系統和脫水機是很不錯的提供。提供高品質的洗髮精和沐浴乳也很受歡迎！,2,1,-1,1417,,2020/05/07,0,負向
倒楣的營友和露營區的管理員在同一個區域露營。水上玩樂區域靠近廁所和營地本部，總能聞到濃厚的菸味，請注重讓孩子玩水的家長。管理員的朋友帶著狗去露營，但狗主人卻沒品德，讓他們的寵物在別人的營區亂拉屎，並且毫不清理。我們不得不忍受他們難聽的歌聲和嘈雜的尖叫聲，一直持續到半夜12點。歌聲、尖叫聲、二手菸味、狗的排泄物，我們都可以暫時忍受，認為只是一晚的事情。但遺失物品、差點讓東西消失，這真的需要提醒大家一下。,1,1,-1,1440,,2023/05/15,0,負向
在這個露營地，遇到了一些困難。營主的人非常友善與親切，但在收拾行李的最後一天，他的員工收拾東西的時候可能有一些疏忽。我們的洗碗精和菜瓜布被誤放進垃圾桶，起初員工否認有收走，直到我們找營主插手，才去撿回來。員工在我們整理行李時趕著收，有時候較晚收並不代表不要。我們甚至差點遺失一條延長線，最後才在共用區找到。這次經驗告訴我們，要當場確認所有物品，否則真的可能會被誤收或丟失。,1,1,-1,1441,,2023/05/15,0,負向
浴廁十分不乾淨，營地有許多蟑螂。,2,1,-1,1474,,2020/08/21,0,負向
提高洗碗槽清潔和草地保養水平。,2,1,-1,1483,,2019/09/09,0,負向
"1. 衛浴空間小對小朋友盥洗確實不方便，可以考慮在露營區外面使用盥洗隨身包或帶著小盆盛水讓小朋友清潔自己。
2. 沒有護草墊在下雨後草地泥濘很困擾，裝備可以放在營位範圍外或者用防水地墊鋪在地上放置裝備。
3. 洗手台少真的會有困難，可以考慮帶著便攜式的洗手設備讓整個家庭都方便清潔。
4. 廁所衛生不良是一個問題，可以考慮自備衛生紙或濕巾並盡量選擇較清潔的廁所使用。",1,1,-1,1519,,2024/04/23,0,負向
"1. 我透過露營樂系統訂了D區碎石區1帳，但下訂時發現系統顯示該區為3帳。下午2點到現場，發現確實有3個帳篷，而我是第4帳。詢問營主時，營主表示是4帳。當初選擇D區的原因是因為想要寬敞的空間，沒想到營地超賣，隔壁露營的兩個小孩一直玩拋接球打到我的帳篷和桌椅，空間顯然不夠。非常在意空間的我感覺自己被欺騙了。（照片中可看到4個帳篷）

2. 再來是洗手間，衛生紙已滿到外面，看起來不太整潔。不過倒是有穩定的熱水可以洗澡。

3. 碎石區沒有護草墊，導致帳篷底部被刮傷，住過其他營地卻都有提供。

4. 飲水機出水速度很慢，幾乎跟滴水一樣。對於北部的露友來說，這點實在可悲。

5. 傍晚蚊蟲比較多，然而我卻沒看到露友提到的驅蚊線香。

6. 營區裡垃圾桶僅在少數幾個地方設置，並沒有廚餘回收桶，對於北部來的露友來說有些不習慣。",2,1,-1,1533,,2023/05/07,0,負向
事前已計畫好，卻突然改變主意不執行！雖然說可以等待，最終仍放棄，要我們前往灰塵紛飛的桌區露營？答非所問、蚊蟲叢生、環境骯髒！,1,1,-1,1542,,2022/05/07,0,負向
還好、小黑太多了 ...,1,1,-1,1547,,2022/05/07,0,負向
沙坑球池讓小孩玩得很開心，熱水的溫度和水量都足夠大。建議老闆可以考慮在沙坑周圍增加沙圍，這樣離沙坑近的地方就不容易受到風吹的影響進入帳篷地墊。這次在C區後面有一條死水溝，小黑蚊的數量非常多，可能需要注意一下清理水溝。整體露營體驗感覺還不錯！希望露營者可以記得丟棄廢棄物，否則在搭營區會很危險。建議老闆在後續清潔動作上要更加謹慎，以免小孩子發生意外。,2,1,-1,1585,,2019/05/07,0,負向
我想提到一個影響露營品質的問題，晚上11點後，管理單位沒有有效控制音量，導致很吵讓人無法入睡。建議管理單位應該積極處理此問題，提升露營體驗，吸引更多品質高的露友。另外，露營區地理位置不錯，距離下山採購的地方不遠，大約15分鐘有一家全家便利商店。場地寬敞，草坪維護良好，景觀宜人，頂樓還設有餐廳。,2,1,-1,1746,,2024/04/16,0,負向
雖然營地環境整潔，營主也很熱心，但因狗狗大便問題讓露營的兩天都被困擾著，希望營主能重視這個問題。,1,1,-1,1756,,2023/06/07,0,負向
在這個露營區域，周末的時候，硬體設施和景觀都沒問題，但需要解決的是帳棚區草地經常有狗大便的問題。有旅客在第一天到達後就不慎踩到，讓當晚的晚餐不太舒適。第二天，旅客告知溜狗的少女應清理狗便，但未得到處理，只好向營主反映。然而結帳時，少女又帶來更多的狗，其中一隻大黑狗跑到旅客的帳篷附近並拉了三坨大便，少女卻視而不見離開。雖然露營和自然共存，狗狗大便也不可避免，但營主或許應該至少保持住客的環境乾淨吧？,1,1,-1,1757,,2023/06/07,0,負向
優點：1. 接近三義市區，開車只需15-20分鐘。缺點：1. 營區位於山路旁，清晨半夜被人跑山很困擾。2. 整個營區分為5-6層區域，30-40個帳篷場所只有主營區有冰箱，節省這樣真的合理嗎？夏天需要取東西很不方便。3. 某些層數的帳篷位置太短或太窄，搭完帳篷後要放客廳天幕看山景根本不可能，甚至後方也沒有通行空間，建議營區主管不要為了賺錢擠得太擁擠。4. 營區主有橘子樹，如果1-5號帳篷沒有人露營，為什麼不修剪樹枝，偏偏要在週末修剪？機車引擎的油煙和噪音真的令人難以忍受。,1,1,-1,1772,,2023/05/07,0,負向
曾經是一個親切舒適的休閒場所，但隨著野心的膨脹，遺忘了原本吸引人的特色...雖然收費只有100元，但逐漸與旅客疏遠了...,2,1,-1,1773,,2023/05/07,0,負向
這裡的蟲子很多，水溫時冷時熱，營地主人養了很多狗會一直吠，而且廁所較少需要排隊。,2,1,-1,1778,,2023/05/07,0,負向
我們這次露營選擇了第九區，這裡的環境十分優美，營區也非常整潔，營主一家熱情友善。不過，由於這裡生態豐富，蟲子很多，有時會看到藍鵲，甚至被牠們的尾巴掃到；草地雖然美麗，但草太高，導致蟲子也較多。建議在廁所的洗手台多安裝一盞燈，早上會聽到一些施工聲、很大聲的蟲鳴、鳥叫和狗吠聲，所以較淺眠的人要戴耳塞。另外，使用電吹風時，電壓不穩會導致燈光閃爍，建議備一條長一點的延長線。以上純屬個人經驗，對於怕蟲的人可能較不適合。環境優美且營主熱情是這裡的亮點，我給予兩顆星的評價。,2,1,-1,1781,,2023/05/07,0,負向
草坪雖然很茂密，但排水不良，腳底滿是泥濘！戶外本來就有各種昆蟲在飛來跳去，但如果一直有蟑螂在桌子上下竄，就太過分了！飼養狗的話記得好好訓練，要不然對著客人亂叫或咬人，如果嚇到小孩跌倒，這責任要歸給誰呢？這樣的經驗一次就夠了，謝謝。,1,1,-1,1782,,2023/05/07,0,負向
我們所租借的營地是沒有木棧板的，營地因為大雨變得泥濘，帳篷區域充滿泥水。24小時內我的鞋子始終濕濕的，而且到處都是飛的小蟑螂。帳篷上、外帳和內帳都被蟑螂佔據。泥濘環境給予兩顆星，但由於缺乏服務，我們只能給予兩顆星。不推薦下雨天來此地，尤其是沒有木棧板區，可能會遇到蟑螂。綜合評價為1.5顆星（以上僅代表個人經驗，與店家無關）。,2,1,-1,1783,,2023/05/07,0,負向
我不建議這間地方，老闆態度不太友善，在考慮帶寵物的人要特別留意。他們沒有提前告知是否可以帶寵物，到了現場卻要多收300元。浴室和廁所很髒亂，水龍頭溫度不穩定，洗澡時還能聞到廁所的異味，總體來說非常糟糕。,1,1,-1,1786,,2022/05/07,0,負向
營區的蚊子真的太多了！而且提供的冰箱異味很重，冷度還不夠，就算放了保冷磚一整晚也未能結冰。,2,1,-1,1788,,2022/05/07,0,負向
整體環境不錯，沒有太大的問題，一應俱全。唯一不滿意的是在2021年11月20日（週六）露營時，有一個區域晚上10點以後還在播放音樂，吵鬧不止，甚至打電話給老闆，但老闆只是說讓他們小聲一點，一直持續到23:30，導致睡眠受到困擾。如果不是這一點，整體評價會給四顆星。,2,1,-1,1795,,2022/05/07,0,負向
營主非常熱心！會帶著狗來「關心大家」並順便讓狗拉屎，（可能是為了查看人數與帳篷數）,1,1,-1,1798,,2022/05/07,0,負向
營地主人非常友善，環境也很舒適，但晚上的蟑螂實在太多了，而且它們會飛。雖然抓了20多隻蟑螂，也看到蚱蜢和鵝，這種情況實在有點過分，破壞了原本愉快的氣氛。希望可以改善這個問題。,2,1,-1,1820,,2021/05/07,0,負向
營地環境很棒，可惜有一些小問題。有青草茶可供品嘗，草地美麗翠綠，晚上能欣賞美麗星空。不過這三天遇到很多飛行的小蟑螂，造成困擾，讓同行的朋友無法放鬆。我們得一直注意食物和餐具，害怕蟑螂爬過；各營區之間的距離很近，聲音容易傳播，擔心吵到別人。有時下方營區會飄來刺鼻的廁所排泄物味道，雖不長時間，也不頻繁，但未告知營主。開車進出方便，冰箱夠大應付大部分需求，但建議害怕蟑螂或在意隱私的露友要多加考慮。,2,1,-1,1821,,2021/05/07,0,負向
這個營地三號區的環境雖然主人很親切熱情，但有太多會飛的蟑螂。其他昆蟲蠢蠢欲動，廁所味道也不太好受，衛浴設施不夠完善，照明不足，與其他帳篷相距太近。對於怕蟲的人來說要慎重考慮，但如果對昆蟲無畏，這個營地仍是不錯的選擇。因為我太怕蟑螂而總處於高度警戒狀態，沒有放鬆地度過露營，因此只給一顆星評價。,1,1,-1,1822,,2021/05/07,0,負向
為什麼早上去露營地拜訪朋友還需要支付費用？,1,1,-1,1837,,2020/05/07,0,負向
老闆為了不得罪遊客，要求我們接受超額入住。在跨年前一星期告知我們原本的包區多了一帳，我們雖然接受，但在跨年連假時硬是塞了三位陌生人進入我們本來的包區，對方堅稱是訂位系統錯誤，實際上是營主沒確認他們身份就讓他們進入，讓我們感到相當不舒服。,2,1,-1,1867,,2018/05/07,0,負向
草坪維護得很好，浴廁分離乾淨且熱水充沛，營主人也很好。唯一可惜的是狗屎比較多。,2,1,-1,1887,,2023/05/19,0,負向
這裡曾經是我們同學每年見面的地方，但隨著生意興隆，主人似乎忘了初衷，對顧客服務失去熱情。連假日前的基本檢查都忽略了，連瓦斯檢查也沒有做好。這是我們二十多年來露營第一次沒有熱水（雖然後來解決了），忘記了最初熱情的服務才是我們持續光顧的原因。現在只顧著收費，甚至當我們面前詢問兒子是否已收錢。如不信任客戶，建議早點打烊，專心在自己的小天地裡，以免被指責。我們不是挑剔的客人，這麼直白的訴說是因為可惜了這個曾經溫馨的露營區。能不能回應我們並不在乎，現在有許多其他地方可以露營住宿，對於沒有用心經營的地方，我們不願花費金錢。,2,1,-1,1892,,2022/11/22,0,負向
浴室的水龍頭溫度時冷時熱。建議禁止攜帶寵物，或者可以攜帶但不需支付費用。,2,1,-1,1905,,2022/04/18,0,負向
營地主人讓自己的狗隨意叫，晚上吵得睡不好覺。雖然可以帶寵物，但要收300元清潔費實在有點難以接受。山上很冷，但浴室的水龍頭冷熱不定，差點著涼。廁所和浴室有點髒亂，希望營地主人可以改進一下。,2,1,-1,1906,,2022/04/18,0,負向
在半山腰處，風景雖然優美，但由於缺乏精心經營規劃，失去了美好景致。抵達營區後，忽視每個營位都應該備有護草墊，管理員告訴我們大部分已經損壞遺失，建議我們到其他地方尋找。雜草叢生，地面充滿碎石，稍降雨便泥濘不堪，幸好下雨不大，否則可能淹水。晚上洗澡時沒有熱水，水壓不足，冷熱不均。連假期間滿滿的營位，廁所垃圾桶沒有定時清理，致使垃圾滿溢，散發著尿騷味。營區只有一處區域放置垃圾桶，需要走一段路才能丟垃圾，相當不方便。最後結帳當天中午12點離開，水源已經中斷，浴室水源停止供應，感覺相當不好。營位停車場缺乏規劃，車輛隨意停放，營區顯得非常擁擠，彷彿難民營一般。,1,1,-1,2171,,2024/01/07,0,負向
有很多昆蟲，還有蜜蜂… 風筒只有一支。,1,1,-1,2172,,2023/11/07,0,負向
這間露營區管理不周，不建議入住。他們要求在中午12點離場，並於10:30提醒離開。而且，在11:46還沒離開時，已經把水電和冰箱都關閉，這種服務讓人感到非常不滿意。,1,1,-1,2173,,2023/05/07,0,負向
隔壁的聲音太大聲了，這樣大家都無法入睡。,2,1,-1,2174,,2023/05/07,0,負向
"因為我們的預訂被分成五個帳號，所以管理員給我們分開的營位。因為並非所有人同時到達，管理員隨意地安排了位置，將我們安排到了其他人預定的營位，介是有租借客廳和帳篷的露營者。一開始大家以為是我們其中夥伴預定的，便開始搭帳篷和搭天幕；可惜當下大雨時，情況變得很糟，搭建過程相當辛苦。最糟的是，營地管理員在後來才告訴我們，我們預定的是在另一個區域（不過幸運的是靠近廁所一點）。然後就讓我們在大雨中搬家，這真的算是有史以來最糟糕的露營經驗。

優點：浴室相當寬敞，熱水快速又熱。

缺點：前往的道路不好開，沿途落滿了樹木、木板有些破舊、排水狀況極差，導致我們的帳篷進水，氣墊床也濕了。",1,1,-1,2177,,2023/05/07,0,負向
這個露營區風景很美，空間也很大。因為地勢較高，五月底去的時候不會太熱。我們選擇了G區的營位，但廁所環境並不乾淨，洗澡時，大約九點水根本流不出來，我們只能自己調整才用得了。洗完後，風筒沒電，洗手台的水龍頭也沒水，連蚊子和飛蟲都很多。那天被蟲叮到眼睛腫了，需要去急診。營區負責人一開始有主動聯絡保險一事，我們很感激。但後來沒有更進一步的消息，也沒有積極聯絡，整體來說，這次經驗並不愉快。,1,1,-1,2179,,2023/05/07,0,負向
這個地方的環境很美，但棧板有點狹窄，只適合300人以下入住。浴廁方面則不太乾淨，三月份有很多蟲和飛蛾，每間浴廁都有一些垃圾，地面鋪著磁磚，浴室和廁所是分開的，水壓弱且不穩，水溫也難以控制，排水效果不是很好。浴室內的椅子和水桶上有些霉斑。另外，水槽旁沒有垃圾桶有些不方便，週日離開時，營主清潔廁所的水會直接流到C區帳篷⋯⋯⋯⋯⋯⋯⋯。此外，很多營位都靠近道路。,2,1,-1,2181,,2022/05/07,0,負向
"1. 上山的路並未經過整理，長滿枯枝雜草，通行不便。
2. 營區的設施（如熱水、電力）無法應付連續假期的高人潮。
3. 電壓不穩，頻繁跳電且燈光閃爍，使用不便，建議攜帶充電式LED燈。
4. 熱水非常不穩定，經常從熱到冷，洗澡不舒適，建議在中午時段洗澡或先在室外洗澡再進入營區。
5. 營區的道路在雨天變得泥濘多坑，步行造成腳部受濕又髒，建議穿靴子以便移動。
6. 雖然營地風景優美，但營區經營不夠用心，建議考慮前往其他營地。",1,1,-1,2184,,2022/05/07,0,負向
這個地方不僅蒼蠅多到讓我以為我來到了非洲，而且洗澡的水溫要麼超熱要麼冷得要命，滑草感覺就像在滑的是心酸，遊泳池的水髒得像去年的一樣，垃圾竟然都被堆在帳篷附近，整體環境除了糟糕沒有任何優點，總之極為糟糕，給一顆星都太多了。,1,1,-1,2185,,2022/05/07,0,負向
網路訊號不穩，還有一些人十分自信地唱歌，但實際上聽起來很難受，真是有夠吵，避免的話會更好，避免後悔一輩子。,1,1,-1,2186,,2022/05/07,0,負向
這露營區的山路十分危險，進出露營區的路段狹窄，並且充滿了雜草，幾乎無法雙向通車。沿途的樹枝和竹枝會刮傷車子，遇到對向車輛時需要非常小心，以免發生意外。這裡是車輛容易受損的高風險地帶，除非你是經驗豐富的駕駛高手。,1,1,-1,2189,,2021/05/07,0,負向
收到您的訊息。換句話說，您所提到的營地設施存在一些問題，包括浴室缺乏清潔用品、水溫忽冷忽熱、電力供應不穩定等。管理人員表示是因為營地區域的延長線存在問題，不是整個營地的供電問題。此外，營地在下雨時排水不良，容易積水。,1,1,-1,2194,,2021/05/07,0,負向
廁所一整天沒人清潔，到了晚上變得又髒又亂，垃圾桶都快滿了。而且洗澡沒有熱水可用，連營地的水槽也在週日早上（2020/09/20）開始沒水囉。,1,1,-1,2198,,2021/05/07,0,負向
在G區冰箱，冷凍的溫度設定太低，冷藏的溫度則太高，導致螞蟻慢慢爬入食材中。園區回應說冰箱沒問題，只是提供額外的冷藏設備。每個區域的溫度間隔太小，經常斷電。忘記拿食材丟掉可以理解，但園區第二天才通知東西全敗，後來又改口說沒看到。前往此處的人應三思，處理方式讓旅遊心情大打折扣。,1,1,-1,2203,,2021/05/07,0,負向
這個露營區的衛生環境不太乾淨，冰箱還長霉了，該露營區還有改進的空間，不應該在未完善之前開放收費。,1,1,-1,2211,,2020/05/07,0,負向
請在洗手台的排水口安裝水龍頭過濾器。,1,1,-1,2216,,2020/05/07,0,負向
這個露營地的場地規劃太擁擠，收取太多帳，導致停車場滿滿的，除了大草原以外，帳篷周邊的活動空間非常有限。浴廁的整潔度需要加強，洗澡水壓不穩，水溫時冷時熱，馬桶經常沖不下去，讓人相當困擾。泳池部分，只有第一天能使用，第二天就說水量不足無法使用，讓孩子們非常失望。電壓也不穩定，我們在中秋連假露營三天兩夜，就斷電了三次，相當無語。大草原的空間很棒，讓孩子們有很棒的活動場地，但滑草的地方有點危險，下方的布幕破裂，還有朋友（大人）在旁邊滑倒被釘子刮傷腳。景觀雖然美，但僅限第一排，後面只能看到擠滿車輛和人群。冷藏冰箱壞了，只剩下冷凍櫃，很快就擠滿了，裡面味道難聞，也管理不善，其他帳篷的保麗龍箱和保冷袋直接放在冷凍櫃裡，晚來的人找不到空間使用。總而言之，這次露營經驗令人失望，感覺營地管理不善，帳數控制也出問題。,1,1,-1,2224,,2020/05/07,0,負向
G區碎石區下雨了，更糟糕的是，當天晚上跳電三次，整個G區的兩個淋浴間都沒有熱水，水都是溫的。當時天氣應該在15度以下，再加上下雨，感覺真的沒有顧及客人。另外，水槽集中在衛浴旁，清洗東西需要走一段路，尤其下雨時非常不便。我露營過很多次，也碰過冷又下雨的情況，但這次實在是最糟糕的一次，無以倫比。,1,1,-1,2238,,2019/05/07,0,負向
這個地方的設施有點不夠完善，造成了一些困擾，讓人有些失望。,2,1,-1,2259,,2018/05/07,0,負向
上山的路況非常糟糕，建議營地應該限制上山及下山時間，因為山路狹窄且路況不佳，無法進行會車。帶著許多露營裝備和孩子上山是非常危險的行為，營地需要更加重視安全考量，建議不要前往。,2,1,-1,2291,,2021/05/02,0,負向
我們之前從F區精心挑選，但因其他客人而被迫換到C區。對於第一次來的客人來說，不熟悉這個營區的位置，不知道自己已經被調到不同的區域，直到看了區域位置圖才弄清楚。對於原本營區劃分的意義並不清楚，看起來好像需要提前與營長溝通。,2,1,-1,2362,,2018/05/07,0,負向
"這地方交通不便，用餐購物都很不方便。建議可以考慮以下幾點改善：
1. 增加食物販售的選擇。
2. 增加足夠的工作人員來幫忙。
3. 提升住宿者的素質，限制喧嘩並禁止在午夜後大聲。
4. 評估價格設定，以確保合理性。",2,1,-1,2400,,2017/08/29,0,負向
沒有機會前往。在訂位後接到電話被要求釋出座位給另一組更大的團體，要取消訂位才能表達不滿，這讓我感到很不舒服，熱情也因此消失了。,2,1,-1,2561,,2019/05/07,0,負向
這個地方需要改進。營區裡有許多螞蟻和爬行動物，廁所充斥著小昆蟲，而且沒有提供衛生紙，而且晚上洗手台沒有燈光。,2,1,-1,2576,,2023/10/09,0,負向
最近地震頻繁、大雨不斷，我和家人擔心走山會遇到落石，希望營地業者提供解決方案。不過獲得的答案令人困惑，只能延期半年或退還4成費用，相較之下，別營區只扣取200元手續費，讓人覺得這位營地的處理方式不夠妥當。政府呼籲民眾避免這段時間自行上山，以免發生危險情況。原本計畫在螢火蟲季去該營地觀賞螢火蟲，雖然營地表示可以延期半年，但半年後非螢火蟲季，甚至不願意再延至隔年的螢火蟲季，只好自行承擔6成費用。取消當天預定的30帳，退還25帳，難道只有我們遇到這個問題嗎？其他營地並無災情報告，但營地仍收取200元手續費。,1,1,-1,2715,,2024/04/30,0,負向
園區整體還算乾淨，廁所也維持的很整潔。美中不足的地方在於G區離衛浴廁所和冰箱都相當遠，如果要去冰箱拿東西真的挺辛苦的。另外，G區只有一間蹲式廁所，小孩不會蹲，有些不便。在山區蟲子很多是正常的，但出現了一種不知名的大螞蟻會咬人，被咬後腳上都會長出三四個包，還有刺痛的感覺。雖然露營次數很多了，但這次竟然被限制帳篷只能睡四個人，要是超過人數就得加收費用，而且不論年齡，只要超過四個人都要付費。,1,1,-1,2717,,2024/04/07,0,負向
除了草皮以外，CP值不太高，草皮旁邊種有帶刺的植物，不太方便也有安全隱患，而且在營地附近有枯萎的植物，會有些小昆蟲和臭味，不適合小朋友在小水池旁拍照。,1,1,-1,2749,,2023/05/07,0,負向
進出道路有不同高度差，要小心低底盤車輛。營區共有六間衛浴，分為七個區域，十張帳以上共用兩間衛浴。洗澡時間有限制，人多孩童多可能會有壓力。提供Wifi，但我連不上，手機訊號不穩，無法聯絡同伴，有些困擾。,2,1,-1,2775,,2022/05/07,0,負向
這個露營區的設施和環境並不是很理想，需要做好心理準備。路況不佳，營位規劃也稍嫌不足。停車要停在外部停車場後再將露營用品拖進去，有點費力。營地訊號不佳，提供的wifi連接也不穩定。衛浴設施不足，使用時間也有限制，洗手間使用壓力較大。總結來說，整體環境不夠舒適，可能不太適合再次光顧。,1,1,-1,2776,,2022/05/07,0,負向
這個營區只有一個冰箱，根本沒地方放大家的東西，準備好的德式香腸整包不見了，營區管理控管很差，早上起床心情就不好，決定不吃了，收拾行李下山去吃好的，以後不再來這裡了。,1,1,-1,2778,,2022/05/07,0,負向
草地的草太長，已經長到超過黑墊，有許多蚊蟲是很正常的，但有這麼多蒼蠅就有點異常了。在露營這麼久以來，我第一次遇到這麼多蒼蠅，從早上八點就被蒼蠅吵醒了，整天都被蒼蠅圍繞著，用電風扇吹也吹不散，整群整群的，直到晚上六點才終於消失了。浴室很寬敞，水池也還可以，只是蒼蠅的數量實在太多，真的有點誇張。,2,1,-1,2803,,2021/05/07,0,負向
超過了......連中央走道都擺滿了帳篷,1,1,-1,2822,,2020/05/07,0,負向
總結一下，您的意見主要是提及營地規定較多、水壓水溫不穩、洗澡遇到冷水、營主夫人態度差、收費規定不合理等問題。您建議改善浴室設施、修改違規處罰時間等。建議貴營區可以考慮改進這些問題，使露營者有更好的體驗。,2,1,-1,2828,,2019/05/07,0,負向
進入營地的山路狹窄且不適合雙向通行，路面顛簸。建議不要在水溫不穩定的情況下沐浴，可能會出現一半熱水一半冷水的情況，甚至感到發抖。,1,1,-1,2829,,2019/05/07,0,負向
不建議車況不佳的人開車上山路，因為山路很危險且陡峭。此外，夜間不適合衝山路，而且營區規定較多。但好消息是，營區的廁所很乾淨，並且有冰箱。,2,1,-1,2836,,2019/05/07,0,負向
這裡的水壓、水溫和電壓不穩定，黑沙坑的水池很小。附近有一個果園...整個家庭都感到困擾（詳見圖片）。,1,1,-1,2837,,2019/05/07,0,負向
這個營地的蟲蟲真的很多，廁所、浴室和營區都到處都是蟲和蛾，給我留下了難忘的體驗！洗澡真的是一場考驗，蟲飛來飛去還停在身上，連冰箱都離得超遠，裡面居然也有蟲！整個營區共用一個冰箱，衛生狀況真的有待加強。,1,1,-1,2987,,2022/05/07,0,負向
雨天可能導致積水和泥濘，所以我們在搭帳時幾乎沒遇到雨，但一旦下起雨來，水就無法迅速排走，一直流進帳篷裡。,1,1,-1,2992,,2022/05/07,0,負向
這個營地好像有很多愛吵鬧的人呢？也許特別容易吸引到吵鬧的團體，或者是因為吵鬧的人群有這個社區中流傳著吵鬧是可以接受的傳統？現在已經是半夜一點到兩點，週六晚上，雖然他們在唱卡拉OK，聽起來可能有些難聽，整個山頭都被他們的歌聲淹沒了！還有一次是在兩三點的時候，一群人在大聲聊天，我在遠處都能聽到有人在喊他的狗回來！還聽到他們露營區的狗在亂吠！我雖然沒有很多去露營的經驗，不過每次去這個營地都好像有遇到吵鬧的情況！即使跟營地主人溝通好像也沒有太大效果！,1,1,-1,3006,,2022/05/07,0,負向
天氣預報是大雷雨，已提前一週詢問是否可以延期，但營地主人不同意改期。而且營地位於偏遠地區，沒有景觀，排水設施也不良好，廁所更是非常非常骯髒。建議各位不要大老遠地前來受苦，這個地方一顆星都不值得。,1,1,-1,3058,,2019/05/07,0,負向
我不喜歡這裡，排水情況糟糕，廁所很骯髒，也沒有人管理。,1,1,-1,3059,,2019/05/07,0,負向
不要走過去！草地上有積水！廁所可能是沒人管理的狀態。,1,1,-1,3060,,2019/05/07,0,負向
訂場的規定是必須繳交訂金，不交給你就行了。唸來唸去是要幹嘛，小朋友生病了還要你唸？,1,1,-1,3075,,2019/05/07,0,負向
不建議，容易積水，且服務不佳。,1,1,-1,3097,,2017/05/07,0,負向
這個營地情況較糟糕，有許多積水和泥濘，場地狹小且擁擠，車位規劃不足，服務也不盡如人意。,1,1,-1,3101,,2017/05/07,0,負向
"1). 即使衛浴有乾濕分離是個優點，但廁所區域仍可改進。
2). 帳篷排列有點擠，沒辦法有足夠的草地空間。
3). 沒有限制帶寵物的露營者，半夜聽到狗叫聲，早上起來發現草地上有很多狗屎！",2,1,-1,3199,,2021/05/07,0,負向
營位費不斷調漲，收費越來越高。,1,1,-1,3204,,2021/05/07,0,負向
收了200元清潔費，但卻沒有得到任何清潔服務。有些人只是想和在露營的親朋好友聊聊天打打屁，竟然也需要被要求交200塊！營主啊，這費用有點貴喔！,1,1,-1,3205,,2021/05/07,0,負向
1. 這個地方看起來很美，草坪也很整潔。2. 帳篷擺放得太密集，沒有足夠的空間讓孩子們奔跑（有點超收的感覺）。3. 收費是1200元，還會不時斷電。4. 總結：如果要收取1200元的費用，就應該控制帳篷密度；營區的電力系統也需要改進，一晚上斷電3、4次實在讓人難以接受。這樣的地方我不會再來了。,2,1,-1,3214,,2021/05/07,0,負向
在悄悄話營地，草地算大，但一個帳篷要價1200卻擁擠不堪，衛浴看似高級漂亮，但實際上水溫反覆不定，時而冰冷時而滾燙，讓人非常不滿，收取這麼昂貴的費用卻提供這麼糟糕的設施。,2,1,-1,3267,,2019/05/07,0,負向
"1. 環境保護做得相當好。
2. 可以訂購披薩或石鍋拌飯，免除自行煮飯的麻煩。
3. 景觀不盡人意。
4. 門票只限下午2點以後入場，並且必須在中午12點前離開，限制太嚴格。
5. 一張門票要價1200元，如果提前入場還需再加100元，性價比有點不划算。以上為後園區條件。",2,1,-1,3278,,2018/05/07,0,負向
這裡的人很多，像是在難民營一樣擁擠。,1,1,-1,3321,,2017/05/07,0,負向
營地的管理人員態度不佳，當我只是啟動了車子一下，他就質問為什麼要啟動車子，說開窗戶也要事先告知他嗎？當我在洗澡時，他正在清理浴室，共有三間浴室，前兩間已經打掃好了，只剩下第三間還沒有打掃，卻讓我去使用第三間。付相同的費用，其他人都可以使用清潔的浴室，為何我要使用還沒有清潔的第三間？況且熱水還非常不穩定。這樣不為露營者著想的營地，我決定不會再來第二次。水質不乾淨，同行的朋友洗完澡後三人皆過敏，洗手台的水非常濁濁的，好像洗不乾淨碗一般。到了晚上12:30，還有露友彈吉他自彈自唱，打電話和發訊息給管理人員都被無視。隔天早上，管理人員表示他睡著了，若有火災，他還會繼續沉睡嗎？真不明白他們所謂的高評價是從哪裡來的。欲前往的露營者們請自行斟酌。,1,1,-1,3335,,2024/03/07,0,負向
8/26-27來露營後剛到就被老板說看起來很有活力，晚上10點後請保持安靜，否則他們會把我們趕走。儘管老板可能是在開玩笑，但這種態度並不讓我和朋友感到舒適。與老闆的幾次對話讓我們感到不愉快，例如：“我知道你們不會再來了。”雖然營地的位置不錯，但我們還是希望提醒老闆和老闆娘，以和氣相處才能生意興隆，否則真的不太好玩。,1,1,-1,3356,,2023/09/07,0,負向
到達營地後才走到門口，營主就告訴我們不要進去，他的態度非常差勁，讓人感到不舒服。,1,1,-1,3413,,2022/05/07,0,負向
元旦心情愉快，到了營地後，和營主說我們今天有預訂。營主臉色不太好，說今天預訂的時間是一點才可以到，不應該這麼早來，還一直不停地說著重複的話。我們解釋說我們並沒有要先搭帳篷，只是想先到附近散步。營主卻一直強調要等到一點才能進入，讓人覺得有點不可思議。最後還要忍受營主三天的臭臉。營主啊，請你檢討一下自己說話的口氣，不要反過來說我口氣不好，其實是你的態度和口氣有問題。我並不是第一次露營，也沒有自認為是老大，我從來沒有這麼說過，倒是營主才自居為老大，難道就不能溫和一點嗎？難道整個山頭都是你的嗎？尊重是雙方的，你有尊重過我嗎？誰會知道你的營區不能停車呢？,1,1,-1,3435,,2021/05/07,0,負向
傍晚時有許多蚊子，營地下方住著3到4隻狗狗，它們一直吠叫不停；還有鄰居家的小孩從傍晚到晚上10點鬧個不停。這確實讓人困擾。此外，營區的廁所設施陳舊，有些浴室無法上鎖，而且馬桶沖水設備損壞。除了景色之外，這個營區真的不值得推薦。,2,1,-1,3570,,2023/11/07,0,負向
由於前一晚下雨，露營主與我們延期準備，但到了出發當天早上卻發現雇主忘了我們的預訂？？？雇主告訴我們可以直接前往露營地搭帳篷，保留位置給我們，但當我們抵達目的地時，找不到雇主，只看到雇主的父親在場。詢問多時也無果，最後一位友善的營區客人讓出一個位置給我們。這是我第一次露營，卻碰上這種在營區看不到雇主的情況，真是前所未有。,1,1,-1,3573,,2023/06/07,0,負向
優點：浴廁衛生、熱水溫度適中。缺點：熱水供應時間限制至晚間10點，不利夜間使用。深夜及凌晨，羅馬公路車輛噪音干擾、營區下方飼養四隻狗，容易亂吠。假日清晨7點多即開始割草作業，影響睡眠品質。以上問題擾人不止，導致無法好好休息。還有一隻名為黑糖的狗，清晨竟在營區内尿尿，直到結帳時才注意到，令人感到非常無奈！,2,1,-1,3576,,2023/05/07,0,負向
營地觀景台前方的竹子和雜草長得亂七八糟，擋住了美景。隔壁營區的鄰居整晚唱歌吵鬧，早上還有人在用電鋸施工，瘋狗叫個不停。深山中還有一群人在喧鬧，讓露營區變得令人討厭。,1,1,-1,3578,,2023/05/07,0,負向
冰箱只能送風，跟營主反映後還被說冰箱有冷啊。水質不好，從水龍頭出來的水都是泥濘的。,1,1,-1,3587,,2022/05/07,0,負向
這個地方看起來不夠整潔，環境很吵且影響休息。且預定的活動都取消了，讓這個地方失去吸引力。因此並不會考慮再次前往。,1,1,-1,3595,,2022/05/07,0,負向
營區的設施太少了，連沙坑、戲水池和射箭場都沒有，只有搗麻糬活動。而且底下在辦電音派對，整天都聽著動滋動滋的音樂，離營開始只有兩天才被告知！我們根本不是去聽音樂的，難道不該提前告訴我們嗎？很無語！,1,1,-1,3597,,2021/05/07,0,負向
這個營區收到7個帳篷，但卻只能搭4-5個，結果完全沒有活動空間。根據網路資訊，這裡應該有沙坑、戲水池和射箭場，但看起來都荒廢了。唯一乾淨的地方是廁所，也有搗麻糬的活動。然而，下面的營區在辦電音趴，持續3天2夜，聲音讓人動滋動滋。營主只在露營前兩天才通知這個營區將有這樣的活動，讓人感到很困惑。這是我第一次聽到有人給這個營區這樣的評價，看來這個營區還有很多需要改進的地方。,2,1,-1,3599,,2021/05/07,0,負向
小黑蚊太多，防蚊液、止癢藥和開水龍頭一樣都沒辦法阻止它們。,2,1,-1,3613,,2021/05/07,0,負向
露營區的遊客行為不佳，清晨6點就開始洗碗聲音很大，7點就開始吵鬧，讓小孩大聲尖叫。,1,1,-1,3622,,2020/05/07,0,負向
這地點靠近水源地，可能對環境造成影響。,1,1,-1,3631,,2020/05/07,0,負向
這個營地主只關心賺錢，面對沒禮貌的露營者卻避而不處理，影響其他守規矩的露營者的權益！無論硬體設備多好、風景多美，都只是在浪費上帝的恩賜！,2,1,-1,3726,,2018/09/15,0,負向
這是一個很糟糕的經驗！我原本跟營主訂了C區的水泥雨棚1帳，後來營主打電話給我說旁邊還有一個要訂6帳的（總共8帳），他們夜間活動可能會比較吵，我表示沒關係。但後來他們又打電話說要改成8帳，要我去B區的碎石雨棚，完全沒有徵詢我的意見，甚至跟我爭辯說他們不可能把8帳的活動改到其他地方，老闆我早就訂了，至少也應該尊重一下我的意見吧！畢竟當初我就是喜歡C區，才要求訂C區的雨棚，而不是你說去哪我就去哪！,1,1,-1,3767,,2024/04/30,0,負向
這段髒話。,1,1,-1,3781,,2023/12/07,0,負向
只能說去了感覺很糟不想多談什麼，營主只會將責任推給客人，多說無益。,1,1,-1,3782,,2023/12/07,0,負向
我在五月27日露營了3天2夜，不料遇到蚊蟲成群、咬了好幾個包。不好的經驗是，第三天早上營主告訴我們必須在12點前結帳，他講了兩次才開始收錢，而當我們開始結帳時卻突然停水。我向營主反映這個問題，他說是因為下雨造成阻塞。當時我甚至誤以為營主為了讓我們趕快離開才停水的。整個經驗讓我對這個觀點感到非常不滿，可能不會再去那個地方了⋯⋯,1,1,-1,3824,,2023/05/07,0,負向
露營收費要到三百元有點貴，像是一直在巡邏抓小偷一樣。26 號到 溪遊記的營地，四天連假時間都浪費了...營地主人不友善，除了沙坑，小孩根本沒地方可以玩。第一次露營的小孩覺得無聊，我們的車來回來去十幾次？停車費三天一起總共多付了 1800 元，開露營區怕客人來是怎麼回事？星星評價都是在騙人的，一天過去就來了這麼多五星評價？未經當事人同意，私自拍攝車牌放上公開網站，已經請家人律師處理！業者還留言說付不起錢就去住免費的野營？？？,1,1,-1,3833,,2022/05/07,0,負向
整體環境還算可以，但有人時常巡邏，看看是否有新訪客。如果有，每台車要收取300元費用，並逐一進行錄影存證。費用雖不算高，但該人的態度令人難以恭維。這麼多次露營卻從未遇過如此頻繁收費的營主。根據平台規定，我們照付了費用。最後，營區員工要求我們收起護草墊，我們當然很樂意幫忙恢復原狀。雖然平台規定未必要求恢復護草墊，但我們還是集中收納了。然而，該員工的態度有待改善，不能好好溝通。初時並未承認有錄影車輛，後來卻能提出我們車輛的影片？此外，對唱歌卻有所影響，即使當時只是晚上7點，平台規定晚上10點後不能唱歌。音量也不算大，但卻被指影響其他露友的品質。不確定是否真的有其他露友有所反應，而且態度也欠佳。,1,1,-1,3834,,2022/05/07,0,負向
在這個地方露營一晚要付800元的包區費用，然後每輛車停車要收300元，並且每隔幾個小時就巡邏一次收停車費。朋友開車來停一下就得付300元，這次露營3天，總共花了1800元停車費。老闆的態度很差，沒有任何親切感，也許不會再來了。,1,1,-1,3835,,2022/05/07,0,負向
對，如果營地規劃不佳，下雨天真的會造成許多困擾，泥濘的地面讓人走路很不方便，鞋子也會被泥巴黏住。讓小孩和狗待在帳篷裡確實有點可惜。,2,1,-1,3842,,2022/05/07,0,負向
營區很糟糕，營主態度很差，有許多大約2-3公分大的虎頭蜂，讓人非常害怕。如果虎頭蜂不處理，營主還把責任推到客人身上，說是客人招惹的。請問，虎頭蜂晚上出沒是正常的嗎？陸續來了20-30隻。如果今天小孩被叮到，你願意承擔責任嗎？要前往的大家，請三思而行！,1,1,-1,3844,,2022/05/07,0,負向
不建議前往，因為營區有虎頭蜂，而營地管理者處理此事的態度相當消極，甚至推卸責任，聲稱需要噴香水來驅走蜜蜂。蜜蜂出現三天是因為營地上有一顆樹開的花蜜非常吸引牠們，所以它們日夜不停地在採集。因此，在選擇前務必三思，以免浪費金錢並引來不必要的麻煩。,1,1,-1,3845,,2022/05/07,0,負向
屋外車聲很吵！5點早上就被吵醒，無法繼續睡覺，衛浴設施不夠，需要排隊使用。不過房東很友善且具親和力！,2,1,-1,3979,,2023/09/08,0,負向
在水庫附近靠近羅馬公路的地方，晚上車輛聲音很大，影響入睡，B區以外的小露營地位置都較狹小，彼此距離過近。建議營地管理者將CD區劃分為ㄧ區，這樣比較適中。另外，廁所設施有限，需要洗澡的話最好抓緊時間。,2,1,-1,3984,,2023/05/08,0,負向
在臨時換位子的情況下，遇到一些問題：1.地板長滿雜草；2.廁所多人使用時可能沒熱水；3.四周環境不夠明亮，半夜上廁所不太方便；4.不斷跳電的情況一直發生。,1,1,-1,4048,,2021/05/08,0,負向
因為環境乾淨，保護螢火蟲不使用殺蟲劑，所以小黑蚊很多。,2,1,-1,4097,,2018/05/08,0,負向
這裡的廁所和浴室保持得相當整潔，但因為使用的是山泉水，所以水有點帶黃且有些濁濁的。此外，這裡沒有提供飲水機，需要自行購買水，另外蚂蚁和蜘蛛網比較多，要小心不要碰到。露營區的樹木間距有點窄，使得車子停進去和開出來較困難，但晚上聽著河流的聲音入睡還挺愜意的。,2,1,-1,4176,,2024/04/07,0,負向
宮廷帳是這裡唯一值得稱讚的地方，其他設施都很普通。環境倒是不錯。,2,1,-1,4179,,2024/03/07,0,負向
這個地方的設施不太方便，衛浴設備不夠好，冷熱水溫不穩定。冰箱只有一個，而且冰箱裡的冰可能不夠。另外，只有一區有飲水，記得自備水。另外，營區嚴格禁止外車和訪客，無法進入送物品或接待訪客，必須在門口面交物品，無論大小重量皆需如此。,2,1,-1,4181,,2024/01/07,0,負向
這個營區的環境並不如預期中美好，有許多不方便之處，包括：小黑蚊較多，需用蚊香防範；營位無洗碗檯，需要額外處理餐具；廁所位置遠且環境潮濕，步行需小心避免滑倒；衛生紙需到廁所外取用；水壓小、熱水不穩；垃圾需到遠處集中；地面有坑洞需留意；晚上照明不足，上廁所需多加注意。整體而言，營區環境較差，與照片所見不符。,2,1,-1,4182,,2024/01/07,0,負向
基本上，我們接受使用者付費。營地主人給人留下深刻的印象，但對金錢比較碎碎念。網站上缺少一些資訊，討論後卻不會額外收費。來了幾次，發現他們對收費態度不太友善，回答疑問時顯得含糊。還有，雨棚設施雖然很棒，但當下雨時水卻會往雨棚內流。設施和場地規劃並不是很完善。最值得一讚的是，廁所和浴室都保持著乾淨的狀態。不過道路規劃有待改善。總體而言，給予兩顆星評價，主要是因為廁所衛生和客人素質都還不錯。,2,1,-1,4183,,2024/01/07,0,負向
雨棚區石子鋪的情況簡直危險，下大雨時很容易積水淹到爆⋯⋯計算人頭、車輛和帳篷的數量，這些統計真的算得非常精準...,1,1,-1,4188,,2023/07/07,0,負向
營業主是精算師，屋頂漏水已經夠糟糕了，更糟糕的是地勢低窪，容易積水淹水。,1,1,-1,4189,,2023/07/07,0,負向
環境惡劣，而且男老闆態度差。,1,1,-1,4200,,2023/05/07,0,負向
這位老闆的服務態度不佳，經常讓遊客感到困擾。,1,1,-1,4201,,2023/05/07,0,負向
很抱歉，下雨天路泥濘，露營地要收兩個小孩的費用$1200。 洗手間不方便，沒有防滑設施。 家人滑倒摔壞了，烙傷。 總的來說，這個露營地以營利為主，缺乏人情味，也沒有關心我們的情況。 這樣的態度讓露營經驗變得令人不悅，很遺憾。,1,1,-1,4203,,2023/05/07,0,負向
這段營區經歷真是讓人不敢恭維：1. 洗澡只有冷水，小孩洗了快一小時，水壓小且不穩 2. 估計有六帳共用一個電路，電壓不穩，LED燈無法亮，打氣機也罷工，只好手動打氣，換用LED燈條 3. 環境髒亂，生態池無人管理，蚊蟲多，用了防蚊液還要蚊香 4. 浴室和帳篷區有大蟑螂飛行，綠化需修剪，大人小心滑倒 5. 費用不合理，人數超過四人需額外支付，小孩免費，每人250元 6. 照片與實際不符，景點老舊，除了環境清幽外其他缺點多，並且服務人員態度不友善。,1,1,-1,4204,,2023/05/07,0,負向
在端午節那天到湖區露營，才發現無法進入露營車區，當時下著磅礡的大雨，加上路途遙遠，心情受到影響，只好折返。而且老闆的服務態度惡劣，推卸責任，這個營區實在不太友善。還不確定是否能退費。,1,1,-1,4205,,2023/05/07,0,負向
營地的排水設施很不好，也沒有提供草地墊，下雨時在帳篷裡床墊濕透又漂浮在積水中，根本無法入睡，只好收拾營具回家，真是令人非常失望的露營體驗。,1,1,-1,4212,,2022/05/07,0,負向
中央大池已經被圍起來了，周圍充斥著許多牛蛙，晚上將會舉行派對，他們的叫聲非常壯觀，建議戴上耳塞。而上游的溪水潺潺作響，不過周圍卻受到了蜘蛛絲和蚊蟲的干擾，計畫前往水池戲水可能需要慎重考慮。此外，看來小黑蚊和大隻蚊的班表已經協調好了，大約上午11點開始出現，後面的則在黃昏前活動，因此三瓶防蚊液將很快耗盡。出門露營時需與大自然相處，充分準備才能享受快樂的時光。,1,1,-1,4214,,2022/05/07,0,負向
建議在營區廁所前的大水溝周圍設置一個圍欄，因為路上沒有路燈，晚上沒注意可能有危險。我覺得主要是為了安全考量，其他方面都還好，只是這次天黑後有點擔心讓孩子自己去廁所，怕他們會不小心掉下去。,1,1,-1,4215,,2022/05/07,0,負向
這個露營地離新店碧潭很近，開車約只需要10分鐘的路程。這裡是城市露營型的營地，優點是可以享受不會有車輛吵雜聲音的環境。原本是婚宴拍攝地點，所以並不是專為露營而設計，例如帳篷區沒有提供洗手台，垃圾桶只設在廁所區域，廁所只有一處，需共30個帳篷共用。洗澡建議儘早洗，亦有熱水可用，但可能晚一點就沒了。營地設施整理稍嫌老舊，相較之下費用也略嫌昂貴。入場可享受湖景，晚上則可看到螢火蟲。最適合品質要求不高的大朋友前來露營。,2,1,-1,4216,,2021/05/07,0,負向
這個地方的服務態度不夠積極，付款時卻很急迫。網路訊號很差，設施破舊，蚊子超多，場地很狹小！營位和洗手台都沒有燈光，洗手台總是堵塞，洗澡時的熱水不穩定！營位設計很隨意，雜草長滿，指示牌不清楚，地點不好找，我不會再來了！,1,1,-1,4218,,2021/05/07,0,負向
這段文字大概是在描述露營區的設施及布置，提到了有小黑蚊、連接的帳篷、殘破的設施等，並提到價格為兩個帳篷包區2200元，夜衝600元。整體來說，露營區的狀況並不是很理想，設施也有殘破的部分，不太適合拍照。,1,1,-1,4219,,2021/05/07,0,負向
這段文字的大意是在描述露營時遇到下雨，遮雨棚有滴水、積水的問題，而營地地面情況不好。其中有提到談及與老闆溝通和支付露營費的過程。最後作者表達了不會再去該露營地的決定。,1,1,-1,4222,,2021/05/07,0,負向
這個雨棚包含了兩張帳篷都擠不下，雖然聲稱是獨立區域，但事實上與旁邊的人非常接近，而且在半夜不會有管理。旁邊的人玩狼人殺直到凌晨兩點，隔天垃圾桶也沒人清理。如果不是因為不能評論而無法給星星，我真的一顆星都不想給。,1,1,-1,4224,,2021/05/07,0,負向
這個露營區收費不合理，一帳費用1250元，並且態度惡劣。訂了雨棚營位的兩個帳篷，卻只有400*600的空間，根本無法容納兩個帳篷。訪客入場費用也太貴，每人收費150元，就連小學生也是一樣的價格，甚至一台車也要收100元，而且還限制離場時間，真的無法推薦這個露營區。,1,1,-1,4225,,2021/05/07,0,負向
拒絕了大型犬，只是謙虛地表示自己還是新手，詢問是否能參觀場地。雖然拒絕是店家的權利，但是當補上那句請自己先做功課後，可以看出這個場所並非如風評所說的那麼好。雖然離家很近，但也不會再考慮了。,1,1,-1,4280,,2018/05/07,0,負向
訂位付款後，突遇中央氣象局發佈大雨特報，無法改期。我們帶著小孩同行，營主卻將責任推給露營樂訂位中心，強制扣除60%費用，並在付款後未提供發票。更扯的是，除了扣除60%，還要再額外扣除30元處理費。這種只想賺錢、缺乏同理心的商家，非常令人失望。絕對不推薦這家雷區，爛到扯。,1,1,-1,4288,,2018/05/07,0,負向
7月18日的下午3點，大門沒有開，旁邊的標誌上寫著需要先預約，我感到很失望，只好返回家了。,1,1,-1,4291,,2018/05/07,0,負向
環境好，但是小黑蚊很多而且很咬人，不過雨天無法延期，訂單也很多。,2,1,-1,4295,,2018/05/07,0,負向
打電話過去時無人接聽，到了現場才發現園區已經關閉了！,1,1,-1,4307,,2016/05/07,0,負向
門票不能用來抵消費用。食物很貴，煎個蛋要220元，雖然份量不多。廁所男女共用，環境較差，隔音效果也不好。建議您不如去土雞城吃飯比較好。,1,1,-1,4309,,2015/05/07,0,負向
請大家注意，這個園區要求每人消費不能少於100元，另外還有180元的最低消費金額！去了這麼多餐廳，從來沒遇到過這樣的規定！看起來是想間接賺取更多的錢！建議大家在前往之前要仔細考慮。,1,1,-1,4310,,2015/05/07,0,負向
這個營區經歷真的很糟糕，從洗澡到用電、管理、安全問題都令人困擾。洗澡時沒熱水，用電問題，營區環境髒亂、生態池沒有維護、滿是蚊蟲，還有露營區的草地和石階也沒有照顧好。此外，收費不合理，景點也與照片不符。,1,1,-1,4338,,2022/06/08,0,負向
這個露營區真的很糟糕，不僅有肥滋滋的蟑螂和小黑蚊充斥，還有服務品質差到爆炸。在我們露營的三年裡，遇到的最雷的露營區有以下問題：1. 洗澡時半路竟然沒熱水，小孩都泡了快一個小時，水壓還小又不穩；2. 估計有至少六個帳篷共用一個迴路，電壓超不穩定，甚至連3W10顆LED的15米串燈都亮不起來，還有打氣機罷工只能手動打氣，改用LED燈條；3. 環境髒亂，生態池看來似乎沒人在管理，小黑蚊超多，點了蚊香、擦了防蚊液，每人至少需要使用20包；4. 浴室和帳篷區都有兩隻正在飛的超大蟑螂。該露營區的草地沒有固定修剪，已經長到超過腳踝高度，石階上更是布滿青苔，幾位大人不小心滑倒，最後都只好繞路。另外，收費也不合理，大部分營區超過四個人每人都要收100元，而幼兒園以下的小孩卻不收費，但這個露營區卻是每人250元還收小孩的費用。最後，景點多數老舊且與照片不符，讓人非常失望。,1,1,-1,4339,,2022/06/08,0,負向
營地變得越來越寂寞。如果超過每帳範圍的人數，將會嚴格加收額外的入場費和停車費。浴廁還算可以，但因有水池，所以小黑蚊很多，其他部分就不多加評論了。,2,1,-1,4349,,2022/01/05,0,負向
照片拍得很漂亮，只有親自去看才能感受到。雖然營區的照片看起來很美，但實際去看的時候，設施方面可能只能遠觀或眺望才能欣賞。,2,1,-1,4357,,2021/04/26,0,負向
草地上積水淤泥，排水情況不佳。,2,1,-1,4358,,2021/03/05,0,負向
營區費用和環境。因為是連假，擔心中南部交通阻塞，所以選擇北部的營區。但到達後發現營區設施不全，還有很多小黑蚊，連噴霧都沒用。,2,1,-1,4381,,2020/03/25,0,負向
這次露營真的很糟糕，完全不推薦了！營區的管理也很差，探營朋友不被允許，且收費非常高，而且未在預訂時事先告知這種特殊規定。有四個朋友前來探營，得付出900元的費用才能進入。此外，洗澡時水溫時冷時熱，更糟糕的是洗到一半時水竟然停了，得撥電話給營主才讓我們繼續洗澡。廁所的衛生紙供應很少，導致許多人在廁所間借用衛生紙，實在不方便。,2,1,-1,4434,,2018/05/27,0,負向
他們的態度不好，我以後不會再去那裡了。他們態度惡劣，得罪了很多人。,1,1,-1,4437,,2018/05/20,0,負向
照片和實際場景有些落差，洗手台不夠、插座太遠、草地下雨時容易積水。,2,1,-1,4643,,2016/12/01,0,負向
收了錢之後也應該有責任，晚上洗澡沒熱水找不到人處理是很困擾的事情，在這麼冷的天氣只有冷水也是很不舒服的，真的是不建議這樣做。,1,1,-1,4704,,2021/05/07,0,負向
位於竹雞區的住處，景色平平，最令人困擾的是，許多人在那裡吸菸，營區上的年輕人喧嘩至深夜1點，毫不顧及他人，似乎沒有人加以約束。這樣的經驗令人極為不悅。,2,1,-1,4908,,2021/05/08,0,負向
這個季節蒼蠅很多，下午又遇到突然停電，冰箱又離得很遠，晚上中華電信基地台超載無法通訊。,1,1,-1,4946,,2019/05/08,0,負向
當天進入了位於竹雞區的露營地。本來露營是一個很輕鬆愉快的活動，但當天卻被一群年輕人搞砸了整個氣氛。這些年輕人從晚上開始就喝酒，並且一直喧嘩罵髒話，一直喧嘩到深夜3到4點都不停止，讓我們在對面的營地根本睡不著覺。我們當天向營地負責人反映，只是接到電話告訴他們夜深了應該安靜點，但沒有效果，依舊很吵。在竹雞區的營地讓我們感到很糟糕，以後不會再去了。,2,1,-1,4977,,2021/06/02,0,負向
營主一直在密切關注，有很多限制，而且態度口氣也很差，大家是來露營放鬆的，不是來受氣的，非常不建議。,1,1,-1,5224,,2024/03/08,0,負向
這段描述中提到的營主態度和對待來賓的方式，確實讓人感到不愉快。希望在露營的過程中，能夠遇到更友善和耐心的營主，讓大家都能享受愉快的休閒時光。,1,1,-1,5225,,2024/03/08,0,負向
這次參加的是露營活動，營區整體環境維持得很乾淨，草坪也很舒適。廁所提供了衛生紙，但最初聽說只要溫度達到一定標準，泳池就會開放。可惜前一天的溫度變化大，所以泳池最終沒有開放。不過，星期六天氣真的非常炎熱⋯所以沒有使用該設施也沒有關係。營區要求第二天中午12:30前離開，這可能一直是他們的規定，但當下的確讓人感到驚訝。露營本來是一個放鬆的活動，像以前經驗一樣，應該是下午2點前離開。我想我以後應該不會再去那個地方了，畢竟那裡有很多限制⋯此外，營區提供的腳踏車狀況都很糟糕，騎車的地方也又窄又小，導致小孩們時常發生相撞受傷的危險事故️。營位數量可達50多個，但只有一個公共衛浴，晚上12點前提供熱水，所以媽媽帶著小孩去使用女生衛浴時，經常要排長龍等著洗澡，白天則完全沒有熱水。如果習慣前一天打包裝備或簡化裝備的露友，這個營區應該會很合適。至於習慣在營區吃輕便午餐後才離開或是早上10點才開始收拾、需要晒帳篷曬露水的露友，那就要仔細考慮了！,2,1,-1,5235,,2023/11/08,0,負向
電風扇轉得很快，蚊子特別多，廁所離得遠,1,1,-1,5236,,2023/06/08,0,負向
女生淋浴間只有5間，廁所很遠，熱水供應只到12點。結果，同行的朋友在11點多去洗澡時已經遇到冷水，因為柴燒熱水無法穩定，轉到最冷的地方還可能超燙。女生吹風機只有一台，營地區域空間偏小，帳篷之間距離超近。雖然規定上沒有寫不能打麻將，卻跑來告知打麻將會影響小孩不佳觀感。還要我們拉上帳篷圍布，飲水機只有一台，時不時水就不夠用。完全不推薦。,1,1,-1,5243,,2023/05/08,0,負向
衛浴的人很多要排隊，冰箱裡只有一台（已擠滿），小心小黑蚊。,2,1,-1,5258,,2022/05/08,0,負向
1、熱水是用木材燒的，冷熱明顯區分，洗澡很不方便。2、明文規定小孩玩沙不能掉出來，還有人值班監視。如果擔心玩得太過火，就不要開放玩沙區。3、下大雨展開帳篷已經很潮濕了，還有東規定、西規定。4、明文規定分類，每個區域只能放1到2個桶，停車時需裝備也要趕快，草墊潮濕容易對抗雨水，也不能多用。5、洗澡時有人提醒不能用太多水。6、車輛一定要進入停車場。7、即使天氣晴朗也不容許使用游泳池，寧願用來清洗草墊... 感覺真的不佳，保持清潔是好事，但過於嚴格，可能還不如不開放！,1,1,-1,5260,,2022/05/08,0,負向
"1. 沒有提供廚餘桶，需要垃圾桶？不提供廚餘桶的話，廚餘應該要放在哪裡？
2. 下著大雨但我們並未取消活動，現場到處是泥濘，有營友的孩子不小心踩到泥濘弄髒了腳，需要洗腳，結果被責備要把水龍頭關小一點，叫孩子別再踩到水和泥！否則要再次洗腳。
3. 沙坑有專人看管，不認識的小孩在沙坑玩時泥沙濺到沙池邊（沒有濺出沙坑），立刻被提醒不要濺出來，要進去裡面多玩，但其他營友直接告訴孩子不應該這樣玩，反而被管理人員責備，說孩子可以不要來玩。
4. 在籃球場裡放置腳踏車，小朋友經過隨時會被大孩子打到籃球而受傷，這樣非常危險。
5. 儘管提供舊腳踏車供使用，但是沒有專用的腳踏車道，與汽車共用一條道路，這樣相當危險。
6. 護草墊放在泳池內清洗浴室。浴室水壓不穩，廁所和浴室只有一區，非常不便利。以上是我們第一次遇到如此嚴格的主辦方，若想體驗的營友可以來試試看！對於特別過於激烈的營友則建議不要嘗試！",2,1,-1,5261,,2022/05/08,0,負向
今晚的露營經驗真是糟糕，12度的低溫，跳電了沒有電，暖爐和電熱毯都沒用。這種情況下真的擔心今晚會被凍死。,1,1,-1,5267,,2022/05/08,0,負向
全營區有200多位成人和孩童需要在晚上12點前洗澡，如果時間到了還沒洗完就直接關水，這處理方式確實有些過分。此外，只有一台飲水機供應，用大桶裝水還會被指責，是否會導致缺水問題呢？我理解您說的拿大桶給十個人和讓十個人來裝有何不同。供應這麼多人卻只有一台飲水機，這是否意味著管理單位應該考慮增加設備呢？此外，沙坑傍晚就趕人並不讓孩子玩，我不清楚這背後的用意是什麼。總體而言，營位之間擁擠，前方卻看起來還算可以。,1,1,-1,5278,,2021/05/08,0,負向
民宿的空間規劃需要加強，因為鐵皮屋旁的空地吸引了所有的小孩前去玩耍，住在民宿裡的人卻沒有適合休息的地方，建議進行改善。,1,1,-1,5289,,2021/05/08,0,負向
很久沒有露營洗澡洗得很煩惱，只好說還好不是在寒流來臨的時候到這個營區，小黑蚊個人認為還可以接受，但那熱水實在難以忍受。,2,1,-1,5300,,2020/05/08,0,負向
建議改善營區草地的整地工作，以免在雨天造成積水影響露營體驗。這不是天氣問題，而是營區排水系統的問題。另外，評價給予營主nice的一星好評，並稱讚廁所乾淨、營區視野寬闊。,2,1,-1,5436,,2023/11/08,0,負向
這個露營地的草皮長得很厲害，沒有被修剪過，地面還有坑坑洞洞，蚊子非常多，每隻都超級肥大，各種生物都出沒其中，甚至還有蟑螂...這次露營的感受並不太好，也許唯一的好處是廁所和衛浴間比較乾淨吧。,2,1,-1,5438,,2023/08/08,0,負向
這個營地的環境真的很糟糕，蟲蟲特別多，尤其是飛的大強和小強，真的很嚇人！另外，營地的排水設施有問題，遇到雷陣雨的時候整個營地都淹水，還有飲水機壞了又沒提前通知，讓我們非得去買營主開的雜貨店，感覺被宰飯。冰箱離營地很遠，護草墊也被踩壞了，一天收1200元實在不值得，唯一好的地方就是遇到的兩位友善年青打工人員和相對乾淨的廁所。,1,1,-1,5439,,2023/07/08,0,負向
這裡的營區環境有待改善，除了廁所乾淨外沒什麼可取之處，草地不平，坑坑洼洼，睡覺後容易腰痠背痛，也看不到令人心曠神怡的風景。,2,1,-1,5448,,2023/05/08,0,負向
當您說「必須要一顆星，才能發布，其實想選0顆星，收場地費那你至少水槽要是好的，又髒需要自己刷洗水槽，電線插座也應該要是好的，修繕時間要2至3個月這個問題，應該是你們自己營區營業要克服的問題，其實也不是多高的營區其實，這樣的回答不是太能接受，草地如果要顧建議休園！護草墊太泥濘！也破的很多，再者停車問題很糟！也是營運時就該考量的事！」，您想表達的是希望營區能夠改善設施環境，尤其是洗手台、電線插座、維修速度等問題，同時也關注到草地與停車的情況，希望營區提供更好的服務與設施。,1,1,-1,5453,,2023/05/08,0,負向
露營原本應該是一個愉快的體驗，但因營區沒有停車位而導致我的車子受損，還有水槽水管脫落的問題。所以可能不會考慮再來了。,1,1,-1,5454,,2023/05/08,0,負向
營區竟然沒有停車位，要我們自行尋找；水槽水管漏水，向營地管理員反應後，被要求與其他人共用；面對這麼多的不方便，我真的覺得非常困擾！,1,1,-1,5455,,2023/05/08,0,負向
設施不足，停車位不夠，需要與他人共用水槽，電插座故障，設備配備不足。,1,1,-1,5456,,2023/05/08,0,負向
廁所沒有清潔過，有虎頭蜂也沒有處理，蚊蟲很多，游泳池沒水，那家旅館訂房時說好早上11點退房，但已經在早上10:30就催人退房，整體住宿經驗很差。,1,1,-1,5458,,2023/05/08,0,負向
如果可以的話，我們希望草地不要太長。雖然工作人員只有一位，讓人覺得有些可憐，但畢竟我們去露營就是為了開心渡假，所以這樣的服務，要求太多也不太好。,1,1,-1,5461,,2023/05/08,0,負向
整個體驗並不理想，廁所有濃烈的尿味，淋浴間沒有打掃，冰箱只等到客人來才開啟，兒童戲水池已經髒到看不到底部，另外還有許多小黑蚊⋯,1,1,-1,5462,,2023/05/08,0,負向
廁所沒有打掃，草地長得像小樹，冰箱發霉沒有整理，溪水池看起來像生態池，整體狀況很不好。,1,1,-1,5463,,2023/05/08,0,負向
從週六中午到週日快中午之間，廁所一點都沒有被清理打掃過，衛生紙也沒有被補充。,1,1,-1,5464,,2023/05/08,0,負向
這個地方的房間隔音很差，因此鄰居的聲音影響到了你的休息品質，讓你無法好好休息。只能給這個地方一顆星是因為環境整潔，而且房東也很親切。根據你的評價，看來你不太可能再來這裡了。,1,1,-1,5471,,2022/05/08,0,負向
營地的植被稀疏，排水不良，導致土壤鬆軟，加上缺乏棧板，營釘連根拔起，造成地面泥濘，情況相當不濟。然而，總評一顆星是因為還有一位打赤膊的帥哥服務態度不錯。,1,1,-1,5472,,2022/05/08,0,負向
營區管理人員未能有效處理引起吵鬧的客人，導致從中午一直持續到凌晨四點！即使我們無法控制酒醉的客人，但營區的聯絡電話也無人接聽，甚至過了午夜12點也沒有出來制止，這嚴重影響其他客人的休息時間。營區的使用規則明確禁止卡拉OK，但卻讓某些人一直唱歌直到早上，結果引來警方前來勸導，仍然沒有使他們安靜下來。 我們不建議這個營地。,1,1,-1,5476,,2022/05/08,0,負向
這個地方的風景不錯，營區的管理者很熱心，但是環境清潔需要更加努力，尤其是水槽和冰箱需要注意。我住在貨櫃露營屋，剛入住的時候房間裡拖鞋非常濕。我問清潔阿姨，她說有用酒精消毒水，但可能噴得太濕了。我們對於浴室的狀況感到困惑，洗澡過程中水居然多次停了，有一次停了2-3分鐘之久。在這樣的天氣被停水真的讓人很無奈，小朋友和大人洗澡都被迫中斷，非常冷。,2,1,-1,5482,,2022/05/08,0,負向
這個房間和網路上評價的不太一樣，收拾整齊之後小朋友幾乎沒有地方可以玩耍，其他公共設施還可以。,2,1,-1,5491,,2021/05/08,0,負向
帳篷間距太接近會受影響，洗碗槽太矮，得蹲著洗碗！B區和C區共用廁所，常常髒亂沒有定期清潔，深夜有其他露營者大聲聊天唱歌到天亮，營方未能控制，造成困擾，感覺很糟糕，不想再去了。,1,1,-1,5497,,2021/05/08,0,負向
飲水機離冰箱太遠，營位太靠近嘈雜，停車地點也太遠不方便。,2,1,-1,5498,,2021/05/08,0,負向
環境設備很好！但很可惜的是，管理不力！讓其他客人隨意吵鬧到半夜！影響了大家的休息時間。,1,1,-1,5515,,2020/05/08,0,負向
在這個營區裡，硬體設備不錯，廁所和衛浴設備也維持得很乾淨。但是有三隻大狗狗環繞著帳篷，從晚餐一直到半夜，干擾了我們的活動和睡眠品質。雖然我不討厭狗狗，但牠們在我們用餐時四處晃來晃去，讓人感到困擾。除了這些狗狗的問題之外，其他一切都還算不錯。,2,1,-1,5520,,2020/05/08,0,負向
儘管環境算是不賴，但是小黑蚊很多，野狗半夜常翻垃圾筒，讓我在帳篷外來回走動，導致無法安心入眠。,2,1,-1,5521,,2020/05/08,0,負向
這個地方很吵，因為靠近羅馬公路，半夜要麽是機車轟鳴，要麽是跑車飛馳，非常熱鬧！而且營地管理很苛刻，不允許顧客踩草坪，難道是希望他們飛起來嗎？每帳篷要價1200元，卻看不到美景和高海拔的新鮮空氣，價格真的有點高。我給額外一顆星是因為周圍有很多螢火蟲，能讓人感到放鬆，這是我唯一讚賞的地方。,2,1,-1,5534,,2019/05/08,0,負向
這個地方景色優美，很適合露營。,2,1,-1,5535,,2019/05/08,0,負向
各區間之間的距離太接近了，營位佈局太密集，導致人潮擁擠，晚上鄰居一直聊到深夜1、2點，噪音很大。,2,1,-1,5538,,2018/05/08,0,負向
兔子最好不能被飼養在戶外，飼養方式也需要正確⋯⋯希望透過營利動物可以吸收到更多兔子的相關知識⋯⋯回答店家的時候，兔子的飲食應該包含無限供應的提摩西草和煮過的飲用水（確實是無限量），再搭配適量的飼料。兔子需要的環境溫度應維持在17-25度之間，同時要避免潮濕和淋雨，以免導致發霉或皮膚疾病等問題。在高溫環境下，兔子也容易中暑，先前有一隻兔子在夏天室內無冷氣的情況下，肝功能指數偏高。養兔子時也不應該讓牠長時間在家中過度吹冷氣，我也是有養兔子的人，了解這些對兔子的重要性，希望能跟店家分享這些知識，以期同時建立友善對待動物和環境的態度。,1,1,-1,5737,,2022/05/08,0,負向
這家五星級飯店收費很高，但蚊子和蒼蠅卻多不勝數，而且不分早晚，甚至連管理者都說要買蒼蠅貼片。,1,1,-1,5807,,2019/05/08,0,負向
這段話的意思是營主會釋放鳥，並提醒大家不要踩雷。,1,1,-1,5813,,2019/05/08,0,負向
這個地方的設施價格親民，景觀普通。,2,1,-1,6069,,2023/12/08,0,負向
一開始說可以搭帳，但大熱天搭好帳後又說不能在這區搭，要停車。再移一次地方又得花錢。這真的很讓人掃興，路狀況不佳，車底板還敲到了。,1,1,-1,6073,,2023/07/08,0,負向
洗澡時水溫難以調節，而且沒有飲水機可供使用。,2,1,-1,6076,,2023/05/08,0,負向
菠蘿蜜區洗完頭後熱水斷掉了！此區與其他區共用兩間廁所和浴室（蹲式廁所和衛生間合併在同一間）。營區不允許車輛進入，設備由營區負責人用牛車運載。,2,1,-1,6079,,2023/05/08,0,負向
房間狀況真的蠻差的，而且有跳蚤，很容易讓皮膚癢。我們忘記攜帶食材，當想到時已經傍晚了，打電話詢問後，被誤會不需要了，然後工讀生就打掃起來，順便把東西帶走。下次可以事先確認租營地的人有沒有忘記處理事情，這點有待改進。但也只能怪自己疏忽了，誰也沒辦法。,2,1,-1,6090,,2023/05/08,0,負向
這個地方環境很好，營區主人很熱情，我們訂了五帳包區兩晚，但只有一間衛浴可以洗澡，需要排很長時間。考慮到我們五帳包區已經有8人，如果是正常有10-15人的話，那要洗澡可能會更加需要耐心等待。,2,1,-1,6099,,2022/05/08,0,負向
根據以上的描述，當初可能是被網路評論給誤導了，入住後與評價中描寫的情況大不一樣，讓人感到失望。例如：訂金付完後，詢問問題卻得不到回應；入住當晚立刻收尾款，卻沒有看到所謂的老闆老闆娘；盥洗室的使用狀況也令人擔憂，衛生紙是否充足也是問題；洗澡排隊現象也是相當不便；流理台與盥洗室卻沒有提供基本的清潔用品，整體來說，參與露營的11人對這次經驗都有相同的感受。,1,1,-1,6137,,2019/05/08,0,負向
有人會這樣做生意嗎？為了要接包場的夜場，竟然會要求已經訂位的客人取消訂位，甚至要求他們改訂其它日期？我真的輸給你了，業者！「人無信而不立，業無信而不興」，這是古代有名的教訓！,1,1,-1,6320,,2023/06/09,0,負向
所有的房客都很安靜，只有在星期日早上，竟然有朋友來訪，他們從早上6點多開始聊天，一直聊到快8點，這樣一直聊讓人有點難以入眠，如果要做生意，這點需要留意。其他方面都還算不錯。,1,1,-1,6328,,2023/05/09,0,負向
那個露營區不是由原住民經營，訂單確認後被管理人員更改，收取了更多的費用。那裡的環境並不太適合放鬆，總是感覺被營地主人監視。也許應該考慮關閉這家營區，讓給原住民經營生計。,1,1,-1,6580,,2023/09/09,0,負向
這個營區冬天不適合造訪，雖然我們沒使用高功率電器，卻時常跳電，營主還會氣得罵髒話且有菸味。尤其若是帶著小孩來且是在冬天的話，建議選擇其他地方。唯一的優點就是廁所很乾淨。,1,1,-1,6593,,2023/05/09,0,負向
"冬天並不遪合到這個營區，因為無法使用低功率的電暖器，容易造成跳電情況。此外，要留意營地管理者可能會嗆句類似""怕冷就不要露營""，且營區工作人員可能會用國語罵人。",1,1,-1,6594,,2023/05/09,0,負向
營地廁所清潔狀況很出色！在山上露營可以放鬆心情並呼吸新鮮空氣，但營地老闆經常在帳篷旁抽菸！如果有計劃帶孩子來露營，擔心他們受到二手菸或三手煙的影響，可能不推薦這裡！對於營地主人的抽菸環境，我會給一顆星的評價。,1,1,-1,6597,,2023/05/09,0,負向
營區整體環境不錯，洗澡水較熱，但電力供應不穩，會在凌晨斷電，造成使用上的不便。請務必提前告知，不要隨意批評露營友。為確保電力供應穩定，建議定期檢修供電設備。另外，營區不設限制卡拉OK的使用，但請注意他人的休息需求。強調標示護草墊使用方式，以免造成不便。,1,1,-1,6614,,2022/05/09,0,負向
露營地和浴室都很乾淨整潔，但除了營地主之外的女性員工們態度很差！非常差！一點都不友善！很多營友提問時，有一位女性員工的態度非常不友善！回答的口氣也非常不耐煩！這讓我不想再來這裡了 …,1,1,-1,6617,,2022/05/09,0,負向
環境整潔，熱水只供應到晚上十點，洗手台旁的燈也只亮到十點，營區老闆夫婦給人感覺不夠親切⋯⋯⋯⋯,2,1,-1,6625,,2022/05/09,0,負向
這段敘述是說一家人到馬胎227露營區入住，在清幽乾淨的環境中度過一個晚上。不過在夜晚遇到其他客人持續吵雜的情況，一直到友人提醒後才得以改善。第二天準備離開時，營主才提及昨晚客人喧囂的情況，表示因為是熟客，所以沒有制止。雖然這個露營區在預訂網站上有5星評價，但因營主偏向熟客，讓入住者感到困擾。,2,1,-1,6640,,2021/05/09,0,負向
營區收費過高，收支互相牽連，活動空間相對較少，酒客眾多且吵鬧，不太適合親子活動。,1,1,-1,6655,,2021/05/09,0,負向
真的太擁擠了，擠得無法呼吸，無法開口。,1,1,-1,6659,,2021/05/09,0,負向
只有中華電信有信號，其他家都沒有。不過營地有Wi-Fi。首先要跟大家報告，在開往馬胎227營地的路上，需要開得很慢，因為道路很彎曲看不到來車，有些危險。快到營地之前的道路正在整修，非常不平整，有很多大小石頭，容易刮傷車子的底盤。如果開休旅車就沒什麼問題，但一般轎車要小心。這次我們入住營主家前的廣場區，場地很小，5帳相連，孩子沒有活動空間，覺得營主收費過高！環境有蟑螂，非常多蒼蠅（目前來這麼多蒼蠅的營地的第五名）。不過可能因為海拔750公尺，沒有小黑蚊。廣場區不遠處，約不到1分鐘路程就有乾淨的廁所旁有小溪，可以抓溪蝦，水不深適合小朋友泡腳。值得一提的是，營主養的雞到處跑，沒有關籠，凌晨3點就開始咕咕咕，吵得你難以入眠，早上還會來營地玩耍。如果以上您可以接受的話再去試試吧，我是不會再去了！,2,1,-1,6660,,2021/05/09,0,負向
要到達目的地的路大約一公里長，路況真的很糟糕。地面很崎嶇，讓我們走了好幾次，營地非常小，甚至沒有一塊草地讓小朋友奔跑。到達營地後，要下到營地的地方非常顛簸，車子無法前行。因此我們把車停在別處，再步行前往營地。,1,1,-1,6661,,2021/05/09,0,負向
營地的規模已經太小，客人超量，另外老闆養的雞整晚嘰嘰喳喳，根本無法入眠。,1,1,-1,6664,,2020/05/09,0,負向
這個營區並不大，景色有限。雖然有溪水和兒童滑梯，但沒有沙坑。廁所和浴室很乾淨，但地面總是潮濕。只有B區比較適合搭建帳篷。營區裡還放養了幾隻雞自由走動，一直咕咕叫，有點吵。狗被關在籠子裡。一大早雞嗚狗叫，持續不斷。然而，大自然的蟲鳴鳥語確實是存在的。總的來說，好選擇似乎不多！,2,1,-1,6668,,2020/05/09,0,負向
營主可能會多收費用，營位空間稍嫌狹小，停車場也不太寬敞！,1,1,-1,6676,,2019/05/09,0,負向
這家住宅的屋主和家人態度都不好，還讓家裡的狗隨地亂拉亂尿。,2,1,-1,6693,,2023/03/07,0,負向
沒有使用高功率的電器卻經常跳電，還說天氣冷就不要出來露營，並且罵髒話，有點過分了。使用了黑設計的第六代380W功率。,2,1,-1,6697,,2022/12/13,0,負向
B2區有許多蟑螂，偶爾還可以聞到狗屎的味道。,2,1,-1,6728,,2020/08/21,0,負向
營地管理不當，廁所髒亂且臭氣熏天，需要經常清潔；熱水設施總是擁擠，且晚上常受到其他帳篷的干擾；營主服務態度差，需要等待很長時間。我認為這次的營地經驗不如預期，下次應該尋找其他更好的選擇。,1,1,-1,6753,,2024/04/11,0,負向
這個地方空間很有限且擁擠。每天半夜都會有野狗來報到並咬食物。垃圾桶不是獨立使用，而是要與其他戶共同使用。,1,1,-1,6756,,2024/04/09,0,負向
不推薦入住這個房間，隔音很差，廁所在外面，連吹風機都沒有，非常不方便。在露營區的廁所很髒亂，因為很多人使用而沒有清潔。,1,1,-1,6758,,2024/04/09,0,負向
第一次參加露營，晚上露營地管理人員也沒有來巡視。我打電話給管理人員，已經過了11點，還有一些人在帳篷裡聚在一起喝酒作樂。管理人員到場後，服務還是很不理想。,1,1,-1,6766,,2024/03/09,0,負向
我們很抱歉聽到您的不滿意。您的意思是希望營區能提供更好的露營品質，而不只是追求利潤對吧？,2,1,-1,6771,,2024/01/09,0,負向
訂位時我們選擇的是前排位置，但當我們到達時被安排在中間草皮區。向老闆詢問時，他表示前排位置已被保留給當天夜衝的客人。我們詢問是否不屬於夜衝客人的範疇，老闆無法提供解釋。後來我們才得知，原來是老闆把位置給了後面才訂位的六個客人⋯⋯這種處境讓我們感到非常失望。,1,1,-1,6773,,2024/01/09,0,負向
"1. 在12月1日至12月2日的凌晨1點多，B區的露營友，有些大人大聲說話，小孩則一直在嬉鬧。

2. 相鄰的營位之間相當靠近，營繩只差一步就會相互碰撞。

3. 營地的垃圾桶不夠多，被擺放在營位前方，建議改成擺放在營位後方或是區域入口，這樣比較不會一直有人在周圍走動。

4. 露營夥伴的品質很重要，可以請不要在其他營位前來回走動看別人的裝備，這樣很不禮貌，請繞過營位後面行走。

5. 建議設立專門的吸菸區域，以免風向導致煙味飄散，並且避免地面上留下菸蒂，這樣的營地不太受歡迎，會讓人不再去。",1,1,-1,6776,,2023/12/09,0,負向
我昨天剛離開了騰雲露營區，我在那裡露營時確認一定要回家後分享我的評論，但實際感受很差。浴室很大，但最後一間沒有熱水，飲水機上有很厚的灰塵。冰箱很小，沒有區分，大家都亂放。馬桶水箱沒有蓋子，看起來很糟糕，草地上有很多蜈蚣。營區環境和動線很奇怪，沒有小孩活動空間，每個營位之間距離很近，就像是在夜市擺攤一樣。晚上很晚了，隔壁營位很吵，營主也沒有管。帶狗的露友管控不好，經常跑到我們帳篷附近，小孩很害怕。我在查看特一區的評論後才決定是否前往，因為我並不推崇那裡所謂的百萬夜景，我只看到前方樹木遮住了視線。總之，我真的不推薦這個地方。,1,1,-1,6786,,2023/11/09,0,負向
有些野狗甚至會偷走半只雞，而且那裡到處都是野狗，還有一些帶著項圈的狗。洗澡時水溫忽冷忽熱，弄得我都被燙傷了，還碰到一個沒有禮貌的女遊客在浴室裡小便，然後把衛生紙丟在地上。,1,1,-1,6797,,2023/08/09,0,負向
嘗試打了二三十通電話都沒人接，進去後沒熱水，等了二十幾分鐘。水溫忽冷忽熱，這種露營區真的應該給六顆星，這一顆星是多出來的。,1,1,-1,6802,,2023/05/09,0,負向
我第一次去露營，發現營區的廁所清潔頻率很低，即使打電話反應了也還沒有人來清理。另外，洗澡時熱水時冷時熱，睡覺時也是時大時小，而且早晨寒風刺骨，讓我感到非常痛苦。,1,1,-1,6817,,2023/05/09,0,負向
廁所設施稀少、清潔度差，熱水供應不穩定，嘗試打電話反應廁所髒淨的情形，但營地管理人員卻未給予處理。,1,1,-1,6818,,2023/05/09,0,負向
這個營區雖然靠近野營體驗，但收費卻高，上山路況危險，而且營區管理混亂，沒有帶位服務，露客找位置都得自己碰運氣。除此之外，半夜電箱還爆跳電，室外溫度只有8度，中華遠傳訊號又弱，連Wi-Fi都無法使用，還有停水、沒水壓、馬桶壞掉等問題，讓人覺得像回到早期農村生活。另外，廁所非常髒臭，管理也不善，讓夜貓族過度聚集。總體來說，這次露營經驗真的相當不愉快。,1,1,-1,6822,,2023/05/09,0,負向
不，直接挂电话是不太礼貌的做法。可以跟營業主禮貌地說出問題，提出需求，並請求協助解決。,1,1,-1,6825,,2023/05/09,0,負向
聖誕夜時停電，營區處理速度緩慢，還有人警告如果再浪費電力，整個區域都會斷電。朋友幫忙修理水電並且沒有收取額外費用。電費已經用盡，營區應該加強管理並減少浪費。另外，營區正在計劃新增營位，主人擔心這個營區的情況。,1,1,-1,6832,,2023/05/09,0,負向
團露已經包場，但主辦單位還是允許其他參加者進行夜間節目，導致設計佈局變得相當困難。另外，其他露營者並未遵守中午12點的結帳時間離開，在管理上也顯得有困難。此外，靠近浴廁的兩個營位實在太小，無法擺設兩個帳篷，但在訂位時使用的照片仍然是舊的，容易造成誤解。這些是上方特區需要改善的重要問題，信譽和品質才是長期經營的關鍵，而不是一次性的行為。,1,1,-1,6833,,2023/05/09,0,負向
最讓人受不了的是夜爬沒有固定時間，到了晚上11、12點還有車輛不斷地上山，車燈和露營者們的喧囂聲一直持續到深夜。早上收拾帳篷時發現草地上滿滿的蜈蚣，幸好有使用護草墊，但還是有蜈蚣鑽進帳篷裡，數量比螞蟻還多。營區的視野很好，傍晚可以看夕陽，晚上可以賞星空，清晨瀰漫著濃濃的霧氣，彷彿置身仙境。廁所和淋浴設施不多，但有冰箱和飲水機。還好是在連假前來的，半夜被夜爬的吵聲噩夢，第二天一大早就離開了，因為不想待在擁擠無法放鬆的營地。,2,1,-1,6842,,2023/05/09,0,負向
在營地準備冰食材時，營主說冰箱雖然剛開，但已經冰了近一小時，溫度仍然是27度，太熱了。連冰塊都直接融化了。晚上洗澡的時候，朋友們進到浴室後發現沒熱水，修好後只有開始的兩分鐘有熱水，後面全程都是冷水。我們忍耐冰冷的水洗了半小時才洗完。營地風景很美，但設備真的有待加強。,1,1,-1,6849,,2023/05/09,0,負向
建議每次露營時都來這裡，因為這裡就像天堂一樣。,1,1,-1,6856,,2023/05/09,0,負向
這個地方的風景還可以，不像其他人說得那麼神奇。Wifi 連線順暢，衛浴設施還算可以，但熱水不太穩定是最大的問題……遊客太多，露營的地方擁擠，停車場也不夠，想要去的人最好自行評估……不要聽網路上吹捧的內容。,2,1,-1,6859,,2023/05/09,0,負向
非常失望，B區就像是在停車場露營一樣，完全看不到風景。,1,1,-1,6860,,2022/05/09,0,負向
這裡的環境清潔需要加強一下，帳篷太多了，整體品質不夠好。,1,1,-1,6864,,2022/05/09,0,負向
"1. 冰箱只能冷藏食材，冷度不足，有濃烈的異味，可能是因為很久沒有清理了！冰箱沒有提供冷凍功能，所以食材都是在常溫下保存！
2. 不同電信公司的訊號都不太好，雖然有提供wifi，但訊號不夠穩定。
3. 營區景觀不盡人意，沒有大風景或者帳篷可供選擇，也不想要在車輛旁露營！停車場空間卻很多，但A區車輛停滿，B區則會面對其他車輛，與官網資訊不符，向營地反映卻被告知原本就是這樣安排的…
4. 浴廁前有大片蜘蛛網和蟲，孩子們倒是能觀察生態，而浴廁雖然寬敞，但從抵達到離開，垃圾桶總是滿滿的…需要加強清潔！
5. 特地前往觀景區，白天和晚上的風景確實很美！",1,1,-1,6868,,2022/05/09,0,負向
營地管理人員表示只有A區（景觀區）的遊客可以將車停得整齊有序，就像停車場一樣。其他區的遊客面對一整排的車輛，露營時也是很正常的情況。如果無法預訂到A區的話，建議大家不妨考慮在附近的停車場進行野營。,1,1,-1,6869,,2022/05/09,0,負向
B區的停車環境像停車場露營，由於停車位不足，導致帳篷和車停在一起相當擁擠。儘管園區有告示牌指示要停在外面，但卻默許A區的人將車停在旁邊，這跟網路上的照片和規劃不符。收取1000元的費用讓人感到被欺騙。希望營地負責人能提供清楚的說明，避免讓人事後才發現，一眼看出去都是別人的車子，對老闆消極的態度覺得非常失望。,1,1,-1,6870,,2022/05/09,0,負向
這裡到處都是在唱卡拉ok，不僅開得很大聲，還沒有人管。浪費了這麼美麗的景色，真是讓人感到失望。,2,1,-1,6882,,2022/05/09,0,負向
有許多螞蟻，它們無處不在，呆兩晚感覺好可怕。,2,1,-1,6907,,2022/05/09,0,負向
這個特區每晚收費1200元，營位緊密相鄰，營主似乎沒有考慮到搭帳篷需要拉營繩的問題，營位設計非常狹小。（根據照片裡的飲料瓶比例比較）,1,1,-1,6953,,2021/05/09,0,負向
營區的管理混亂，每個帳篷都擁擠在一起，營位連5x8的區域都擠得滿滿的。我的帳篷被安排在左邊第一個紅圈處，離兩棵樹中間，位置很不理想；此外，我還被多收了三個營位的費用。這種管理讓我很不滿，可能下次我不會再來這裡了。,2,1,-1,6957,,2021/05/09,0,負向
夜晚的風景確實美不勝收，讓人心情舒暢、心曠神怡。不過，衛浴設備可能有些問題，熱水要麼太熱讓人燙傷，要麼轉過去稍微冷了又變成冷水。另外，營地的排水系統似乎也有些不順暢，希望能有所改善。,2,1,-1,6964,,2021/05/09,0,負向
這個地方的優點是有美麗的雲海和夜景，夕陽也很漂亮，草地很平坦。缺點是營區的帳篷營位太多，建議少收約1/3，這樣活動空間就會變大。小朋友玩球時都只能在車道上玩，浴室廁所也太少，而且沒有明確標示是廁所還是浴室，需要一間間打開來看。水壓太小，水溫忽冷忽熱的問題很嚴重。停車空間不足，規劃也顯得混亂。網路訊號只有中華電信能用，其他電信都接收不到訊號。WIFI可以說是有或沒有都一樣，因為訊號不穩定，導致太多人無法連接。,2,1,-1,6966,,2020/05/09,0,負向
營主可能在半夜時要求客人結帳。,1,1,-1,7009,,2019/05/09,0,負向
熱水真的不穩定，我建議不要選擇這個。,1,1,-1,209,,2019/05/06,0,負向
園區內據報出現捕獸夾，攜帶寵物前請注意安全。,1,1,-1,467,,2024/02/06,0,負向
老闆的態度很不友善，而且浴室沒有熱水。,1,1,-1,521,,2022/05/06,0,負向
浴室非常骯髒，在這個營地裡有許多蟑螂。,2,1,-1,1474,,2020/08/21,0,負向
提升水槽清潔和草地保養的工作。,2,1,-1,1483,,2019/09/09,0,負向
小黑真的太可愛了。,1,1,-1,1547,,2022/05/07,0,負向
請在洗手台的排水口安裝一個濾水裝置。,1,1,-1,2216,,2020/05/07,0,負向
草地上因為排水不良，積水變泥濘了。,2,1,-1,4358,,2021/03/05,0,負向
服務態度很惡劣，語氣就像在與人大吵一場。,1,1,-1,5226,,2024/03/08,0,負向
這個地方適合露營，環境很美。,2,1,-1,5535,,2019/05/08,0,負向
風景很美，但環境和服務人員的質素還有待提升。,1,1,-1,5799,,2019/05/08,0,負向
B區就像停車場一樣，完全看不到風景，讓人感到非常不開心。,1,1,-1,6860,,2022/05/09,0,負向
熱水的穩定性不佳，不建議使用。,1,1,-1,209,,2019/05/06,0,負向
浴廁十分髒亂，這個營地有很多蟑螂。,2,1,-1,1474,,2020/08/21,0,負向
覺得經營不夠用心，連廁所都沒有打掃。,2,1,-1,1477,,2020/05/07,0,負向
小黑非常可愛...,1,1,-1,1547,,2022/05/07,0,負向
這裡的人很多，像是難民營一樣擁擠。,1,1,-1,3321,,2017/05/07,0,負向
在水源地旁的位置可能會對環境造成影響。,1,1,-1,3631,,2020/05/07,0,負向
環境和男老闆的態度都不佳。,1,1,-1,4200,,2023/05/07,0,負向
這個地方風景宜人，很適合露營。,2,1,-1,5535,,2019/05/08,0,負向
在B區停車場露營根本看不到風景，真的令人非常不開心。,1,1,-1,6860,,2022/05/09,0,負向
熱水的穩定性很差，不建議使用。,1,1,-1,209,,2019/05/06,0,負向
老闆的態度很惡劣，而且浴室沒有熱水。,1,1,-1,521,,2022/05/06,0,負向
不值得推薦，容易積水，而且服務品質不佳。,1,1,-1,3097,,2017/05/07,0,負向
人數眾多，就像在難民營一樣。,1,1,-1,3321,,2017/05/07,0,負向
這個地方景色很漂亮，非常適合露營。,2,1,-1,5535,,2019/05/08,0,負向
洗澡時水溫難以掌握，而且沒有提供飲水機。,2,1,-1,6076,,2023/05/08,0,負向
熱水器不太穩定，建議不要選這款。,1,1,-1,209,,2019/05/06,0,負向
老板的态度很差，浴室没有热水。,1,1,-1,521,,2022/05/06,0,負向
請在洗手台下安裝一個濾水裝置。,1,1,-1,2216,,2020/05/07,0,負向
不要推薦這個地方，因為容易積水，而且服務不佳。,1,1,-1,3097,,2017/05/07,0,負向
不值得推薦，容易積水，而且服務不佳。,1,1,-1,3097,,2017/05/07,0,負向
老闆的態度很差，浴室沒有熱水。,1,1,-1,521,,2022/05/06,0,負向
請在洗手台的排水口裝上濾水器。,1,1,-1,2216,,2020/05/07,0,負向
不建議，可能會積水，而且服務不佳。,1,1,-1,3097,,2017/05/07,0,負向
優點：D區場地很大且有樹蔭，在樹蔭下可避免曬到太陽，相當優越。缺點：環境整理有待加強，水槽極度骯髒，廁所內有多處蜘蛛網，明顯久未清理。營區和廁所入口的洗手槽有大量蟑螂，而且有些是會飛的大型蟑螂。環境衛生方面有待改善。,2,1,-1,1,,2024/05/06,0,負向
廁所沒有固定的時間打掃，味道很難聞。吹風機的品質很差，像是飯店使用過熱而斷電。在使用浴室時，突然沒有熱水，或者是熱水出不來。冰箱太小，完全不足夠使用。洗手台傾斜，無法放東西。,2,1,-1,16,,2023/12/06,0,負向
這個營地的環境真的很糟糕，下雨時積水，草地泥濘，通往廁所的路沒有照明，只有昏暗的燈光，衛生狀況也很差，廁所臭氣熏天。儘管營地經常被使用，但營主卻沒有改進環境維護措施，雙十連假期間更是多次露出問題，只見到一位老伯在打掃，很明顯缺乏足夠的人力來維護環境，連冰箱都很髒。這樣的營地讓人無法再次光臨。,2,1,-1,21,,2023/11/06,0,負向
這段句子的意思是：環境還算不錯，但工作人員的態度還有待加強。在10/8的萬聖節活動中，扮演鬼滅之刃女生的工作人員非常不耐煩地回答問題。如果不是因為有小朋友在場，可能會讓人當場感到不悅。,1,1,-1,22,,2023/11/06,0,負向
營位照明有些暗，當我們中午抵達營地時，廁所就已經十分骯髒了，而且整個晚上直到十點都沒有改善！垃圾桶滿溢，衛生紙到處散落，馬桶很髒，幾乎每一間廁所都讓人感到恐懼…,1,1,-1,36,,2023/05/06,0,負向
水壓不穩，忽冷忽熱，流理台水流非常不足，四五個人共用一個浴室，還有野貓野狗經常來叫，以及喝醉後失控的人大聲喧嘩，不適合露營的環境。夏天的夜晚變得很尷尬，整晚聽到別人抱怨！,2,1,-1,38,,2023/05/06,0,負向
營區本來應該是要求22:00後降低音量，但是為什麼還有團體在半夜兩點還在彈吉他、大聲喧嘩卻沒有人來管制呢？難道不應該讓大家有個安靜的環境好好休息嗎？,1,1,-1,45,,2023/05/06,0,負向
廁所很臭，似乎已有好幾天沒有清潔了，衛生紙也沒有補充，雖然環境不錯，卻塞滿了帳篷和車。,2,1,-1,46,,2023/05/06,0,負向
這個場地雖然很寬敞，但F區真的不太理想。為什麼要把壓力機放在旁邊，還要規劃讓人搭帳篷呢？整晚都沒有停過，即使有短暫停止，立刻又開始發出聲音，根本讓人難以入眠啊。,1,1,-1,50,,2023/05/06,0,負向
營區的環境十分優美，空間寬敞，但因為收容了許多人導致廁所數量不足且雜亂。希望提高清潔頻率並補充衛生紙。浴室也顯得不足，倒數第二間沒有熱水，水溫和水壓都不穩定，且排水系統有問題容易積水。最不能容忍的是直接在當地焚燒垃圾的行為，這樣做好嗎？,1,1,-1,68,,2023/05/06,0,負向
洗澡時突然沒熱水真的很困擾，特別在這麼冷的天氣。希望管道能盡快解決問題。,1,1,-1,96,,2022/05/06,0,負向
廁所太多且髒亂，即使連續洗兩天，水都是冰冷的，早洗或晚洗都沒有熱水，非常不建議使用。,2,1,-1,106,,2022/05/06,0,負向
這真的是個糟糕的經歷啊！從初三到初五連續三天都在爛泥中走過，真的是太辛苦了！去上廁所的路上沒有路燈，一路上都在踩著爛泥，再踩著爛泥回到帳篷。露營區的排水系統不完善，即使下雨不大，地上還是可以看見積水，還一直跳電，熱水也不熱，這種令人難以忘懷的露營經驗。,1,1,-1,108,,2022/05/06,0,負向
廁所和浴室在同一個空間，洗澡時可能會有異味，並且洗手槽的設計也不盡如人意。,2,1,-1,112,,2022/05/06,0,負向
房間雖然不太乾淨，不過春節價格還可以。,2,1,-1,114,,2022/05/06,0,負向
夠煩人，第一天沒熱水，第二天整個停電，房東賺了很多喔。,1,1,-1,118,,2022/05/06,0,負向
營區環境很舒適，有溪水和螢火蟲，但一年前有人提到浴室的水溫問題，今天卻一直是冷水，沒有熱水，讓人感到很失望。,2,1,-1,148,,2021/05/06,0,負向
雖然這個地方地形廣大，但營區的規劃過於緊湊，導致活動空間有限。活動區域缺乏樹蔭，日曬容易過熱，而且洗澡設施如果遇到太多人會明顯不足，需要排隊。儘管有螢火蟲和溪水可供娛樂，但比這裡更適合露營的地方還有很多。,2,1,-1,149,,2021/05/06,0,負向
建議營地管理單位考慮增加洗碗槽和插座數量，解決熱水忽冷忽熱的問題。同時也建議在晚上十點後請求降低音量，因為有人在半夜十二點還在大聲聊天，進行溝通後有短暫改善但很快又回到原狀。其中一人一直在自誇業績成長，希望其他人也多學習，這樣的吵雜聲響實在讓人困擾。,1,1,-1,176,,2021/05/06,0,負向
浴室間太少，洗澡水溫不穩定，排水不良，地面有太多碎石，洗碗槽太少。,1,1,-1,190,,2020/05/06,0,負向
這個營地設施狀況很糟糕，廁所很髒，只有一間衛浴有熱水，但收費卻要1200。,1,1,-1,204,,2020/05/06,0,負向
這個露營區沒有熱水可洗澡，廁所很髒，設施也很簡陋，收費卻是1200元，我覺得很不值得，下次絕對不會再去那個地方露營了，簡直是個雷區。,1,1,-1,205,,2020/05/06,0,負向
下雨後草地變得泥濘是因為排水系統不佳。,2,1,-1,207,,2019/05/06,0,負向
熱水器很容易不穩定，不建議安裝。,1,1,-1,209,,2019/05/06,0,負向
營規中明文規定禁止在營區內唱卡拉ok或使用高音量音響，但我們卻遭遇了這個情況。有人在晚上十一點仍在唱歌，其他區則紛紛效仿，營區周邊還有施肥的臭味，引來許多蒼蠅。晚上有桂圓銀耳甜湯作為加分項目，但應營主的要求，以免損害營地聲譽。,2,1,-1,279,,2024/04/06,0,負向
"1. 營地主人非常熱心，在這樣炎熱的天氣裡，給我們送來清涼的點心。
2. 營地主人也十分專業，他提到準確有小黑蚊存在，但我們前三組的數字分別為34、33、19，我真的很好奇在老闆看來哪個數字才算多。
3. 廁所非常乾淨而且很寬敞，共有四間，但小昆蟲和小寵物的出現也需要小心注意。
4. 對於喜歡釣魚的朋友們，請務必小心，釣到的魚要妥善放置，因為老闆會透過監視器監控你，是否藏匿他的魚。當需要呼喚老闆時，實際上只要在監視器前揮揮手，他就會立即前來協助。感謝這次讓我被小黑蚊叮紀錄的露營區。",1,1,-1,334,,2023/05/06,0,負向
明明知道螞蟻在繁殖期時數量眾多，卻沒有提醒，導致露營體驗大大受影響。,1,1,-1,373,,2021/05/06,0,負向
這個營區不太適合我，夏天的高溫讓人感到悶熱，午後的雷陣雨更導致排水問題，路面泥濘不堪也影響了露營的放鬆感，需要有所改善。,1,1,-1,375,,2021/05/06,0,負向
草地營地靠近排水渠不太適合，下大雨時會有水溝在旁邊，營地負責人應該考慮一下是否將營地設在水槽旁邊會更好。,2,1,-1,376,,2021/05/06,0,負向
露營經驗不太理想，遇到了一個特殊的營地，雨棚就設在營主家門口，營主家人在旁邊進進出出，缺乏隱私性。明明租了營位，但卻無法擺放得完整，還要保留一條走道給他們通行，導致搭建帳篷的空間受限，相當不便利！,1,1,-1,417,,2024/04/03,0,負向
園區裡有人放置捕獸夾，可能違法！攜帶寵物前要格外小心。,1,1,-1,467,,2024/02/06,0,負向
這裡的規定實在令人困擾，好像什麼都不可以隨心所欲地做。難道我們來這裡就是為了花錢然後被限制自由嗎？我給予這裡六顆星，那多的一顆就是給你了。,1,1,-1,468,,2024/01/06,0,負向
訂了雙十連假10/7到10/9的5+8帳（二區），但因為颱風即將來臨，營地沒有護草墊且容易淹水，所以營主不給延期，我們只能取消。雖然被扣訂金60%，這我能理解，但不合理的是租借裝備費用，未使用的情況下卻不能全額退還。問營主說是請廠商代訂的，但實際上裝備一直在營地倉庫，哪來的廠商呢？營主對於下大雨、營地淹水的處理也模糊且逃避問題。前往營地的遊客都了解這些情況，預定前最好多看看營地的評論，通常不會有太大的誤差。,1,1,-1,475,,2023/10/06,0,負向
露營地沒有提供垃圾桶，需要自行把垃圾帶到廁所外的垃圾桶丟棄。沒有提前告知季風問題，突然大風導致帳篷和炊事帳受損。地板是石頭地，釘營釘不牢，可能連假期間電力供應也不足。計劃露營的朋友們請注意這些情況！,1,1,-1,482,,2023/05/06,0,負向
這段句子可以簡化為：這次露營的經歷非常糟糕，營區設施不佳且服務態度惡劣，不建議再次造訪。,1,1,-1,486,,2023/05/06,0,負向
"1. 老闆一開始很客氣，但問題發生後變得很苛刻，要求提供證明才能辦理退款，難免讓人感到不便。我明白需要相關文件，但也要理解事先沒有辦法提供喪事證明。  
2. 剛把帳篷搭好兩小時後，老闆就來收尾款，讓人感到很不好。  
3. 借用的床墊漏氣，換了還是漏，管理疏忽且態度惡劣，說知道這情況就不要租。  
4. 垃圾桶離露營區很遠。  
5. 營區的熱水溫度不夠高，冬天不建議露營。",1,1,-1,487,,2023/05/06,0,負向
對於裝備不足的露營友們來說，這樣的經歷確實令人失望。朋友租的充氣床持續漏氣，於是半夜不得已聯絡營地負責人。營地負責人雖然有派人來換床，但態度非常惡劣，換過後仍然有漏氣問題。最後全家只能睡在硬邦邦的地上，租金收了一會又說不用收，態度反覆且惡劣，最終還直接告訴我們不要再來。這樣糟糕的經驗確實需要向裝備不足的露營友們提出警告。,1,1,-1,489,,2023/05/06,0,負向
營區冰箱有漏電的問題，會給人帶來危險，而營主對這個問題的態度非常消極，讓人感到很不滿意。,1,1,-1,490,,2023/05/06,0,負向
"1. 我們租借的氣墊床有問題，當請營區的管理者來更換時，他的態度很糟糕，讓我們整晚只能睡在石頭地板上，體驗相當糟糕。
2. 早上結帳時，營區的員工告訴我們租借的帳篷和客廳帳不用收，因為需要讓它們曬太陽，不久後營區的管理者卻說這些設備是需要收取費用的。當我們和他溝通時，他表示自己是老闆，他說了算，就離開了。我們只好開始收納設備，沒多久他又跑來說，原來你們不用收起來？當時正在忙著收裝備的我們感到相當困惑…這位管理者難道眼睛有問題嗎？我們決定不再來這個營區體驗，實在太糟糕了。",1,1,-1,491,,2023/05/06,0,負向
這次帶團去露營真的超級不開心，我們到了營地下雨積水，告訴營主，但他一直找理由說這營地就這樣。營地的釘子都打歪了還沒有垃圾桶，垃圾要自己帶去廁所丟，這些都是小事。晚上貓把我垃圾袋咬破，垃圾滿地，早上營主見到就很不客氣要我們快清理，我才剛發現被亂咬的垃圾，感覺很尷尬，就好像是我們亂丟垃圾一樣。還沒到中午營主就一直催促說怎麼收拾那麼久，我等你們有付營地費，時間還沒到，這到底是怎麼一回事？營主就可以收完錢，隨意改變時間？真心不推薦這個營地，雖然風景不錯，但營主態度差和營地問題，希望和我一樣注重開心露營的人不要來這裡花錢受氣。所以只給一顆星星，至少營地風景漂亮，這點認可。我們離開時拍攝留證明，沒有亂丟垃圾，這是戶外人應有的品格。,1,1,-1,492,,2023/05/06,0,負向
"1. 搭帳篷的時候釘子很難敲，很多釘子都敲壞了。
2. 只能到浴室才有垃圾桶可以丟垃圾。
3. 廁所除了當天打掃乾淨之外，之後就變得很髒，感覺沒有在維護，也沒有再補充衛生紙。
4. 排水系統很差，下暴雨時雨水都湧進帳篷裡，水沒有排出去。",2,1,-1,498,,2023/05/06,0,負向
原本準備參加萬聖節走秀，卻因突如其來的大雨使得原預定的活動變成一場摸蜊仔兼洗衣服的體驗。帳篷在雨中被淹，我家前後都有小河，讓我擔心我的家會漂浮在河上。帳篷積滿水，我試著像大禹挖水道一樣排水，但似乎沒有太大效果。這場雨雖然沒有北部暴雨那麼猛烈，但還是讓我們決定提前脫帳，以免深夜時一家老小驚醒。不過在這場雨之前的經驗都還算不錯，只是打營釘真的很困難（也許是因為我使用的工具不夠好，又或者我力氣不夠）。,2,1,-1,499,,2023/05/06,0,負向
雨天時排水不良導致積水，若想學習挖溝技能，可以趁著下雨天來練習！記得先在蝦皮買好鏟子。,1,1,-1,500,,2023/05/06,0,負向
營區的排水系統出了問題，導致水泥淹滿了帳篷內，無法再待在裡面。別人的營地都是乾爽的，這裡卻提前淹水了。看來露營時要備好鏟子。,1,1,-1,501,,2023/05/06,0,負向
上周六我們參加了一個親子露營活動，抵達印象尖石時天氣還算不錯，但下午四點開始下雨，不到半小時各區就開始積水。營地沒有良好的排水系統，導致帳篷淹水，活動也受影響。由於無法預測雨天積水問題，許多參加者紛紛撤離。付了一千五的營地費和活動費，卻只換來小朋友的不快和一場沒有準備周全的活動。,1,1,-1,502,,2023/05/06,0,負向
這個營地雖然停車方便是個優勢，但排水不良又沒有提供草墊保護真的是一大問題，梯田式地型下面的營區情況更為糟糕。這次遇到大雨，完全無法排水，雨下了3分鐘整個帳篷就淹水了，整個區域變成河流，露營者不得不自己挖溝來拯救帳篷。這次露營經驗讓大家當晚便撤營回家，非常糟糕的一次體驗。下雨天絕對不推薦這個營地。,1,1,-1,503,,2023/05/06,0,負向
建議避免在下雨天露營，因為地面不平整且容易積水，會導致帳篷內淹水。']],1,1,-1,504,,2023/05/06,0,負向
場地排水出了問題，會有嚴重的積水情況，報告了後卻無人理睬，只好自求多福。,1,1,-1,505,,2023/05/06,0,負向
茄苳D區排水不良、積水嚴重，第一次下雨因積水撤帳（後來整區的露友都提醒要撤帳），營地是草皮混有石頭的地面，底層石頭較大顆下釘困難，如果遇到雨天要多考慮一下。,1,1,-1,506,,2023/05/06,0,負向
營主應該積極解決排水不良、地面不平和未覆蓋草皮等問題，以避免地面積水情況發生。,1,1,-1,507,,2023/05/06,0,負向
我們是從4月30日到5月2日參加學校的露營活動，第一次自己帶登山野營帳篷。在搭建帳篷時，遇到很多小石頭，營釘不好插，向營區工作人員借鐵槌，詢問如何在充滿小石頭的草地上插營釘。有一位女生工作人員和一位男生（不確定是否老闆）告訴我們要試試其他位置。第二天爬山回來想洗熱水澡，但開水一開始有熱水，洗頭後再開水卻變成冰水（當時只有13度），所以在13度的天氣裡洗了個冷水澡。回到家後才發現雨傘忘在入口處的長凳上，打電話問時，有位男士接聽說營地沒有找到任何東西... 我覺得他們不想被打擾，以後有事還是不要找他們比較好XD 總結這次露營經驗不是很順利。,1,1,-1,517,,2023/05/06,0,負向
4/30的週末連假我和一群朋友在露營地待了三天兩夜。一開始抵達營地時，感覺整體環境還算不錯，浴廁也算清潔。後來遇到好幾次跳電、冷熱水不穩定的問題，但我們都沒有抱怨。不過最後一天中午12點營地管理人員才臨時打電話通知要求我們1點前必須離開，對此我們事前完全不知情，當時還在下大雨，只好盡量加快速度配合。大約12:40又有一位男性來冷漠地提醒我們，1點前必須離開，甚至有朋友被罵說離開太慢會把大門關起來。還有幾位朋友因為下雨原因臨時和管理人員租了帳篷，但因為我們也同時跟其他廠商租了篷，其他廠商會來收取，我們並不需要處理，因此有些朋友忽略了要收好帳篷歸還。後來離開一陣子接到營地打來的責罵電話，說不回去收就報警處理。朋友們為疏忽感到抱歉，立刻趕回去處理，但對於營地如此不友善的態度感到困惑。很多事情都是雙向的，遇到營地設施問題我們盡量忍耐，解決了就好；如果我們有疏忽，營地可以溝通告知，我們也都會盡力配合，完全沒有必要這麼刻薄惡劣。這本來是個不錯的露營地，可惜營地管理者的不友善態度讓我們將永遠不願再來。,1,1,-1,520,,2022/05/06,0,負向
冷熱水的溫度非常不穩定，只有極熱和極冷兩種選擇，且經常跳電。,1,1,-1,523,,2022/05/06,0,負向
老闆說話很嚴厲，停電、洗澡水溫不穩，前往服務中心詢問事情時遭到冷嘲熱諷，進入營地的路上還有落石，非常危險。,1,1,-1,524,,2022/05/06,0,負向
這段時間總是遇到一些困難，像是入住三天兩夜，卻總是洗冷水澡，讓小孩冷得發抖。還有老闆可能對待客人不太友好，甚至無法找到訂位的位置。整體服務態度不佳，讓人印象大打折扣。,1,1,-1,525,,2022/05/06,0,負向
浴室設施較不足，每個區域共用四間浴室及四間廁所，如要沐浴或早晨使用需等待；熱水供應不穩定，時冷時熱；經營者態度欠佳。,1,1,-1,529,,2022/05/06,0,負向
營地主人的態度十分惡劣，甚至表示要催促客人離開山上。,1,1,-1,530,,2022/05/06,0,負向
營地管理者的態度非常差，不建議去，甚至在車位有限的情況下還要求遊客下山，真是讓人不解。,1,1,-1,531,,2022/05/06,0,負向
去了三天兩夜跨年，熱水一直不夠穩定，向營地主反映後感覺沒有改善，回應也很冷淡。廁所雖然有清潔，但第一天就很髒。整體印象不佳，很可惜，每個區域都客滿。,1,1,-1,532,,2022/05/06,0,負向
場地的草皮規劃得很好，只是熱水洗澡供應不太穩定，8度時只能冷水洗澡，好冷喔！,2,1,-1,534,,2022/05/06,0,負向
這周我們去露營，租了一個帳篷和一個客廳帳，在客廳帳裡發現一頂不防水，漏水嚴重。下午四點我們請老闆來看，但工作人員直到晚上七點才來。他們先擦拭裡布並仔細檢查是否有破洞，檢查後他們表示沒有破洞就要離開了。我們強調這是因為防水處理失效，因為另一頂帳篷並沒有滲水的問題，要求更換。老闆卻一直堅持這是正常現象，強調客廳帳裡面本來就會滴水，態度強硬且輕蔑，完全忽略客戶的需求反應，執意維持立場，並表示錢難賺。看過以往的評論後發現，發現出問題時的處理方式和我們這次的經驗非常相似，讓人不禁懷疑老闆已經習慣這種態度。露營區雖然美麗，但當遇到問題時，讓人感到心累。,1,1,-1,538,,2022/05/06,0,負向
營地整理得不錯，但管理人員的服務態度很差。入住時發現冰箱已滿，結帳時提出要求冰箱分區，但被告知無法辦到，建議我們早些抵達。所有區域都沒有垃圾桶，需要自行處理，理由是人手不足，甚至問我有什麼建議。,1,1,-1,548,,2022/05/06,0,負向
露營地地面太硬難以釘植營帳，且位置可能不佳，導致夜晚到隔天撤營期間風勢強勁，幾乎把帳篷吹走，無法好好入睡。設施問題包括帳篷被風吹打發出巨大聲音、營主對位子問題的回應令人無奈，以及浴廁熱水不穩。總之，這次露營經驗並不美好，不建議朋友來此露營。,1,1,-1,554,,2021/05/06,0,負向
營區因為帳篷太多導致半夜斷電，直到早上9點多才恢復。廁所很髒，也有很多蜜蜂。,1,1,-1,561,,2021/05/06,0,負向
印象尖石真的不怎麼好，第一次去也是最後一次。地板堅硬得讓人打釘子都打到手軟，營地狹小，營主還不斷收費超標，排營地排得擠擁不堪，帳篷連成一片一直延伸到天際。連個合適的停車位都沒有，大家亂停亂搭，四個營區竟然還要共用一台冰箱和八間浴室。,1,1,-1,572,,2021/05/06,0,負向
洗澡時水溫不穩定，水桶也沒有，但至少還能裝水來幫小孩洗澡。可惜水溫不穩定，小孩還被燙到哭了。,1,1,-1,579,,2021/05/06,0,負向
營地的地面是礫石地，釘營釘很困難，風大的時候容易將營釘掀起，下次可能不會再去了。,1,1,-1,584,,2020/05/06,0,負向
事先約定好的位置，到達後卻發現已擺爛，感覺相當差勁。雖然在收費時有道歉，但接待的品質令人失望。浴室的花灑頭爆裂開來，水四處噴灑，不過孩子們喜歡的遊樂設施倒是相當棒。,1,1,-1,593,,2020/05/06,0,負向
營區是全部都是石頭，一般的釘子根本插不進去。晚上還沒熱水，洗澡洗到一半就冷死了。,1,1,-1,597,,2020/05/06,0,負向
車在抵達目的地之前遇到了一條無法通行的山路。,1,1,-1,624,,2019/05/06,0,負向
營區位於山區，季風稍強，易出現強烈風雨，營地負責人應該熟悉當地環境，提供必要的支援與建議。已經在這裡連續兩次的十一月晚上，營區被強風吹斷營柱，導致夜半驚險的逃離。,2,1,-1,765,,2017/11/21,0,負向
放鬆假日的好地方，欣賞夕陽的理想露營地。,1,1,-1,813,,2017/05/02,0,負向
這個露營地的管理規則嚴格，對卡拉OK有著明確的禁止。營地主管處理問題的態度也不積極，顯示管理不當。如果你在尋找品質優良的露營地，這個地方可能不是最好的選擇。,1,1,-1,1263,,2023/11/07,0,負向
雖然有公告禁止唱卡拉OK，但卻放任某些地方晚上唱超級走音的噪音，其他人當然會有疑問為什麼要遵守規則。,1,1,-1,1264,,2023/11/07,0,負向
在同一區露營的時候，營主人真的很好、很客氣。然而最後一天我們在收拾東西時，營主的員工與我們一起收拾，把我們的洗碗精和菜瓜布誤放到垃圾桶裡。一開始詢問員工時，他先否認沒有拿，直到我們找營主要求，員工才去垃圾桶找洗碗精給我們。大家正在忙於露營收拾，而員工卻還跟在後面收拾！有時候晚收不代表不需要。我們的延長線差點不見，不知道被收到哪裡，問員工時他們仍舊否認。只好請營主幫忙找，最後在營主的朋友露營區域找到。還好當場知道了什麼東西沒被收到，如果沒有察覺或者忘記，東西可能就會被帶走了。玩水區域附近的廁所和營本部附近總是聞得到濃濃的二手菸味，提醒帶小孩去玩水的家長要注意。另外，營主的朋友帶著狗去露營，狗主人真的很沒品，讓自家的狗亂拉大便在他人露營區，且沒有清理。我們還得忍受他們刺耳的音樂和喧囂的笑聲，一直到半夜十二點才安靜下來。,1,1,-1,1288,,2023/06/07,0,負向
水很有趣，但是在營區周圍一直聞到有人在抽菸，味道很難聞！,1,1,-1,1289,,2023/06/07,0,負向
在最後一天收拾行李時，營地雇用的員工和我們一起在營區收拾東西，我們還沒離開場地呢！很不合理！他們把我們的洗碗液和擦布都丟掉了；甚至連延長線也不放過，拔掉放在露營營主的朋友群旁邊。一開始問員工時，他們還直接否認拿走了東西，直到我們向營主求助才去回收桶找回洗碗液給我們，延長線也不承認！！大家正在忙著整理行李，員工竟然在後面收拾！有時候晚一點收拾并不代表不要，為什麼亂動別人的東西，沒水準，沒禮貌。在玩水區域附近廁所的營區，總是散發濃濃的煙味，要求每個人都去聞那煙味！營主的朋友帶著狗去露營，讓他們家的狗在別人營區亂拉大便，還不清理，沒道德！沒禮貌。這次真的很倒楣，和營主的朋友在同一區，不得不忍受他們難聽的歌聲和吵雜的尖叫聲，一直到12點～,1,1,-1,1290,,2023/06/07,0,負向
聽說新的營地負責人正在管理C區，試著調整了水溫。當打開車門時，馬上聞到一股濃烈的泥土腐爛味，讓人感到擔憂。在6月25日至26日，附近下了相當豪雨，大約下了100毫米的雨量。C區地面完全積水，並且無法流出，直接變成爛泥坑。每一步都可能踩到爛泥，拖鞋直接黏在泥巴上，小朋友們不斷地滑倒。營地負責人和老闆娘把全區的護草墊都搬到我們所在的小區，也就是第一次露營的地方，一共鋪了26片的護草墊。雨停後，我跑去檢查A、B、D區，發現完全沒有積水。只有C區的積水大約有5公分左右的深度。營地負責人答應我們將會改善情況，如果真的改善了，我會再給予5顆星的評價。,2,1,-1,1348,,2023/05/07,0,負向
這種熱水忽冷忽熱、熱水只有10秒再冷水一分鐘的淋浴真是太痛苦了，而且還有用過的衛生棉黏在一起，真的很不方便啊！需要好好整理一下。,1,1,-1,1379,,2022/05/07,0,負向
重要的不是錢的問題，而是我租的地方。廁所沒有收拾好，牆上還黏著女生用過的衛生棉，其中一間沒熱水，另一間熱水無法調節溫度。,1,1,-1,1381,,2022/05/07,0,負向
網友說的情況真的很糟糕！環境髒亂，有很多蒼蠅和不明昆蟲，下山後多人皮膚出現敏感和蚊蟲叮咬起水泡。水壓不穩，容易燙傷或感到冷，整個營區就像一個冰箱，四個帳篷包場只有一間廁所，而且廁所裡沒有衛生紙。真的不推薦這個地方，有帶小孩的家庭完全不需要考慮前往。,1,1,-1,1384,,2022/05/07,0,負向
我們去露營七八年了，這次遇到的營區居然蒼蠅超多，白天飛來飛去，晚上則是小蟲亂竄，廁所也沒有衛生紙，熱水要小心燙，調整溫度卻始終難以如願。看了評論才知道，這些問題一直沒有改善。我們被排在D區，空間擁擠，孩子們幾乎沒有地方可以奔跑，更讓人訝異的是，四個營區只有一間廁所和一間浴室。總之，這個營地真的不推薦。,2,1,-1,1385,,2022/05/07,0,負向
環境很髒亂，有很多蒼蠅，三天兩夜沒有定時整理清潔。,1,1,-1,1386,,2022/05/07,0,負向
總結來說，營地的設施與衛生狀況有待加強，包括缺乏衛生紙、斷電不給開燈、水槽沒有清潔、沒有照明、沒有廚餘桶、浴室積水、熱水問題、生態池異味、帳篷擁擠等。也提到有朋友陪同才能稍微緩和情況，否則可能會影響旅行的快樂心情。,1,1,-1,1390,,2021/05/07,0,負向
根據您的描述，宿營地點未提供宣稱的衛生紙和沐浴乳，廁所缺乏衛生紙而沐浴乳未知是否有補充。洗澡時水溫幾乎是冷的，另外3天2夜的露營中缺乏清潔浴廁和垃圾桶。並出現了少量蟑螂和蒼蠅。總結來說，這是一個令人遺憾的營地，雖然硬體設備尚算不錯。,2,1,-1,1391,,2021/05/07,0,負向
總括一下，這個露營地的服務態度不佳、廁所沒有衛生紙且有異味、草皮沒有處理、燈光不夠，總體來說並不推薦給大家。,1,1,-1,1392,,2021/05/07,0,負向
抵達最糟糕的營區後發現許多問題，洗手槽沒有清潔乾淨，草地上堆滿了上一批人留下的殘渣，TOP區的草也沒有修剪或照顧，即使事先打電話詢問TOP區有沒有獨立冰箱，營主告知有，但到了現場才發現只有在營地正中心，距離相當遙遠。營區裡有許多會飛的小蟑螂（甚至還有大隻的），我們在此露營兩晚都沒有清過廁所，也沒有提供衛生紙，只有在繳費時才見到營主出現，朋友因為是新手，所以帳篷和睡袋都是直接從營區租借的，但當打開後發現全都濕了。反應給營主後雖然有換給我們新的，但這是個非常糟糕的經驗。,1,1,-1,1393,,2021/05/07,0,負向
生態環境良好，但水域清潔不佳，河底堆滿了樹枝、樹葉、昆蟲屍體和泥沙⋯⋯ 廁所兩天都沒有人清潔，垃圾滿到地上，浴室只能用冷水洗（不僅我遇到，其他露營者也有同樣經驗）。只有在收費時才會看到工作人員，其他時間都看不到人。午後雷陣雨後積水無法排走。,1,1,-1,1395,,2021/05/07,0,負向
室外正在下大雨，廁所裡則是有點漏水，導致營區積水嚴重。,1,1,-1,1396,,2021/05/07,0,負向
衛生紙不足、戲水區缺乏清潔。營區空間狹小，缺乏護草墊，且出現許多小蟑螂。,1,1,-1,1397,,2021/05/07,0,負向
"晚上去了沒有人接待的地方，廁所沒有補充衛生紙，到處都是蟲，馬桶還堵塞，洗澡間水溫時冷時熱，好在天氣熱……兩天兩夜都沒有人來清潔廁所，只是放了一些衛生紙，甚至沒有問候……最重要的是，之前說好要有的飄飄河呢？場地不大沒關係，草地不厚實並帶有泥巴也沒關係，螞蟻到處亂爬也沒關係，但飄飄河滿是青苔和樹葉，根本沒有整理，說好的水源不足……這樣怎麼能玩呢？我們不是客人嗎？即使像洗腳水一樣髒，對孩子們來說還是一大期待，否則還可以提前準備其他活動啊……就差沒有穿泳衣、拿水槍和泳圈，就在旁邊""玩手機""了……",1,1,-1,1398,,2020/05/07,0,負向
露營區很擁擠，除了水上活動，沒有太多草地空間供小朋友玩耍。,2,1,-1,1403,,2020/05/07,0,負向
與靠近的土牧驛相比，這裡經營不夠用心。露營區的浴室熱水不太穩定，水道長滿了青苔，還有許多小蟑螂（在其他山區營地很少看到，幾乎沒有），水槽也必須要求營主來清潔。很可惜在經過比較後，這個好地方沒有好好維護。營地本部還聽到營主自豪地告訴遊客本周滿房，希望他們努力保持好品質。,2,1,-1,1416,,2020/05/07,0,負向
營位位置在馬路邊，有點小。建議每個帳篷前都設置流理台會比較方便，因為共用的洗手間有點遠。營地水池建議保持清潔。另外，提供飲水機、過濾系統、脫水機、以及好品質的洗髮精和沐浴乳是很棒的服務！,2,1,-1,1417,,2020/05/07,0,負向
露營區域的氣味很令人討厭，要特別注意小孩在玩水的時候。那些帶狗去露營卻不收拾狗大便的人也讓人生氣。此外，他們還會帶來吵雜的音樂和尖叫聲，讓人難以忍受。雖然我們可以忍受一些，但是丟東西這種行為實在讓人困擾。,1,1,-1,1440,,2023/05/15,0,負向
在露營地和營主朋友同區營了一晚，營主很好客很有禮貌。不過到了最後一天我們整理行李時，營地工作人員也協助我們，卻誤將我們的洗碗精和洗碗布丟進垃圾桶。一開始問工作人員時，他們否認有拿，直到我們找營主求助後，工作人員才檢回洗碗精給我們。大家都很忙著整理行李離開，而工作人員卻緊追在後收拾！有時候收拾比較晚並不代表放棄。我們差點弄丟了一條延長線，不知道被收去哪了，問工作人員他們都說沒有，我們束手無策只好請營主幫忙，最後在共用空間找到。幸好當場知道有什麼不見的東西，不然可能就被遺忘或拿走了⋯⋯,1,1,-1,1441,,2023/05/15,0,負向
浴廁很骯髒，在這個營地有很多蟑螂。,2,1,-1,1474,,2020/08/21,0,負向
覺得管理不夠細心，連廁所都沒有清潔。,2,1,-1,1477,,2020/05/07,0,負向
提升水槽清潔和草坪護理。,2,1,-1,1483,,2019/09/09,0,負向
"1. 如果露營地的衛浴空間太小，可以考慮使用自帶的洗漱用具，在帳篷內或是適當的空間幫小朋友盥洗。

2. 如果露營區沒有護草墊，下過雨的地面變成爛泥巴，可以將裝備放在高處，比如用一些大塑膠袋子垫在地上再放置裝備，避免接觸到濕泥巴。

3. 洗手台較少確實有點不方便！

4. 如果廁所太骯髒，建議可以事先攜帶一些衛生紙、濕紙巾等個人衛生用品。",1,1,-1,1519,,2024/04/23,0,負向
"1. 我透過露營樂系統訂了D區碎石區1號帳篷，系統顯示該區只有3個帳篷，下午2點到達現場後，發現已經有3個帳篷，而我是第4個。向營主詢問是否真的只有3個帳篷時，營主回覆是有4個帳篷。當初選擇D區是因為看到只有3個帳篷比較寬敞，沒想到營區超收，造成空間狹窄。隔壁露友的兩個小孩一直在我帳篷附近玩拋接球，導致空間不足。我很在意空間，感到有些被欺騙的感覺。（照片中可以看到4個帳篷）
2. 再來是洗手間，衛生紙堆滿了，看起來有點不舒服。不過倒是有穩定的熱水可以洗澡。
3. 碎石區沒有鋪設護草墊，對帳篷底布造成損害，已住過的其他營地都有提供。
4. 飲水機水流量很小，大概比滴水還快一點而已。
5. 傍晚蚊蟲有點多，前面的露友提到的驅蚊線香也沒看到。
6. 營區垃圾桶只有少數幾個地方，沒有廚餘回收桶，對北部來的露友來說相對不太習慣。",2,1,-1,1533,,2023/05/07,0,負向
事前已經安排好，但到達現場後改變主意不再執行！雖然表示可以等待，最終卻放棄，要求我們前往灰塵滿布的露營區？處處問題、被蚊蟲圍困，環境混亂骯髒！,1,1,-1,1542,,2022/05/07,0,負向
小黑很可愛、非常有趣...,1,1,-1,1547,,2022/05/07,0,負向
沙坑球池讓小孩非常開心玩，熱水溫度足夠，水量也很大。建議老闆在沙坑周圍設置沙圍會更好，否則離沙坑很近的地方風吹容易吹進帳篷地墊。此次在C區後面有一條死水溝，小黑蚊多到爆炸，建議處理一下水溝；整體露營感覺不錯！希望露營者玩仙女棒後能丟掉廢棄物，否則在營區非常危險。老闆的後續整理行動可能需要更加細心，小孩差點遇到危險了。,2,1,-1,1585,,2019/05/07,0,負向
總體來說，我覺得露營區的地點不錯，草皮保養得很好，風景也相當美麗。但最大的問題是晚上11點後，管理單位完全不控制音量，這絕對讓人吵得無法入眠。我強烈建議管理單位能夠採取行動，提升露營品質，吸引更多優質露營者。另外，離下山購物點不遠，大約只需15分鐘路程就有一間全家便利商店。此外，露營地點也有餐廳，整體來說是個不錯的地方。,2,1,-1,1746,,2024/04/16,0,負向
總體而言，這個營地環境相當優美且整潔，營主也非常親切，很貼心地借給我們燈串。唯一讓人無法忍受的問題是狗大便的處理不潔，尤其當有四隻大狗在營地上拉屎後，卻沒有及時清理。希望營主能重視這個問題，以免造成其他露營者的困擾。,1,1,-1,1756,,2023/06/07,0,負向
這個週末我們在該區露營，硬體設施和景觀都很不錯。但是帳篷區附近的草地經常可以看到狗大便。第一天入住時，我的兩個朋友就不小心踩到了帳篷旁的大便，導致晚餐吃得不太舒服。第二天早上，朋友發現有人遛狗的小女孩，告訴她應該清理狗便，但她並沒有處理。只好告知管理營地的人，但最後當我們結帳時，那位小女孩又帶了幾條狗來到我們帳篷附近，其中一隻大黑狗跑到草地上拉了三泡大便，而小女孩卻裝作什麼都沒發生就走掉了。雖然在露營時與大自然共處是重要的，狗拉大便也無可避免，但管理營地的人應該至少保持旅客住宿環境的清潔吧？,1,1,-1,1757,,2023/06/07,0,負向
"優點：這個露營地距離三義市區很近，開車只需要15-20分鐘。

缺點：1. 這個露營地位於山路旁，早上和半夜會有人來跑山，真的很吵。2. 整個營區約有5-6層高，有30-40個露營區域，只有入口處的露營本部有冰箱。夏天帶食物的話很不方便。3. 有些露營區域太短或太窄，搭帳篷後再放客廳天幕以及通行都很不方便。建議營主不要為了賺錢而將露營地擠得太擁擠。4. 營主種了橘子樹，但如果沒有人來露營，為什麼不在一到五號修剪樹枝，非要在週六日修剪，機油煙味和噪音真的很困擾。",1,1,-1,1772,,2023/05/07,0,負向
這裡原本是個親切舒適的休閒場所，但隨著野心越來越大，忘記了當初吸引人的因素。入場收100元，雖不多，卻漸漸疏遠了和遊客的距離。,2,1,-1,1773,,2023/05/07,0,負向
這裡有很多蟲子，水溫忽冷忽熱，營區裡有很多隻狗一直在叫，廁所較少需要排隊。,2,1,-1,1778,,2023/05/07,0,負向
我們這次露營選擇了第九區，那裡的環境十分優美，營區管理得井然有序。營區的主人和家人都非常友善，待人親切。不過周遭生態豐富，各種昆蟲很多，甚至會有藍鵲尾巴掃過。許多飛行的小昆蟲、蚱蜢在草地間活動，草皮高度也頗為蓬勃生長。建議在洗手台加裝額外照明，因為清晨會聽到工地施工聲，以及昆蟲、鳥類、狗叫聲。而對於睡眠品質較差的人，可能需要戴耳塞。使用吹風機時電壓不穩，會有閃爍情況，也建議攜帶長一些的延長線。這些是純屬個人經驗，對於怕蟲的人可能不太建議此處。總結環境美麗和營主親切，給予兩顆星評價。,2,1,-1,1781,,2023/05/07,0,負向
草坪雖然長得茂盛，但排水系統很差，所以充滿泥濘！戶外本來就有很多昆蟲在飛來跳去，但若一直有蟑螂在桌上爬下爬上，這實在太過分了！飼養狗的話要好好照顧，如果對著客人咆哮、狂叫，若有小孩驚嚇而跌倒受傷，該怎麼辦？這樣的經驗一次已經足夠了，謝謝。,1,1,-1,1782,,2023/05/07,0,負向
這個營地的花草維護得很好，我們租的營地卻沒有木棧板。下了一場非常大的雨後，整個營地都變得泥濘，帳篷區也淹在泥水裡⋯24小時內腳底始終濕著⋯更可怕的是處處都是飛行小蟑螂，它們在內外帳上爬來爬去，帳篷也因此被泥水毀損⋯儘管環境植物相當美麗，但由於沒有其他服務，只有開放大門收費後讓我們進場，因此只能給場主2顆星。泥濘環境-2顆星，小蟑螂問題-2顆星，租賃費用-0.5顆星（雖然在這樣的天氣與環境下，700～800元還算適中，但1000元就沒有那麼划算）。總結來說，如果下雨，不建議前往；如果無法租到木棧板區，也會有很多蟑螂，同樣不推薦。總體評分1.5顆星（以上僅為個人經驗，與營地營業者無關）。,2,1,-1,1783,,2023/05/07,0,負向
不建議選擇這間住宿，因為老闆態度不友善。如果你有寵物，應該提前打電話詢問是否可以帶寵物入住，免得後來被要求支付額外費用。而且浴室和廁所都很髒亂，水龍頭還有時冷有時熱，洗澡時還能聞到廁所的異味。總之，這間住宿真的很不推薦。,1,1,-1,1786,,2022/05/07,0,負向
蚊子好多啊！而且營區提供的冰箱味道怪怪的，冷度也不夠，保冷磚放了一晚上還沒結冰。,2,1,-1,1788,,2022/05/07,0,負向
整體來說環境不錯，沒有什麼可以挑剔的地方。設施齊全，不過唯一讓人不能接受的是在2021/11/20露營時，有一區超過晚上10點後還在放音樂、喧囂不安靜，即使向老闆投訴，只回應說若有反應可以請他們小聲一點，結果持續到23:30。這造成了睡眠困擾，若不是這個問題的話，整體經驗可以給予四顆星的評價。,2,1,-1,1795,,2022/05/07,0,負向
"營地主人太熱情了！他會帶著狗來""關心大家""，同時也讓狗狗方便一下。（或許是為了了解人數和帳篷數）",1,1,-1,1798,,2022/05/07,0,負向
營地的環境很好，營主也很親切，只是晚上蟑螂太多了，有些甚至會飛。此外，蚱蜢和鵝等也出現了，晚上不僅需要不斷接受抓蟑螂的挑戰，真的相當困擾。原先美好的氣氛也因此變得很糟，希望可以解決這個問題。,2,1,-1,1820,,2021/05/07,0,負向
營區環境很好，有青草茶可以喝，草地翠綠很美麗，晚上有漂亮星星可看！不過這幾天有很多小蟑螂飛來飛去，讓人有些困擾，尤其害怕蟑螂的朋友們不能很放鬆，我們也得特別留意食物和餐具；各營區之間距離較近，音樂和交談聲都較明顯，需要考慮不打擾到別人；底下營區偶爾有刺鼻的廁所味道飄上來，但不常且無需告知營主。開車很輕鬆，冰箱也夠大，滿足大部分露營者需求，但需額外考慮蟑螂和隱私問題。,2,1,-1,1821,,2021/05/07,0,負向
在這個營地三號區，營主非常熱情親切，但是有太多會飛的蟑螂讓我困擾。而且下面那區的廁所臭味很重，衛浴間也稍微不足，燈光昏暗，蟲蟲很多。營區小，與其他帳篷很近。怕蟑螂的人要慎重考慮，但如果不怕蟲的話，這個營地還算不錯。我太怕蟑螂又會飛，這次露營無法放鬆一直處於警戒狀態，所以只能給一顆星⋯⋯,1,1,-1,1822,,2021/05/07,0,負向
為什麼找露營的朋友聚會時還需要付費？,1,1,-1,1837,,2020/05/07,0,負向
老闆為了不得罪露營客，卻要求我們勉強接受多收的費用。在跨年前一星期告知我們區域多一個包區，雖然老闆堅持要收取費用，我們也接受了。然而，結果是，在跨年連假期間，卻強行安排了三位陌生人進入我們的包區，他們聲稱也是預訂了我們包區的範圍。一直以來都說是訂位app系統的錯，但事後查證才發現是營地主未確認那三位的身份就任意讓他們進入我們的區域。這樣的處理讓我們感到相當委屈與不舒服。,2,1,-1,1867,,2018/05/07,0,負向
草坪維護良好、浴廁乾淨並有充足熱水，營主也友善，而且提供自煮飲料給露營者。即使燈條故障，也免費提供燈泡。然而，一個令人困擾的問題是狗屎太多。屬於營主的四隻狗，第一天不知道是誰的狗，第二天才發現是營主的狗，但兩個小妹妹卻讓狗在旁邊大便，並對此視而不見。這種情況讓人難以接受，即使營區再美好，一旦狗屎問題出現，美好的印象也會被打破，希望營主能重視此問題。,2,1,-1,1887,,2023/05/19,0,負向
這個地方曾經是我們同學每年聚會的好地方，但隨著生意越來越興隆，老板似乎忽略了初衷，對顧客服務漠不關心。連基本的檢視都沒有，民宿和浴室的瓦斯檢查也被忽略。二十多年來的露營，第一次遇到沒熱水的情況（儘管後來有處理），忘卻了最初熱情的服務態度才是我們再次光臨的原因。現在只在乎收錢，甚至當面詢問兒子是否有收到。如果缺乏信任，我們建議盡早結束營業，守在自己的小天地裡，避免被欺騙。我們不是挑剔的顧客，直言不諱，只是覺得可惜這個曾經如此溫馨的露營區現在變得這麼冷漠。不管他們是否理會，現在有很多其他地方可以露營住宿，缺乏熱情的地方，我們不值得再花錢支持。,2,1,-1,1892,,2022/11/22,0,負向
浴室的水龍頭溫度時冷時熱。建議禁止養寵物，或者可以帶，但不需收費。,2,1,-1,1905,,2022/04/18,0,負向
營地主人讓他的狗亂叫，晚上造成睡眠困擾。雖然可以帶寵物，但要收取一隻300元的清潔費，這個價格讓人難以接受。山上十分冷，但浴室的水龍頭卻時冷時熱，讓人差點感冒。廁所和浴室有點髒亂，希望營地的主人能改進。,2,1,-1,1906,,2022/04/18,0,負向
半山腰的景色雖然美，但卻因為缺乏精心規劃失去了美感。到達營區後，發現不是每個營位都有草地保護墊，管理人員說大部分都已經損壞丟棄，要我們到其他地方尋找。雜草叢生，地面布滿碎石，下了點小雨就變成爛泥巴，幸好雨不大，否則可能淹水。晚上洗澡時沒有熱水，水壓不足，忽冷忽熱。連假期間滿滿的營區，廁所沒有定時清潔，垃圾桶滿溢，散發出濃重的尿味。只有一處地方有垃圾桶，需要走一段路才能找到，非常不方便。退營當天中午12點要離開時，已經沒有供應的水，浴室的水已被停掉，感覺相當不滿意。營位停車場沒有管理，車子亂停，整個營區給人像難民營般擁擠的感覺。,1,1,-1,2171,,2024/01/07,0,負向
風扇很多，但吹風機只有一台。,1,1,-1,2172,,2023/11/07,0,負向
這間露營區的服務相當不周到，因為他們要求遊客在12:00前離開，10:30就已經提醒遊客，甚至11:46還沒完成收拾就關掉水電及冰箱，造成了非常不良的體驗。,1,1,-1,2173,,2023/05/07,0,負向
隔壁的噪音真的很吵，讓大家都無法入睡。,2,1,-1,2174,,2023/05/07,0,負向
原訂計畫是分開預定五個區域，但因不同時間抵達，管理人員將我們安排到別人預定的營位上。由於錯誤認為是同伴預定的，我們展開搭天幕，卻遭逢大雨，最後才被告知我們應該在不同區域。令人無奈搬移，途中下著傾盆大雨，是我們有史以來最糟糕的露營經驗。優點是浴室寬敞、熱水迅速且熱度足，缺點則是前往露營區的道路不易行駛，路上充滿倒下的樹木和損壞的棧板，排水不良也導致帳篷進水，氣墊床也被淋濕。,1,1,-1,2177,,2023/05/07,0,負向
露營地的風景很美，空間也很寬敞。我們選擇了五月底去比較高處的G區，以免天氣太熱。然而，廁所的環境並不是很乾淨，而且在晚上九點左右想洗澡時，浴室的水根本沒有流出來，我們只好自己調整。洗完澡後，吹風機也沒電，洗手台的水龍頭也沒水。此外，大蚊子和飛蟲非常多，我甚至被蟲叮到眼睛腫起，不得不去急診。起初，營地的負責人主動聯絡了保險事宜，讓我們感到很感激。然而後續的聯繫就沒有了，讓我們感到有些失望。總的來說，這次的營地體驗並不是很愉快。,1,1,-1,2179,,2023/05/07,0,負向
"環境：美景，但棧板小，只適合300人

浴廁：不乾淨，3月蟲蛾多，每間都有垃圾，磁磚地面，水壓弱，水溫不穩，排水不良，椅子、水桶有霉斑

注意事項：
1. 水槽附近沒垃圾桶，不方便
2. 週日離開時，水會流到C區
3. 營位多在道路旁",2,1,-1,2181,,2022/05/07,0,負向
"1. 上山的路沒有整理好，長滿了枯枝和雜草，很難開。 
2. 營區的設施（熱水、電力）無法應付連續假期人潮的需求。
3. 電壓不穩，時常跳電且燈光閃爍，無法正常使用。建議準備額外的充電式LED燈。
4. 熱水非常波動，開了20分鐘的冷水後又變成滾燙，然後又變成冰的。建議在中午洗澡或者事先在外頭洗。
5. 營區的道路在雨天變得泥濘又充滿坑洞，走到營地或拿東西時腳容易又濕又髒，很不方便。建議穿上靴子。
6. 雖然營地風景優美，但可能營主經營不用心。或許考慮去別的營地。",1,1,-1,2184,,2022/05/07,0,負向
這個地方實在不怎麼樣，蒼蠅多到像非洲一樣，洗澡水要麼熱得燙，要麼冷得發寒，滑草來的根本是滑心酸的感覺，游泳池的水髒得跟去年的一樣，垃圾居然都集中在帳篷附近，整個環境除了糟糕別無長處。總之真的很差，就連一顆星都嫌多。,1,1,-1,2185,,2022/05/07,0,負向
訊號很差，還有一些人以為自己唱歌很好聽，一直唱得又難聽又吵，不要來了，否則你會後悔一生。,1,1,-1,2186,,2022/05/07,0,負向
這露營區的山路十分危險，進出露營區的路段狹窄，長滿雜草，幾乎無法雙車同行。路旁樹枝不停地刮著車子，若遇到對向車輛就像是在獨木橋上與他人博弈，車輛受損風險極高，除非你是高超的開車技術者。,1,1,-1,2189,,2021/05/07,0,負向
廁所乾淨度不足，只有4間大浴室，但熱水時冷時熱，且電力供應不穩定。燈光微弱，管理員表示連接許多電器會造成能量不足，推測該區域延長線有問題。營地排水不良，小雨後積水嚴重，需注意洗淨鞋子。,1,1,-1,2194,,2021/05/07,0,負向
廁所一直沒有清潔，到了晚上就變得很骯髒，垃圾桶都滿了；洗澡時沒有熱水；而且從週日（2020/09/20）早上開始，營區裡的水槽都沒水了。,1,1,-1,2198,,2021/05/07,0,負向
G區的冰箱冷凍溫度被設定成冷藏，而冷藏溫度卻是室溫，當蛋撻被放進去冰箱時，居然有螞蟻慢慢爬到食材上。園區被告知後，回應說冰箱沒問題，因為它們僅提供額外的設備。每個區域的間隔也很小，冰箱還經常跳電。雖然有可能忘記拿食材並將其丟掉，但當天沒有回覆，第二天打電話過去接通後才告知所有東西都已經丟掉。然後又改口說他們沒有看到，提醒要前往的人要三思。這樣處理問題的方式讓整個旅遊的心情都大受影響。,1,1,-1,2203,,2021/05/07,0,負向
這個露營區的廁所清潔度有待提升，冰箱也有發霉的問題，看起來還沒有完善的設施。在規劃完整之前，可能不太適合開放收費。,1,1,-1,2211,,2020/05/07,0,負向
請在洗手台的排水口裝上過濾器。,1,1,-1,2216,,2020/05/07,0,負向
這次露營經驗真的令人感到失望。場地規劃過於擁擠，收費過高，導致停車困難。除了大草原之外，帳篷周圍缺乏活動空間。浴廁整潔度有待改善，洗澡水壓不穩，馬桶常塞住。泳池只有第一天開放，第二天就說水量不足，讓孩子們很失望。電壓也不穩，三天兩夜跳電三次，讓人頗為困擾。大草原是孩子活動的好地方，但滑草處有安全隱患。景觀僅限第一排，後面只見擠滿的車輛和人群。冷藏冰箱壞掉，只有冷凍櫃，存放環境差且管理混亂。總而言之，這次露營營地管理不善，帳數控管失宜，全程令人扼腕。,1,1,-1,2224,,2020/05/07,0,負向
在G區的碎石區遇到下雨，最無法接受的是當天晚上跳電三次，之後兩個淋浴間的水都調不熱，只有溫水可用。當天溫度應該在15度以下，再加上下雨，感覺很不舒服，顧不到客人的需求。此外，水槽距離衛浴遠，下雨時清洗東西很不方便。我露營多次，也碰過冷雨天，但這次真的是最糟糕的一次，前所未有。,1,1,-1,2238,,2019/05/07,0,負向
這個地方設施較為簡陋，電源和衛浴設備有些不足，營位旁缺乏水槽，需要到廁所旁集中使用。下雨天洗臉刷牙需要帶傘，也沒有遮雨棚，讓人有點失望。,2,1,-1,2259,,2018/05/07,0,負向
營區的上山路況非常差，極為危險，無法讓車輛相遇。建議營區主辦方應該限制上山和下山的時間。因為山路狹窄且路況惡劣，無法讓車輛交錯通行。露營裝備眾多，再加上孩子，確實存在很大的危險。營區主辦方似乎未考慮到安全議題，我強烈建議不要前往。,2,1,-1,2291,,2021/05/02,0,負向
因誠信原因，我們特地挑選了F區，但因為其他客人的關係，被迫調至C區。對於第一次來訪的客人來說，不熟悉這個營區的地理位置，並且不知道自己已經超出了原本預訂的區域，直到看了區域位置圖才了解。對於原本營區劃分的意義也不清楚，看起來需要提前與營長溝通。,2,1,-1,2362,,2018/05/07,0,負向
這個地方的位置比較偏僻，吃飯和購物都不是很方便。可以考慮解決的方案包括：1.販賣一些食物；2.增加一些員工幫忙；3.管理住宿者的素質，避免大聲喧嘩，尤其在晚上12點後；4.檢討價格過高的問題。,2,1,-1,2400,,2017/08/29,0,負向
沒有機會去。訂位後接到電話，要求協助讓位給比原先預定的團隊更多人、更長的時間，感到相當不舒服。表達不滿後才同意取消訂位，熱情瞬間熄滅。,2,1,-1,2561,,2019/05/07,0,負向
這地方需要改進。營區裡有很多螞蟻和爬蟲，廁所裡有許多小蟲，並且沒有提供衛生紙，洗手台在晚上沒有燈光。,2,1,-1,2576,,2023/10/09,0,負向
最近地震頻繁且有豪雨，造成我和家人擔心到山上可能遇到落石。希望營區能提供解決方案，但收到的答案讓我感到困惑。他們只願意延期半年或退還四成費用。和朋友的營地取消時，只需支付200元手續費，相較之下，梅花梯田的處理方式顯得不太公平。政府也呼籲民眾避免這段時間自行上山以避險。原本希望在螢火蟲季去那裡看螢火蟲，雖然營區表示可以延期半年，但半年內非螢火蟲季，我們也不想等到隔年的季節去，只好自行承擔六成費用。當天取消30人的預定，只退回了25人的費用，難道只有我們有這樣的問題嗎？其他營區沒有災情報告，但收取的手續費也比梅花梯田少。,1,1,-1,2715,,2024/04/30,0,負向
園區整體還算乾淨，包括廁所也維護得不錯。唯一的遺憾是，我們的營位（G區）距離衛浴設施和冰箱都很遠，若想使用冰箱便需要來回跑好幾趟，有些辛苦。此外，G區僅有一間蹲式廁所，對於小孩可能不太方便，曾經發生小孩無法使用廁所的情況，只好隨地大小便。而山區有較多的蟲蟲也算是正常，但有一種不明螞蟻會咬人，回到帳篷後腳上出現三、四個包塊，且伴隨刺痛感。雖然我們多次露營，卻第一次遇到限制帳篷只能睡四人的規定，超過人數需額外支付費用，而且費用沒有年齡分別，只要超過四人就要繳費。,1,1,-1,2717,,2024/04/07,0,負向
除了草地以外，CP值不算很高，護草墊區旁邊種有帶刺的植物，讓人感到不方便也不安全。此外，營地旁邊有枯腐的植物，產生些許小蟲和一些異味。而營地附近有個小水池，讓小孩拍照還蠻不錯的。,1,1,-1,2749,,2023/05/07,0,負向
進出道路有高低落差，因此駕駛低底盤車輛時需格外小心。總共有六間衛浴共用七個區域，每組十張帳以上需共用兩間衛浴。為避免干擾其他露營者，洗澡時間有一定限制，人數眾多或手機無訊號可能造成聯絡不便。,2,1,-1,2775,,2022/05/07,0,負向
第一次造訪這個露營地，包了A區和B區的露營位，整理得差不多了。首先要提到營地的位置比較隱蔽，需要心理準備，而且路況不太好開。露營位的規劃有點可惜，必須先停車在外部的停車場，然後再搬運露營用品進去。如果露營位在最裡面，要拖著行李走很遠才能搭建帳篷，感覺有點費力不討好。此外，營地訊號不好，提供的WiFi連不上，不知道是環境的問題嗎？另外，衛浴設備很不足，第一是有時間限制（早上7:30-11:00），如果一個帳篷住五個人，營區總共有30個營位，總共150人，但只有六個衛浴，平均一個衛浴要25人分享，每個人平均要洗30分鐘，總共需要750分鐘，也就是12.5小時，覺得時間有點緊湊⋯。第二點是ABC三區共用一個廁所，ABC三區總共有14個帳篷，廁所真的壓力山大。此外，洗手台的燈晚上10點就關掉了，只能摸黑洗碗了。總結來說，感覺不太會再來第二次，總結不會二訪。,1,1,-1,2776,,2022/05/07,0,負向
營區裡只有一個冰箱，根本沒有地方給大家放東西，準備好的德式香腸整包不見了。這個營區完全沒有管理，早上起來心情就不好了。不想吃了，打包辦理結帳回山下吃好的，以後可能就不會再來了。,1,1,-1,2778,,2022/05/07,0,負向
草地的草太長了，已經長到超過黑色地墊，蚊蟲很正常，但蒼蠅這麼多就很不尋常。在露營中第一次遇到這麼多蒼蠅，從早上八點就被蒼蠅吵醒，整天都黏滿了五張紙，就算用電風扇吹也無法驅散它們，整群整群的，直到晚上六點才消失不見。浴室很寬敞，水池也還不錯，只是蒼蠅實在太多，真是令人驚訝。,2,1,-1,2803,,2021/05/07,0,負向
這裡收拾得有些亂，連中央走道都擺了帳篷。,1,1,-1,2822,,2020/05/07,0,負向
總括來說，空氣很好，但霧很大，不建議夜間前往露營。營主很客氣，但營地的規定較多，且浴室的水壓和水溫不穩定，可能會洗到一半變成冷水。營主夫人當天心情可能不好，一直臉色不佳。周日要收費，但隔日才提醒超過時間要罰錢。建議您提到停車和篝火問題，希望營區可以有所改善。對於浴室，我使用的是第一間浴室，其他網友也有類似問題。建議應該修改規定，設定一些緩衝時間，例如離場時間是下午兩點，超過三點才開始罰款。而且，罰款可能不會給露營者好的印象，並且不確定是否合法。只有執法機關才能處罰。這些只是一些建議，希望貴營區可以改進。感謝您的回覆！,2,1,-1,2828,,2019/05/07,0,負向
進入營地的山路太窄，不建議車輛前來，路況不穩，洗澡時水溫會忽冷忽熱，讓人感到不舒服。,1,1,-1,2829,,2019/05/07,0,負向
不建議駕駛車況不佳的車輛前往這條危險的山路，因為山路陡峭，不適合在夜晚前往。總體而言，營地的規定相當嚴格，但廁所非常乾淨且設備完善，還提供冰箱供使用。,2,1,-1,2836,,2019/05/07,0,負向
身為一個助理，由於我無法查看圖片，請您用文字描述圖中的內容或提出更具體的問題，我會盡力回答。,1,1,-1,2837,,2019/05/07,0,負向
營地裡的蟲蟲實在是太多了，不只廁所和浴室，整個營區都是蟲蟲和蛾蟲，非常讓人困擾！洗澡的過程簡直是一場噩夢，蟲蟲們到處飛來飛去，甚至還會停在身上。而冰箱則相當遙遠，更讓人吃驚的是裡面也有蟲！整個營區只有一台冰箱供大家共用，衛生情況相當糟糕。,1,1,-1,2987,,2022/05/07,0,負向
雨天積水和泥濘確實令人擔憂，我們搭帳篷時幾乎沒遇到下雨。但一旦開始下雨，水就會湧進帳篷裡，無法排出去，讓整個帳篷淹水。,1,1,-1,2992,,2022/05/07,0,負向
這個營地好像有很多吵鬧的人，可能容易吸引到這類群體，或者可能有人在這裡縱容吵鬧。不管是半夜1-2點還是星期六，他們還在大聲唱卡拉OK，搞得整個山頭都哀嚎。我一次在凌晨兩三點，聽到一群人在那邊大聲聊天，甚至可以遠遠聽到有人在叫他們的狗回來，還有狗亂吠。我沒有太多去白蘭露營的經驗，但每次去都遇到這個營地吵鬧問題。即使和營地負責人溝通好像也沒有什麼效果。,1,1,-1,3006,,2022/05/07,0,負向
天氣預報顯示會有大雷雨，已提前詢問可否延期，但營主不同意改期。場地環境偏遠，沒有景觀且排水不佳，廁所非常骯髒。建議各位不必特地前來遇到這些問題，不值得花這個麻煩。,1,1,-1,3058,,2019/05/07,0,負向
這個地方不太適合，水排不好，廁所很骯髒，缺乏管理。,1,1,-1,3059,,2019/05/07,0,負向
不要踩！草地有積水很嚴重！浴室看起來是無人管理的狀態。,1,1,-1,3060,,2019/05/07,0,負向
即使有訂單規定，只要付訂金就行了，你有什麼好抱怨的呢？孩子得了腸病毒，還要被你唸？,1,1,-1,3075,,2019/05/07,0,負向
不值得推薦，容易積水，而且服務品質很差。,1,1,-1,3097,,2017/05/07,0,負向
營地狀況不佳，積水問題嚴重且泥濘不堪，場地狹窄且擁擠，車位規劃不完善，服務也不盡如人意。,1,1,-1,3101,,2017/05/07,0,負向
"1). 衛浴乾濕分離設計很好，但廁所空間還需要改善。
2). 帳篷排列得太密集，沒有足夠的空間供大家在草地上活動。
3). 營區並沒有限制攜帶寵物，導致半夜狗狗叫，早上起來發現草地上都是狗狗的便便！",2,1,-1,3199,,2021/05/07,0,負向
營位費不斷調整，收費越來越高。,1,1,-1,3204,,2021/05/07,0,負向
付了200元的清潔費，卻沒有得到任何服務。有些人只是想和在露營的親朋好友聊天打打屁，就要被收200元！營地主人啊，這有點貴了吧！,1,1,-1,3205,,2021/05/07,0,負向
"1. 這個場地環境很美，草皮也處理得很好。
2. 帳帳相連讓空間變得擁擠，小孩沒有足夠的空間可以奔跑(感覺像有超收)。
3. 收費是1200元，還常常跳電。
4. 總結：倘若要收1200元，應該控制帳數；營區的電力系統也要改善，晚上跳電3、4次實在令人難以接受。應該不會再考慮再來了。",2,1,-1,3214,,2021/05/07,0,負向
在這個秘密談話營地裡，草地雖然很廣闊，但每個帳篷都被敘述得很整齊，衛浴設施看起來高檔且漂亮，但實際使用起來卻温差大，時冷時熱，讓人感到相當惱火。收費如此高昂，卻品質如此差勁，實在令人無法接受。,2,1,-1,3267,,2019/05/07,0,負向
"1. 環境保持得不錯
2. 可以訂購披薩、石鍋拌飯，免自備餐具
3. 沒有景觀
4. 帳篷過多，沒有草皮
5. 入場時間為下午2:00，退場時間為中午12:00，條件太嚴格
6. 每帳1200元，如果提早入場還需額外支付100元，性價比不夠高以上內容是後花園區的相關資訊",2,1,-1,3278,,2018/05/07,0,負向
營區的管理者態度不友好，當我只是想發動車子時，卻被他嚴厲質問為什麼發動，好像就要報備一樣。而在洗澡時，他竟然要我去洗最後一間還沒清掃的浴室，我付了一樣的錢，其他人都洗乾淨的浴室，為什麼要我去洗那間呢？而且熱水很不穩定。這樣不為露友著想的營區，我決定不會再去第二次了。同行的朋友洗完澡後，竟然過敏，洗手檯的水也很濁，讓我覺得碗都洗不乾淨。晚上12:30還有露友彈吉他自彈自唱，跟營主打電話或傳訊息都沒有回應，隔天早上他又說他睡著了，需要去敲他的門才會知道。如果今天失火了，他還會在裡面繼續睡嗎？真的不明白為什麼這個營區能夠有高評價，想要去的露友請自行斟酌吧。,1,1,-1,3335,,2024/03/07,0,負向
來露營的時候，老闆第一句話就說你們看起來很開心，晚上十點後不要吵，否則就會被趕出去。儘管他是開玩笑的，但我覺得這並不是一個營地主應該有的態度。在和老闆的幾次對話中，有些讓我和朋友感到不太舒服，例如：「我知道你們不會再來了。」儘管這個地方的地理位置不錯，但我還是想提醒老闆和老闆娘，待人和氣對大家都有好處，否則可能真的會沒生意做。,1,1,-1,3356,,2023/09/07,0,負向
抵達營地後，剛站在門口，營地主人就不友善地叫我們不要進去，態度十分惱火，讓人感到很不舒服。,1,1,-1,3413,,2022/05/07,0,負向
今天我到營地時，心情很愉快。當我開車門跟營主說我們今天有預約時，營主臉色很差地回應說，訂的時間是一點才可以到來，為什麼現在就來了呢？他一直抱怨著重複的話，我們強調我們不是要搭帳篷，只是先來附近散散步而已。營主卻一直堅持要一點才能來，讓我覺得有些難以理解。我還要受氣，看著營主臉色陰沉了三天。我想告訴營主檢討一下自己的口氣，不要反過來說是我口氣不好，其實是你的態度和口氣有問題。我不是第一次露營，也不是這個團隊的領導者，我從來沒有說過我是老大，但看起來營主似乎是覺得自己是老大。難道他就不能好好說話嗎？難道整個露營區都是他的地盤嗎？尊重應該是相互的，你有尊重過我嗎？誰會知道你的營區是不能停車的呢？,1,1,-1,3435,,2021/05/07,0,負向
晚上蚊子很多，營區下面有3至4隻狗狗一直在吠叫，還有鄰居家的小孩從傍晚一直嬉戲吵鬧到晚上10點多都不休息，真的很打擾。此外，營區的廁所設施老舊，有洗澡間無法鎖門，還有廁所沖水設備損壞。除了景色之外，這個營區真的不太推薦。,2,1,-1,3570,,2023/11/07,0,負向
因為之前下雨，所以要延期去露營，但到了露營那天早上打電話再次確認時，竟然發現營主忘記了？？？他說可以直接到現場搭營，保留位置給我們，但當我們到了現場時，無法聯絡到營主，只看到他的爸爸在那裡。問了老半天也沒得到正確回覆。最後，是一位好心的顧客讓出一個位置給我們。這真是我第一次遇到如此不負責任的營主，進入營區卻見不到人。,1,1,-1,3573,,2023/06/07,0,負向
優點：衛生設施乾淨，熱水溫度足夠 缺點：熱水供應時間到晚上10點截止，對於夜間洗澡不太方便。深夜和清晨聽得到羅馬公路上疾駛的車聲，營區下飼養了四隻狗，只要有異動就會狂吠，假日清晨7點多就有人使用割草機除草。以上這三個問題讓人根本無法好好入睡。另外還有一隻名叫黑糖的狗，清晨會跑到營區內的帳篷撒尿，只有在收帳時才發現，實在令人錯愕！,2,1,-1,3576,,2023/05/07,0,負向
營地觀景台前的竹子和雜草長得亂七八糟，擋住了美景。隔壁營區的鄰居整晚唱歌吵鬧，早上還有人在用電鋸工作，讓人感到困擾。瘋狗在深山林裡亂叫，整個露營區讓人覺得可怕。,1,1,-1,3578,,2023/05/07,0,負向
冰箱只有送風功能，跟維修人員反映後，對方卻回應說冰箱有冷藏的功能。此外，水龍頭出來的水質不佳，看起來都像泥水一樣。,1,1,-1,3587,,2022/05/07,0,負向
這個地方雖然不大，道路也很狹窄，洗手台顯得骯髒亂糟糟的，樹葉到處都是。明顯能看出營地主人沒有很用心整理。晚上還有包場區的人在大聲派對，喧鬧到半夜，讓人難以入眠。而且活動（射箭／搗麻糬／竹筒飯）都被取消了。環境這麼差又沒有活動，沒有任何吸引人的地方。我不會考慮再去第二次了。,1,1,-1,3595,,2022/05/07,0,負向
帳篷區塞得水泄不通，實在超滿了！沒有沙坑、也沒有游泳池，更沒有射箭場⋯只能參加搓麻糬活動。下方的營地在辦電子音樂派對，兩天兩夜不停的音樂震耳欲聾，營地主辦方才在旅行前兩天通知我們！真的很無語，我們不是去參加音樂派對的～該不該提早告知呢？,1,1,-1,3597,,2021/05/07,0,負向
這個營區原先設計可以搭7個帳篷，但後來發現空間不足，只能容納4至5個帳篷。網路上說有沙坑、戲水池和射箭場，但實際上看起來幾乎被荒廢了⋯唯一還算乾淨的是廁所，也有鍋煮飯的活動。在下面的營區辦電音慶典，整晚都聽到動滋動滋的音樂聲，營主竟然在露營前兩天才告知，讓人有些措手不及。這是我第一次對這個營區做出這樣的評價，看起來他們還有很多需要改進的地方。,2,1,-1,3599,,2021/05/07,0,負向
小黑蚊太多，無論是使用防蚊液、止癢藥，還是像開水龍頭一樣使用，都擋不住它們。,2,1,-1,3613,,2021/05/07,0,負向
露營的遊客行為品質有待改善，早上六點起來就洗碗叮叮噹噹，七點開始喧嘩，讓小孩尖叫不止。,1,1,-1,3622,,2020/05/07,0,負向
靠近水源地的位置可能對環境造成影響。,1,1,-1,3631,,2020/05/07,0,負向
這個營地只著眼於賺錢，營地主人面對不守規矩的露營友無所作為，嚴重影響其他守規矩的露營者的權益！不論硬體設備多好、風景多美，都只是浪費了上帝所賜予的一切！,2,1,-1,3726,,2018/09/15,0,負向
這次的經驗真是令人困擾！原本我和營主訂了C區的水泥雨棚，後來他打電話來告訴我，旁邊還有一群要訂6帳（共8帳）的人，而他們打算晚上辦活動可能會比較吵。我本來沒有介意，但後來又打來說要改成8帳，要我去B區的碎石雨棚。完全沒有詢問我的意見，還跟我爭辯說8帳總不能叫他們去別的地方訂1帳吧。老實說，我當初之所以要訂C區的雨棚，是因為我喜歡C區，而不是你要我去哪我就去哪！请尊重我的選擇！,1,1,-1,3767,,2024/04/30,0,負向
給予反饋時應注意語氣，以免引起衝突。,1,1,-1,3781,,2023/12/07,0,負向
感覺上去的情況很糟糕，我不想多說了。營主似乎只是把所有責任都推給客人，多說無益。,1,1,-1,3782,,2023/12/07,0,負向
我去露營三天兩夜，可能因為蚊蟲太多所以被叮咬了好幾個包。不好的經驗是，第三天早上營地主人告訴我們要在中午之前結帳，他說一次就好，但事實上他卻提醒我們兩次。當我們在早上十點開始收拾的時候，突然停水了。我告訴了營地主人，他回應因為下雨導致水管阻塞。一度我誤以為是他要我們趕快離開才停水的。整體感覺都不太好，應該不會再去那個地方了…,1,1,-1,3824,,2023/05/07,0,負向
這個露營地的收費高達三百元，有些不合理。營地好像一直在巡邏，就像在抓小偷一樣。26號到溪遊記露營，真是浪費了連假四天⋯營地主人不友善，除了沙坑，小孩根本沒地方玩。小孩第一次露營就覺得無聊，說我們來了又走了十幾輛車，可是哪來這麼多車？停車費一共付了1800元，為什麼露營區會怕客人來呢？星星評分看起來有些虛偽，為什麼一天過後就多了五顆星？而且擅自錄影車牌發到公開網站上，未經當事人同意，已經請律師處理！業者還留言說付不起錢就去免費野營？？？,1,1,-1,3833,,2022/05/07,0,負向
整體環境還算不錯，但偶爾會有員工巡邏，檢查是否有新訪客。如果有，要收取停車費300元，並一台一台錄影作為證明。儘管這樣的費用不算高，但他們的態度令人感到不悅。露營多次卻從未遇到如此頻繁收費的場主。最後離開時，營區的員工要求我們恢復使用過的護草墊。雖然我們樂意配合，但我是否真的需要按照平台規定清理護草墊呢？最後我們還是將護草墊全部清理，但那名員工的態度確實有待改善。不明白為何不能用更友好的方式溝通。起初對錄影一事並不承認，後來卻說有我們車輛的影片？他們還說我們的歌唱影響到其他露營者的品質，當時才晚上7點，平台規定晚上10點後禁止唱歌，且音量不算大，但卻被指責。我們不確定是否真的有其他露營者投訴，而且他們的態度並不友善。,1,1,-1,3834,,2022/05/07,0,負向
當天收費區800元的營位算是蠻便宜的，每輛訪客停車費每次收300元，而且每隔幾個小時就來巡邏一次。我的朋友開車來很快，停車費便收了300元，這次露營3天，總共花了1800元停車費，真是令人訝異。老闆的態度很差，完全沒有親切感，讓人沒有下次想再來的感覺。,1,1,-1,3835,,2022/05/07,0,負向
擔心的不是下雨天，而是營地規劃不佳，排水不良。一旦下雨，地面就會泥濘，鞋子容易陷進爛泥裡，小孩與狗都只能躲在帳篷裡，真是有點可惜。,2,1,-1,3842,,2022/05/07,0,負向
這個營區情況並不好，營主態度很差，還有很多虎頭蜂約2-3公分大小，令人害怕。他們不處理並不在意，卻把責任推給客人，說是客人招惹的。請問，虎頭蜂晚上出沒是正常的嗎？他們陸續出現了20-30隻。如果今天虎頭蜂叮到小孩，你負得起嗎？前往之前，請三思！,1,1,-1,3844,,2022/05/07,0,負向
不建議去那個營區，因為那裡有虎頭蜂，而且營區的管理者處理這個問題的態度非常消極，甚至推卸責任，還說我們應該噴香水來解決。蜜蜂會在那裡停留三天是因為營地上有一顆樹的花蜜很吸引牠們，所以建議在選擇營區前要三思，以免花了錢卻遇到麻煩。,1,1,-1,3845,,2022/05/07,0,負向
這裡的汽車聲超級吵！一大早5點就被吵醒，根本無法再入睡，而且浴室太少總是要排隊。不過營區老闆人還不錯，很親切！,2,1,-1,3979,,2023/09/08,0,負向
在靠近水庫的羅馬公路附近，晚上車聲太吵以至於難以入眠。除了B區之外，其他小型營位都位置狹小，而且彼此的距離過近。建議營地管理單位將CD區規劃成獨立的區域，距離安排得恰到好處。此外，衛浴設施較為有限，需要洗澡的人可能要合理安排時間。,2,1,-1,3984,,2023/05/08,0,負向
"被臨時換位子，但遇到了一些問題：
1. 地板長滿雜草。
2. 廁所有時沒有熱水，多人同時使用的話會特別明顯。
3. 四周環境昏暗，半夜上廁所很不方便。
4. 佈線問題，總是跳電...",1,1,-1,4048,,2021/05/08,0,負向
由於保護環境，複育螢火蟲時不使用殺蟲劑，因此小黑蚊的數量增加。,2,1,-1,4097,,2018/05/08,0,負向
這裡的廁所和浴室保持得相當乾淨，但是我們使用的是山泉水，所以水的顏色稍微黃一些並且有點濁。提醒大家注意，這裡沒有提供飲水機，需要自行購買水。也要留意到有許多螞蟻和蜘蛛網，請小心避免碰觸。另外，露營區的樹木間距有些狹窄，因此車輛進出較困難。不過晚上能聽著河水聲入睡，感覺還算不錯。,2,1,-1,4176,,2024/04/07,0,負向
環境在這裡還算不錯，唯一可稱讚的是宮廷帳，但是沒有飲水機，熱水時冷時熱，冬天用水不方便，其他設施都很普通。,2,1,-1,4179,,2024/03/07,0,負向
只有一個區域有衛浴設施，而且許多區域都需要走一段路才能到達，而且很多衛浴設施的水溫時熱時冷，一會兒被燙到，一會兒又冷得打哆嗦。此外，整個區域只有一個冰箱供29個帳篷使用（而且晚到的帳篷根本無法得到冰塊），這個冰箱也是放在廁所附近。如果你喜歡走路，可以來這裡，保證你走得很開心！此外，營區主辦者嚴格禁止外來車輛和訪客，即使是朋友送東西進來也不行哦，只能在門口當面交接，無論你帶的東西有多大有多重！另外，他們沒有飲水機，所以記得攜帶足夠的水喔…,2,1,-1,4181,,2024/01/07,0,負向
營區的環境並不如照片上看起來那麼美好。營位周圍缺乏必要的設施，如洗碗檯，需要使用蚊香來對抗蚊蟲。廁所位置偏遠，地面潮濕容易滑倒，且水壓不穩熱水供應有限。集中式垃圾桶也需要走遠才能使用。整體環境陳舊，地面多碎石，夜晚照明不足，需要自行小心前往廁所。综上所述，此營區並不適合拍照留念。,2,1,-1,4182,,2024/01/07,0,負向
簡單來說，使用者付費我們都接受，營區讓人印象深刻，但對金錢比較計較。網頁資訊不完整，討論後並沒有額外收費。設施與場地規劃方面有些問題，包括雨水流向雨棚內。優點是廁所和浴室比較乾淨，但道路規劃較差。給予兩顆星是因為廁所整潔和客人素質。,2,1,-1,4183,,2024/01/07,0,負向
雨棚區的地石鋪得很薄，下大雨直接積水，變得很危險⋯⋯無論計算人數、車輛還是帳篷的數量，都計算得非常精確…,1,1,-1,4188,,2023/07/07,0,負向
營地的精算師發現雨棚漏水，而且更糟糕的是，下面是低窪地帶可能會淹水。,1,1,-1,4189,,2023/07/07,0,負向
工作環境不佳，而且男老闆的態度很惡劣。,1,1,-1,4200,,2023/05/07,0,負向
這位男老闆的服務態度不佳，經常讓遊客感到困擾。,1,1,-1,4201,,2023/05/07,0,負向
這次露營經驗真的令人遺憾，下了大雨導致到處都是泥濘，而且還被要求加收兩個小帳的錢$1200，並且缺乏人情味。家人還滑倒被平底鍋燙傷，洗手檯也不便利且缺乏防滑設施。整個露營地以營利為主，讓人感到十分不快。,1,1,-1,4203,,2023/05/07,0,負向
露營經驗不夠理想：1. 洗澡時中途水溫變冷，小孩泡沫等了將近1小時，水壓小且不穩定。2. 估計每個迴路有至少6個帳篷，電壓不穩定，3條10顆LED燈串連的15米串燈不亮，打氣機壞了，只能手動打氣，改用LED燈條。3. 環境髒亂，生態池無人管理，有很多小蚊子，點了蚊香擦了防蚊液，每人至少需要20包。4. 在浴室和帳篷區看到2隻大蟑螂在飛。5. 草地植物未定期修剪，超過踝高，石階長滿青苔，有幾個大人失足滑倒，最後大家不得不繞路。6. 收費不合理，大多數營區超過4人需每人支付100元，幼兒園以下小孩免費，但此營區卻是每人250元，幼兒園以下也需付費。7. 與相片不符，大多數拍照景點老舊無介紹，唯一的優點是在溪邊環境清幽，其他都是缺點，並且詢問服務人員態度欠佳。,1,1,-1,4204,,2023/05/07,0,負向
端午節那天在湖區包場，才發現露營車無法到達，而且當時正下著大雨。因為路程遙遠以及心情受到影響，我們決定返回。老闆的服務態度惡劣，並且推卸責任，這真的讓人感到不友善。現在還不確定是否能夠退費。,1,1,-1,4205,,2023/05/07,0,負向
營地的排水設施很差，也沒有提供草地墊，下雨時內帳和床墊淹水了，無法入睡，只好收營回家，這真是令人氣憤的營區經驗。,1,1,-1,4212,,2022/05/07,0,負向
中央的大水池已經籠罩上圍籬，周圍充滿了許多青蛙，晚上會舉行派對，它們的叫聲非常壯觀，需要記得戴上耳塞。上游的小溪水聲潺潺地流動，但周圍可能會有蜘蛛絲和蚊蟲的干擾，所以要好好考慮是否下水玩。此外，小黑蚊和大蚊子的班表看起來已經協調好了，前者約在上午11點開始活動，後者在黃昏前開始外出覓食，因此3瓶防蚊液可能會很快用完，出門露營必須與大自然和睦相處，充分準備才能玩得盡興。,1,1,-1,4214,,2022/05/07,0,負向
建議在營區廁所前面的大水溝周圍設置圍欄，提高晚上使用廁所的安全性。因為天黑後孩子獨自上廁所的話會比較危險，怕他們不小心跌下去。其他方面反饋與大家一致，希望能改進。,1,1,-1,4215,,2022/05/07,0,負向
這個露營地距離新店碧潭很近，約開車10分鐘的路程。屬於城市露營型的營地，優點是可以享受湖景和看到螢火蟲。但需要注意的是，設施比較老舊，例如帳篷前沒有洗手台，垃圾桶只能統一在廁所使用，且廁所較少，約30個帳篷共用，有些區域需走遠一點才能使用，洗澡建議早點洗以確保有熱水。此外，費用相對較貴，也較缺乏環境整理，不如其他營地那般巡視照顧。,2,1,-1,4216,,2021/05/07,0,負向
這個地方的服務態度不太積極，收費時倒是很積極。網路訊號很差，設施很破舊，而且蚊子超多。場地很小！營位和洗手台沒有燈光，洗手台塞滿了東西，熱水沒有固定。營位規劃很隨便，雜草滿地，指示牌不明顯，地點也難找。再見後不再見，絕對不會再去！,1,1,-1,4218,,2021/05/07,0,負向
這裡有小黑蚊，不怕小黑蚊的朋友可以考慮一下。這個營區與隔壁區的帳篷緊緊相連，一個接一個！在這裡沒有網路，只有一些殘破不堪的設施可以拍照，其他的就懶得拍了。沒有鋼琴和教堂，因為有露營客在，不好意思拍得太近了，確實有點不好看。跟網路上美美的照片差很遠…區域劃分及安排確實太密集了。露營和參觀的價格請自行參考，兩個帳包區域是2200元，夜晚入場是600元，供大家參考哦。這是我唯一的營地經驗了哦～～～～,1,1,-1,4219,,2021/05/07,0,負向
因為有遮雨棚的好處就是可以避雨，但是在下雨時遮雨棚會滴水，底下也會積水。別人的營地是水泥地加高，但我們的營地只是泥巴地鋪著薄薄的碎石子，加上地勢較低。當時的情況可想而知。後來有位加帳的朋友想與我們擠在一起睡，來找老闆講情況。老闆竟然說我們人太多，車輛太多。每個棚區只能搭兩個帳篷，加一個帳篷要多付一千元，一個帳篷停兩台車。我們有三台車、兩台摩托車，一個帳篷要睡五個人，兩個帳篷要睡十個人。如果多一台車、兩台摩托車，總人數也只有十個人，收費就是一千元。真是敢說敢收費。這篇文章純粹描述當時的情況和感受，看到的朋友們請自行斟酌是否前往，我可絕對不會再去了。,1,1,-1,4222,,2021/05/07,0,負向
這個地方的遮雨棚兩帳位空間都很狹窄，卻聲稱是獨立包區。與旁邊的人相距過近，半夜也不加以管理。旁邊的人一直玩狼人殺，玩到凌晨兩點。翌日垃圾桶也沒人來清理。若非不能評論沒有給星星，我真的不想給一顆星。,1,1,-1,4224,,2021/05/07,0,負向
這個露營區的品質真的不盡理想，一個帳篷的費用是1250元，營主的態度也很差。預訂了兩個帳篷的雨棚位置，卻只有400*600大小，無法擺放兩個帳篷。此外，收費也相當昂貴，每個人要150元，連身高不高的小學生也要被收150元，停車要100元，還有強制性的離營時間設定。總括而言，真的不推薦這個露營區。,1,1,-1,4225,,2021/05/07,0,負向
拒絕大型犬是我們的政策，讓我們再努力一下，可能會有不同的機會，請問您是否有可能到現場參觀呢？我們店家拒絕大型犬的權利，我們還需要您來參觀一下我們的場地，請先做一些功課。可能不如傳聞中那麼好，即使我們離您家很近，您也不再考慮了。,1,1,-1,4280,,2018/05/07,0,負向
訂位付款後碰到中央氣象局發佈大雨特報，無法改期，我們有小孩共同前往，營地負責人將責任推卸給露營樂訂位中心，堅持扣除60%費用，並未提供發票。更扯的是，除了扣60%外，還要額外扣除30元的處理費。這種只想賺錢而缺乏同理心的商家，相當不值得推薦，總之就是很糟糕又扯。,1,1,-1,4288,,2018/05/07,0,負向
7月18日下午3點，大門未開啟，旁邊的標誌顯示需要事先預約，導致我感到相當失望，只好回家了。,1,1,-1,4291,,2018/05/07,0,負向
環境還可以，但有很多叮人的小黑蚊，而且下雨時不能拖延，收帳的工作量也相當多。,2,1,-1,4295,,2018/05/07,0,負向
去了才發現公園關門了，所以沒有人接雗。,1,1,-1,4307,,2016/05/07,0,負向
門票無法抵銷消費，東西很貴，煎個蛋要220元，真的很瘦喔。廁所男女混在一起，廁所燈光昏暗，隔音效果也不好。我寧願去土雞城吃飯。,1,1,-1,4309,,2015/05/07,0,負向
提醒大家，入園的費用是每人100元而且還有最低消費金額180元！這是我們去過餐廳中從未遇到過的情況！算是在變相賺錢！建議大家在前往之前要三思而行。,1,1,-1,4310,,2015/05/07,0,負向
這個露營區真的很糟糕，有肥滋滋的蟑螂、小黑蚊，還有超爛的服務。過去3年來在這個露營區遇到了很多雷事：1. 洗澡只用到一半就沒熱水了，小孩等了將近1小時才洗完泡泡，水壓也偏小又不穩；2. 估計至少有6個帳篷共用一條電路，電壓非常不穩，連3瓦10顆LED 15米串燈都無法亮起，打氣機也不工作，只能手動打氣，改用LED燈條；3. 環境髒亂，生態池看起來沒有人管理，有很多小黑蚊，點了蚊香擦了防蚊液，每人至少帶了20包；4. 在浴室和帳篷區看到兩只大大的蟑螂在飛。蟑螂、蟑螂、蟑螂…；5. 草地不定期修剪，超過踝蓋高度，石階布滿青苔，十幾個人中有4位不小心滑倒，最後都選擇繞路；6. 收費不合理，大多數營區超過四人每人需要支付100元，幼兒園以下的小孩則不用付費，但這個營區一人要收取250元，而且連幼兒園以下都收費；7. 大多數拍照景點都老舊，跟照片上的不符。,1,1,-1,4338,,2022/06/08,0,負向
這個露營區的狀況實在糟糕透頂。在這裡洗澡洗到一半就沒熱水，讓小孩等了將近一個小時；電壓也不穩定，很可能多個帳篷共用一個迴路；環境髒亂，生態池無人管理，小黑蚊又多得讓人無法忍受；連浴室和帳篷區都有超大的蟑螂；草地長得跟小樹一樣高，青苔佈滿石階，很容易讓人摔倒；收費也不合理，一個人要收250元，超過四個人還要額外收費；拍照景點老舊，與照片描述不符。總結來說，這個露營區的服務真的爛到爆。,1,1,-1,4339,,2022/06/08,0,負向
營地似乎變得越來越冷清了。如果超過每帳限制人數，他們似乎會很嚴格地收取額外的人頭費和停車費。浴廁還可以，但因為有水池，所以小黑蚊特別多，其他方面就不多評價了。,2,1,-1,4349,,2022/01/05,0,負向
這張照片真美，親自看過就能感受到了。營區照片拍得很漂亮，但要親自去看一下，才能更全面地了解，設施方面可能只能遠觀或眺望才能看得清楚。,2,1,-1,4357,,2021/04/26,0,負向
草地上積水泥濘，可能排水系統有問題。,2,1,-1,4358,,2021/03/05,0,負向
這段描述是在說在選擇北部營區時，因擔心連假交通壅塞所以選擇北部，但到了營區後發現缺乏設施，且有很多小黑蚊，連蚊怕都沒用。,2,1,-1,4381,,2020/03/25,0,負向
這次露營經驗確實很糟糕，我們很可能不會再去了，並且也不會建議別人來。主要問題如下：1. 露營地不允許朋友探營，而且探營費用很高，但在預訂露營地時沒有提前告知這樣的特殊規定。我們有四位朋友來探營，卻要支付900元的費用，持續了一個半小時。2. 洗澡時水溫時冷時熱，更糟糕的是洗到一半時突然停水，必須撥電話給營區管理人員才重新開啟水源讓我們繼續洗澡。3. 廁所提供的衛生紙非常少，造成很多人在廁所裡互相借用衛生紙。,2,1,-1,4434,,2018/05/27,0,負向
態度不友好，將來不太可能再造訪。態度惡劣，影響到所有人。,1,1,-1,4437,,2018/05/20,0,負向
這地方和照片上看到的不太一樣，洗手台不夠，插座離得太遠，下雨時草地泥濘並且排水系統不佳。,2,1,-1,4643,,2016/12/01,0,負向
收了錢之後應該照顧好客人的需求，如果晚上洗澡沒熱水找不到人處理的話，在這麼冷的天氣中只有冷水是非常不可取的。,1,1,-1,4704,,2021/05/07,0,負向
這次在竹雞區的住宿環境不是很好，沒有什麼風景可以欣賞。令人討厭的是，有很多人在抽菸，而且隔壁的年輕人在半夜玩得很吵，並且毫不顧及其他人的感受，好像沒有人管束他們。總之，是一次相當糟糕的體驗。,2,1,-1,4908,,2021/05/08,0,負向
這季節蒼蠅真是太多了，下午還碰到突然停電，而冰箱又離得太遠，晚上又因為中華電信基地台超載無法聯繫。,1,1,-1,4946,,2019/05/08,0,負向
當天我們去了位於竹雞區的露營地，原本預計要享受輕鬆愉快的活動，但卻被一群年輕人擾亂了。這些年輕人從晚上開始喝酒，大聲喧譁，一直喧鬧到凌晨3至4點都沒有停止，讓我們的營地對面完全無法安心入眠，只能等到他們終於安靜下來時，勉強小睡一會。我們當天向營地管理人員反映，但只是透過電話提醒他們晚間請保持安靜，可是由於一切似乎已經太晚了，大家都難以入眠。因此，我們在這個露營區的感受非常不好，下次恐怕不會再去了。,2,1,-1,4977,,2021/06/02,0,負向
營地管理人員一直在監督許多限制，並且態度和口氣都很差，這樣很難讓人放鬆露營，而不是來受氣的，我非常不推薦。,1,1,-1,5224,,2024/03/08,0,負向
糟糕的評論千萬避免前來這家營區，營主非常缺乏耐心。當一位小孩在玩球時球打到了營主的車子，營主便憤怒地責罵了他。之後一位老太太前來帳篷指責其他大人，態度非常惡劣。露營本來是為了放鬆心情，然而晚上卻遭到年輕人的指責，認為我們亂丟垃圾。難道我們屋營地應該如此不受歡迎嗎？這令人極度不悅，顯然這裡完全不歡迎有寵物的遊客。營主甚至說：“我最討厭寵物”。,1,1,-1,5225,,2024/03/08,0,負向
服務態度很不友善，說話的口氣像在爭吵一樣。,1,1,-1,5226,,2024/03/08,0,負向
這次參加的是露營活動，營區整體環境非常乾淨，草坪也十分舒適，廁所保持得很乾淨，也提供衛生紙。然而，一開始宣布只要天氣許可就會開放泳池，卻因前一天的溫差大改變計劃，最終未能使用泳池。星期六的天氣超熱，但因為營區12:30就要撤營，未能充分享受設施。營區提供的腳踏車老舊且騎乘空間狹窄，小孩們容易受傷。營位眾多，但共用一個衛浴設施，熱水只供應至晚上12點，導致女生衛浴常常排長龍，白天無熱水使用。習慣早收拾的露友適合這個營區，但習慣在營內用餐的、或清晨才開始整理帳篷的露友需考慮營區情況。,2,1,-1,5235,,2023/11/08,0,負向
電閃得厲害，蚊子特別多，廁所離得遠,1,1,-1,5236,,2023/06/08,0,負向
在女生淋浴間只有五間，廁所離得很遠，熱水供應只到12點。結果同行的朋友11點多去洗澡時，只剩下冷水。由於使用柴燒，水溫無法穩定，有可能水溫在轉到最冷的地方時變得超燙。女生吹風機只有一台，營地區域設置的空間偏小，帳篷之間相當接近。雖然規定上沒有禁止打麻將，但卻告知打麻將會影響小孩的觀感。要求我們把帳篷圍布拉起來，且飲水機只有一台，有時候水會不夠用。完全不推薦。,1,1,-1,5243,,2023/05/08,0,負向
衛浴沒幾間需要排隊，冰箱只有一台擠滿了東西，請注意蚊子。,2,1,-1,5258,,2022/05/08,0,負向
1、熱水是靠燒木材來取得，溫差很大，洗澡很困難。2、規定小孩玩沙時不能讓沙子掉出去，還有人值班監視。如果擔心人們會弄亂，那就不要開放。3、下大雨時打開帳篷已經很狼狽，另外還有東西要遵守。4、規定分類垃圾，第一區一至兩個垃圾桶，停車要裝備，也一再加緊警告，草地墊因為對雨季有水泥或積水，也不可多用。5、洗澡時有人叮囑不要用太多水。6、車輛一定要進入停車場（可以接受）。7、天氣晴朗時也不放水進游泳池，寧可拿來清洗草地墊...感覺真的很不好，追求乾淨固然重要，但過度了反而不如不開放！,1,1,-1,5260,,2022/05/08,0,負向
1. 沒有提供廚餘桶的話，廚餘該放在哪裡呢？2. 下大雨的時候，場地變得泥濘，營友的孩子們踩到泥巴，需要洗腳。他們被訓斥著不要再踩到泥水裡，並調整水的強度。否則就必須重新洗腳。3. 管理員正專注看著沙坑，當沒有認識的孩子玩沙時，沙子飛出沙坑邊緣，管理員會馬上提醒孩子不要這麼做，應該往中間玩。其他營友也會提醒，但被員工責罵說這樣不行。3. 把腳踏車放在籃球場內，小孩經過時可能會被球擊中，非常危險。4. 雖然有提供老舊腳踏車供使用，但沒有專屬的腳踏車道，必須與汽車共用，很危險。5. 護草墊被放在泳池裡清洗。6. 浴室的水壓不穩定，廁所和浴室共用一個區域，非常不方便。這是我第一次遇到如此嚴格的營地主辦方，想體驗的人可以去試試看！對於喜歡熱鬧的人，請勿嘗試！,2,1,-1,5261,,2022/05/08,0,負向
露營遇到了糟透的情況，溫度只有12度，還跳電了，暖爐和電熱毯都沒辦法使用，我真的覺得今晚會冷死。,1,1,-1,5267,,2022/05/08,0,負向
營區的管理真是有些不周到，200多人要在晚上12點前洗澡，洗到一半還直接關水實在有點過分。只有一台飲水機，拿大桶裝也會被唸，這樣很容易會造成缺水的情況。不論是我拿大桶裝給10個人喝，或是讓10個人來裝都應該有所不同。而且營區收取這麼多人卻只有一台飲水機，需要好好考慮是否設備不足。另外，沙坑傍晚不開放就讓人很困惑，不清楚他們到底在想些什麼。營位左右擠擁，前方倒是還可以。,1,1,-1,5278,,2021/05/08,0,負向
民宿的空間規劃需要加強，因為鐵皮屋空地是所有小孩都喜歡去玩耍的地方，導致住在民宿的人無法找到適合休息的地方，建議需要改善這個情況。,1,1,-1,5289,,2021/05/08,0,負向
很久沒有露營，洗澡洗得很不舒服，幸好不是在寒流來襲時來到這個營區。小黑蚊還好，但是這熱水真的讓人難以忍受。,2,1,-1,5300,,2020/05/08,0,負向
建議重新整理和整修營區的草坪，因為在雨天露營時造成積水，讓露營變得非常困難。天氣不好并非錯，問題在於營區的排水系統做得不夠好，這損害了露營的氣氛，讓人感到非常失望。另一方面，營主很nice，廁所乾淨，營區風景開闊，因此多給一星評價。,2,1,-1,5436,,2023/11/08,0,負向
這次的露營環境實在有點糟糕，營地草長、坑洼不平，蚊子多又肥大，還出現了各種生物，甚至還有蟑螂。不過，唯一的優點可能是廁所和衛浴間比較乾淨。,2,1,-1,5438,,2023/08/08,0,負向
草沒整理長超高割人蚊子螞蟻小黑蚊多是正常的，但若大強小強飛進園區裡來，怕蟑螂的人還是得小心！當遇到午後雷陣雨時，最底下的營地直接淹水，泥巴水和雜物整個灌進帳篷。我問他們排水設施是什麼，他們說沒有排水，土地會吸走水，接著又說他們的排水管裡有螞蟻築巢造成阻塞，所以他們需要叫人來疏通！更糟糕的是飲水機壞掉卻沒提前通知，要我們去營地主辦的雜貨店自費購買，感覺就像是營地扒了我們兩層皮。再者，冰箱離營地相當遠！由於地面不平，護草墊完全被壓壞到無法使用的地步，這樣收取一晚1200元/人實在難以接受，唯一的優點就是年輕打工人員非常友善。廁所則算是相當乾淨，只是容易被草堵塞，就是這樣。,1,1,-1,5439,,2023/07/08,0,負向
這裡雖然唯一的優點是廁所乾淨，但草地不平、坑坑巴巴，睡覺可能會讓人腰痠背痛，另外營區也沒有漂亮的風景可看，有點可惜。,2,1,-1,5448,,2023/05/08,0,負向
需要至少給出一顆星評價才能發布意見，但其實我想選擇零顆星。我認為收場地費後，水槽應該是乾淨的，電線插座也應該是良好的狀態。如果修繕需要花費2至3個月的時間，這似乎是營區自己應該解決的問題。我認為營區不一定要很高大，但是這樣的回覆讓人難以接受。如果草地需要考慮封閉休園以保護，因為草墊太泥濘，而且有許多破損。另外，停車問題也應該在營運時提前考慮。,1,1,-1,5453,,2023/05/08,0,負向
露營原本是一件愉快的事情，但因營區沒有停車位，導致我的車子受損，水槽的水管也脫落了。讓我對這個地方感到失望，以後可能不會再來了。,1,1,-1,5454,,2023/05/08,0,負向
營區竟然沒有停車位，要我們自己找，水槽的水管漏水了，向營主反映後卻要我們與他人共用，露營區這麼多，這真的讓我感到非常驚訝！,1,1,-1,5455,,2023/05/08,0,負向
這裡的設施真的很糟糕，停車位不足，水槽壞了要和別人共用，還有一些電插座也壞了導致使用上有限制，設備也提供得不夠好。,1,1,-1,5456,,2023/05/08,0,負向
廁所沒有清潔過，有虎頭蜂沒有處理，蚊蟲很多，游泳池沒有水，早上10:30已經在催促收帳，整體體驗很糟糕。,1,1,-1,5458,,2023/05/08,0,負向
如果可以的話，我們每顆星都不想給草長超過。只有一個工作人員，雖然有點可憐，但我們去露營的目的就是為了開心渡假，這樣的服務，要求太多也不太合適。,1,1,-1,5461,,2023/05/08,0,負向
整體體驗不太理想，廁所異味濃重，淋浴間還沒清潔過，冰箱居然等到客人來後才開，兒童戲水池已經很髒，小黑蚊更是多到不行⋯,1,1,-1,5462,,2023/05/08,0,負向
廁所尚未清理、草地長得像小樹、冰箱發霉未整理、溪水池像生態池，整體狀況很糟糕。,1,1,-1,5463,,2023/05/08,0,負向
從週六中午到週日快到中午，廁所完全沒有清潔過，衛生紙也沒有補充。,1,1,-1,5464,,2023/05/08,0,負向
收到太多帳單，帳單之間太靠近了，晚上鄰居吵得讓我無法入睡。只給一顆星是因為環境乾淨，房東親切。但應該不會再來了。,1,1,-1,5471,,2022/05/08,0,負向
這個營地情況確實很糟糕，植被稀少導致排水不良，土壤鬆軟容易拔起營釘，並沒有足夠的棧板，地面泥濘濘的。整體來說，營地環境很糟糕，但至少有帥哥服務態度不錯，值得給一顆星。,1,1,-1,5472,,2022/05/08,0,負向
這個營地管理者並沒有有效地應對吵鬧的客人，他們在中午開始一直狂歡到淩晨四點！儘管我們無法制止喝醉酒的客人，但營區的電話卻沒有人接，也沒有人於半夜12點之後出來制止這種情況，這明顯地嚴重干擾其他客人的休息時間。營區的使用規章明確禁止卡拉OK，但卻讓人隨意唱歌一直唱到天亮，導致警察前來勸導，或者繼續大聲喧嘩。總結來說，這個營地真的不太推薦。,1,1,-1,5476,,2022/05/08,0,負向
這次住在貨櫃露營屋內，營主很熱心，但營區環境清潔需要更加努力，特別是洗水槽和冰箱。進入房間時拖鞋都濕濕的，詢問打掃阿姨，她說有使用消毒酒精，但可能使用得太過濕了。更令人困惑的是，在洗澡的過程中浴室多次停水，甚至停水2-3分鐘之久，這樣的情況讓人感到非常不方便，尤其在這樣的天氣裡。無論是小孩還是大人洗澡都會受到影響，讓人感到相當無奈。,2,1,-1,5482,,2022/05/08,0,負向
這個房間和網上評價描述的不太一樣，收拾起來後空間就很有限，小朋友幾乎沒有地方玩，不過其他公共設施還不錯。,2,1,-1,5491,,2021/05/08,0,負向
這個地方的營區設施非常不方便，洗碗的位置太矮，必須劈腿才能清洗。同時B區和C區共用衛浴，卻缺乏清潔人員經常打掃，讓廁所難以維持整潔。晚上時分，其他露營者的噪音完全沒有管控，一直聊天唱歌到清晨五、六點，即便投訴給管理單位也沒有改變。這樣環境讓人感到非常糟糕，對整體露營品質產生負面影響，讓人不想再去這裡。,1,1,-1,5497,,2021/05/08,0,負向
飲水機離冰箱太遠，營位靠得太近，因此很吵雜，停車處太遠，不太方便。,2,1,-1,5498,,2021/05/08,0,負向
環境設施很好！只可惜..管理規定不夠嚴格！讓其他客人..夜裡喧譁不斷！影響大家休息時間..,1,1,-1,5515,,2020/05/08,0,負向
在這個營區裡，硬體設備不錯，衛浴設備也很乾淨。然而，有三隻大狗狗在營區附近四處徘徊，從晚餐到半夜一直很吵，影響了大家的休息。儘管不討厭狗狗，但牠們在用餐時的打擾確實令人困擾。希望能儘快解決這個問題，除此之外一切都還算不錯。,2,1,-1,5520,,2020/05/08,0,負向
雖然環境不錯，但是有很多小黑蚊，還有野狗半夜會翻垃圾筒，一直在帳篷外走來走去，讓人睡不好。,2,1,-1,5521,,2020/05/08,0,負向
這個地方其實不太安靜，因為靠近羅馬公路，半夜總是噪音不斷，要不是重型機車就是跑車。還有在營地有收費用的情況，還不能踩草坪，難道要我們飛起來嗎？一個帳篷要1200元，卻沒有景觀和清新的空氣，價格有點高。給它多一顆星是因為附近有很多螢火蟲可以帶來放鬆的感受，這是我唯一讚賞的地方。,2,1,-1,5534,,2019/05/08,0,負向
這個地方很適合露營，環境真的很美。,2,1,-1,5535,,2019/05/08,0,負向
各區間距離太近，營位過於密集，導致擁擠，晚上鄰居聊到1點或2點，影響了安寧。,2,1,-1,5538,,2018/05/08,0,負向
兔子最好不要養在室外，飲食也很重要。如果店家想要經營養兔子的生意，應該要好好吸收有關兔子的知識。建議店家提供兔子無限量的提摩西草和煮過的飲用水，再加上適量的飼料。兔子最適合生活在17-25度的環境，並要避免潮濕和淋雨，以免引起黴菌等脫毛皮膚疾病。長期暴露在高溫下容易中暑。有一次在夏天的情況下，一隻兔子在室內沒有冷氣的地方，肝功能指數偏高。我自己也養過兔子，我沒有讓牠在家裡吹冷氣就到處跑。分享這些知識給店家，希望能夠共同營造一個既友善動物又友善環境的社會。,1,1,-1,5737,,2022/05/08,0,負向
這裡的風景很美，但環境和人員素質還有改善的空間。,1,1,-1,5799,,2019/05/08,0,負向
這間五星級飯店有很多蚊子和蒼蠅，不管是早上還是下午都有很多，而且就連管理人員也提到他們有在賣蒼蠅貼片。,1,1,-1,5807,,2019/05/08,0,負向
這句話的意思是：在運營有放鳥的活動的場所，請注意不要踩到雷。,1,1,-1,5813,,2019/05/08,0,負向
設施較簡單，景觀也一般般。,2,1,-1,6069,,2023/12/08,0,負向
一開始說可以在這區搭帳，但大熱天搭好帳後又說這區不能搭要停車；然後再移一次又提高價格。真的很令人氣憤，路況不好且車底盤容易碰到。,1,1,-1,6073,,2023/07/08,0,負向
洗澡的時候水溫難調，而且沒有提供飲水機。,2,1,-1,6076,,2023/05/08,0,負向
菠蘿蜜區的熱水剛洗頭就沒了！這個區域需要與其他區域共用2間廁所和浴室（兼備蹲式馬桶和浴缸）。車輛無法進入營地，必須由營地負責人提供公牛車進行運載設備。,2,1,-1,6079,,2023/05/08,0,負向
這個雅房的實際情況差距很大，我只好算了。房間很久沒有整理，到處都有跳蚤，讓皮膚很癢。我們忘記帶食材的時候已經是傍晚了，當我們打電話詢問時，對方以為我們不要了，工讀生就來打掃並把東西帶走了。下次應該先問清楚租地點的人是否遺忘東西，處理事情的方式我無法接受，需要改進。但也沒有什麼好生氣的，都是自己的疏忽，怪不得別人。,2,1,-1,6090,,2023/05/08,0,負向
環境不錯，營區主人很熱情。我們訂了五人帳篷區域兩晚，但只有一間浴室可以洗澡，要等很久才能洗。如果我們五人帳篷區只有8個人已經覺得少了，那麼如果標準的五人帳篷區有10-15人，洗澡恐怕要排到什麼時候才輪得到？,2,1,-1,6099,,2022/05/08,0,負向
根據上述描述，顧客的體驗並不如預期。1、付訂金後，提出問題卻未獲回應；2、入住時未見到老闆老闆娘，缺乏親切感；3、共用兩間盥洗室，人數眾多，卻只在收款時現身，衛生狀況引發疑慮；4、洗澡需排隊，尿尿需忍耐；5、缺乏肥皂、洗碗精、沐浴用品等必需品。综上所述，11位露友對露營體驗普遍不滿。,1,1,-1,6137,,2019/05/08,0,負向
請問這樣做生意的嗎？要求已經訂位的客人退訂以接下夜場的包場，甚至要求客人改訂其它日期？這樣的行為讓我感到困惑，因為「人無信而不立，業無信而不興」，這是古今中外都有的重要教訓。,1,1,-1,6320,,2023/06/09,0,負向
所有的住客都很安靜，唯獨星期日早上房東的朋友到訪，居然從早上六點就在前庭聊天，一直聊到接近八點。讓人有點困扰，該怎麼去睡覺呢？做生意的時候要注意這一點，其他方面都還算可以。,1,1,-1,6328,,2023/05/09,0,負向
在非原住民經營的露營區，客人訂單確認後被管理員修改，多付了不少錢。環境沒那麼讓人放鬆，感覺隨時受到營區主人監視。也許應該考慮關閉這樣的露營區，還給原住民經營吧！,1,1,-1,6580,,2023/09/09,0,負向
這個營區不適合冬天前來，即使我們沒使用高功率電器，仍然會遇到跳電的問題。營主對此非常生氣，甚至說出不雅言語，偶爾還會聞到煙味（營主抽菸）。特別是帶著小孩來且是冬天，我完全不建議來這個營區。唯一的優點是廁所很乾淨。,1,1,-1,6593,,2023/05/09,0,負向
這個營區在冬天並不適合，因為使用低功率電暖器時容易跳電，並且營主可能會責怪嫌「怕冷就不要來露營」。同時需要小心應對工作人員的可能責罵。,1,1,-1,6594,,2023/05/09,0,負向
營地的廁所清潔度真的很好！露營在山上可以放鬆心情並吸收芬多精，但很可惜營地主人經常在帳篷旁抽煙！如果計畫帶孩子來露營的話，可以考慮這點，以免受到二手煙的影響。就給營地主人一顆星評價，也提到煙的環境問題。,1,1,-1,6597,,2023/05/09,0,負向
營區整體環境乾淨，洗澡水溫度尚可，但供電不穩定，凌晨時段電力常中斷，導致照明不足。建議定期檢修供電設備以改善問題。此外，營區內可以自由使用卡拉OK，但請留意其他露營者及標示使用方式，以維護共享空間的整潔與秩序。,1,1,-1,6614,,2022/05/09,0,負向
露營區和浴室環境都很好，但除了營主之外，其他女性工作人員的服務態度卻非常差！他們毫無善意，對營友提問也態度冷淡，讓人感到不舒服。這樣的服務讓我決定不再造訪這裡了。,1,1,-1,6617,,2022/05/09,0,負向
環境整潔，熱水供應時間只到晚上十點，洗手台旁的燈也只到十點，營區的主人似乎缺乏熱情⋯⋯⋯⋯,2,1,-1,6625,,2022/05/09,0,負向
(11/7入住) 看到網友的優秀評價，滿心期待地帶著老婆小孩來到馬胎227人生第一次露營。選擇了廣場區，初次來到感覺整體環境非常幽靜乾淨。晚餐後，小孩跟隔壁營區的熱情家長一起玩夜間探險，可惜下雨，但也算體會到露營的樂趣，直到入夜後就準備睡覺了。然而，一群晚來的客人卻一直嘻笑喧鬧，徹夜大聲唱歌聊天，深夜2-3點在寧靜的山區顯得格外吵雜。雖然營主沒出面制止，基於安全考量我也遲遲未前去反映，直到3點半左右友人氣憤地提醒才有所改善。下雨又加上整晚未能入眠，我的心情受到影響，早早就整理行李準備離開。這時，營主前來幫忙移車，竟然主動提到昨晚客人的吵雜行為，說是熟客，並表示自己也有聽到深夜的喧囂聲音。我質問為何不制止，營主竟然笑著回答客人喝酒所以才大聲，無法控制。唉，營區在預訂網站上擁有5星評價，但無奈營主偏袒熟客，對新客人稍嫌冷淡。,2,1,-1,6640,,2021/05/09,0,負向
這個營區實在是擁擠，每個帳篷都貼得很近，活動空間幾乎不存在，而且酒客很多，喧鬧不止，對於家庭活動並不適合。,1,1,-1,6655,,2021/05/09,0,負向
非常過度的擁擠，擠得無法忍受，真是無語。,1,1,-1,6659,,2021/05/09,0,負向
只有中華電信有訊號，其他家都沒有訊號，但營地有WIFI。首先要告訴大家，往馬胎227營地的路上需要開得很慢，因為道路彎曲看不到來車，有點危險。接近營地之前的道路正在整修，所以很不平整，有很多大小石頭，容易刮傷車底。如果開休旅車倒是沒什麼問題，一般轎車要格外小心。我們這次住在營主家前的廣場區，場地很小，放了5個帳篷，相當擁擠，孩子沒有活動的空間，感覺營主有點搶錢。而環境有蟑螂，還有非常多的蒼蠅（目前看過最多的營地），但可能因為海拔750公尺，沒有小黑蚊。廣場區不遠處約1分鐘路程有廁所，廁所很乾淨，旁邊有小溪可以抓溪蝦，水不深適合小朋友泡腳。另外值得一提的是，營主養的雞到處亂跑，沒關籠，凌晨三點就開始啼叫，吵得你難以入眠，早上還跑到營地周圍玩耍。如果以上問題您可以接受的話，可以考慮去試試，但我是不會再去了！,2,1,-1,6660,,2021/05/09,0,負向
到達目的地後才發現路況非常糟糕，車子無法繼續行駛，只好停在附近另外找地方步行前往營地。,1,1,-1,6661,,2021/05/09,0,負向
營地已經擠滿了，還接納了太多客人，老闆家養的雞整晚都在叫，根本睡不著。,1,1,-1,6664,,2020/05/09,0,負向
這個營地的地緣不大，景色有限，有溪水和兒童滑梯，但沒有沙坑。廁所和浴室很乾淨，但地面總是潮濕。B區最適合搭帳篷，有幾隻放養的雞自由走動，不停地咕咕叫，有些吵。總的來說，雞比狗幸福，因為狗被關在籠子裡。早晨一片雞鳴狗叫，持續不斷。然而，大自然的蟲鳴鳥語依然存在。總的來說，這裡沒有太多好的選擇。,2,1,-1,6668,,2020/05/09,0,負向
這家營地的營主和家人態度都不友善，並讓家裡的狗在隨處大小便。,2,1,-1,6693,,2023/03/07,0,負向
你的意思是即使沒有使用高功率的電器，卻出現跳電的情況，對方還建議不要出去露營，並且說了一些不當言詞？可能有些言行過激。黑設第六代功率380W 是指使用了第六代電源供應器，功率為380W 嗎？,2,1,-1,6697,,2022/12/13,0,負向
這個營地管理不當，導致廁所髒亂，垃圾不清理，廁所味道難聞，洗澡沒熱水，晚上要挑房間，周圍噪音影響休息，找營主要等兩小時。這次經驗讓我決定不會再來這裡了。只給一顆星是因為風景很美。,1,1,-1,6753,,2024/04/11,0,負向
這個地方非常狹小且擁擠。每天半夜都會有野狗來尋找食物。垃圾桶不是獨立使用的，而是與其他房客共同使用。,1,1,-1,6756,,2024/04/09,0,負向
這個住宿房間隔音效果不好，廁所還在外面，連吹風機都沒有，相當不方便。而且露營區的廁所因為使用人數眾多，清潔狀況相當糟糕。,1,1,-1,6758,,2024/04/09,0,負向
這句話的意思是在營地待了一整天，晚上營地管理人員沒有來檢查，於是我打電話給管理人員。當時已經過了11點，但仍有人在帳篷裡聚在一起喝酒嬉戲作樂。管理人員到場後，場面還是很吵。,1,1,-1,6766,,2024/03/09,0,負向
在這個營區，客人給兩顆星的評價主要是為了風景美麗，另一顆星則是給予工作人員親切的態度。建議對於ABC三區要減少收費一半，否則只接受包區預約。因為現在的安排讓人覺得像是被擠在一起，看起來就像難民營一樣。有點讓人感到南投這樣的情況很普遍？未來可能會選擇去苗栗或新竹的營區，因為那裡正努力提升露營品質，而不是像這裡這樣讓人感到很失望，以致於差點提前離開。獨自一人被包圍在整群人中間，真的感覺很不好。希望營區經營者可以考慮單獨露營者的感受，而不只是想賺錢⋯⋯,2,1,-1,6771,,2024/01/09,0,負向
當一開始線上訂位時，前排的景觀位置還有空位，我們已經提前付款保留了位置。然而當到達當天晚上時，我們被分配到中間的草皮區。我們問老闆我們不是預訂了前排嗎？老闆回答說那是留給當天晚上才訂位的人的。我們又問老闆我們現在不就是晚上才來的嗎？老闆卻無能為力地表示沒辦法⋯後來才得知他把位置給了後來才訂的6組客人⋯感覺有點被忽略，真的很失望。,1,1,-1,6773,,2024/01/09,0,負向
"1. 12/1-12/2 凌晨1點多，露營區B區有位大人講話聲音大，小孩在歡樂地玩耍。  
2. 帳篷與帳篷之間距離很接近，營繩險些糾結在一起。  
3. 垃圾桶數量不足，擺放在營位前面，建議可以擺放在後方或區域入口，這樣才不會頻繁有人來往。  
4. 營友的行為舉止相當重要，可以請不要在其他帳篷前走動檢視別人的裝備，這樣很不禮貌，需要走動時請繞過帳篷後方。  
5. 請設立專屬吸菸區，下風處散發濃重煙味，地上還有煙蒂，這樣的露營地點並不受歡迎，不會再考慮再次造訪。",1,1,-1,6776,,2023/12/09,0,負向
我昨天去過騰雲露營區，但感覺非常糟糕。浴室很大（最後一間沒熱水），飲水機很髒，冰箱又小又亂放，馬桶水箱沒蓋子。草地上還有很多蜈蚣。營區環境很差，小孩沒活動空間，營位間距太近。晚上隔壁的營位超吵，管理也不到位。帶狗的露營友無法控制好，經常跑到我們帳篷邊，對有小孩的我們造成困擾。我看完評論後真的不建議去，因為沒有看到好的景色，只有一顆大樹擋住。,1,1,-1,6786,,2023/11/09,0,負向
有些流浪狗咬走了一半的雞，還有些戴項圈的狗，淋浴水溫忽冷忽熱燙傷了人，甚至遇到一位沒有禮貌的女遊客在浴室地板上亂丟衛生紙。,1,1,-1,6797,,2023/08/09,0,負向
打了二三十通電話都沒有人接，沒有熱水，我在裡面等了二十幾分鐘，水也時冷時熱。這樣的露營區真的不值得給六顆星，這一顆星完全是多出來的。挺氣憤的...,1,1,-1,6802,,2023/05/09,0,負向
這是我第一次去露營，發現營區的廁所清潔頻率很低，即使打電話反應了還是沒有人來清理。此外，營區的熱水忽冷忽熱，睡眠品質也受到干擾，早晨又要忍受寒流，真是相當不舒適。,1,1,-1,6817,,2023/05/09,0,負向
廁所的數量有限，而且清潔情況不佳，熱水有時供應不穩，客房內的電話反應廁所的衛生問題，但業者未能處理。,1,1,-1,6818,,2023/05/09,0,負向
這個營區雖然靠近野營體驗，但收費卻高，且上山路況狹窄，不易通行。到了營區後也沒有服務人員引導，讓遊客自行尋找位置。在海拔1000m以上的高山地區，多輛車前來後離開困難。另外，營區環境出現了不尋常的問題，如半夜斷電、訊號不良、缺水低水壓等，讓住客不便。廁所衛生環境差，管理不善，且設備無法負荷大量遊客，造成不愉快的體驗。,1,1,-1,6822,,2023/05/09,0,負向
打電話給營房主說廁所沒有衛生紙，然後直接掛斷電話是不太禮貌的做法。,1,1,-1,6825,,2023/05/09,0,負向
聖誕夜發生停電事件後，營區管理處理速度較慢，甚至警告表示若再有類似情況將會斷電整個區域。朋友前來幫忙修理水電並未要求額外費用，雖然營區用電量及廁所清潔需調整，但仍擔心未來新增營位的問題。,1,1,-1,6832,,2023/05/09,0,負向
上方特區的情況似乎相當混亂，營主雖然包了團露，卻任由其他露客夜衝，導致帳位安排困難。此外，其他露客未依規定在中午12點收帳離開，也未看到管理。其中兩個位置靠近浴廁又太小，無法搭建兩帳，而訂位網站的照片仍舊，易讓人誤解只有一帳位。這些問題需要營主改進，好的信譽與品質才是永續經營之道，重要的是持之以恆。,1,1,-1,6833,,2023/05/09,0,負向
最無法忍受的是夜衝沒有明確的限制，即使到了晚上11、12點，仍有車輛不斷上山，車燈和搭帳人的喧囂聲直到深夜。第二天早上清點時發現帳篷下滿是蜈蚣，好在有使用草皮墊，但仍有蜈蚣鑽進帳篷裡，數量比螞蟻還多。營區視野優美，可以在傍晚看到夕陽，夜晚欣賞星空，早上則被濃霧包圍，宛如置身仙境。廁所和浴室的數量有限，但有提供冰箱和飲水機。幸好是在連假前一天抵達，深夜受到夜衝的干擾，第二天一大早就匆匆離開，不想在擁擠無法放鬆的營地逗留太久。,2,1,-1,6842,,2023/05/09,0,負向
準備食材的時候，營地的冰箱雖然剛打開，但已經冰了快一小時，溫度卻還是27度，比家裡的冷氣還要熱。就連冰塊都直接融化了。晚上洗澡時，朋友們剛進浴室就發現沒熱水，修好之後我們才能洗澡，但只有前兩分鐘水是熱的，後面全程都是冷水。整個過程相當艱苦，花了半小時忍受冰冷的水才洗完澡。雖然營地風景優美，但設施確實需要加強。,1,1,-1,6849,,2023/05/09,0,負向
建議首次到這裡露營，之後每次都會感覺像來到天堂一樣喔...,1,1,-1,6856,,2023/05/09,0,負向
總的來說，這個地方的景色還不錯，但和一些人所說的不太一樣，Wi-Fi 的連線還算順暢，衛浴設施還可以，但熱水不太穩定可能是最大的缺點。人流比較擁擠，對露營者來說可能是一個噩夢，停車位也不太夠，有很多帳篷擠在一起，前往的人可能需要自己評估情況，不要只聽網路上的吹捧。,2,1,-1,6859,,2023/05/09,0,負向
B區就像停車場露營一樣，完全看不到風景，真是讓人很不開心。,1,1,-1,6860,,2022/05/09,0,負向
環境清潔需要改善，營地過度擠滿，品質很低劣。,1,1,-1,6864,,2022/05/09,0,負向
"1. 冰箱只能用來冷藏食物，但冷度不夠佳，並散發出濃烈的異味，看起來好像有一段時間沒有清理了！冰箱沒有冷凍功能，所以食材都變成了常溫！
2. 不同家電信公司的訊號都不太好，雖然有提供WiFi，但訊號並不穩定。
3. 這裡沒有壯麗景觀或帳篷，也不希望看到一整排車輛！雖然停車空間很多，但A區卻塞滿了車輛，如果無法訂到觀景位置，B區就得面對其他人露營的車子。官網描述和實際情況不相符，向營地主人反映也得到的答覆是這樣規劃的。
4. 浴廁前面有一大片的蜘蛛網和蟲，給孩子們一個觀察生態的機會，雖然浴廁很大，但從抵達到離開，垃圾桶一直都是滿的…清潔需要更加用心！
5. 特地前往觀景區，無論是白天或夜晚，景色真的很美！",1,1,-1,6868,,2022/05/09,0,負向
營地管理單位提到只有A區（景觀區）的停車方式類似於停車場。而其他區的停車格局則像是在露營場停車。如果無法預約到A區，我們建議可以考慮在附近的停車場露營。,1,1,-1,6869,,2022/05/09,0,負向
B區停車環境好像停車場露營，停車位不足，讓遊客的帳篷和車子擁擠在一起，園區有告示牌建議停車在外面，但默許A區的遊客將車停在旁邊，這跟官方照片和規劃不符合，付了1000元停車費卻有被欺騙的感覺。希望業者能提供清楚的指引，避免遊客到現場才發現停車問題，看出去的景色全都是別人的汽車，對於業主的消極態度感到極度失望。,1,1,-1,6870,,2022/05/09,0,負向
在各處都可以聽到卡拉OK聲，而且音量很大但卻沒有人管理，這損害了美麗的景觀，讓人感到失望。,2,1,-1,6882,,2022/05/09,0,負向
有很多螞蟻，到處都是螞蟻，住2晚真是讓人害怕。,2,1,-1,6907,,2022/05/09,0,負向
營區晚上1200元一晚，每個營位都很接近，營主好像沒有考慮到應該要準備帳篷拉繩的問題，而且營位設計非常狹小（照片上的瓶子只是用來做比例參考）。,1,1,-1,6953,,2021/05/09,0,負向
營區人潮眾多，每個營位都擁擠得不行，連5＊8的空間都找不到，被安排在左側第一個紅圈處，被夾在兩棵樹之間。另外還多收了三個人，下次應該不會再來了。,2,1,-1,6957,,2021/05/09,0,負向
夜晚的風景確實很美，讓人感到放鬆愉悅，不過衛浴設備方面還有些問題，熱水容易燙到人，轉動過去又變成冷水，而且營地的排水情況也不佳，希望這些問題都能得到改善。,2,1,-1,6964,,2021/05/09,0,負向
"優點：雲海景色優美，夜景迷人，夕陽燦爛，草地平坦。
缺點：建議減少1/3的帳篷營位，以增加活動空間；浴室廁所不足，且缺乏標示；水壓不穩，水溫問題嚴重；停車空間不足且規劃混亂；網路訊號僅中華電信穩定，其他電信業者訊號不理想；WIFI信號不穩定，因人數眾多而無法連線。",2,1,-1,6966,,2020/05/09,0,負向
這句話的意思是「這次活動結束後，營地負責人在半夜要求參加者結清帳款」。,1,1,-1,7009,,2019/05/09,0,負向
這裡擁擠得像難民營一樣。,1,1,-1,3321,,2017/05/07,0,負向
營主可能會多收費用，營位有點狹窄，停車空間有限！,1,1,-1,6676,,2019/05/09,0,負向
B2區常常有許多蟑螂，有時還會傳來狗屎的氣味。,2,1,-1,6728,,2020/08/21,0,負向
老闆的態度很不好，浴室沒有熱水。,1,1,-1,521,,2022/05/06,0,負向
優點：D區場地很寬敞並有樹木遮蔭，在树荫下不必搭建帐篷也避免曬到太阳，非常方便。缺點：環境整理有待加強，水槽十分骯髒，廁所內有許多蛛網，顯然已有很長時間沒有進行清潔。露營區和廁所門口的洗手槽有非常多的大型會飛行的蟑螂，衛生狀況實在令人擔憂。,2,1,-1,1,,2024/05/06,0,負向
廁所沒有固定時間清潔所以很臭，吹風機品質差，常過熱斷電，浴室洗到一半沒熱水或熱水不夠熱，冰箱容量不夠，無法應付所需，洗手台傾斜無法放置物品。,2,1,-1,16,,2023/12/06,0,負向
這個營地環境惡劣，管理不善，衛生狀況糟糕，設施老舊，環境整潔程度令人擔憂。在這裡有著糟糕的使用體驗，為了個人健康考量，完全不推薦再次造訪。,2,1,-1,21,,2023/11/06,0,負向
環境不錯但人員態度要改善一下（10/8萬聖節活動扮演鬼滅之刃女生的人員） ，看到臉之前就這麼不耐煩回應，如果不是為了小朋友我可能會當場表達不高興。,1,1,-1,22,,2023/11/06,0,負向
營地的照明有點不足，我們中午抵達時就發現廁所非常髒亂，一直到晚上十點，情況仍然沒有改善！垃圾桶滿了溢出來，衛生紙散落一地，馬桶也十分骯髒，幾乎每個廁所都讓人感到害怕...,1,1,-1,36,,2023/05/06,0,負向
水壓不穩、溫度變化大，流理台嚴重不足，房間人多並且外面有野貓野狗，還有一些酒後失控的人在露營時作出不受控制的行為，這樣的情況不適合夏夜露營，整晚都被你的抱怨聲所困。,2,1,-1,38,,2023/05/06,0,負向
營區本應是要求在晚上10點後降低音量的，但為何還有人團體彈吉他並且一直喧嘩到半夜兩點，卻沒有任何管理呢？難道不關心大家的休息嗎？,1,1,-1,45,,2023/05/06,0,負向
廁所很難聞，看起來好像好幾天都沒有清潔過，衛生紙也用光了沒有補充，雖然環境很漂亮，但是被帳篷和車塞得滿滿的。,2,1,-1,46,,2023/05/06,0,負向
這個地方真的很寬敞，但F區確實不太推薦。為什麼要在附近放壓力機，還有為什麼要允許人們在那裡搭帳篷呢？這個地方24小時都在不停地吵鬧，就算停了一下下，也很快就又開始叫了，根本讓人無法好好入眠啊。,1,1,-1,50,,2023/05/06,0,負向
營區的自然風景很美，場地很寬敞，但因為收容的人數較多，導致廁所不夠而且髒亂。希望能增加清潔頻率，並補充更多衛生紙。另外，浴室的數量明顯不足，倒數第二間沒熱水，水溫和水壓都不穩定，排水系統也有問題容易積水。最讓人無法接受的是垃圾直接在現場焚燒的行為，這樣做合適嗎？,1,1,-1,68,,2023/05/06,0,負向
服務真差！假日時人潮眾多，沒熱水還得體諒、等待！跟老闆反映後，說沒瓦斯要換瓦斯，要求脫光身上的衣服，身上還塗滿沐浴乳，山上那麼冷！在那邊等了整整20分鐘！結果還是沒熱水？？？我就想問！瓦斯換去哪裡了？太誇張了！再也不會光顧了！,1,1,-1,96,,2022/05/06,0,負向
帳單太高了，廁所很髒，洗澡時只有冷水，早晚都沒有熱水，我非常不建議。,2,1,-1,106,,2022/05/06,0,負向
過去的露營經歷真的令人難忘，在暗路上踩著爛泥去上廁所，然後再踩著爛泥回帳篷。露營區的排水系統不完善，即使沒有大雨，也可看見飄飄河。還經常跳電，熱水也不夠熱。這真的是一段苦不堪言的經歷啊！,1,1,-1,108,,2022/05/06,0,負向
廁所和洗澡間在同個地方，洗澡時可能聞到馬桶的味道，且洗手盥洗台的設備也很不足。,2,1,-1,112,,2022/05/06,0,負向
房間雖然不是很乾淨，但春節價格相對便宜。,2,1,-1,114,,2022/05/06,0,負向
這個地方真是讓人失望，第一天只有冷水可洗，第二天還斷電了，營主卻賺得盆滿缽滿。,1,1,-1,118,,2022/05/06,0,負向
營區環境宜人，有小溪和螢火蟲，但有人反應浴室水溫變化大，今天卻一直是冷水沒有熱水，讓人感到失望。,2,1,-1,148,,2021/05/06,0,負向
雖然這個地方很大，但營區的規劃過於密集，導致缺乏活動空間。活動區域缺乏樹蔭，容易過熱，而且衛浴設施如果太多人使用會明顯不足，需要排隊洗澡。雖然有螢火蟲和溪水可玩，但比這裡還多更適合露營的地方。,2,1,-1,149,,2021/05/06,0,負向
建議營主規定晚上十點後保持安靜。對於隔壁房客大聲聊天的情況，你已經嘗試過跟他們溝通，但效果不彰。他們一直在談論業績成長，要求其他人效仿，造成噪音干擾。,1,1,-1,176,,2021/05/06,0,負向
浴室間太少了，洗澡時水溫冷熱不均，排水不良，地板上有太多碎石，洗碗槽也太少。,1,1,-1,190,,2020/05/06,0,負向
這個營地很糟糕，廁所超級骯髒，而且只有一間衛浴有熱水，然後他們收費是要1200元。,1,1,-1,204,,2020/05/06,0,負向
這個露營區沒有熱水可洗澡，廁所很髒，沒有適合小朋友的設施，收1200元，真的不值得。感覺上這個地方很糟糕，很難想像會有人想再去的。,1,1,-1,205,,2020/05/06,0,負向
排水情況很糟糕，下雨後草地變得泥濘不堪。,2,1,-1,207,,2019/05/06,0,負向
在營區裡唱卡拉OK和開高分貝音響的規定，但我們碰巧遇到了這樣的情況。有人一直唱歌到晚上11點，其他地方也跟著開始播放音樂。營區外還施用了臭肥，散發出非常難聞的味道，吸引了很多蒼蠅。雖然晚上提供了桂圓銀耳甜湯，但還是希望主辦單位日後能夠制止這樣的狀況，以免損害營地的聲譽。,2,1,-1,279,,2024/04/06,0,負向
"1. 營主非常熱情，在這麼炎熱的天氣裡，他送來了清涼透心的點心。
2. 營主也非常專業，聲稱附近有小黑蚊，結果我們前三名的收穫是34、33、19，很想知道在老闆眼中什麼數字才是多。
3. 廁所非常乾淨寬敞，共有四間，但要注意小昆蟲和小寵物。
4. 愛釣魚的朋友要小心，釣到魚後要妥善放置，因為老闆會透過監視器監視，查看是否有人藏起他的魚，若需呼叫老闆，閃爍於監視器前，他就會出現。感謝讓我在露營區破紀錄被小黑蚊叮。",1,1,-1,334,,2023/05/06,0,負向
明明知道螞蟻在繁殖期間數量會增加很多，卻沒有告知，導致露營體驗受到很大影響。,1,1,-1,373,,2021/05/06,0,負向
這個營區讓人不太想再造訪，炎熱的夏天最好不要前往，下午可能會有雷陣雨讓糟糕的排水系統暴露問題，泥濘的路面也影響到露營者的放鬆心情，勢必需要進行改善。,1,1,-1,375,,2021/05/06,0,負向
草地露營地如果設在排水溝旁可能不太好，下大雨時會有水溝流過，營地管理者應該考慮一下是否將露營區設在離水溝遠一點的地方比較好。,2,1,-1,376,,2021/05/06,0,負向
露營60天，第一次碰到這麼特別的露營地，雨棚就搭在營主家門口，營主的家人在營位旁出入，完全沒有隱私。明明租了營位，卻無法充分利用，還要留一條走道給他們用，壓縮了搭帳的空間，很不方便！,1,1,-1,417,,2024/04/03,0,負向
園區裡似乎有人放了捕獸夾，帶寵物前要特別小心。,1,1,-1,467,,2024/02/06,0,負向
這個地方真的不太好，以後應該不會再來了。大家都知道跨年的時候來開心，但是這個地方有太多限制了，什麼都要遵守法律，難道我們花錢來這裡只是為了睡覺嗎？我給你六顆星，多的那一顆是什麼呢？,1,1,-1,468,,2024/01/06,0,負向
我們在雙十連假期間預訂了5+8帳（二區）10/7~10/9。因為有颱風即將來臨，為了大人和小孩的安全，而且營地缺乏護草墊，在下大雨時容易淹水，營主不同意延期而只同意取消預訂，但扣除了60%的訂金。我可以理解這部分。但讓我感到不合理的是租借裝備費用，即使在未使用的情況下也不給予退款。營主聲稱這是由廠商代訂的，但事實上裝備一直放在他們的倉庫裡，沒有任何廠商參與。當我詢問營主關於營地排水問題時，他避而不答，並表示戶外地區淹水是正常現象，未提供解決方案。對於曾經造訪過這個營地的人來說，這裡的狀況不言而喻。在預訂營位時，應該要多花點時間閱讀營地評論，這樣通常不會有太大的失誤。,1,1,-1,475,,2023/10/06,0,負向
露營地沒有提供垃圾桶，需要將垃圾帶到廁所外的垃圾桶丟棄。營地未提前告知有季風問題，強風導致帳篷和營火區受損。地面是石頭，難以釘營，而且電力供應可能不足，連假時更需注意。計劃露營的朋友們請多考慮這些情況！,1,1,-1,482,,2023/05/06,0,負向
第二次到訪時，第一次寫評論，只給了一顆星，原因是衛浴設施很乾淨，清潔打掃很用心，但其他方面都不太推薦。露營地的碎石地非常硬，難以釘營釘也難以拔除，要小心會弄斷營釘，而且營位沒有提供草坪墊，垃圾桶和廚餘桶都只能在衛浴區找到，需要走很遠的路程。營區採階梯式設計，邊坡非常陡峭，完全沒有欄杆，對小朋友來說非常危險。另外，在這次露營中，夜間溫度接近零度，我們和其他露友都自備了煤油暖爐或火盆取暖。睡帳內最多只有用黑色設施和電熱毯，第一晚五位成員安然度過，第二晚增加到八位，但卻三次停電。在第二次停電後，營地負責人聲稱電器損壞要我們賠償，但其實我們沒有使用高瓦數的電器，連吹風機都沒有使用，第三次停電後，營地負責人直接停電，半夜我們只能依賴煤油暖爐取暖，結果第二天小朋友感冒了。這種服務態度只能說是欠缺的，這個營區將永遠被我列入黑名單。,1,1,-1,486,,2023/05/06,0,負向
"1. 老闆一開始很客氣，但當我付款後態度大轉變。當我告知因家人臨時離世無法露營時，營主卻不斷催促要看證明才能退款。我了解需要提供相關資料，但訃聞不會當天就拿到，也沒人會開這樣的玩笑。
2. 我們到達營區已經2小時才剛搭好帳篷，營主便來收尾款，讓人感覺很差。
3. 我們租借的床墊有漏氣，換了還是漏氣。營主對租賃商品管理不善，甚至生氣地說：「知道會漏就不要借！」
4. 垃圾桶離營區很遠。
5. 營區的熱水器水溫不夠熱，冬天不建議露營。",1,1,-1,487,,2023/05/06,0,負向
露營時遇到裝備不足的狀況，對朋友們很不推薦。友人租的充氣床總是會漏氣，半夜只好聯絡營地管理員，雖然營主前來更換，但態度和口氣都非常惡劣。床更換之後還是漏氣，最後全家只好睡在硬梆梆的地面上。營地對於租金的收取態度也不一致，最後更直接告知不歡迎再次光臨，這是我第一次遇到如此糟糕的經驗，必須向裝備不足的露營愛好者們提出反饋。,1,1,-1,489,,2023/05/06,0,負向
營區冰箱出現漏電情況，有可能對住戶造成危險，可是營區管理處對此問題的處理態度消極、非常不積極。,1,1,-1,490,,2023/05/06,0,負向
"1. 租借氣墊床的問題導致整晚睡在地板上，體驗很糟糕，營主態度不好。 
2. 一開始被告知不用收租借帳篷等設備，之後營主卻反覆要求收回，造成我們感到非常困惑。這次營區體驗非常糟糕，不會再光顧。",1,1,-1,491,,2023/05/06,0,負向
帶團露營從來沒這麼難過過，營地下雨積水後，向營主反應，但營主卻找種種藉口說尖石的營地就是這樣。營釘都打歪又沒有垃圾桶，得自己拿到廁所丟；晚上貓咪把我整理好的垃圾咬破，垃圾到處都是。清早營主就不客氣地要我快清理，當時剛看到亂成一團的垃圾，我感到很無奈。就好像我們亂丟垃圾一樣，早上就被氣到滿肚子。不到中午十二點就一直催促說怎麼收拾這麼久，我在等你們並且已經繳了營地費，時間還沒到啊！到底是怎樣，營主就能拿完錢後就隨便更改時間？真的不推薦這個營地，雖然營區風景優美，但營主的不友善態度和營地問題讓人很困擾。我希望和我一樣注重享受露營樂趣的人，不要花錢買氣受。因為無法按照我們期待的方式行事，所以只給一顆星星。即使營區美，也不能改變事實。我們離開時拍攝了視頻確保垃圾不離地，這是我們戶外人的品格。,1,1,-1,492,,2023/05/06,0,負向
"1. 搭帳篷的時候釘很難打進去，很多釘子都被敲壞了。 
2. 丟垃圾要到浴室才找得到垃圾桶。 
3. 廁所只有在打掃那天才乾淨，之後就很髒，感覺沒有在保持清潔。衛生紙用完後也沒有補充。 
4. 排水系統很差，下大雨的時候帳篷被雨水淹，水沒有排出去。",2,1,-1,498,,2023/05/06,0,負向
"原本準備參加萬聖節走秀，但突然下起大雨，把原本的計畫變成了辛苦的水漂和洗衣服的體驗。雨水讓帳篷靠在山邊，我家前後有小河，真擔心會變成河上漂浮的家。帳篷積滿了水，只好設法用土法挖水溝，模仿大禹治水，但似乎沒什麼用。這場雨不如前陣子北部的暴雨，讓我們決定提早收帳篷避雨。唯恐雨下到深夜，一家老小半夜驚醒更加驚慌…不過在這次雨之前的體驗還算不錯。喔對了，釘營釘很難打（可能是因為我工具太差，而且力氣不夠）~""~",2,1,-1,499,,2023/05/06,0,負向
下雨天排水不良，積水嚴重時若想學習挖溝技能，可以趁著雨天來練習！請記得先在蝦皮上買好鏟子。,1,1,-1,500,,2023/05/06,0,負向
營區的排水出了問題，泥濘將整個營帳淹沒，無法再在帳篷外露營。我們原本以為這裡會是乾燥地，沒想到需要提早離開。這讓我們明白露營時要隨身攜帶鏟子的重要性。,1,1,-1,501,,2023/05/06,0,負向
"上周我參加了一個親子露營團，去了印象尖石，星期六白天天氣還算可以，但下午四點開始下雨，不到半小時，各區就淹水了。我們的帳篷後半部分都淹在水裡，但問題是：
1. 營地根本沒有排水設施（地面還是石子），營主也無所作為，每個區域都淹水了，無法搬到其他地方，總不能兩手一攤啊！
2. 活動主辯稱這是天災，不該怪罪於營主（雖然我們有付活動費），但雨天積水問題不該被忽視吧！我們的小朋友因此無法參加活動，為了避免感冒，只好果決撤帳。
由於沒有人知道何時停雨，我們被困在水坑中，有許多人已經撤走，我們支付了營地和活動費共一千五百，換來的只是小朋友的失望、尷尬和滿腹怨氣。",1,1,-1,502,,2023/05/06,0,負向
這個營地的停車設施方便，但是排水系統不良並缺乏護草墊的問題相當嚴重。梯田地形下方的營位受影響最為嚴重，下雨時無法有效排水，很快就會淹水，整個營區變成河流的狀況。露營者不得不主動挖溝來救他們的帳篷，這次露營經驗相當糟糕，整個營區在下雨的晚上都撤營回家，非常驚險。總而言之，不建議在下雨天前往這個營地。,1,1,-1,503,,2023/05/06,0,負向
千萬不要在下雨天來這裡露營。營地的釘子容易被困在堅硬的物體中短。並且缺乏護草墊。地面不平坦，容易積水。雨水可能會使帳篷內部被淹水。雖然營地主簡單回答積水會在雨勢變小後15分鐘後退去，但若雨勢持續，還是會有積水的問題。另外，注意挑選淋浴間，有可能沒有熱水供應。,1,1,-1,504,,2023/05/06,0,負向
場地的排水出了問題，導致嚴重積水。提出反映後，卻無人理會，只能自己設法了。,1,1,-1,505,,2023/05/06,0,負向
茄苳D區排水不好，積水情況嚴重。第一次下雨就有積水，造成大家都要撤雨衣（後來整個露營區的人都提前收拾）。營地是草皮和石頭混合的地面，底層的石塊有些較大，雨天可能要額外注意避免困難。,1,1,-1,506,,2023/05/06,0,負向
營主的態度消極，因為地面不平導致排水不良，導致沒有進行護草措施，這又導致地面容易積水。,1,1,-1,507,,2023/05/06,0,負向
這次參加學校的露營活動是在4/30至5/2，共三天兩夜。我們使用的帳篷是登山野營用的。在搭建帳篷時遇到很多小石頭，安放營釘位置不太理想。我詢問營地工作人員如何在草地上敲營釘，他們借給我們鐵槌。有一位女工作人員和一位男生（或許是老闆）告訴我們要多找平坦的位置。（但態度不是很友善）第二天我們爬山回到營地，想洗個熱水澡。一開始開水時有熱水，後來打完泡沫再開水卻是冷水（當時溫度只有13度），結果我在13度的天氣裡洗了冰水澡。這是我從未有過的人生體驗。離開後才發現我忘記雨傘放在他們入口處的長凳上，打電話詢問時有位男士接聽，他說他們營地什麼都沒有留下。我覺得他們似乎不想有太多麻煩，如果有事情最好不要找他們。總結來說，這次露營經驗不算很愉快。,1,1,-1,517,,2023/05/06,0,負向
4/30週末連假我和一群朋友去露營三天兩夜。剛抵達營地時，發現環境還算不錯，浴廁也挺乾淨。雖然遇到好幾次跳電，冷熱水也難控制，但我們沒有抱怨。令人意外的是，最後一天中午12點才收到營主（或管理人員？我們不確定）的電話，要求1點前全部撤營，事先沒有告知，當時又在下大雨，只好趕緊處理。大約12:40，一位男性又來冷漠提醒，1點前一定要離開，有些朋友還被罵說，說收行李太慢要把大門關起來。還有幾位因為下雨找營主租帳篷或客廳，但因我們跟其他廠商租用，其他廠商有專人收，朋友們忽略收帳篷歸還的事。離開一段時間後，營地打來罵人的電話，說不回來收就報警處理。朋友們感到抱歉，趕回去處理，但為何營地的態度如此不友善仍令人困惑。我們也忍受營地的問題，只要解決就好；若犯錯，營主只要告知，我們會盡力合作，何必刻薄惡劣。營地地點不錯，可惜經營者態度讓我們失望，也讓我們不再願意再去露營那裡。,1,1,-1,520,,2022/05/06,0,負向
老闆態度惡劣且浴室熱水不足,1,1,-1,521,,2022/05/06,0,負向
冷熱水溫極為不穩定，只有非常熱和非常冷可以選擇，而且經常跳電。,1,1,-1,523,,2022/05/06,0,負向
老闆的口氣很刻薄，停電、洗澡水冷熱不穩定等問題都發生了。前往服務中心詢問時，甚至遭受了冷嘲熱諷。而去營地的路上都有很多落石，相當危險。,1,1,-1,524,,2022/05/06,0,負向
在這個旅館住了三天兩夜，洗澡時總是用溫度過低的熱水，小孩都冷到發抖。老闆一直在不停地凶三小，更讓人生氣的是，我們無法直接開車到我們訂房的位置。當我們終於見面時，老板很兇地問我們「你哪位」，而且根本看不起我們，連服務都沒有。連進來收錢時也是一副高高在上的態度，整體讓人印象很糟糕，尖石真的好差勁。,1,1,-1,525,,2022/05/06,0,負向
浴室設施稀少，有多個區共用四間浴室和四間廁所，洗澡和早上需要等一段時間；熱水供應不穩定，時冷時熱；經營者服務態度不佳。,1,1,-1,529,,2022/05/06,0,負向
營地老闆的態度很差，甚至說要趕客人離開山上。,1,1,-1,530,,2022/05/06,0,負向
營地老闆的服務態度很差，建議不要去，甚至還會限制停車位、要求人提前離開山上？真的難以理解。,1,1,-1,531,,2022/05/06,0,負向
在跨年時去了三天兩夜的地方，但熱水供應一直不穩定，也和旅館主人的女兒反應了卻沒有得到改善，回應也冷淡。廁所雖然有清潔過，但第一天就很髒，沒有給人良好的印象，感覺很可惜，而且每個區域都滿房間了。,1,1,-1,532,,2022/05/06,0,負向
場地草皮規劃得很不錯，只是熱水洗澡供應有點不穩定.....8度的時候只能洗冷水澡...好冷喔！,2,1,-1,534,,2022/05/06,0,負向
這周我們去露營，在露營區租了帳篷和客廳帳，其中一頂客廳帳已經不防水了，嚴重滴水。下午四點請老闆過來檢查，但工作人員要到晚上七點雨停後才過來。他們只擦了一遍裡布，並沒有仔細檢查有沒有破洞，檢查完後說沒有破洞就想要離開。我們強調這是因為防水塗層失效了，因為另一頂帳篷沒有這個問題。我們要求換掉這頂客廳帳，但老闆堅持這是正常現象，客廳帳裡面本來就會滴水。他的態度強勢又輕蔑，完全不理會客人的意見，堅持自己的觀點，並且表示賺錢很難。我們看了以前的評論，發現解決問題的態度與我們的經驗非常相似，可能已經習慣老闆的這種態度了。儘管露營區很美，但遇到問題讓心情變得疲累。,1,1,-1,538,,2022/05/06,0,負向
營地整理得宜，但管理人員的服務態度令人失望。當我到達時已經65%滿位，但發現冰箱已經沒有空間了。當我提出應該對冰箱進行分區管理時，他卻說無法做到，並建議我們提早抵達。另外，所有區域都沒有垃圾桶，需要自行處理，他稱人手不足，並詢問我有何建議。,1,1,-1,548,,2022/05/06,0,負向
這次露營經驗並不順遂，帳篷很難固定且飄動不已，影響了睡眠品質。營地管理的回應令人無奈，浴廁的熱水問題也令人困擾。總之，這次露營並不愉快，不太建議朋友們來這裡。,1,1,-1,554,,2021/05/06,0,負向
營區的帳篷太多，導致半夜時斷電，直到早上9點多才有電恢復。廁所很骯髒，而且有許多蜜蜂。,1,1,-1,561,,2021/05/06,0,負向
印象尖石營地給我的印象很差，第一次光顧也會是最後一次，地板堅硬得讓人手軟，營區空間狹小，營地老闆還一直額外收費，排營區擁擠，帳篷擠在一塊幾乎連成一片，停車位更是一團亂，大家隨意停車，四個區域最少都有40個帳篷位，共用一台冰箱和8間浴室。,1,1,-1,572,,2021/05/06,0,負向
洗澡時水溫變化大，沒有合適的容器，但至少可以找個地方裝水。小孩被熱水傷到哭了。,1,1,-1,579,,2021/05/06,0,負向
營地的地面是石頭，所以很難釘營釘固定。當風很大時，營釘容易把起來。下次我不會再去那個營地了。,1,1,-1,584,,2020/05/06,0,負向
約好的座位被取消了，抵達目的地後卻被告知沒有預留，感覺很不滿意。不過在結帳時有被道歉，浴室的花灑突然爆裂，水四處噴濺，但孩子們的遊樂設施卻很棒。,1,1,-1,593,,2020/05/06,0,負向
營區地面都是石頭，一般的釘子插不進去。晚上洗澡時水沒熱，洗到一半感覺快冷死了。,1,1,-1,597,,2020/05/06,0,負向
在抵達目的地之前，遇到了無法開上去的陡峭山路。,1,1,-1,624,,2019/05/06,0,負向
這個營區位於山區，受到季風影響，容易出現強烈的風，營主應該熟悉這裡的地形特性，提供協助和建議。最近兩次在這裡搭營時，帳篷支柱都被風吹斷，讓我半夜不得不撤離。,2,1,-1,765,,2017/11/21,0,負向
假日放鬆的好地方，欣賞夕陽的好選擇,1,1,-1,813,,2017/05/02,0,負向
這個露營地的規定禁止卡拉OK，並且管理上處理消極。管理明顯失當。如果你尋找品質好的露營地，我完全不建議這裡。,1,1,-1,1263,,2023/11/07,0,負向
明明已經公告禁止唱卡拉OK了，為什麼還讓某個區域的露營者在晚上唱出超級走音的噪音呢？這樣一來，其他人當然會覺得為什麼他們要乖乖遵守規則。,1,1,-1,1264,,2023/11/07,0,負向
和營主的朋友一起去露營，雖然營主人很好很客氣，但在最後一天我們收拾東西時，營地的員工也加入我們的收拾行列。有個狀況是他們把我們的洗碗精和菜瓜布誤收到垃圾桶裡，一開始詢問員工時，他們否認，直到請營主過來後才去撿回來給我們。大家正在忙碌地清理露營地，員工卻急著在身後收拾，有時候晚收並不代表沒有需要。我們的延長線差點不見了，詢問員工都說沒有收，只好請營主幫忙，最後才在共用空間找到它。另外，在靠近水上區和廁所附近的營地，經常能聞到濃濃的二手菸味，帶著小孩去玩水的家長要特別注意。此外，營主的朋友帶著狗去露營，但狗主人的行為讓人感到不悅，讓狗亂拉大便卻不清理，還發出刺耳的聲音，給其他露營者帶來困擾，直到深夜12點還不收斂。,1,1,-1,1288,,2023/06/07,0,負向
水很有趣，但是在營區周圍一直聞到有人吸菸，味道很刺鼻！,1,1,-1,1289,,2023/06/07,0,負向
在最後一天整理行李時，由營地雇用的工作人員也在同時整理行李，難道我們還未離開區域！太扯了！洗碗液和擦布被丟掉；連延長線也被移走，放在露營主們身旁，一開始問工作人員時，他們否認拿走，直到我們找營地負責人要回物品，工作人員才去垃圾桶找回洗碗液給我們，延長線則依然不認帳！！大家正在忙著收拾露營物品，還未離開區域，工作人員就在我們後面整理！晚一點收拾不代表不要，為什麼要亂動別人的東西，沒有水準，沒有教養。在靠近廁所的水區附近營地，每個人都能聞到濃烈的煙味，必須讓每個人去聞那股煙味！營地的朋友帶著狗來露營，在別人的營區讓自己的毛孩子亂拉，卻不清理，沒有品德！沒有教養。這次真的很倒霉，和營地的朋友在同一區，不得不忍受他們的刺耳音樂和喧鬧的笑聲，直到半夜12點。,1,1,-1,1290,,2023/06/07,0,負向
聽說新的營地主人正在經營C區，結果水溫打開車門就聞到一股腐爛泥土的味道，心裡就覺得完了。6月25日至26日，附近下了約100毫米的豪大雨，C區地面完全積水不會退，直接變成爛泥坑，腳一踩就陷進爛泥，拖鞋直接黏住，小朋友老是滑倒。營地主人和老闆娘把全區的草坪墊搬到我們第一次露營的小包區，總共墊了26片護草墊。雨過後，我去看了A、B、D區，完全沒有積水，只有C區有約5公分高的積水。營地主人答應我們會做出改善，如果真的改善了，我會再給5顆星的評價。,2,1,-1,1348,,2023/05/07,0,負向
熱水溫度不穩定，一下子熱一下子冷，熱水只能持續10秒，冷水才一分鐘，淋浴這樣太痛苦了！而且淋浴間還有使用過的衛生棉？？真的有人整理過嗎？,1,1,-1,1379,,2022/05/07,0,負向
重點不是錢的問題，而是我租的地方。廁所沒有整理，兩間牆上貼著女生的衛生棉。還有一間沒有熱水，另一間熱水無法調溫。,1,1,-1,1381,,2022/05/07,0,負向
網友提到的問題我都碰到了！環境髒亂，蒼蠅和不明昆蟲很多，下山後許多人皮膚過敏且被蚊蟲叮咬起水泡！水壓不穩，要麽熱得要命麼冷得受不了，整個營區就像個冰箱，四帳包場只有一間廁所，廁所裡沒有衛生紙。非常不推薦，帶小孩的就不必考慮了。,1,1,-1,1384,,2022/05/07,0,負向
在露營已經七八年了，但這次遇上了蒼蠅很多的營區，白天有一堆蒼蠅，晚上則有很多小蟲。廁所沒有衛生紙，熱水非常燙，溫度調不到合適的範圍，要麼是太熱要麼是太冷。看了評論後發現這情況好像一直沒有改善過。我們住在D區的四人帳篷區，非常擁擠，小孩子幾乎沒有地方可以跑。更讓人意外的是，四張包區只有一間廁所和一間浴室。總之，我不推薦這個地方。,2,1,-1,1385,,2022/05/07,0,負向
環境很亂，蒼蠅很多，3天2夜都沒有確切的整理清潔。,1,1,-1,1386,,2022/05/07,0,負向
在看了Google評論後很擔心營地的狀況，但當我親自到現場後才發現網友都說得挺中肯！廁所沒有備品，晚上停電沒有照明。水槽沒有清潔，也沒有垃圾桶。浴室有幾間水淹，熱水還不穩定。生態池有異味，A區塞滿了，還有角落沒整理。幸好有朋友一起，不然這次遊玩真的會搞砸228連假。,1,1,-1,1390,,2021/05/07,0,負向
營地官網標榜提供浴廁裡有衛生紙及沐浴乳，實際上卻沒有衛生紙，而沐浴乳也沒補充不知道多久。洗澡時的水溫幾乎都很冷，在3天2夜的露營中，浴廁及垃圾桶完全沒有清潔過。此外，發現少許蟑螂和蒼蠅。總括來說，這是一個很可惜的營地，儘管硬體設施還算不錯。,2,1,-1,1391,,2021/05/07,0,負向
這家露營地整體環境不佳，衛生狀況差，燈光明亮度不足，草坪還沒有維護好。總體來說，不建議大家前往露營。,1,1,-1,1392,,2021/05/07,0,負向
在露營區遇到很糟糕的情況，抵達後發現洗手槽沒有清潔，堆積了上一批人留下的殘渣。TOP區的草沒有除草也沒有照料，事先還特地打電話詢問營區是否有獨立冰箱，營主告知有，但到現場才發現只有在營區本部，距離很遠。營區有許多會飛的小蟑螂（甚至有大隻的），露營兩晚沒有人清潔廁所，也沒有提供衛生紙。只有在收費時才看到營主現身。我的朋友是新手，把帳篷和睡袋直接從營區租借後打開發現全濕。我們向營主反映後雖然有換新的給我們，但這是一個非常糟糕的經驗。,1,1,-1,1393,,2021/05/07,0,負向
這裡的環境狀況蠻糟的，河道裡有很多垃圾，浴室排水不良導致積水，清潔狀況也不盡如人意，工作人員出現的時候也很少。,1,1,-1,1395,,2021/05/07,0,負向
室外正在下著大雨，洗手間內則有輕微漏水，導致營區積水嚴重。,1,1,-1,1396,,2021/05/07,0,負向
衛浴缺乏補充衛生紙，戲水區清潔度不佳。營區空間狹小，未提供護草墊，且有許多小蟑螂出現。,1,1,-1,1397,,2021/05/07,0,負向
晚上去遊玩時，沒有人在那裡接待，廁所的衛生紙沒補充，有很多蟲，馬桶還塞住了，洗澡間的水忽冷忽熱，不過天氣還算熱……兩天兩夜都沒人來打掃廁所，只是隨意放置衛生紙卻沒有通知任何人……最重要的是，之前承諾的飄飄河呢？？？場地不大沒關係，草地不鬆軟，泥地也無所謂，小強隨處爬也無妨，但是飄飄河上滿是青苔和樹葉，根本沒有整理，也說水源不足……那其他區域要怎麼玩呢？我們難道不是客人嗎？即使它像是髒水一樣，但對孩子們來說是期待已久，要不然提前通知我們可以準備別的活動啊……差一點連泳衣、水槍和游泳圈都沒有帶，反而是在玩手機……,1,1,-1,1398,,2020/05/07,0,負向
這個露營區很擁擠，除了水上活動，就沒有太多草地空間讓小朋友玩了。,2,1,-1,1403,,2020/05/07,0,負向
很遺憾的是，跟附近的土牧驛相比，這裡的經營少了一些用心。我們露營的區域，浴室熱水不夠穩定，水道也長滿了青苔，更要命的是有許多小蟑螂（在其他山區的營地很少見，可以說幾乎沒有），洗菜槽的清潔也需要向營主提出要求。總之，這個好地方真的很可惜，特別是經過比較之後，還聽到營主驕傲地告訴遊客這周滿房的事。希望他們能夠努力維持優質的服務水準。,2,1,-1,1416,,2020/05/07,0,負向
營位位置在馬路旁，空間稍嫌狹窄。建議每個帳篷都設有流理台會更方便，因共用洗手間較遠。請注意保持水槽乾淨。設置飲水機、過濾系統、吹風機，提供優質洗髮精與沐浴乳是很好的服務！,2,1,-1,1417,,2020/05/07,0,負向
糟糕，營友和營主的朋友在同一區露營（下）。玩水的地方靠近廁所和營區本部，有濃濃的煙味，帶小孩來玩水的家長要小心。營主的朋友還帶了狗來，狗主人的行為不佳，讓自家寵物在別人區域隨處便便，也不清理。還有承受他們難聽的歌聲和喧鬧的大笑聲，一直到午夜～～～歌聲、喧鬧的大笑聲、二手菸味、狗便便，我們都能忍受，認為只是一晚。但掉東西、差點遺失，我們有必要提醒大家。,1,1,-1,1440,,2023/05/15,0,負向
在露營地和營地管理者的朋友一起露營的經歷中，我們遇到了一些小插曲。營地管理者非常友善和親切，但在最後一天我們收拾行李時，營地的工作人員也加入幫忙。不幸的是，他們把我們的洗碗精和菜瓜布誤放到垃圾桶裡了。起初，當我們詢問工作人員時，他們否認拿走了，直到我們找到營地管理者才前去撿回洗碗精。在忙碌地清理露營地收拾東西的過程中，工作人員還繼續在後面收拾。有時候他們晚一點收拾並不代表我們不需要。我們幾乎丟失了一條延長線，不知道被帶到哪裡，詢問工作人員他們仍然說沒有拿走。最終，我們只好請營地管理者幫忙一起尋找，結果在營地共用空間找到了。幸好當時我們知道有哪些東西丟失了，如果不知道或遺忘了，就真的會被帶走了⋯⋯,1,1,-1,1441,,2023/05/15,0,負向
浴廁很髒，蟑螂特別多的露營地,2,1,-1,1474,,2020/08/21,0,負向
感覺經營不夠用心，連廁所都沒有清潔。,2,1,-1,1477,,2020/05/07,0,負向
提升水槽的清潔以及維護草地。,2,1,-1,1483,,2019/09/09,0,負向
1. 基本上露營的家庭都會有小朋友，但是這個營區的衛浴空間太小了，要怎麼幫小朋友盥洗才方便呢？2. 露營這麼久第一次遇到沒有護草墊的營區，草地變成爛泥巴了，裝備放在地上該怎麼辦比較好呢？3. 洗手台真的太少了！4. 廁所也太髒了！,1,1,-1,1519,,2024/04/23,0,負向
"1.透過露營樂系統預定了D區的碎石區1帳，但到達現場後發現被安排在3帳的位置，而我則是第4帳。詢問營地負責人是否原本確實是3帳，對方回覆是4帳。預定時之所以選擇D區是因為想要有更寬敞的空間，沒想到營地卻超額接待，導致空間明顯不足。對我而言，空間很重要，感到有些受騙的情緒。(照片中可以看到4帳)
2. 另外，洗手間的衛生紙堆滿出來，看起來不太舒適。不過倒是有穩定的熱水供應。
3. D區缺乏護草墊，對帳篷底部造成損傷，而其他營區則有提供護草墊。
4. 飲水機的水量很少，可能比滴水還慢。 
5. 傍晚蚊蟲比較多，前方露友說的驅蚊線香也找不到。
6. 營地的垃圾桶只架設在少數地點，並沒有廚餘回收桶，對北部的露友來說相對不太習慣。",2,1,-1,1533,,2023/05/07,0,負向
事前預訂好了，但到了現場卻改變主意不做了！對方說沒關係可以等，但最終並未完成，直接安排我們到灰塵飛揚的桌區露營？對方回答模糊、蚊蟲猖獗、周圍環境混亂！,1,1,-1,1542,,2022/05/07,0,負向
小黑真是太可愛了。,1,1,-1,1547,,2022/05/07,0,負向
沙坑和球池讓小孩玩得很快樂，熱水的溫度和水量都足夠，建議老闆在沙坑附近設置一個沙圍，這樣風就不會把沙吹進帳棚底下的地墊了。另外，在C區後面有一條死水溝，也許要注意一下，因為那裡有很多小黑蚊。至於露營的整體感覺很不錯！希望露營者在拋棄廢棄物時要小心，在搭營區裡很危險啊。老闆的後續清潔工作也要更加仔細，以免小孩受傷。,2,1,-1,1585,,2019/05/07,0,負向
首先提及一個明顯的缺點是晚上11點後，營地主們並未控制音量，這絕對會造成噪音影響到睡眠。我誠摯建議營地主們能夠採取行動，提升露營品質，吸引更多品質好的露營者。另外，該露營區地理位置優越，且距離下山購物點不遠，約15分鐘路程就有一家全家便利商店。該營地的場地寬闊，草坪維護得很好，風景也宜人，最上層還有餐廳。,2,1,-1,1746,,2024/04/16,0,負向
總結這段句子就是在描述露營遇到一個很棒的營地，但在住宿期間卻不斷遭遇狗大便的困擾，造成很大的不悅。對於這個問題，希望營主能夠重視並解決。,1,1,-1,1756,,2023/06/07,0,負向
這個週末在露營區，硬體設施和風景都不錯，但帳棚區草地附近經常有狗大便。入住第一天，我們的同伴就不幸踩到了帳篷旁的草地上的狗大便，讓當晚的晚餐有些不舒服。第二天早晨，同伴遇到遛狗的小女孩，告訴她要清理狗便，但她沒有處理。只好通知了營地管理員，但收帳時，小女孩又帶了幾條狗到我們帳篷附近，其中一隻大黑狗跑到我們帳篷旁草地上大便，還一次大三塊。小女孩視若無睹的離開了。雖然說露營要與自然共存，狗大便是難免的，但管理員應該至少保持旅客住宿環境的清潔吧？,1,1,-1,1757,,2023/06/07,0,負向
"優點：這營區離三義市區很近，開車只需15-20分鐘。

缺點：
1. 由於營區位於山路旁，早上和半夜總有人跑山，實在很吵人。
2. 整個營區有5-6層區域，雖然有30-40個帳篷位置，但只有入口處的營本部有冰箱。夏天要取東西真的很不方便。
3. 有幾個樓層的營位太短或太窄，架帳篷後根本無法放客廳天幕，而後面也沒通行空間。建議營區老闆不要為了賺錢將帳篷擺得太擁擠。
4. 營區的老闆種有柑橘樹，但若1-5號營位沒人來露營，為何不在週一至週五修剪？偏偏要在週六日修剪，機油味和噪音實在令人不悅。",1,1,-1,1772,,2023/05/07,0,負向
原本是個親切舒適的休閒場所，但隨著野心的膨脹，卻忽略了原本吸引人的因素。入場費雖不高，卻漸漸疏遠了和遊客之間的距離。,2,1,-1,1773,,2023/05/07,0,負向
這裡有許多蟲子，水溫時冷時熱，營地有許多狗不時吠叫，洗手間設施有限需等待排隊。,2,1,-1,1778,,2023/05/07,0,負向
這個露營地的環境非常優美，營主一家服務親切且乾淨，但生態豐富導致蟲蟲很多，建議蟑螂、蚱蜢多，草地草高、建議洗手台多加燈，早上有施工聲、各種聲音，建議淺眠者戴耳塞。吹頭髮時電壓不穩，腹地要帶長延長線，個人經驗建議怕蟲者不適合。礙於以上原因給兩顆星。,2,1,-1,1781,,2023/05/07,0,負向
草地雖然茂密但排水情況很糟糕，走在上面滿是泥濘！戶外當然會有昆蟲在飛來跳去，但如果一直有蟑螂出現在桌上下或亂竄，那實在太不尋常了！飼養狗的人應該要好好管教，如果狗對著客人亂吠亂跳，造成小孩驚嚇或意外摔倒，該怎麼辦？這樣的經歷一次就足夠了，謝謝。,1,1,-1,1782,,2023/05/07,0,負向
這個營地的花草維護得不錯，但我們租的營地沒有木棧板。由於下了大雨，整個營地變成泥濘，帳棚區也淹在泥水裡⋯24小時內腳板都沒有機會乾。令人崩潰的是營地充斥著小蟑螂，不論內外帳篷都有蟑螂，帳篷也因泥水損毀。雖然環境風景優美，但我們給場主兩顆星，因為我們進來時沒有受到任何服務，只是自己收費後進入泥濘的場地。泥濘減2顆星，小蟑螂減2顆星，租借費用減0.5顆星（如果價格在700～800間會比較合理，1000價格不太划算）。總結，不推薦在下雨天來此營地，且沒有租到木棧板區可能會碰到很多蟑螂，整體評分1.5顆星（以上純屬個人經驗，與商家無關）。,2,1,-1,1783,,2023/05/07,0,負向
我不建議這個地方，因為老闆不太友善。如果你有寵物，真的要考慮一下。他們沒有提前告知是否可以帶寵物，但到了現場卻收取了300元費用。浴室和廁所都很髒亂，而且浴室的水龍頭溫度時冷時熱。洗澡時還能聞到廁所的味道，這真的很糟糕。,1,1,-1,1786,,2022/05/07,0,負向
蚊子真的非常多！而且營區提供的冰箱裡面有異味，冰箱的冷度也不夠，我放了保冷磚一晚上還是沒有結冰。,2,1,-1,1788,,2022/05/07,0,負向
整體環境不錯，沒有太多地方可以挑剔。設施齊全，唯一讓人無法接受的是在2021/11/20(六)露營時，有一區超過10點後還在播放音樂、喧嘩及打電話給老闆。老闆的回應也僅止於告訴他們要小聲點，這樣持續到23:30，造成了睡眠困擾。若非這個問題，整體評價可以給四顆星。,2,1,-1,1795,,2022/05/07,0,負向
營主非常熱情！他會帶著狗來「關心大家」，同時讓狗方便，可能是為了統計人數與帳篷數。,1,1,-1,1798,,2022/05/07,0,負向
營地的主人很友善，環境也很舒適，可是晚上的蟑螂實在太多了！而且還會飛，有螳螂、青蛙之類的我都可以接受，但一個晚上抓了二十多隻蟑螂實在太誇張了。原本美好的氛圍完全被破壞，希望能夠改善。,2,1,-1,1820,,2021/05/07,0,負向
營主很親切，主動提供了青草茶供大家享用，草地非常美麗翠綠，晚上有漂亮的星空可以觀賞！不過這幾天有許多小蟑螂飛來飛去，影響了大家的心情。他們總是飛到食物、人身上，甚至帳篷上，讓擔心蟑螂的同伴無法放鬆。我們必須一直注意食物和餐具，生怕被蟑螂弄髒；各營區的距離很近，因此音樂和談話聲很容易傳遞，擔心吵到其他人；下方營區偶爾會飄來刺鼻的廁所味道，雖然不常且不持續很久，但沒有告知營主這一點。開車交通輕鬆，冰箱容量大，滿足了大多數露營者的需求，但對於怕蟑螂或重視隱私的露友需要多加考慮。,2,1,-1,1821,,2021/05/07,0,負向
這次在三號區的營地，雖然營主很熱情友善，但是蟑螂太多讓我感到崩潰。廁所臭味上來也很不好，衛浴間稍嫌不足，燈光昏暗，蟲蟲類也比較多。營區小，與其他帳篷相距很近。若怕蟑螂的人應三思再訂，不怕蟲的話，這裡仍是很好的選擇。我個人過於怕蟑螂又會飛，這次露營沒有放鬆度過，因此給一顆星⋯⋯,1,1,-1,1822,,2021/05/07,0,負向
為什麼去露營辦公室看朋友還要付費呢？,1,1,-1,1837,,2020/05/07,0,負向
老闆為了不得罪遊客，卻要求我們勉強接受超額收費。在跨年前一星期告知我們包區會多一組客人，我們雖然不情願，但也接受了。然而，結果在跨年連假期間，卻硬是安排了三組陌生人進入我們的包區。他們聲稱是訂了我們包區的區域，而一直歸咎於訂位系統的錯誤。事後查證才發現，是營主自己沒有確認這三組客人的身份，卻任意讓他們進入我們包區的區域。老板很善良卻讓我們感到委屈，其實讓我們感到非常不舒服。,2,1,-1,1867,,2018/05/07,0,負向
營區整體環境很好，但狗屎問題影響了體驗。雖然草坪維護良好、浴廁清潔，營主也友善提供飲料和換燈泡，但狗屎滿佈卻讓人扣分。尤其是營主的狗在帳篷旁大便，卻被兩位小妹妹視而不見，讓人難以接受。希望營區能重視這個問題。,2,1,-1,1887,,2023/05/19,0,負向
這個地方曾經是我們每年同學聚會的好地方，但隨著生意興隆，主人似乎忘了初衷，對顧客服務不再用心。連假日前的基本檢查都草草了事，甚至浴室瓦斯檢查也被忽略了。我們來這裡露營二十幾年，第一次遇到沒熱水的情況（即使後來有修好），忘卻了當初熱忱服務的精神才讓我們一直回來。現在只想趕快拿到錢，甚至當著客人面詢問兒子是否有收到錢？若缺乏信任，建議早點收家當，守在自己的世界裡避免被欺騙......我們並非挑剔顧客，只是可惜這個曾經溫馨的露營區變成現在這樣。你們是否在乎並不重要，現在很多地方可以選擇露營住宿，不值得花錢在這種毫無誠意的地方。,2,1,-1,1892,,2022/11/22,0,負向
浴室的水龍頭溫度時冷時熱。建議不要帶寵物進去，否則可能需要支付額外費用。,2,1,-1,1905,,2022/04/18,0,負向
營區的狗一直亂叫，晚上影響到我的睡眠。他們收取單獨帶寵物的清潔費用，這點讓我感到困擾。山上的溫度很低，但浴室的水龍頭溫度卻變化不定，讓我差點感冒。廁所和浴室的衛生狀況也讓我感到不滿，希望營區主人能做些改善。,2,1,-1,1906,,2022/04/18,0,負向
這個營區的風景雖然不錯，但是管理可能有點不周密。帳篷裡沒有草墊，而且管理員說大部分都已經損壞丟掉了，需要我們去別的地方檢查。雜草叢生，地面充滿碎石，又下了點雨變成爛泥巴。幸好雨不大，不然可能會淹水。晚上洗澡時沒有熱水，水壓也不足。在連假期間，整個營區滿了帳篷，廁所也沒有定時清潔，垃圾滿溢，散發著尿騷味。只有一個區域有垃圾桶，需要走一段路才能找到，非常不便利。收帳當天中午12點就要離開，但已經沒有水可使用，浴室的水已經被關掉。營地停車場沒有規劃，車子停放隨意，整個營區給人一種擁擠的難民營感覺。,1,1,-1,2171,,2024/01/07,0,負向
蟲很多，還有蜜蜂....吹風機還只有一支。,1,1,-1,2172,,2023/11/07,0,負向
這間露營區管理比較嚴格，不太建議，因為他們會在中午12點要求離場，而且在10點30分就會提醒你，11點46分甚至有可能就會將水電和冰箱都斷開。整體感受可能不太好。,1,1,-1,2173,,2023/05/07,0,負向
隔壁的噪音太大了，讓大家都無法入眠。,2,1,-1,2174,,2023/05/07,0,負向
因為園區管理員將我們分開安排到別人預定的營位，且還有別的露營客備有租借客廳和帳篷，結果我們在下大雨時不得不搬家，這真的算是我有史以來最糟糕的露營經驗。優點是浴室較大、熱水快且熱，但缺點是路況不佳、樹木倒下、棧板殘破、排水不良，導致帳篷進水且氣墊床濕掉。,1,1,-1,2177,,2023/05/07,0,負向
露營區風景優美，空間寬敞。因為位置略微較高，五月底前往不會太炎熱。我們選擇了G區較高的營位，但廁所環境並不乾淨。洗澡時間約在九點左右，但浴室的水壓問題需要自行調整才能使用。洗完後，吹風機沒有電，洗手台的水龍頭也無法正常運作。另外，營區內有許多大蚊子與飛蟲，造成不少困擾。當天不慎被昆蟲叮咬眼睛腫起，必須就醫。營區的負責人一開始有向我們主動聯絡有關保險部分，我們感到相當感激。然而，後續的聯繫與溝通並不積極，讓整體營區體驗與感受蒙上陰影，並不盡如人意。,1,1,-1,2179,,2023/05/07,0,負向
這個地方的環境風景很美，但棧板有點小，只適合300帳。浴廁的衛生狀況不佳，3月份有很多蟲和飛蛾，每間浴室和廁所都有一些垃圾，地面使用磁磚鋪設，浴室和廁所分開設置，水壓弱且不穩，水溫也不太穩定，排水不良。浴室內的椅子和水桶有些霉斑。另外，水槽旁邊沒有垃圾桶，稍嫌不便利。週日離開時，營主清潔廁所的水可能會直接流到C區帳篷。此外，很多營位都位於道路旁邊。,2,1,-1,2181,,2022/05/07,0,負向
"1. 上山的路情況很糟糕，長滿了枯枝和雜草，開起來非常辛苦。
2. 營區設施（像是熱水和電力）無法應付連續假期人潮。
3. 電壓不穩定時常跳電，燈光閃爍得厲害，根本無法正常使用，建議多帶幾個充電式LED燈。
4. 熱水不穩定，開了20分鐘的熱水後又會變冷，燙水只持續1分鐘，之後冷水又回來了，如果遇到寒流，想洗熱水澡會有困難，建議中午洗澡或是先在外面沖好再進營區。
5. 營區的道路在下雨天變得泥濘又充滿坑洞，前往營區中心或廁所很不方便，請穿靴子以避免濕髒。
6. 附近還有很多風景優美的營地可供選擇，這家營地管理似乎不用心經營，建議到其他地方嘗試看看！",1,1,-1,2184,,2022/05/07,0,負向
這個地方的蒼蠅太多了，讓我覺得像是在非洲一樣；洗澡水要麼是燙到不行，要麼是冷得讓人難受；滑草更是讓人心情沉重；游泳池的水髒得像是去年的水，而且垃圾居然都集中在帳篷附近；整體環境除了差勁外沒有其他優點，總之非常糟糕，就算給一顆星都嫌多。,1,1,-1,2185,,2022/05/07,0,負向
訊號很差，還有一些人覺得自己唱歌很棒，一直唱得非常難聽，非常吵，如果沒有事情最好不要再來，不然你會後悔一輩子。,1,1,-1,2186,,2022/05/07,0,負向
這露營區的山路相當危險，入口出口之間的路段十分狹窄，充滿雜草，幾乎無法雙向行駛。沿途的樹枝、竹條也會刮傷車輛，遇到對向車輛時需要極高的開車技巧，否則極易造成車輛損壞。,1,1,-1,2189,,2021/05/07,0,負向
收到您的描述，營地的衛生設施似乎有些問題。只有4間大浴室供大家使用，但水壓不穩定，有時會忽冷忽熱，而且電力供應也不穩定，燈光微弱。管理人員回應說，帳篷區域的延長線有問題，並非營地供電問題，無法處理排水不良的問題，甚至一場小雨就造成積水。请當心在帳篷外穿鞋袜，以免弄髒。,1,1,-1,2194,,2021/05/07,0,負向
廁所沒人打掃，到了晚上就變得很髒，垃圾桶也都滿了。洗澡時沒有熱水，而且從週日早上（2020/09/20）開始，營區的水槽居然也沒有水了。,1,1,-1,2198,,2021/05/07,0,負向
G區冰箱的冷凍溫度設定為冷藏，冷藏溫度則是室溫。我把蛋撻放進去冰箱，居然發現螞蟻慢慢爬在食材上。我向園區反應，他們回答說冰箱沒問題，因為它們只是提供的附加設備。每個區域之間的間距也很小，還瘋狂跳電。當我忘記拿食材時丟掉，可以理解。他們當天竟然沒回應，隔天再打才通話，他們告訴我東西全都丟掉了。然後後來又改口說他們沒看到。如果要去這個地方，一定要三思，因為處理事情的方式讓整個旅遊的心情都沒了。,1,1,-1,2203,,2021/05/07,0,負向
這個露營區的衛生環境不佳，設施設備也有待改善，應該在完善之後再考慮是否開放收費。,1,1,-1,2211,,2020/05/07,0,負向
我要在洗手台的排水口加裝濾水裝置。,1,1,-1,2216,,2020/05/07,0,負向
這個營地的規劃太擁擠，帳數收費過高，導致停車空間不足。除了草原，帳篷附近缺乏活動空間。浴廁整潔度需加強，洗澡水壓不穩，水溫忽冷忽熱，馬桶沖水問題導致使用者不便。泳池只有第一天使用，第二天卻告知水量不足，讓孩子們失望。電壓不穩，造成多次跳電。草原活動空間不錯，但滑草區有安全疑慮。景觀僅限第一排，後面只見車輛和人擠滿。冷藏冰箱故障，冷凍櫃容量不足且管理混亂，造成其他帳篷的物品塞滿，很不方便。整體而言，這次露營體驗令人失望，營地管理不善，帳篷數量控制欠佳。,1,1,-1,2224,,2020/05/07,0,負向
在G區碎石區下雨的時候，遇到了很討厭的問題。當天晚上跳電三次，整個G區兩個淋浴間的熱水都沒有，只有冷水(不過我比較不怕冷)。而且溫度應該至少在15度以下，再加上下雨，真的感覺不太像在乎客人一樣... 另外，水槽離衛浴間有點遠，下雨的時候更是特別不方便。我露營這麼多次，也碰過很冷又下雨的情況，但這次真的是最糟糕、無與倫比的。,1,1,-1,2238,,2019/05/07,0,負向
這個營地設施真的有待改善，電壓不足、衛浴設備不夠乾淨，而且水槽都在廁所旁，下雨天刷牙洗臉還得打傘，連遮雨棚都沒有，讓人感到有點失望。,2,1,-1,2259,,2018/05/07,0,負向
建議營區管理單位應該限制上山和下山的時間。由於山路狹小且路況差，無法容許車輛相遇，加上露營裝備眾多以及有孩子同行，安全隱患高，建議應嚴謹考慮安全因素，請避免前往。,2,1,-1,2291,,2021/05/02,0,負向
因為其他客人的原因，我被迫從原先挑選的F區調至C區。這對於第一次來的客人來說可能會造成困擾，因為他們可能不知道自己已經不在原先預訂的區域。直到看了區域位置圖才了解。如果不了解營區劃分的意義，可能會覺得對此感到困惑，似乎需要提前與營長溝通。,2,1,-1,2362,,2018/05/07,0,負向
這個地方的飲食和購物條件很差。解決方法可能包括: 1. 開設食物販賣店。2. 增加員工人數以提供協助。3. 管理住宿客人的素質，像是禁止大聲喧嘩，過了午夜也要保持安靜。4. 檢討價格，看是否過高。,2,1,-1,2400,,2017/08/29,0,負向
沒有機會去。當我們訂位後，接到一通電話要求我們讓位給另一組更多人更長時間的。這情況讓我感到很不舒服，我表達了不滿，最後才同意取消訂位，但熱情已經消失了。,2,1,-1,2561,,2019/05/07,0,負向
營區的衛生狀況有些需要改善。螞蟻和爬蟲很多，廁所裡也有許多小蟲，而且沒有提供衛生紙。另外洗手台在晚上也沒有燈光。,2,1,-1,2576,,2023/10/09,0,負向
最近地震頻繁，加上大雨，我們非常擔心走山時可能有落石的危險。希望營地管理者能提供解決方式，但得到的回答卻只有延期半年或退還四成費用。對於營地的應對方式感到有些無奈。政府已呼籲民眾不要自行上山，以免有危險發生。原本是計劃在螢火蟲季去觀賞螢火蟲，但營地提出的延期方案並不在季節內，也不肯延至隔年螢火蟲季，所以我們只能自己負擔六成費用。與其他營地相比，似乎只有我們遇到這樣的問題，而其他營地取消時只需支付較低的手續費。,1,1,-1,2715,,2024/04/30,0,負向
園區整體算整潔，廁所保持得很乾淨。唯一美中不足的是g區離衛浴廁所和冰箱都相當遠，要去拿食物或東西的時候得跑很遠，有點累人。此外，g區只有一間蹲式廁所，孩子可能不習慣蹲廁所，有時會導致尷尬情況發生。在山區碰到許多蟲子屬於正常現象，但意想不到遇到一種不明螞蟻會咬人，回來時腳上又紅又腫，痛感強烈。我去露營這麼多次，卻是第一次遇到帳篷限制最多只能睡四人，超過人數就要額外加收費用，而且不管年齡，只要超過四個人就得付錢。,1,1,-1,2717,,2024/04/07,0,負向
除了草坪以外，CP值並不算太高，旁邊的護草墊區種有帶刺的植物，對於便利性和安全性都不盡理想，此外營地附近有些枯葉和植物，也會有一些小昆蟲和異味，但是小孩在小水池旁拍照的體驗還算不錯。,1,1,-1,2749,,2023/05/07,0,負向
進出道路起伏較大，低底盤車輛需小心。總共有七個區域，共有六間衛浴，需要注意區域的使用規定，其中有兩間衛浴供十個以上的營友共用。洗澡需要留意特定區域的限制時間，且因小孩眾多可能會增加洗澡的壓力。提供Wi-Fi，但連線不穩定，手機訊號也薄弱，造成聯絡困難。,2,1,-1,2775,,2022/05/07,0,負向
這個露營區對於首次來訪的人來說，可能需要做好一些心理準備。要進入露營區，因為底盤較低，路況不佳，要將車子停在外部的石子地。營位規劃有些可惜，需要將露營裝備拿進去，且有些位置要走得很遠才能搭建帳篷，費力耗時。營地訊號不好，提供的Wifi 也連不上，不知道是區域問題還是其他。衛浴設備較少，第一區有時間限制，以一個帳篷五個人計算，營區總共有30個營位，共150人，但只有六個衛浴，平均一間要供應25人使用，每人平均洗30分鐘，這意味著等待時間可能會排長。另外，ABC三區共用一個廁所，有14個帳篷，壓力很大。營位旁的洗手台電燈會在晚上10點關閉，所以要在暗中洗碗。總體而言，這次露營經驗可能讓人不太想再去了。,1,1,-1,2776,,2022/05/07,0,負向
營區只有一個冰箱，大家都無法找到地方放置東西，預備好的德式香腸整包竟然不見了。這個營區缺乏控管，早上一起來就讓人心情不好。不吃了，我們收拾行李下山找個地方吃好的。以後可能不會再來這裡了。,1,1,-1,2778,,2022/05/07,0,負向
草地區的草太長了，甚至長到超過地墊，蚊蟲多是很正常的，但蒼蠅這麼多就不尋常了。我露營這麼久第一次碰到這麼多蒼蠅，從早上八點就被蒼蠅吵醒，一整天都黏滿了五張紙，用電風扇吹也吹不走，整群整群的，一直到晚上六點才消失。浴室很寬敞，水池也不錯，只是蒼蠅實在太多了，太誇張了。,2,1,-1,2803,,2021/05/07,0,負向
中央走道都擠滿帳篷了，真是太擁擠了。,1,1,-1,2822,,2020/05/07,0,負向
總結來說，您在露營時遇到了一些問題，包括洗澡時水溫不穩、營主夫人不友善、收費標準不清晰等。您建議改善的地方包括增加離場的寬限時間、友善處理罰款等。以這些建議為參考，希望營區能夠有所改進。,2,1,-1,2828,,2019/05/07,0,負向
營地的山路很陡峭，無法讓兩輛車並排通行，不建議在這裡開車，因為水溫不穩定，洗到一半會變成冷水，一邊洗一邊感覺發抖。,1,1,-1,2829,,2019/05/07,0,負向
山路很危險，如果車況不好的話，真的不建議開上山路。因為山路很陡峭，不適合夜間駕駛。雖然營區有許多規定，但廁所很乾淨，而且還有冰箱可供使用。,2,1,-1,2836,,2019/05/07,0,負向
這裡的水壓、水溫和電壓不穩定，且黑沙坑水池很小。附近有果園，全家都感到困擾。,1,1,-1,2837,,2019/05/07,0,負向
營地裡的蟲超級多，無論在廁所、浴室或營區都到處都是蟲和蛾，這真的是我見過蟲最多的地方！洗澡簡直是一種折磨，蟲飛來飛去還停在身上！而冰箱則離超遠，奇怪的是裡面也有蟲！整個營區共用一個冰箱，衛生狀況超差。,1,1,-1,2987,,2022/05/07,0,負向
雨天積水和泥濘真的很麻煩，我們在搭帳篷時幾乎沒遇到下雨，但一旦下雨了，水就完全無法排掉，一直流進帳篷裡。,1,1,-1,2992,,2022/05/07,0,負向
這個營地似乎有很多喜歡喧鬧的人，不知是因為它特別容易吸引到吵鬧團體，還是因為一旦有吵鬧的人群出現，這個營地就會放任他們？不論是在午夜1至2點，抑或是在星期六，他們似乎都唱卡拉OK唱得很難聽，整個山頭都充斥著他們的哀號聲！另外有一次，已是凌晨2-3點，一群人吵鬧聊天，我在遙遠的地方仍能聽到有人在呼喚他們的狗回來！竟然還能聽到露營區的狗亂吠聲！我去過白蘭露營的次數不多，卻經歷了很多次這個營地的吵鬧情況！和營地主人溝通似乎也沒有什麼效果！,1,1,-1,3006,,2022/05/07,0,負向
天氣預報顯示將有大雷雨，我提前一週詢問是否可以延期，但營主沒有給予改期的機會。此外，場地偏遠，沒有景觀，排水設施差且廁所極其髒亂。因此建議大家不用大老遠前來，這個地方甚至不值得一顆星的評價。,1,1,-1,3058,,2019/05/07,0,負向
廁所的衛生狀況不好，沒有人在管理。,1,1,-1,3059,,2019/05/07,0,負向
不要踩！草地上有積水喔！應該是浴室沒人管理的狀態。,1,1,-1,3060,,2019/05/07,0,負向
雖然訂場有規定，要收取訂金就好，抱怨有點多，小朋友得腸病毒也不用這樣吧？,1,1,-1,3075,,2019/05/07,0,負向
不建議，容易積水，而且服務品質不佳。,1,1,-1,3097,,2017/05/07,0,負向
營地環境很糟糕，積水泥濘，場地小且擁擠，車位也沒有規劃好，服務態度不佳。,1,1,-1,3101,,2017/05/07,0,負向
"1). 雖然衛浴有乾濕分離是加分項目，但廁所的空間仍需要加強。
2). 帳篷的佈置稍嫌密集，並無法提供大草地活動的空間。
3). 未限制帶寵物的露營者，導致半夜狗吠不安寧，早上起床發現草地上多了許多狗糞。",2,1,-1,3199,,2021/05/07,0,負向
營位費一再調漲，收費愈加提高。,1,1,-1,3204,,2021/05/07,0,負向
收了200元清潔費卻什麼服務都沒得到，有些人只是想和在露營的親朋好友聊聊天吹吹風，卻被要求交200元！ 營地主人啊~費用有點高喔！,1,1,-1,3205,,2021/05/07,0,負向
"1. 這個地方風景很美，草坪長得很好看。
2. 帳篷擠擠挨著放，空間很小，小孩都沒有地方可以跑來跑去，看起來有點收費過高。
3. 收費還要 1200 元，還會不時跳電。
4. 總的來說：如果收費是 1200 元的話，就應該控制帳篷的數量；營區的電力系統也需要改善，晚上跳電幾次讓人無法忍受。這樣的狀況下我不打算再來了。",2,1,-1,3214,,2021/05/07,0,負向
在悄悄話營地，草地很大，每帳篷收費1200元，但整體管理卻非常嚴格。衛浴設施看起來高檔美觀，但實際上水溫時冷時熱，讓人相當失望。收取這麼高費用卻提供這樣的服務真的讓人感到氣憤。,2,1,-1,3267,,2019/05/07,0,負向
"1. 環境保護做得相當不錯。
2. 可以訂購比薩、石鍋拌飯，不用自備食材。
3. 景色欠缺。
4. 入場時間為下午2點，退場時間為中午12點，條件相當嚴格。
5. 每人需付1200元，若提早入場則需額外加100元，性價比不夠高。以上為後花園區內容。",2,1,-1,3278,,2018/05/07,0,負向
這裡人好多，像是難民營一樣擠。,1,1,-1,3321,,2017/05/07,0,負向
營區主人的態度不友善。當我只是打開車子發動引擎時，營區主人就問我為什麼要發動車子，是否連這點小動作都要得到主人的許可？當我想洗澡時，營區主人正在打掃浴室，雖然前兩間浴室已經清潔完畢，但還有一間沒有清理，居然要我來清潔那間。以相同的價格，別人都能使用已經打掃乾淨的浴室，為什麼我要清潔未打掃的浴室？而且熱水還不夠穩定。這樣不體貼露友的管理方式，我可不打算再來第二次了。水質不乾淨，同行的朋友洗完澡後都過敏，洗手台的水都濁濁的，連碗也洗不乾淨。晚上12:30還有露友彈吉他自彈自唱，和營區主人打電話或傳訊息都沒回應。隔天早晨營區主人才表示他睡著了，需要我去敲他的門才會醒。如果今天發生火災，你還會在睡夢中嗎？真不明白為何此地有高評價，想去的露友們可以自行思考。,1,1,-1,3335,,2024/03/07,0,負向
8月26至27號去露營，一到場地老闆就說我們看起來很活潑，並提醒晚上10點後保持安靜，否則會被請離開。儘管這可能是開玩笑，但我認為這不是一個營地主應有的態度。在互動過程中有幾次對話讓我和朋友感到不舒服，例如：「雖然我知道你們不會再來了」。雖然位置不錯，但我仍想提醒老闆和老闆娘，友善待人不僅可以增進生意，還能讓人感受良好，否則真的會失去顧客。,1,1,-1,3356,,2023/09/07,0,負向
在抵達營地時，營地負責人立刻告訴我們不要進去，並且態度非常惡劣，讓人感到很不舒服。,1,1,-1,3413,,2022/05/07,0,負向
今天心情愉快，我們10點半到達營地時，一開車門和營地負責人說我們已經預訂了今天，在營地負責人臉帶不悅地回應說，雖然預訂了今天，但必須晚一點才能進入。他不斷重複這句話，我們強調我們不需要搭帳篷，只是想先在附近走走。營地負責人一直強調必須等到一點才能進來，讓我們覺得很困惑。我們感到不舒服，必須面對營地負責人三天的臭臉。營地負責人請問問自己的口氣，不要反過來說我口氣不好，是您的態度和口氣有問題。我並不是第一次露營，也不是老大，我從來沒有這麼說過。相反，似乎是營地負責人認為自己是老大。難道不能好好溝通嗎？難道整個山頭都歸你所有嗎？尊重應該是雙向的，您尊重過我嗎？誰會知道您的營區不能停車呢？,1,1,-1,3435,,2021/05/07,0,負向
這個營區的情況真的令人困擾，除了美麗的風景外，設備老舊、狗狗吠叫、小朋友嬉戲吵鬧等問題也讓人感到不愉快，推薦不高。,2,1,-1,3570,,2023/11/07,0,負向
因為下雨延期，到了露營當天早上打電話確認，營主竟然忘記了？？？他說直接到現場搭營，保留位置給我們。可是現場找不到營主，只看到他爸爸在，問了許久也沒得到幫助。最後，一位好心的客人讓我們用了他的位置。第一次露營碰到這麼不負責任的營主，進入營區也看不到人。,1,1,-1,3573,,2023/06/07,0,負向
這個地方的優點是浴廁很乾淨，熱水還蠻熱的。但缺點是熱水只到晚上十點，對於夜生活的朋友來說不太方便。半夜和清晨從羅馬公路傳來飆車族的聲音很吵，而營區下方飼養了四隻狗，一有人行動牠們就瘋狂吠叫。而在假日早上七點多居然有人在使用割草機除草，這三個問題根本無法好好入眠。更糟糕的是還有一隻叫黑糖的狗，每天早上跑進營區在帳篷裡尿尿，直到收帳時才發現，真的很讓人無語！,2,1,-1,3576,,2023/05/07,0,負向
營地觀景台前長滿了雜草和竹子，遮擋了視野。隔壁露營區的鄰居整晚唱歌很吵，早上又在使用電鋸工具。還有瘋狗一直亂叫，山中一堆人在吵。這露營區有點可怕。,1,1,-1,3578,,2023/05/07,0,負向
冰箱只有送風功能，維修人員卻回應說冰箱已經有冷藏效果。另外，水質不佳，龍頭放出的水全是泥巴。,1,1,-1,3587,,2022/05/07,0,負向
這個地方空間狹小，路面狹窄，洗手台髒亂，樹葉滿地，顯示出營地管理者沒有很用心維護。晚上還有包區聚會造成了噪音，讓人難以入眠休息。原定的活動全部取消，加上環境糟糕，缺乏吸引力，確實讓人失望。這次的體驗讓我決定不會再第二次造訪了。,1,1,-1,3595,,2022/05/07,0,負向
帳篷位置很擁擠，實際上就已經超過七人了！沒有沙坑，也沒有戲水池，更沒有射箭場⋯只有搗麻糬的活動。下方的營區正在辦電音派對，連續兩天兩夜有聽到動滋動滋的音樂，離營地兩天前才知道！真的很無言，我們不是去參加派對的～難道不該提前通知嗎？！,1,1,-1,3597,,2021/05/07,0,負向
這個營區的設施並沒有符合原先宣稱的活動空間，只能容納4-5帳，卻收到7帳。網路上提到有沙坑、戲水池和射箭場，但看起來都荒廢了。唯一算乾淨的是廁所，還有搗麻糬活動。營地下面正在舉辦電音派對，整晚都聽著動滋動滋的聲音。營區的負責人直到營地前兩天才通知這些情況，第一次給營區這樣的評價，他們需加油改善。,2,1,-1,3599,,2021/05/07,0,負向
小黑蚊的數量太多了，無論是防蚊液、止癢藥還是開水都無法有效阻擋它們。,2,1,-1,3613,,2021/05/07,0,負向
露營的人行為不太好，早上6點開始洗碗很吵，7點就開始大聲吵鬧，還任由小孩尖叫。,1,1,-1,3622,,2020/05/07,0,負向
營地只想賺錢，但營主卻無法處理不自重的露友。這種情況嚴重影響其他守規矩的露友權益，無論硬體設備再好，風景再美都只是枉費了上帝的賞賜。,2,1,-1,3726,,2018/09/15,0,負向
這段經歷真是令人困擾！我本來跟營主訂了C區的水泥雨棚1帳，後來營主打電話來說旁邊還有一個要訂6帳的（共8帳），而且他們要夜間施工會比較吵。我開始表示沒關係，但後來又打電話來說他們決定全部改成8帳，並要求我去B區的碎石雨棚，完全沒有詢問我的意見。還跟我爭執說他們8帳總不可能叫他們1帳去別的地方。老闆，我之前已經先訂了C區的位置，希望你也能尊重我的意願。畢竟我之前就是因為喜歡C區才指定要訂C區的雨棚，而不是你叫我去哪我就去哪！,1,1,-1,3767,,2024/04/30,0,負向
這段句子可以簡化為：對方在露營地洗冷水澡，沒有熱水，又苛求客人在冷天卸衣等候。營主失誤不認錯，後來唬客人用警察要求他們離開，還不合理收費。客人無法溝通後感到不滿，建議挑選露營地時應謹慎。,1,1,-1,3781,,2023/12/07,0,負向
感覺很糟糕，對營主的處理方式感到不滿，因為他們只會把責任推給客人，再多說也沒有意義。,1,1,-1,3782,,2023/12/07,0,負向
我在五月27日露營3天2夜，遇到了蚊蟲很多，被叮了好幾個包。不好的經驗是，第三天早上營主告訴我們12點前要結帳，只講了一次，但實際上在10點開始收帳時卻突然停水。我向營主反應後，他說是下雨造成水管阻塞所致。一度讓我誤以為是營主為了讓我們趕快離開才造成停水的情況，整體觀感很不好。不太可能會再去那裡了...,1,1,-1,3824,,2023/05/07,0,負向
露營地的收費高昂，巡邏的態度也令人不悅。在第26露來到溪遊記浪費了連假四天，營地主人也不友善。除了一個沙坑，小孩們沒有其他地方可以玩。小孩第一次露營就覺得很無聊，更何況我們的車來來回回已經十幾次了。我們總共支付了1800元的停車費，但為什麼露營區如此對待客人？給五顆星的評價看起來是不誠實的。更糟糕的是，未經當事人同意就擅自錄影車牌並公開在網站上，現在已經交由家人和律師處理！業者還留言說付不起錢就去住免費的野營？？？,1,1,-1,3833,,2022/05/07,0,負向
整體環境還算不錯，但管理人員時不時會巡邏，看看有沒有新的訪客，如果有，就需要支付停車費300元一輛，並且逐一錄影作為證據。雖然繳費不是問題，只是管理人員的態度令人難以接受。在離開時，一位營區員工跑來要求我們復原護草墊，我們當然很樂意幫忙（但我是否真的需要根據平台規定將護草墊復原呢？）。最終，我們把所有的護草墊收集在一起，但那位員工的態度確實有待改善……難道他們不能友好一點嗎？另外，最初他們否認有錄影我們的車輛，後來卻可以拿出我們車輛的影片？他們還說我們的歌聲影響其他露營者的品質，當時才晚上7點（平台規定是晚上10點後不可唱歌），也只唱了兩三首，音量也不大，竟然說影響到其他露友。我們不確定是否真的有其他露友反應，而且他們的態度也不友善。,1,1,-1,3834,,2022/05/07,0,負向
這個露營區的包區營位費用只要800元，停車費是每輛300元，而且每幾個小時就有人來巡邏收取停車費。我的朋友開車來只停一下就要繳300元。這次露營3天，停車費花了1800元。而且老闆的態度很惡劣，一點親切感都沒有，讓人有種沒有下次了的感覺。,1,1,-1,3835,,2022/05/07,0,負向
害怕的並非下雨，而是因營地規劃不當導致排水不良，下雨後地面充滿泥濘，容易讓鞋子黏陷其中。這情況使得小孩和狗只能被困在帳篷裡，實在有些可惜。,2,1,-1,3842,,2022/05/07,0,負向
營區情況很糟糕，營主態度極差，虎頭蜂很多，大約2-3公分大小，相當可怕。不解決並非無關緊要，且將責任推給客人，聲稱是他們招惹的。問：虎頭蜂在晚上出沒算正常嗎？每次約有20-30隻出現，如果小孩被叮咬了，你負得起責任嗎？前往前請三思！,1,1,-1,3844,,2022/05/07,0,負向
不太建議前往這個營區，因為那裡有虎頭蜂，而營區的管理者處理這個問題的態度非常消極，甚至將責任推得一乾二淨，還說我們可以噴香水來解決。蜜蜂來的原因是因為營地上有一棵樹的花蜜很吸引牠們，日夜都在採蜜。因此，選擇前最好三思，以免花了錢還找罪受。,1,1,-1,3845,,2022/05/07,0,負向
車流聲音實在太吵了！早上五點就完全被吵醒睡不著，洗澡間也太少要排隊。不過營地老闆人不錯，很友善！,2,1,-1,3979,,2023/09/08,0,負向
在水庫附近，羅馬公路上，晚上車流聲音很大以至於難以入眠，除了B區以外，其他小營位都相當狹小，而且彼此距離過於接近。建議營地主將C區和D區合併成為一個區域，這樣比較剛好。此外，衛浴設施並不十分充裕，有需要洗澡的人可能需要事先安排好時間。,2,1,-1,3984,,2023/05/08,0,負向
"這個位置換過來了，但是有一些問題需要解決：
1. 地板上長滿了雜草；
2. 如果多人同時使用廁所，可能會沒有熱水；
3. 周圍環境不夠明亮，半夜上廁所很不方便；
4. 常常會跳電。",1,1,-1,4048,,2021/05/08,0,負向
由於複育螢火蟲不使用殺蟲劑，所以小黑蚊會增加。,2,1,-1,4097,,2018/05/08,0,負向
這裡的廁所和浴室保持得相當乾淨，但因為使用山泉水，所以水有些許黃澄或混濁。這裡沒有提供飲水機，需要自行攜帶水源。螞蟻和蜘蛛網比較常見，需留意避免碰觸。露營區的樹木間距較窄，因此停車進出較為困難。晚上聆聽著河水聲入眠的感覺相當愜意。,2,1,-1,4176,,2024/04/07,0,負向
這個地方設施還有待改善，特別是飲水狀況不穩定，冬天用水困難。但宮廷帳可以稱得上是亮點，整體環境還算不錯。,2,1,-1,4179,,2024/03/07,0,負向
只有一個地方有廁所浴室，其他地方都需要走一段路才能到達，許多浴室水溫時冷時熱，有時燙有時冷，或者水溫不夠熱。整個區域中只有一個冰箱可供29個房客使用（遲到的冰箱甚至沒有冰），而且也在廁所附近。如果你喜歡走路的話，歡迎來，保證讓你開心。此外，房東嚴格禁止外來車輛和訪客進入，即使忘記帶東西，也不能讓朋友送來後立即離開。只能在門口交換物品，無論大小重量！另外，此地區沒有提供飲水機，請記得攜帶足夠的水！,2,1,-1,4181,,2024/01/07,0,負向
營區的環境並不如預期那麼美好，地面潮濕容易滑倒，廁所附近沒有衛生紙，洗浴用品品質一般，水壓小且熱水不穩定，垃圾集中點離得遠，晚上照明不足，需小心走路，營區地面多碎石，草皮稀疏，整體環境較陳舊，不太適合拍照。,2,1,-1,4182,,2024/01/07,0,負向
基本上，我們接受使用者付費，並且印象深刻的是營地主人。然而，對金錢比較計較，未提及的資訊會有討論不收費的情況。雖然對方多次前來，但態度與收費問題存在一些疑慮，提出疑問時回應含糊並有更換說明人員的情況。雖為雨棚設施讚賞，但排水不良。總體而言，設施與場地規劃仍有進步空間，唯優點在於乾淨的廁所與浴室，給予兩顆星評價，重點是這是在考量到廁所乾淨以及客人素質良好的情況下。,2,1,-1,4183,,2024/01/07,0,負向
雨棚區的石子鋪程度很薄，一下大雨就會造成低洼地區淹水。無論是計算人數、車輛還是帳篷的數量，這些計算都很精確…,1,1,-1,4188,,2023/07/07,0,負向
營主是精算師，雨棚漏水是一個問題，而更令人擔憂的是底下低窪地區有淹水發生。,1,1,-1,4189,,2023/07/07,0,負向
很抱歉您在露營地遇到這樣的困難與不愉快，希望下次能找到一個更人性化與顧客服務周到的地方享受露營的樂趣。,1,1,-1,4203,,2023/05/07,0,負向
最近去露營區的經驗真的不太順利：1. 洗澡時只有半路沒有熱水，小孩孩子泡沫全身等了快一小時，水壓也不穩2. 大概有6個帳篷共用同一個電線路，電壓不穩定，甚至是3瓦特10個LED串燈15公尺都亮不起來，打氣機罷工，只能手動打氣，換用LED燈條3. 環境髒亂，生態池看起來無人管理，有很多小黑蚊，點蚊香擦防蚊液，每人至少需要20個包裝4. 在浴室和帳篷區看到飛行的兩隻超大蟑螂... 5. 草地沒有定期修剪，已經長過踝高， 石階上佈滿青苔，有十多個大人，有4個大人不慎滑倒，最後大家都寧可走彎路6. 收費不太合理，大部分露營區每人超過4人需支付100元，學齡前幼兒免費，但這個營區一個人要250元，還有學齡前也需要付錢7. 與照片不相符，大部分拍照景點老舊，沒有網頁介紹，唯一優點是環境清幽在溪旁，其他方面都有問題，詢問服務人員態度也很差。 如果有不實的部分，我願承擔法律責任。,1,1,-1,4204,,2023/05/07,0,負向
端午節那天到湖區包場，才發現露營車上無法行駛，又下著大雨，雖然路途遙遠，心情受影響，不得不返回。而且老闆態度惡劣，避責推卸。這個營區真的太不友善了。還不確定能不能退費。,1,1,-1,4205,,2023/05/07,0,負向
營地的排水很不好，而且沒有提供草地墊，下雨的時候內帳和床墊都濕透了，還積了水，根本無法入睡，只好馬上收拾行李回家，這個營區真的讓人感到非常失望。,1,1,-1,4212,,2022/05/07,0,負向
中央的大水池已經被圍起來了，所以周圍聚集了許多牛蛙，晚上會舉行派對，聲音相當壯觀，建議攜帶耳塞。上游的溪水潺潺流過，但四周有蜘蛛網和蚊蟲的騷擾，所以如果要下去玩水，可能需要仔細考慮一下。此外，小黑蚊和大隻蚊的排班似乎有協調好了，前者大概在上午11點上班，後者則在黃昏前開始外出覓食，這意味著三瓶防蚊液很快就會用完。在野外露營本來就要與自然環境共處，因此充分準備能讓您玩得更開心。,1,1,-1,4214,,2022/05/07,0,負向
建議在營區廁所前面的大水溝周圍設立一個圍欄，以免晚上前往廁所時因沒有路燈而造成危險。我們很擔心孩子在暗夜裡可能會不小心跌入水溝，這真的是個安全問題。其他方面的問題跟大家說的差不多，這次的經驗讓我們再也不敢讓孩子們自己去廁所了。,1,1,-1,4215,,2022/05/07,0,負向
距離新店碧潭很近，開車約只要10分鐘的路程。這個露營地位於城市周邊，不用擔心嘈雜的車聲，但原先設計並非針對露營而設計。例如，帳篷區沒有洗手台，垃圾桶只有統一在廁所，廁所只有一處，需要與其他人共用。部分區域較偏遠，需要走一段路才能到達。建議早點洗澡，因為晚了就沒熱水了。聽說有小朋友洗澡邊哭，設施看起來有些舊且缺乏整理。與其他營地相比，價格稍嫌昂貴。這個露營地最大的賣點是湖景，但不適合帶著小孩前來。晚上可以看到螢火蟲。,2,1,-1,4216,,2021/05/07,0,負向
這個地方的服務態度不夠積極，收費的時候倒是很迫切要錢，而網路訊號也非常不穩定，設施相當破舊，而且蚊子非常多。地方相當狹小，營位和洗手檯都沒有燈光，而洗手檯也總是堵塞不通。洗澡時熱水常常不穩定。營位的規劃似乎隨意草率，到處長滿了雜草，指示牌也不清楚，地點也很難找，再見之後可能永遠不會再來了！,1,1,-1,4218,,2021/05/07,0,負向
這裡有小黑蚊，不怕小黑蚊的人可以來。這裡的包區和隔壁區的帳篷緊緊相連，帳尾連帳尾！這裡沒有網路美美的設施，只有殘破不堪的設施可以照相，其他的懶得拍了。沒有鋼琴和教堂，因為有露客不方便近拍，確實有點不好看。與網路美照相差距甚遠……劃分區域安排確實太密集了，露營和訪客價格請自行參考。兩包區的價格是2200，夜衝的價格是600，提供大家參考。我只有這次機會了……,1,1,-1,4219,,2021/05/07,0,負向
這段描述提到了在露營時遇到的困境，因為雨天遮雨棚會滴水，地面低窪又是泥巴地鋪著碎石子太薄。後來遇到下雨加帳的朋友想要湊合睡覺，但老闆卻說人太多，車也太多。最後算了一下人數與收費，感覺老闆真敢收費。這篇文章純粹是描述當時的狀況和感受，建議有意前往露營的友人自行斟酌，作者本人則表示不會再去。,1,1,-1,4222,,2021/05/07,0,負向
這個遮雨棚的空間太小，還說是專屬區域，但其實跟旁邊的人非常近，而且晚上也沒有管理。旁邊的人在半夜兩點還在打狼人殺，第二天的垃圾桶也沒有人來清理。如果不是因為不能給評論，我真的不想給一顆星。,1,1,-1,4224,,2021/05/07,0,負向
這個露營區非常不推薦。一個帳篷的費用是1250元，而且營主的態度非常差。雖然預定了有遮蓋的營位，但實際上只有400*600的空間，裡面無法容納兩個帳篷。訪客的收費太貴，每個人要150元，連身高不高的小學生也要付同樣的費用。停一輛車還要額外支付100元，並且有嚴格的離開時間限制。總括來說，這個露營區不值得推薦。,1,1,-1,4225,,2021/05/07,0,負向
不考慮接受大型犬，但謙虛地表示自己還是新手，詢問是否可以參觀場地。儘管店家有拒絕的權利，但補充請自行先做功課，顯示其實不像風評所說的那麼好。雖然離家很近，但也不會再考慮了。,1,1,-1,4280,,2018/05/07,0,負向
我們在訂位付款後遇到中央氣象局發佈大雨特報，無法改期，由於有小孩同行，營主讓我們不滿，把責任推給露營樂訂位中心，硬要扣除60%費用並要求再扣30元處理費，更糟糕的是沒有提供發票。這種只想賺錢、沒有同理心的商家，真的令人非常失望，我們不建議前往這個地方。,1,1,-1,4288,,2018/05/07,0,負向
7月18日下午3點，大門沒有開，旁邊的標誌顯示需要先預約，讓我感到非常失望，所以就回家了。,1,1,-1,4291,,2018/05/07,0,負向
環境相當宜人，不過小黑蚊實在太多了，非常讓人困擾。另外，雨天是無法順延的，而且帳收的數量也相當龐大。,2,1,-1,4295,,2018/05/07,0,負向
打電話過去卻沒人接，到了才發現園區關閉了！,1,1,-1,4307,,2016/05/07,0,負向
門票無法抵銷消費，食物價格昂貴，環境較差，建議去土雞城用餐。,1,1,-1,4309,,2015/05/07,0,負向
大家請注意，進入該園區每人必須消費100元，且還需支付額外的180元最低消費金額！這種情況在吃過這麼多家餐廳後還是第一次遇到！看來是一種間接賺錢的方式！因此建議大家在前往前要謹慎考慮。,1,1,-1,4310,,2015/05/07,0,負向
這個露營區經驗真的超糟糕，洗澡沒熱水讓小孩等了將近一個小時，電壓不穩連LED燈都不亮，環境髒亂到處都是蚊子和蟑螂，草地雜草叢生，還要收費不合理，拍照景點更是老舊不符。,1,1,-1,4338,,2022/06/08,0,負向
這個露營區真的有很多問題，服務差、設施不完善，還有很多蟑螂和小黑蚊。水溫不穩，電壓不穩，甚至連LED燈都亮不起來。環境髒亂，到處都是小黑蚊，蚊香擦了防蚊液也無效。還看到超大的蟑螂，地上草地疏忽未修剪，石階滿是青苔又很滑。費用不合理，每人收費250，還要收費幼兒園以下小孩。拍照景點也不盡如人意。,1,1,-1,4339,,2022/06/08,0,負向
這個營地的人潮越來越少了。如果人數超過每個營位的上限，他們會很嚴格地收取額外的人頭費和停車費。浴廁還可以，但因為有水池，所以蚊子很多。其他方面就不多說了。,2,1,-1,4349,,2022/01/05,0,負向
這張照片看起來很漂亮，但實際前往營區看看，會發現設施只宜遠觀或眺望。,2,1,-1,4357,,2021/04/26,0,負向
草地因為排水不良，積水讓草地變得泥濘。,2,1,-1,4358,,2021/03/05,0,負向
這段句子的意思是想到北部的營區避免連假中南部的塞車問題，但到了營區後發現沒有設施，而且有許多小黑蚊，連噴霧都沒用。,2,1,-1,4381,,2020/03/25,0,負向
這次露營經驗真的很糟糕，應該不會再去了，也不會建議朋友來！原因如下：1. 營區不允許朋友探營，探營費用非常昂貴，而且在預訂營位時沒提前告知這項規定。我們有四位朋友前來探營，卻要支付900元。2. 洗澡時水溫忽冷忽熱，更糟糕的是洗到一半時水突然停止，必須打電話給營區主人才讓我們繼續。3. 廁所的衛生紙供應很少，導致不少人在廁所裡互相借用衛生紙。,2,1,-1,4434,,2018/05/27,0,負向
他們的態度很差，這次的經驗讓我不想再去那裡了。他們的態度很差，影響了整個團隊。,1,1,-1,4437,,2018/05/20,0,負向
照片和現實差距太大，設施設計不盡人意，洗手台不夠、插座距離遠、下雨時草地泥濘且排水系統不良。,2,1,-1,4643,,2016/12/01,0,負向
收了錢表示責任不能就此放棄，當晚無熱水可洗澡時應及時處理問題，如此寒冷天氣只有冷水可用，嚴重不推薦這樣的服務。,1,1,-1,4704,,2021/05/07,0,負向
這個地方真的很不適合啊，竹雞區不僅風景缺乏，還有人在那裡抽菸，尤其還有年輕人在營區裡大聲玩耍直到凌晨一點，好像完全不考慮其他人的感受，也沒有人管理。這真的是一個非常糟糕的經驗。,2,1,-1,4908,,2021/05/08,0,負向
這個季節蒼蠅實在太多了，下午還碰到了突然停電，冰箱卻離得很遠，晚上又因為中華電信基地台超載而無法連絡。,1,1,-1,4946,,2019/05/08,0,負向
當天我們去了位於竹雞區的露營地，原本以為露營是一個很輕鬆和放鬆的活動，但卻被一群年輕人擾亂了。這些年輕人從晚上開始就喝酒，粗口不斷，一直吵到半夜3~4點我們都睡不著。我們的營地剛好就在他們對面，聲音太大了讓我們無法入眠，只能勉強小睡一會兒。我們當天有向營地管理者反應，但只是打了個電話告訴他今晚不要喧嘩，然而誰會記得，結果還是被吵得很不愉快。我們在那個露營地的感覺很差，決定不會再去了。,2,1,-1,4977,,2021/06/02,0,負向
營地管理人員一直緊盯着我，限制很多，態度和口氣也不友善，我來露營是為了放鬆，而不是被氣到，非常不推薦這個地方。,1,1,-1,5224,,2024/03/08,0,負向
這段營主的行為讓人感到非常不舒服，對待客人的態度非常惡劣，包括小孩和老太太。這樣的行為和語氣，讓人怎麼可能放鬆享受露營呢？果然，這家營區給人的感覺是非常不友善，完全不歡迎人和寵物。,1,1,-1,5225,,2024/03/08,0,負向
服務態度很差，口氣就像在和人吵架一樣。,1,1,-1,5226,,2024/03/08,0,負向
參加的這次露營活動，營區的環境整潔，草坪舒適，廁所用具完備。原本說會根據溫度開放泳池，但因天氣變化未能如期開放。星期六天氣極為炎熱，可惜泳池未開放，不過為保障露友健康也是可以理解的。營區當天要求12:30全部撤離，時間有點令人意外，但露營活動本來就是放鬆的。另外，營區提供的陳舊腳踏車和狹窄騎乘區域容易導致孩童相撞受傷，有一定危險性。另外，50幾個營位共用一個衛生間，晚上12點才有熱水，白天則沒有。建議習慣早收拾或帶備用設備的露友更適合這個營區。若習慣在營區用餐或稍晚收拾，注意露水的露友可能需要考慮些許問題。,2,1,-1,5235,,2023/11/08,0,負向
電視一直閃，蚊子很多，廁所離得很遠。,1,1,-1,5236,,2023/06/08,0,負向
這個營地的女生淋浴間只有5間，廁所離得很遠，熱水只供應到12點，但同行的朋友11點多去洗澡時已經只有冷水了。柴燒加熱的熱水溫度無法穩定，有可能轉到最冷的地方卻燙到。女生吹風機只有一台，營地空間設置較小，帳篷之間的距離也很近，雖然規定上沒有禁止打麻將，卻告知打麻將會影響小孩的觀感，要求把帳篷遮蓋起來。飲水機只有一台，有時候水量不足。整體體驗很不理想。,1,1,-1,5243,,2023/05/08,0,負向
衛浴需要排隊的情況比較多，冰箱擁擠無法關門，請注意有許多小黑蚊。,2,1,-1,5258,,2022/05/08,0,負向
"1、燃木製造的熱水溫差大，洗澡很困難。
2、要求兒童在玩沙時必須防止沙子掉出來，並有工作人員監視。如果擔心被其他人玩到，就不要開放。
3、下大雨時撐傘是很尷尬的，此外還要求東要這樣，西要那樣。
4、規定對垃圾進行分類，每個區域僅可放置1-2個垃圾桶，停車區裝備也一直被要求收拾，由於在下雨時護草墊容易積水，因此不能過度使用。
5、洗澡時有人提醒不能用太多水。
6、車必須停放在停車場內（可以理解）。
7、即使天氣很好也不允許使用游泳池，寧願用來清洗護草墊⋯感覺情況真的很糟，保持衛生當然是好事，但過度了，還不如直接不開放！",1,1,-1,5260,,2022/05/08,0,負向
1. 沒有提供廚餘桶，請問廚餘應該要丟到哪裡呢？2. 下著大雨，但還沒取消，整個場地都泥濘濘的，營區裡的孩子們不小心弄髒了腳，洗腳時被訓斥，被告知要水流弱一點，讓孩子們不要再走到水坑或泥濘裡！否則又要再次清洗了。3. 沙坑有專人看管，但有些不認識的孩子玩沙把沙撒向沙坑的邊緣（沒有掉出去），立刻被提醒小心，不要撒出去，去內部玩，其他營友也提醒他，但員工還是責備說：這樣怎麼玩，他們可以不來玩。3. 腳踏車被放在籃球場內，小朋友經過時很容易被大孩子投擲籃球劃傷，非常危險。4. 雖然提供了舊腳踏車供使用，但沒有專用腳踏車道，與車道共用，這很危險。5. 草地護墊在泳池裡清洗，這不合適。6. 浴室水壓不穩定，廁所和浴室僅有一個區域，非常不方便。這次遇上了這麼嚴格的營地主辦方，想要體驗的營友可以嘗試！若擔心過於擁擠或火爆的營友請不要嘗試囉！,2,1,-1,5261,,2022/05/08,0,負向
今晚的露營經驗真的太糟糕了，溫度只有12度，還跳電了，暖爐和電熱毯都沒用，覺得自己可能今晚會冷死。,1,1,-1,5267,,2022/05/08,0,負向
營區的管理真是有點不方便，200多人要在晚上12點前洗澡，卻還有人沒洗完就停水，真是太誇張了。飲水機只有一台，用大桶裝水還遭到抱怨，這樣就有可能缺水。我拿大桶裝水給10個人喝，跟讓10個人自己來裝有什麼不同？營區收了這麼多人，卻只有一台飲水機，難道沒有考慮到設備不足的問題嗎？沙坑傍晚不開放讓小孩玩，我搞不懂背後的用意是什麼。營位左右擁擠，但前方還算可以接受。,1,1,-1,5278,,2021/05/08,0,負向
民宿的空間規劃需要加強，因為鐵皮屋旁的空地吸引了所有的小孩去玩耍，造成住在民宿裡的人沒有足夠的休息空間。我建議改進這個情況。,1,1,-1,5289,,2021/05/08,0,負向
已經很久沒有露營洗澡抓狂了，幸好不是在冷颼颼的時候在營區。對我來說，小黑蚊還可以接受，但是這熱水真的叫人難以忍受。,2,1,-1,5300,,2020/05/08,0,負向
建議改善營區草皮的整地工作，以避免雨天造成積水問題，進而影響露營體驗。此外，營主服務友善且營區設施乾淨，視野也很開闊。,2,1,-1,5436,,2023/11/08,0,負向
這個露營營地草皮長了很多，也沒有修剪過，地面還有坑坑洼洼，蚊子很多。每隻蚊子都很胖，各種生物都有，甚至還有蟑螂。這次露營的營地體驗不太好，唯一的優點可能是廁所和衛浴間比較乾淨吧。,2,1,-1,5438,,2023/08/08,0,負向
未整理的長草、高高的草叢裡有許多蚊子、螞蟻和小黑蚊是正常的。但如果要飛的大型強蟲和小強蟲在園區裡出現，怕蟑螂的人就要謹慎了！遇到午後雷陣雨時，最底部的營地可能會直接淹水，泥濘和雜物會灌進帳篷裡，問他們的排水設施如何，他們表示沒有排水系統，土地會吸收水分，然後又說排水管道裡有螞蟻築巢阻塞了，他們無法處理，得請人來修理！最糟糕的是飲水機壞了也沒通知我們提前，要我們去營地開的雜貨店買水，感覺像是一次露營被欺騙了兩倍。冰箱距離營地遠得離譜！因地面不平坦，草坪保護墊都被踩壞了，非常危險，要收取1200元一晚卻無法接受，唯一的優點就是兩位年輕打工人員很友善，廁所除草堵塞外算是乾淨，就這樣。,1,1,-1,5439,,2023/07/08,0,負向
這裡的營區風景稍嫌可惜，草地不平坑坑巴巴，睡覺容易腰痠背痛，唯一優點就是廁所乾淨。,2,1,-1,5448,,2023/05/08,0,負向
需要至少給一顆星才能發表評論，但其實想給零顆星。結束後需要支付場地費，但至少水槽應該是乾淨的，不應該由我們自己來清洗水槽。電插座也應該是運作正常的，修繕時間需要2至3個月，這應該是營地經營者需要克服的問題。其實營地不需要太高的水準，這樣的回答讓人難以接受。如果要保持營區維護，我建議暫時關閉公園！草坪太泥濘且破損嚴重，而停車問題也很糟糕！這是營運時應該考慮到的問題！,1,1,-1,5453,,2023/05/08,0,負向
露營本應該是一個愉快的活動，但營區沒有停車位讓我的車車下巴中獎，水槽的水管脫離了，讓我對這裡很失望，可能不會再來了。,1,1,-1,5454,,2023/05/08,0,負向
營區竟然沒有停車位，要我們自己找，水槽的水管漏水，我們向營地負責人反映，卻被告知要與他人共用，這樣在這麼多營區中，確實讓我感到非常困惑！,1,1,-1,5455,,2023/05/08,0,負向
給予的設施有限制許多，且資源非常稀少！停車位不足，水槽損壞到需要與他人共用，還有電插座只能使用一邊，設備的提供程度確實令人非常不滿足！,1,1,-1,5456,,2023/05/08,0,負向
廁所未清潔、有虎頭蜂未處理、蚊蟲很多、游泳池缺水，早上10:30就開始收帳，還一直被催促，整體體驗極為糟糕。,1,1,-1,5458,,2023/05/08,0,負向
如果可以的話，就希望所有草都能保持短短的長度。雖然我們的工作人員只有一位，這點確實有些可憐，但畢竟我們去露營的目的是希望能開心愉快的度假。這樣的服務狀況，不挑剔就好。,1,1,-1,5461,,2023/05/08,0,負向
整體環境不太理想，廁所裡有濃重的尿味，淋浴間也沒有清潔過，冰箱竟然要客人到了才開，而兒童戲水池已經很骯髒了，小黑蚊也非常多⋯,1,1,-1,5462,,2023/05/08,0,負向
廁所沒有打掃、草地長得像小樹、冰箱發霉沒整理、溪水池像生態池。整體狀況並不理想。,1,1,-1,5463,,2023/05/08,0,負向
從週六中午到週日快中午時，廁所一直沒有被清理打掃過，而且衛生紙也沒有被補充。,1,1,-1,5464,,2023/05/08,0,負向
房間隔音效果不佳，隔壁的帳篷距離太近，晚上鄰居很吵，影響了休息。只給一顆星是因為環境整潔，而且營方人員很親切。可能不會再選擇這裡了。,1,1,-1,5471,,2022/05/08,0,負向
這個營地地勢較為開闊，排水情況較差，導致土壤較為鬆軟。遇到大風時，營釘會被連根拔起。此外，由於缺乏棧板，地面也容易變得泥濘。整體而言，這個營地的情況相當糟糕。給予的評價是一顆星。不過，值得一提的是，有帥哥服務生打著赤膊，並且服務態度仍然算得上不錯。,1,1,-1,5472,,2022/05/08,0,負向
營區管理者對於吵鬧的客人放任不管，從中午一直到凌晨四點！？ 我們雖然無法控制酒醉的客人，但營區的管理者並未及時採取行動，影響了其他客人的休息時間。營區的使用規則明確禁止卡拉OK，卻讓人在深夜時分大聲喧嘩直到清晨，甚至警察勸導也無法制止。因此，這個營地不值得推薦。,1,1,-1,5476,,2022/05/08,0,負向
這個營區的風景不錯，營主很熱心，但環境清潔有待加強，尤其是水槽和冰箱。這次入住貨櫃露營屋後，室內拖鞋都濕了，問阿姨有消毒水，但噴得太濕了。而浴室洗澡時停水，甚至停2-3分鐘，對於天氣很冷的情況下非常不方便，小孩大人都很困擾。,2,1,-1,5482,,2022/05/08,0,負向
這個帳篷和網路上的評價不太一樣，當裝滿東西時，小朋友幾乎沒有空間活動，不過其他公共設施還可以。,2,1,-1,5491,,2021/05/08,0,負向
在露營地方，帳篷之間的距離太近，會受到干擾。而洗碗槽的高度只到膝蓋，洗碗時必須劈開腿才能適應。此外，B區和C區共用衛浴，人多時衛浴變得非常髒亂，清潔不及時，需特別提醒才處理。深夜時，沒有管控其他露營者的噪音，一連2晚隔壁帳篷大聲唱歌聊天到清晨5、6點，反映給管理員卻無改善。整晚持續不間斷，嚴重影響住宿品質，感覺糟糕極了，決定不再光顧。,1,1,-1,5497,,2021/05/08,0,負向
飲水機離冰箱遠，營位靠得太近，很吵雜，停車地方也遠，不太方便。,2,1,-1,5498,,2021/05/08,0,負向
環境設備雖然不錯，但可惜的是，管理規定執行不力，讓其他客人能夠喧嘩到深夜，影響他人休息時間。,1,1,-1,5515,,2020/05/08,0,負向
營區的硬體設備很好，廁所和衛浴設備也很乾淨。不過營區裡有三隻大狗一直在帳篷周圍嬉鬧，從晚餐一直到半夜，影響了我們的休息品質。雖然我們不討厭狗狗，但牠們在我們進行烹飪時的行為讓我們感到困擾。除了這個問題，其他的一切都很好。,2,1,-1,5520,,2020/05/08,0,負向
雖然環境不賴，但是有很多小黑蚊和野狗，半夜還會翻垃圾桶，一直在帳篷外走來走去，讓我睡不好。,2,1,-1,5521,,2020/05/08,0,負向
這個地方非常喧鬧，因為靠近羅馬公路，晚上要麻煩的是你要遇到機車或跑車，相當熱鬧！另外，營地管理非常嚴格，不允許客人踩踏草皮，難道他們想要我們飛上天嗎？房費每晚要1200元，沒有美麗的景觀或是高海拔的新鮮空氣，價格偏高。我會多給一顆星是因為附近有很多螢火蟲可以治癒心靈，這是我唯一讚賞的部分。,2,1,-1,5534,,2019/05/08,0,負向
這個地方景色很漂亮，適合露營。,2,1,-1,5535,,2019/05/08,0,負向
各個區域之間的距離太接近，營位過於擁擠，晚上鄰居聊天聲一直持續到凌晨1點或2點，讓人感到很吵。,2,1,-1,5538,,2018/05/08,0,負向
兔子不適合養在室外，且飲食也很重要⋯⋯如果您想要從動物身上獲利，應該好好了解有關兔子的知識⋯⋯當店家問到兔子的飲食時，可以回答主食是無限量的蒲公英、草本植物，以及無限量提供煮沸過的飲用水。此外，適量的飼料也很重要。讓兔子生活在17至25度的環境中，同時要避免潮濕和雨水，以免出現黴菌感染或脫毛等皮膚疾病。長時間暴露在高溫下也會導致中暑。曾有一隻兔子因夏天在室內沒有冷氣而肝功能異常。因此，要注意讓兔子有舒適的生活環境，分享這些知識給店家，希望可以同時保護動物和環境。,1,1,-1,5737,,2022/05/08,0,負向
這個地方的景色很美，但是還有改善空間，包括環境和人員素質。,1,1,-1,5799,,2019/05/08,0,負向
這家五星級飯店收費高昂，但卻有很多蚊子和蒼蠅，不管是早上還是下午，連營業人員都坦承有販賣蒼蠅黏貼紙。,1,1,-1,5807,,2019/05/08,0,負向
營主提醒大家不要踩雷。,1,1,-1,5813,,2019/05/08,0,負向
設施較簡單，景色一般般。,2,1,-1,6069,,2023/12/08,0,負向
一開始說可以在這個區域搭帳篷，但在大熱天搭好帳後又被告知不能在這個區域停車。後來又不得不搬到另一個地方，很讓人沮喪，因為路況不佳，車底盤經常碰到。,1,1,-1,6073,,2023/07/08,0,負向
菠蘿蜜區剛洗頭時，熱水突然停了！而且這區只有2間廁所和衛浴，需要跟其他區共用（其中一間是蹲式廁所並且與衛浴在同一個空間）。另外，車輛無法進入營區，所有設備都是由營區主人用牛車來運載的。,2,1,-1,6079,,2023/05/08,0,負向
房間整理得很久沒有了，有跳蚤跑來跑去，讓我的皮膚感到很癢。另外，我們忘記帶食材，當我們想起時已經是傍晚了。我們打電話詢問，但對方以為我們不需要了，所以工讀生要來清潔房間，並把食材帶走。下次在租營地之前，可以詢問一下他們是否遺漏什麼。我發現自己的處理方式仍有待加強，但也不能怪別人，這是我們自己的疏忽。,2,1,-1,6090,,2023/05/08,0,負向
環境友好，營區管理人員熱心。我們預訂了兩晚的五人帳篷區，但只有一間浴室可供洗澡，導致洗澡需要等很久。考慮到我們五個人已經感到人數偏少，如果該區正常容納10-15人，需要排隊洗澡的時間可能更長。,2,1,-1,6099,,2022/05/08,0,負向
這次露營經驗讓十一個人非常失望。事前參考網路評價很期待，但下訂後卻完全扣分。首先，付了訂金後詢問問題都沒有回應；入住時也沒遇到所謂的老闆老闆娘，無法感受到評論中所說的親切待遇。兩個廁所供至少六個露營者使用，但衛生紙是否夠用卻是個問題，而且只有在收款時才會出現管理人員；想洗澡只能在晚上六點或十一點排隊，否則就得忍著；連洗碗精、沐浴用品都沒有提供。總之，這次露營讓參與的十一位都印象深刻，但不是出於好的方面。,1,1,-1,6137,,2019/05/08,0,負向
有這樣做生意的嗎？為了要接包場的夜場，就可以要求已經訂位的客人取消訂位，還要我改訂其他日期？我真的輸給你了，店主！「人無信而不立，業無信而不興」，古有明訓！…,1,1,-1,6320,,2023/06/09,0,負向
所有房客都很安靜，只有星期日早上房東的朋友來訪竟然在前面聊天6點多開始聊，聊到近8點，讓人有點難睡覺啊，要做生意時要注意這一點，其他方面都還算不錯。,1,1,-1,6328,,2023/05/09,0,負向
這個露營區是由非原住民所經營，客戶訂單確認後，卻被管理員修改，導致收取了額外的費用。環境並不夠輕鬆，讓人感覺總是受到營區主人的監視。也許應該考慮關閉這個營區，將土地交還給原住民，讓他們重新經營。,1,1,-1,6580,,2023/09/09,0,負向
這個營區在冬天時沒有電力供應問題，但仍然有經常跳電的情況發生，並且營主在生氣時偶爾會罵髒話，還有煙味（因為營主抽菸）。如果您擁有小孩且是在冬天的話，我完全不建議您去這個營區，唯一的優點就是廁所很乾淨。,1,1,-1,6593,,2023/05/09,0,負向
這個營區在冬天不太適合，因為低功率的電暖器會造成跳電問題，也有可能被營區主人責罵，建議有需要的朋友在選擇露營地時要小心選擇。,1,1,-1,6594,,2023/05/09,0,負向
營地廁所清潔狀況很好！在山上露營是一種讓心情放鬆並吸收芬多精的好方式，但營地主人經常在帳篷旁吸菸！如果計畫帶孩子來露營，擔心他們受到二手菸或三手煙的影響，建議可以考慮其他地方！這裡的一顆星評價是給營地主人的二手菸環境。,1,1,-1,6597,,2023/05/09,0,負向
營區整潔，洗澡水溫度尚可，但供電不穩定，凌晨經常斷電，使用卡拉OK無限制，請定期檢修供電設備，並告知故障情況，以免困擾露營的朋友。露友請注意廁所使用時燈光不足，建議自備手電筒。記得按照標示使用護草墊，避免造成不便或損壞。,1,1,-1,6614,,2022/05/09,0,負向
露營場所和浴室設施都還不錯，但除了營主之外，其他女性工作人員的態度很差！非常差！一點都不友善！聽到很多營友提問時，有一位女性工作人員的態度非常惡劣！回答的口氣非常不耐煩！我不打算再去了 …,1,1,-1,6617,,2022/05/09,0,負向
環境整潔，熱水供應到晚上只到10點，洗手台旁的燈也僅亮到10點，營地的主人夫妻似乎缺乏熱情⋯⋯⋯⋯,2,1,-1,6625,,2022/05/09,0,負向
因為看到網友對此露營地的好評，我和家人一起來到馬胎227，選擇了廣場區作為我們的營區。剛到時，發現整個環境非常幽靜和乾淨，晚餐後，小孩跟隔壁營區的家長一起開心地參加夜間探險。可惜下雨了，但至少體驗到了露營的樂趣。不過，入夜後一群晚來的客人一直喧鬧聊天、唱歌，直到凌晨2-3點都沒有安靜下來，營主也沒有出來制止，我也因為安全考量而不敢前去抗議，直到友人在3點半發飆後狀況才稍微改善。睡眠不足再加上煩吵的晚上，讓我心情受到影響，一早便匆忙整理行李要準備離開。就在這時，營主前來幫忙搬車，竟然提到昨晚客人吵雜的事，說是熟客，他表示也聽到了深夜的吵雜聲，我詢問為何不制止，營主卻笑著說客人們喝酒了，所以才大聲，沒辦法！唉，雖然這營區在預訂網站上有5星評價，但因為營主對熟客熱情，對我們這樣的新客人卻沒那麼友善。,2,1,-1,6640,,2021/05/09,0,負向
營區的收容量遠遠超過了，帳目一直連結，活動空間幾乎為零，酒客又多又吵，並不適合親子活動。,1,1,-1,6655,,2021/05/09,0,負向
非常過分的擁擠，讓人無言。,1,1,-1,6659,,2021/05/09,0,負向
只有中華電信有訊號，其他家都沒有，但營地有WIFI。首先要告訴大家，在去馬胎227營地的路上，要開得很慢，因為道路很彎曲看不到來車，有點危險。快到營地之前的道路因為正在整修，所以非常凹凸不平，有很多石頭，可能會刮傷車子的底盤。開休旅車沒問題，普通轎車要小心。我們這次入住的營主家前廣場區很小，只有5帳，帳帳相連，孩子沒有活動空間，覺得營主收費過高。環境有蟑螂、非常多的蒼蠅（目前為止是我們遇過最多蒼蠅的營地）。由於海拔750米，沒有小黑蚊。廁所離廣場區不遠，約不到1分鐘的路程，廁所很乾淨旁邊有小溪，可以抓溪蝦，水不深適合小朋友玩。另外值得一提的是，營主所養的雞到處亂跑，不關籠，凌晨3點就開始咕咕咕，吵到你睡不好，早上還會跑來營地。如果您可以接受以上情況，歡迎去試試看，但我是不會再去了。,2,1,-1,6660,,2021/05/09,0,負向
到目的地的路程大約一公里，路況真的很糟糕。地盤非常崎嶇，進入營地之後發現營地很小，甚至沒有足夠的草地讓小朋友奔跑。下到營地的路非常崎嶇，車子無法前進，只好停在其他地方步行前往營地。,1,1,-1,6661,,2021/05/09,0,負向
營地已經擁擠了，客人過多，老闆飼養的雞整晚都在啼叫，根本無法入睡。,1,1,-1,6664,,2020/05/09,0,負向
這個營地設施簡單，有溪水和兒童滑梯，但沒有沙坑，廁所浴室乾淨但地面常濕濕的。只有B區適合搭帳篷，營地放養了幾隻雞自由走動，叫聲有點吵。大自然的蟲鳴鳥語倒是有，但好選擇似乎不多。,2,1,-1,6668,,2020/05/09,0,負向
營地可能會有超過人數限制，營位較為狹窄，停車空間有限！,1,1,-1,6676,,2019/05/09,0,負向
這家店家的服務態度很差，還讓他們家的狗隨處大小便。,2,1,-1,6693,,2023/03/07,0,負向
即使沒有使用高功率的電器，還是經常跳電，並且告誡不要出門露營因為天氣太冷，還說出不應該的話，這有些過分了。发动对黑设备第六代功率为380W。,2,1,-1,6697,,2022/12/13,0,負向
總經營者對營區衛生管理不盡責，廁所未清潔、垃圾未清理，廁所的氣味令人難以忍受。洗澡和瓦斯供應都很不穩定，晚上需要排隊等熱水。隔壁的營友也不斷聊天打擾大家休息，而要找總經營者投訴就要等上兩小時以上。這次的經驗讓我認為可能不會再第二次來這裡，因為同樣的景觀和價格下應該有更好的選擇。只給一顆星是基於美景。,1,1,-1,6753,,2024/04/11,0,負向
這個地方很狹窄且擁擠。深夜時總會有流浪狗來拜訪並啃食物。垃圾桶並非專屬，而必須共享使用。,1,1,-1,6756,,2024/04/09,0,負向
這個房間隔音很差，廁所在外面也沒有吹風機，不太方便。露營區的廁所常常沒有被清潔，變得很髒亂。,1,1,-1,6758,,2024/04/09,0,負向
第一次來參加營會，晚上營地負責人也沒來巡視。我打電話給營地負責人，已經過了11點，但還有一些人在帳篷裡喝酒聚在一起作樂。營地負責人到場後，情況仍然很吵雜。,1,1,-1,6766,,2024/03/09,0,負向
在ABC露營區的建議是希望減少人數，不然就只限定包區，否則人擠人的情況太過擁擠。以下山景拍攝時感覺像是難民營，南投這樣擁擠的情況顯得有點不合適。或者我們會選擇去苗栗、新竹的露營區，因為他們在提升露營品質並減少人數，相較之下感覺更舒適。希望營區管理者可以考慮到獨自露營的人的需求，而不僅僅只是著眼於賺錢。,2,1,-1,6771,,2024/01/09,0,負向
剛開始在線上訂位置時前排的觀景區還有空位，我們也提前付款預定了位置。然而，當我們當天夜晚到達時，我們卻被安排在中間的草皮區。我們詢問老闆是不是應該被分配在前排，老闆回應說這是要留給當天夜晚到達的人。我們問老闆現在我們不就是當天夜晚到達的人嗎？老闆只能含糊地回覆說沒有辦法... 後來我們才得知原來是他把位置留給了後來訂的六組客人... 感覺有點被愚弄，非常失望。,1,1,-1,6773,,2024/01/09,0,負向
"1. 在12月1日至12月2日的深夜，B區的露營友，有大人大聲說話，小孩嬉鬧不停。
2. 營帳與營帳之間距離很近，營繩差點就要碰到一起了。
3. 垃圾桶太少，擺放在營位前方，建議調整至營位後方或區域入口處，才能避免不斷有人走來走去。
4. 營友的素質很重要，希望不要在別人的營帳前面走來走去觀看別人的裝備，這樣很不禮貌，若需走路請繞過營帳後方。
5. 請設立專用吸煙區，下風處飄來煙味，地上還有煙蒂，建議避免這種環境不友善的露營地點，以免再次造訪。",1,1,-1,6776,,2023/12/09,0,負向
我今天剛從騰雲露營區回來，露營的體驗讓我非常失望。浴室設備不佳（最後一間沒熱水），飲水機灰塵堆積，冰箱太小且沒有規劃區分。草地上有很多蜈蚣，營區環境和動線規劃不佳，沒有小孩活動空間，營位間隔過近。晚上隔壁包區很吵，管理不當，狗隻無法控制。根據評論，我真的不推薦這個露營區。,1,1,-1,6786,,2023/11/09,0,負向
有野狗咬走了半隻雞，不只野狗聚集，還有戴項圈的狗；洗澡時水溫忽冷忽熱，燙傷了皮膚；還碰到一位不懂禮貌的女性在浴室小便，並將衛生紙亂丟在地上。,1,1,-1,6797,,2023/08/09,0,負向
打了二三十通電話都沒有人接，沒熱水的情況下在浴室等了二十幾分鐘，水溫也不穩定，時冷時熱。這樣的露營區實在不能給予六顆星的評價，這一顆星真的是多餘的。,1,1,-1,6802,,2023/05/09,0,負向
在我第一次露營時，我去了一個清潔頻率很低的營區，我打電話反映了但還是沒有人來清理。此外，溫水忽冷忽熱，睡覺時感覺忽大忽小，清晨又受到寒流的折磨。,1,1,-1,6817,,2023/05/09,0,負向
廁所的數量稀少且髒亂，熱水供應時大時小，於是我致電反映廁所的狀況，然而營地負責人並未處理。,1,1,-1,6818,,2023/05/09,0,負向
這個露營地雖然靠近野外環境，但卻收取高昂的費用。上山的道路狹窄、車輛不易通行，到了營區後卻沒有指定位置讓露營者安置，讓人得自行尋找。在海拔超過1000公尺的高山上，車隊多輛，輾轉回程困難。更糟糕的是，夜晚電箱爆裂跳電，低於室外8度的溫度讓人難受。雖然營區提供Wi-Fi，但停電時無法使用。並且水力設施不全，讓人需要習慣簡約環保的生活方式。在這裡，生活設施不盡如人意，衛生環境也差強人意。缺乏夜間管理，吸引著夜貓族的聚會，管理不善，諸多硬體設施無法負荷現場的遊客數，營地經驗非常令人不快。,1,1,-1,6822,,2023/05/09,0,負向
如果打電話給營地管理員告知廁所缺衛生紙，然後突然掛斷電話，這樣做是不太禮貌的行為，也許會讓對方感到困惑。最好的做法是禮貌地告知營地管理員問題，然後等待對方的回應和處理。,1,1,-1,6825,,2023/05/09,0,負向
聖誕夜時停電，營區處理速度緩慢，還收到警告說如果再浪費用電，整個區域都會斷電。朋友前來幫忙修理水電，沒有再额外收費。使用電量已滿，營區本來就要妥善管理，不需那麼頻繁清潔廁所。考慮開放新的營位，對此營區感到擔憂。,1,1,-1,6832,,2023/05/09,0,負向
露營地的營主在上方特區已經設立了圍欄，但卻任由其他露客深夜造訪，導致營區內排營位變得非常困難。此外，其他露客隔天離開時，未按照中午12點的規定收拾離開，並且沒有看到管理人員，令人感到困惑。還有，靠近浴廁的兩個營位過於狹小，無法容納兩座帳篷，但訂位網站的照片仍然是舊照片，容易誤導人們以為只有一座帳篷而非兩座。這兩個問題是營主亟需改進的地方。信譽和品質才是永續經營的關鍵，而非一次性的斷斷續續。,1,1,-1,6833,,2023/05/09,0,負向
我最無法忍受的是夜晚有車輛開到很晚，而且帳篷裡面滿滿的蜈蚣，即使有使用護草墊，也還是有蜈蚣進入帳篷裡。總的來說，這個營地的景觀很棒，可以欣賞夕陽和星空，但是廁所和浴室的數量有限。雖然有冰箱和飲水機，但在連假前夕深夜被吵醒後，我決定第二天一早離開，因為這個營地人太多，讓我無法放鬆。,2,1,-1,6842,,2023/05/09,0,負向
營地的設施似乎遇到了一些問題，冰箱裡的食材溫度竟然還是27度，連冰塊都融化了！晚上洗澡時，朋友們不僅沒有熱水可用，水溫還是冷的。設備需要加強才行。,1,1,-1,6849,,2023/05/09,0,負向
建議未來每次來這裡露營都會有很棒的體驗呢！,1,1,-1,6856,,2023/05/09,0,負向
這個地方的景色還可以，但wifi信號不夠穩定，衛浴設施還可以，只是熱水不太穩定是最大的問題。人潮過多，露營的停車場不夠大，帳篷擁擠，建議要去的人自行評估，不要聽網路上的過度讚揚。,2,1,-1,6859,,2023/05/09,0,負向
B區就像停車場一樣沒有風景，讓我感到非常不開心。,1,1,-1,6860,,2022/05/09,0,負向
這裡的環境整潔需要改善，而且帳篷太多了，大家的品質感受都下降了。,1,1,-1,6864,,2022/05/09,0,負向
"1. 冰箱只有冷藏功能，冷度不夠低且散發著濃烈的異味，看起來好像已經有一段時間沒有清理了！冰箱裡沒有提供冷凍功能，食材幾乎都是室溫的！
2. 各家電信業者的訊號品質都不太理想，雖然有提供WiFi，但訊號並不穩定。
3. 進入露營區的第一眼所見並非美景或帳篷，也沒有想要看到一整排的車輛！停車空間其實還很多，但卻讓A區擺滿了車，如果沒有訂到觀景那一排，B區就會面對別人停車露營，實際現場和官網描述的狀況不一致，向營地主管反應後，對方卻表示這就是原本的規劃…
4. 浴廁前面滿滿的蜘蛛網和蟲子，成了孩子們觀察生態的地方，雖然浴廁很大，但從到達到離開時垃圾桶始終滿著…需要加強清潔！
5. 特地前往觀景區，白天和夜晚的景色真的很美！",1,1,-1,6868,,2022/05/09,0,負向
營地管理員表示，只有A區（景觀區）的遊客可以將車輛停在像停車場一樣的地方。對於其他區域的遊客，面對一整排的車輛像在停車場露營是很正常的。建議如果無法預定到A區，不妨考慮在附近的停車場野營。,1,1,-1,6869,,2022/05/09,0,負向
B區停車位位置規劃不足，讓露營區域感覺像停車場一樣擁擠。園區告示牌指示停在外面，卻容許A區的人停在旁邊，與原先規劃不符。付了1000元卻感到被欺騙，希望營地管理能提供清楚說明，避免顧客到現場才發現問題。觀景區域皆被車子擋住，老闆的消極態度讓人感到失望。,1,1,-1,6870,,2022/05/09,0,負向
周圍處處都有人在唱卡拉OK，而且音量很大，卻沒有人管理，浪費了美麗的景觀，真令人感到失望。,2,1,-1,6882,,2022/05/09,0,負向
有很多螞蟻，到處都是螞蟻，住兩晚太可怕了。,2,1,-1,6907,,2022/05/09,0,負向
特區營位每晚收費1200元，但營主好像沒有考慮到帳篷拉營繩的問題，營位設計很狹小（根據比例照片中的保特瓶來看比較）。,1,1,-1,6953,,2021/05/09,0,負向
營區人潮眾多，每個營位都擠得連5＊8的面積都不到，被安排在左邊第一個紅圈處，夾在兩棵樹中間。而且還多收了三個營位費，下次不會再來了。,2,1,-1,6957,,2021/05/09,0,負向
夜晚的風景確實很美，能讓人放鬆心情，感到心曠神怡。不過我們發現衛浴設備有點問題，熱水有時候熱得讓人燙，轉過去一點就變成冷水，還有營地的排水也有些問題。希望未來可以改進這些設施。,2,1,-1,6964,,2021/05/09,0,負向
這個地方的優點是雲海美麗，夜景很漂亮，夕陽也迷人，草坪平坦。缺點是帳篷區域過於擁擠，建議減少營位數量1/3以擴大活動空間；小朋友只能在車道上玩球；浴室廁所數量不足，且並無明確標示；水壓太小，水溫不穩；停車空間不足，規劃混亂；網路只有中華電信訊號穩定，其他電信普遍連線困難，WIFI幾乎無法使用。（因為太多人在連線）,2,1,-1,6966,,2020/05/09,0,負向
營地管理者會在半夜叫人結帳，表示這裡不會再有下次了。,1,1,-1,7009,,2019/05/09,0,負向
優點：D區場地很大，有樹陰遮蓋，不用搭天幕也不會曬到太陽，非常方便。缺點：環境整潔待加強，水槽極為骯髒，廁所內滿是蜘蛛網，顯然很長時間沒有清潔。另外，營位和廁所門口的洗手槽有非常多的大隻會飛的蟑螂。需增強環境衛生措施。,2,1,-1,1,,2024/05/06,0,負向
廁所沒有定時打掃，很臭。吹風機品質不佳，常過熱斷電。浴室洗到一半沒熱水，或者熱水不夠熱。冰箱容量不足以放置所需物品。洗手台傾斜，無法使用。,2,1,-1,16,,2023/12/06,0,負向
這個營地的環境狀況真的很糟糕，不僅下雨時有積水，草地又泥濘，還沒有照明，廁所更是髒亂不堪，讓人很難忍受。即使經常團露，營地主人似乎並沒有改善，連續幾天只看到一位阿伯在打掃，明顯感覺到環境維護的人力不足，冰箱也很骯髒。這樣的情況讓人倍感失望，我也不會再去那裡了。,2,1,-1,21,,2023/11/06,0,負向
這句話的意思是：這個地方的環境還不錯，但工作人員的態度有待改善。在10月8號的萬聖節活動中，扮演《鬼滅之刃》女生角色的工作人員相當不耐煩地回應問題，就算還沒看到他們的臉就已經感受到不耐煩。如果不是因為有小朋友在場，可能會當場表達自己的沮喪情緒。,1,1,-1,22,,2023/11/06,0,負向
營位光線有些昏暗，今天中午到達營地時，廁所已經相當髒亂，一直到晚上10點都還沒有改善！垃圾桶滿溢，衛生紙到處散落，馬桶的狀況也很糟糕，幾乎每間廁所都令人感到不安...,1,1,-1,36,,2023/05/06,0,負向
水壓不穩，經常出現忽冷忽熱的情況，流理台備品嚴重不足，四到五張帳篷共用一個衛生間，還有許多野貓野狗經常出現，還有一些酒後失控且大聲吵鬧的人，建議這樣的露營隊伍最好不要再來露營了。這樣的情況讓整座山頭整晚聽見您的牢騷。,2,1,-1,38,,2023/05/06,0,負向
營區本應該在晚上10點後要求降低音量，為何仍然有一些團體在半夜兩點還在吵鬧彈吉他，卻沒有人來管制呢？難道不應該讓大家休息嗎？,1,1,-1,45,,2023/05/06,0,負向
廁所的氣味有點難聞，看起來好像已經好幾天沒有清理過了，衛生紙也沒有補充，雖然周圍的環境很美麗，可惜被帳篷和車子擋住了全貌。,2,1,-1,46,,2023/05/06,0,負向
場地雖然很寬敞，但F區真的不太理想。為什麼在旁邊放加壓機，還要設置帳篷區呢？整晚24小時都沒停過，即使停止了也馬上就又開始叫。根本讓人無法好好入睡啊~,1,1,-1,50,,2023/05/06,0,負向
營區的自然風光很美，並且擁有寬廣的空間。但是由於營區接待人數眾多，導致廁所設施不足且環境髒亂。希望可以增加清潔頻率，補充衛生紙。另外，浴室設施明顯不足，有一間淋浴間沒有熱水，水溫和水壓也變化不穩定，且排水系統有問題容易積水。最令人無法接受的是，營區直接將垃圾焚燒在現場？這樣做是否合適？,1,1,-1,68,,2023/05/06,0,負向
做糟糕了！假日洗澡時沒有熱水，可以理解要等一下！通知老闆後，對方卻說沒有瓦斯，叫人家換瓦斯使然重啟水供，逼得衣服脫光，沐浴乳還在身上，山上寒冷！站在那邊等了整整20分鐘！還是沒有熱水？？？ 我就想問！瓦斯去哪兒了？？太誇張了！不會再來了！,1,1,-1,96,,2022/05/06,0,負向
帳單太高，廁所很髒，連續兩天都沒有熱水，早洗或晚洗都一樣，非常不建議。,2,1,-1,106,,2022/05/06,0,負向
這次露營經歷真是有夠辛苦！從初三到初五連續三天走在爛泥上，上廁所的路上沒有路燈，回到帳篷時還是一片泥濘，排水系統不好，即使雨沒下很大地面也有積水，還常常跳電，熱水又不夠熱。這個露營區真是難忘的經歷啊！,1,1,-1,108,,2022/05/06,0,負向
廁所和浴室在同一個空間，洗澡時還能聞到大便的味道，並且洗手槽也非常不足。,2,1,-1,112,,2022/05/06,0,負向
房間不算很乾淨，但春節期間的價格很優惠。,2,1,-1,114,,2022/05/06,0,負向
這樣真的很倒楣，第一天沒熱水，第二天還斷電，但房東好像賺了不少錢。,1,1,-1,118,,2022/05/06,0,負向
營區環境很舒適，有溪水和螢火蟲。不過，有人提到浴室水溫問題，但今天卻保持恆溫，因為一直只有冷水沒有熱水，讓人有些失望。,2,1,-1,148,,2021/05/06,0,負向
雖然這個地方很大，但是營地規劃太密集，沒有太多活動空間。活動區域也缺乏樹蔭，容易過熱。當人數較多時，會出現排隊洗澡等不便情況。儘管有螢火蟲和溪水可玩，但比這裡更好的露營地還有很多。,2,1,-1,149,,2021/05/06,0,負向
建議營主增加洗碗槽和插座的數量，並改善熱水的問題。同時建議營主訂立規定，在晚間十點後要求降低音量。近期發現隔壁帳戶的人在半夜十二點仍然大聲聊天，我與他們溝通過，起初有些改善，但很快又恢復原樣。其中一個人自吹業績成長了好幾倍，建議其他人多學習，這種噪音實在令人無法忍受。,1,1,-1,176,,2021/05/06,0,負向
浴室數量不足，洗澡水溫不穩，排水不順暢，地板有許多碎石，洗碗槽不夠多,1,1,-1,190,,2020/05/06,0,負向
這個營地設施很簡陋，衛生狀況很差，只有一間浴室有熱水，但卻要收1200元。,1,1,-1,204,,2020/05/06,0,負向
這個露營區設施簡陋，衛生狀況差，收費高卻沒有相應的服務品質，讓人對這裡的環境感到失望。,1,1,-1,205,,2020/05/06,0,負向
下雨後草地變得很泥濘，排水系統很差。,2,1,-1,207,,2019/05/06,0,負向
熱水供應不太穩定，我不建議使用。,1,1,-1,209,,2019/05/06,0,負向
營區有不可以唱卡拉OK或使用高音量音響的規定，但我們遇到了這樣的情況。有人唱歌唱到晚上11點，其他區域則效仿接著播放歌曲。而在營區外還有施放臭臭肥，散發出難聞的味道，導致許多蒼蠅出現。晚上提供桂圓銀耳甜湯讓大家加分，但還是希望營主以後能制止這些行為，避免損害營地的聲譽。,2,1,-1,279,,2024/04/06,0,負向
"1. 營主非常熱心，在這麼炎熱的天氣下，提供了清涼透心的點心。
2. 營主也很專業，提到苞數多少都有小黑蚊，但我們的前三名分別是34、33、19，真的很好奇老闆心目中的多少才算是多。
3. 廁所十分整潔寬敞，總共有四間，但要注意小昆蟲和小寵物的出入。
4. 愛釣魚的朋友要小心，釣到幾尾魚要好好收起來，因為老闆會透過監視器監視，看你是否藏起他的魚。當需要召喚老闆時，實際上只要在監視器前揮揮手，他就會立即前來。感謝讓我在這個露營區創下被小黑蚊叮咬的紀錄。",1,1,-1,334,,2023/05/06,0,負向
雖然螞蟻在繁殖期間數量增加，但沒有提醒的話露營體驗就會受影響。,1,1,-1,373,,2021/05/06,0,負向
這個營區需要改善，因為夏天的高溫讓人難受，下午的雷陣雨危害了排水系統，路面也泥濘不堪，影響了露營的放鬆心情。,1,1,-1,375,,2021/05/06,0,負向
